282
4308  3
4306  3
4304  3
4302  3
 456  3
 457  3
 458  3
 459  3
 460  3
 461  3
 462  3
 463  3
 464  3
 465  3
 466  3
 467  3
 468  3
 442  2
 440  2
 438  2
 436  2
 434  2
 432  2
 430  2
 428  2
 426  2
 424  2
 422  2
 420  2
 418  2
 416  2
 414  2
 412  2
 410  2
 408  2
 406  2
 404  2
 402  2
 400  2
 398  2
 396  2
 394  2
 392  2
 390  2
 388  2
 386  2
 384  2
 382  2
 380  2
 378  2
 376  2
 374  2
 372  2
 370  2
 368  2
 366  2
 364  2
 362  2
 360  2
 358  2
 356  2
 354  2
 352  2
 350  2
 348  2
 346  2
 344  2
 342  2
 340  2
 338  2
 336  2
 334  2
 332  2
 330  2
 328  2
 326  2
 324  2
 322  2
 320  2
 318  2
 316  2
 314  2
 312  2
 310  2
 308  2
 306  2
 304  2
 302  2
 300  2
 298  2
 296  2
 294  2
 292  2
 290  2
 288  2
 286  2
 284  2
 282  2
 280  2
 278  2
 276  2
 274  2
 272  2
 270  2
 268  2
 266  2
 264  2
 262  2
 260  2
 258  2
 256  2
 254  2
 252  2
 250  2
 248  2
 246  2
 244  2
 242  2
 240  2
 238  2
 236  2
 234  2
 232  2
 230  2
 228  2
 226  2
 224  2
 222  2
 220  2
 218  2
 216  2
 214  2
 212  2
 210  2
 208  2
 206  2
 204  2
 202  2
 200  2
 198  2
 196  2
 194  2
 192  2
 190  2
 188  2
 186  2
 184  2
 182  2
 180  2
 178  2
 176  2
 174  2
 172  2
 170  2
 168  2
 166  2
 164  2
 162  2
 160  2
 158  2
 156  2
 154  2
 152  2
 150  2
 148  2
 146  2
 144  2
 142  2
 140  2
 138  2
 136  2
 134  2
 132  2
 130  2
 128  2
 126  2
 124  2
 122  2
 120  2
 118  2
 116  2
 114  2
 112  2
 110  2
 108  2
 106  2
 104  2
 102  2
 100  2
  98  2
  96  2
  94  2
  92  2
  90  2
  88  2
  86  2
  84  2
  82  2
  80  2
  78  2
  76  2
  74  2
  72  2
  70  2
  68  2
  66  2
  64  2
  62  2
  60  2
  58  2
  56  2
  54  2
  52  2
  50  2
  48  2
  46  2
  44  2
  42  2
  40  2
  38  2
  36  2
  34  2
  32  2
  30  2
  28  2
  26  2
  24  2
  22  2
  20  2
  18  2
  16  2
  14  2
  12  2
  10  2
   8  2
   6  2
   4  2
   2  2
4299  3
4300  3
4294  3
4295  3
4296  3
4286  3
4287  3
4288  3
4289  3
4290  3
4264  3
4265  3
4266  3
4267  3
4268  3
4269  3
4270  3
4271  3
4272  3
4273  3
4274  3
4275  3
4276  3
4277  3
4278  3
4279  3
4280  3
4230  3
4231  3
4232  3
4233  3
4234  3
4235  3
4236  3
4237  3
4238  3
4239  3
4240  3
4241  3
4242  3
4243  3
4244  3
4245  3
4246  3
