2 0.00000
603
   1  5
  14  5
   2  5
  15  5
   3  5
  16  5
   4  5
  17  5
   5  5
  18  5
   6  5
  19  5
   7  5
  20  5
   8  5
  21  5
   9  5
  22  5
  10  5
  23  5
  11  5
  24  5
  12  5
  25  5
  13  5
  26  5
3873  4
3880  4
3841  4
3857  4
3809  4
3825  4
3777  4
3793  4
3745  4
3761  4
 417  5
 430  5
 443  5
 418  5
 431  5
 444  5
 419  5
 432  5
 445  5
 420  5
 433  5
 446  5
 421  5
 434  5
 447  5
 422  5
 435  5
 448  5
 423  5
 436  5
 449  5
 424  5
 437  5
 450  5
 425  5
 438  5
 451  5
 426  5
 439  5
 452  5
 427  5
 440  5
 453  5
 428  5
 441  5
 454  5
 429  5
 442  5
 455  5
4079  4
4086  4
4093  4
4031  4
4047  4
4063  4
3983  4
3999  4
4015  4
3935  4
3951  4
3967  4
3887  4
3903  4
3919  4
1053  5
1052  5
1051  5
1050  5
1049  5
1048  5
1047  5
1046  5
1045  5
1044  5
1043  5
1042  5
1041  5
1066  5
1065  5
1064  5
1063  5
1062  5
1061  5
1060  5
1059  5
1058  5
1057  5
1056  5
1055  5
1054  5
1079  5
1078  5
1077  5
1076  5
1075  5
1074  5
1073  5
1072  5
1071  5
1070  5
1069  5
1068  5
1067  5
1092  5
1091  5
1090  5
1089  5
1088  5
1087  5
1086  5
1085  5
1084  5
1083  5
1082  5
1081  5
1080  5
1105  5
1104  5
1103  5
1102  5
1101  5
1100  5
1099  5
1098  5
1097  5
1096  5
1095  5
1094  5
1093  5
1118  5
1117  5
1116  5
1115  5
1114  5
1113  5
1112  5
1111  5
1110  5
1109  5
1108  5
1107  5
1106  5
1131  5
1130  5
1129  5
1128  5
1127  5
1126  5
1125  5
1124  5
1123  5
1122  5
1121  5
1120  5
1119  5
1144  5
1143  5
1142  5
1141  5
1140  5
1139  5
1138  5
1137  5
1136  5
1135  5
1134  5
1133  5
1132  5
1157  5
1156  5
1155  5
1154  5
1153  5
1152  5
1151  5
1150  5
1149  5
1148  5
1147  5
1146  5
1145  5
1170  5
1169  5
1168  5
1167  5
1166  5
1165  5
1164  5
1163  5
1162  5
1161  5
1160  5
1159  5
1158  5
1183  5
1182  5
1181  5
1180  5
1179  5
1178  5
1177  5
1176  5
1175  5
1174  5
1173  5
1172  5
1171  5
1196  5
1195  5
1194  5
1193  5
1192  5
1191  5
1190  5
1189  5
1188  5
1187  5
1186  5
1185  5
1184  5
1209  5
1208  5
1207  5
1206  5
1205  5
1204  5
1203  5
1202  5
1201  5
1200  5
1199  5
1198  5
1197  5
4100  5
4105  5
4110  5
4115  5
4120  5
4125  5
4130  5
4135  5
4140  5
4145  5
4150  5
4155  5
4160  5
4101  5
4106  5
4111  5
4116  5
4121  5
4126  5
4131  5
4136  5
4141  5
4146  5
4151  5
4156  5
4161  5
4102  5
4107  5
4112  5
4117  5
4122  5
4127  5
4132  5
4137  5
4142  5
4147  5
4152  5
4157  5
4162  5
4103  5
4108  5
4113  5
4118  5
4123  5
4128  5
4133  5
4138  5
4143  5
4148  5
4153  5
4158  5
4163  5
4104  5
4109  5
4114  5
4119  5
4124  5
4129  5
4134  5
4139  5
4144  5
4149  5
4154  5
4159  5
4164  5
3588  2
3419  2
3250  2
3081  2
2912  2
2743  2
2574  2
2405  2
2236  2
2067  2
1898  2
1729  2
1560  2
1391  2
1222  2
1053  2
3601  2
3432  2
3263  2
3094  2
2925  2
2756  2
2587  2
2418  2
2249  2
2080  2
1911  2
1742  2
1573  2
1404  2
1235  2
1066  2
3614  2
3445  2
3276  2
3107  2
2938  2
2769  2
2600  2
2431  2
2262  2
2093  2
1924  2
1755  2
1586  2
1417  2
1248  2
1079  2
3627  2
3458  2
3289  2
3120  2
2951  2
2782  2
2613  2
2444  2
2275  2
2106  2
1937  2
1768  2
1599  2
1430  2
1261  2
1092  2
3640  2
3471  2
3302  2
3133  2
2964  2
2795  2
2626  2
2457  2
2288  2
2119  2
1950  2
1781  2
1612  2
1443  2
1274  2
1105  2
3653  2
3484  2
3315  2
3146  2
2977  2
2808  2
2639  2
2470  2
2301  2
2132  2
1963  2
1794  2
1625  2
1456  2
1287  2
1118  2
3666  2
3497  2
3328  2
3159  2
2990  2
2821  2
2652  2
2483  2
2314  2
2145  2
1976  2
1807  2
1638  2
1469  2
1300  2
1131  2
3679  2
3510  2
3341  2
3172  2
3003  2
2834  2
2665  2
2496  2
2327  2
2158  2
1989  2
1820  2
1651  2
1482  2
1313  2
1144  2
3692  2
3523  2
3354  2
3185  2
3016  2
2847  2
2678  2
2509  2
2340  2
2171  2
2002  2
1833  2
1664  2
1495  2
1326  2
1157  2
3705  2
3536  2
3367  2
3198  2
3029  2
2860  2
2691  2
2522  2
2353  2
2184  2
2015  2
1846  2
1677  2
1508  2
1339  2
1170  2
3718  2
3549  2
3380  2
3211  2
3042  2
2873  2
2704  2
2535  2
2366  2
2197  2
2028  2
1859  2
1690  2
1521  2
1352  2
1183  2
3731  2
3562  2
3393  2
3224  2
3055  2
2886  2
2717  2
2548  2
2379  2
2210  2
2041  2
1872  2
1703  2
1534  2
1365  2
1196  2
3744  2
3575  2
3406  2
3237  2
3068  2
2899  2
2730  2
2561  2
2392  2
2223  2
2054  2
1885  2
1716  2
1547  2
1378  2
1209  2
4490  1
4425  1
4360  1
4295  1
4230  1
4165  1
4100  1
4971  1
4919  1
4867  1
4815  1
4763  1
4711  1
4659  1
4607  1
4555  1
4491  1
4426  1
4361  1
4296  1
4231  1
4166  1
4101  1
4972  1
4920  1
4868  1
4816  1
4764  1
4712  1
4660  1
4608  1
4556  1
4492  1
4427  1
4362  1
4297  1
4232  1
4167  1
4102  1
4973  1
4921  1
4869  1
4817  1
4765  1
4713  1
4661  1
4609  1
4557  1
4493  1
4428  1
4363  1
4298  1
4233  1
4168  1
4103  1
4974  1
4922  1
4870  1
4818  1
4766  1
4714  1
4662  1
4610  1
4558  1
4494  1
4429  1
4364  1
4299  1
4234  1
4169  1
4104  1
