2 0.00000
605
1315  5
1328  5
1316  5
1329  5
1317  5
1330  5
1318  5
1331  5
1319  5
1332  5
1320  5
1333  5
1321  5
1334  5
1322  5
1335  5
1323  5
1336  5
1324  5
1337  5
1325  5
1338  5
1326  5
1339  5
1327  5
1340  5
 146  2
 130  2
 114  2
  98  2
  82  2
  67  2
  52  2
  38  2
  24  2
  12  2
1731  5
1744  5
1757  5
1732  5
1745  5
1758  5
1733  5
1746  5
1759  5
1734  5
1747  5
1760  5
1735  5
1748  5
1761  5
1736  5
1749  5
1762  5
1737  5
1750  5
1763  5
1738  5
1751  5
1764  5
1739  5
1752  5
1765  5
1740  5
1753  5
1766  5
1741  5
1754  5
1767  5
1742  5
1755  5
1768  5
1743  5
1756  5
1769  5
 365  2
 349  2
 333  2
 317  2
 301  2
 285  2
 269  2
 254  2
 239  2
 224  2
 210  2
 196  2
 182  2
 170  2
 158  2
4863  1
4862  1
4861  1
4860  1
4859  1
4858  1
4857  1
4856  1
4855  1
4854  1
4853  1
4852  1
4851  1
4655  1
4654  1
4653  1
4652  1
4651  1
4650  1
4649  1
4648  1
4647  1
4646  1
4645  1
4644  1
4643  1
4447  1
4446  1
4445  1
4444  1
4443  1
4442  1
4441  1
4440  1
4439  1
4438  1
4437  1
4436  1
4435  1
4239  1
4238  1
4237  1
4236  1
4235  1
4234  1
4233  1
4232  1
4231  1
4230  1
4229  1
4228  1
4227  1
4031  1
4030  1
4029  1
4028  1
4027  1
4026  1
4025  1
4024  1
4023  1
4022  1
4021  1
4020  1
4019  1
3823  1
3822  1
3821  1
3820  1
3819  1
3818  1
3817  1
3816  1
3815  1
3814  1
3813  1
3812  1
3811  1
3615  1
3614  1
3613  1
3612  1
3611  1
3610  1
3609  1
3608  1
3607  1
3606  1
3605  1
3604  1
3603  1
3407  1
3406  1
3405  1
3404  1
3403  1
3402  1
3401  1
3400  1
3399  1
3398  1
3397  1
3396  1
3395  1
3199  1
3198  1
3197  1
3196  1
3195  1
3194  1
3193  1
3192  1
3191  1
3190  1
3189  1
3188  1
3187  1
2991  1
2990  1
2989  1
2988  1
2987  1
2986  1
2985  1
2984  1
2983  1
2982  1
2981  1
2980  1
2979  1
2783  1
2782  1
2781  1
2780  1
2779  1
2778  1
2777  1
2776  1
2775  1
2774  1
2773  1
2772  1
2771  1
2575  1
2574  1
2573  1
2572  1
2571  1
2570  1
2569  1
2568  1
2567  1
2566  1
2565  1
2564  1
2563  1
2367  1
2366  1
2365  1
2364  1
2363  1
2362  1
2361  1
2360  1
2359  1
2358  1
2357  1
2356  1
2355  1
1242  1
1169  1
1096  1
1023  1
 950  1
 877  1
 804  1
 731  1
 658  1
 585  1
 512  1
 439  1
 366  1
1243  1
1170  1
1097  1
1024  1
 951  1
 878  1
 805  1
 732  1
 659  1
 586  1
 513  1
 440  1
 367  1
1244  1
1171  1
1098  1
1025  1
 952  1
 879  1
 806  1
 733  1
 660  1
 587  1
 514  1
 441  1
 368  1
1245  1
1172  1
1099  1
1026  1
 953  1
 880  1
 807  1
 734  1
 661  1
 588  1
 515  1
 442  1
 369  1
1246  1
1173  1
1100  1
1027  1
 954  1
 881  1
 808  1
 735  1
 662  1
 589  1
 516  1
 443  1
 370  1
5058  2
5045  2
5032  2
5019  2
5006  2
4993  2
4980  2
4967  2
4954  2
4941  2
4928  2
4915  2
4902  2
4889  2
4876  2
4863  2
4850  2
4837  2
4824  2
4811  2
4798  2
4785  2
4772  2
4759  2
4746  2
4733  2
4720  2
4707  2
4694  2
4681  2
4668  2
4655  2
4642  2
4629  2
4616  2
4603  2
4590  2
4577  2
4564  2
4551  2
4538  2
4525  2
4512  2
4499  2
4486  2
4473  2
4460  2
4447  2
4434  2
4421  2
4408  2
4395  2
4382  2
4369  2
4356  2
4343  2
4330  2
4317  2
4304  2
4291  2
4278  2
4265  2
4252  2
4239  2
4226  2
4213  2
4200  2
4187  2
4174  2
4161  2
4148  2
4135  2
4122  2
4109  2
4096  2
4083  2
4070  2
4057  2
4044  2
4031  2
4018  2
4005  2
3992  2
3979  2
3966  2
3953  2
3940  2
3927  2
3914  2
3901  2
3888  2
3875  2
3862  2
3849  2
3836  2
3823  2
3810  2
3797  2
3784  2
3771  2
3758  2
3745  2
3732  2
3719  2
3706  2
3693  2
3680  2
3667  2
3654  2
3641  2
3628  2
3615  2
3602  2
3589  2
3576  2
3563  2
3550  2
3537  2
3524  2
3511  2
3498  2
3485  2
3472  2
3459  2
3446  2
3433  2
3420  2
3407  2
3394  2
3381  2
3368  2
3355  2
3342  2
3329  2
3316  2
3303  2
3290  2
3277  2
3264  2
3251  2
3238  2
3225  2
3212  2
3199  2
3186  2
3173  2
3160  2
3147  2
3134  2
3121  2
3108  2
3095  2
3082  2
3069  2
3056  2
3043  2
3030  2
3017  2
3004  2
2991  2
2978  2
2965  2
2952  2
2939  2
2926  2
2913  2
2900  2
2887  2
2874  2
2861  2
2848  2
2835  2
2822  2
2809  2
2796  2
2783  2
2770  2
2757  2
2744  2
2731  2
2718  2
2705  2
2692  2
2679  2
2666  2
2653  2
2640  2
2627  2
2614  2
2601  2
2588  2
2575  2
2562  2
2549  2
2536  2
2523  2
2510  2
2497  2
2484  2
2471  2
2458  2
2445  2
2432  2
2419  2
2406  2
2393  2
2380  2
2367  2
 366  5
 371  5
 376  5
 381  5
 386  5
 391  5
 396  5
 401  5
 406  5
 411  5
 416  5
 421  5
 426  5
 430  5
 434  5
 437  5
 367  5
 372  5
 377  5
 382  5
 387  5
 392  5
 397  5
 402  5
 407  5
 412  5
 417  5
 422  5
 427  5
 431  5
 435  5
 438  5
 368  5
 373  5
 378  5
 383  5
 388  5
 393  5
 398  5
 403  5
 408  5
 413  5
 418  5
 423  5
 428  5
 432  5
 436  5
 369  5
 374  5
 379  5
 384  5
 389  5
 394  5
 399  5
 404  5
 409  5
 414  5
 419  5
 424  5
 429  5
 433  5
 370  5
 375  5
 380  5
 385  5
 390  5
 395  5
 400  5
 405  5
 410  5
 415  5
 420  5
 425  5
