2 0.00000
604
1283  2
1257  2
1231  2
1205  2
1179  2
1153  2
1127  2
1101  2
1075  2
1049  2
1023  2
 997  2
 971  2
 945  2
 919  2
 893  2
 867  2
1296  2
1270  2
1244  2
1218  2
1192  2
1166  2
1140  2
1114  2
1088  2
1062  2
1036  2
1010  2
 984  2
 958  2
 932  2
 906  2
 880  2
 841  2
 854  2
1972  2
1933  2
1894  2
1855  2
1816  2
1777  2
1738  2
1699  2
1660  2
1621  2
1582  2
1543  2
1504  2
1465  2
1426  2
1387  2
1348  2
1985  2
1946  2
1907  2
1868  2
1829  2
1790  2
1751  2
1712  2
1673  2
1634  2
1595  2
1556  2
1517  2
1478  2
1439  2
1400  2
1361  2
1998  2
1959  2
1920  2
1881  2
1842  2
1803  2
1764  2
1725  2
1686  2
1647  2
1608  2
1569  2
1530  2
1491  2
1452  2
1413  2
1374  2
1309  2
1322  2
1335  2
2372  5
2373  5
2374  5
2375  5
2376  5
2377  5
2378  5
2379  5
2380  5
2381  5
2382  5
2383  5
2384  5
2385  5
2386  5
2387  5
2388  5
2355  5
2356  5
2357  5
2358  5
2359  5
2360  5
2361  5
2362  5
2363  5
2364  5
2365  5
2366  5
2367  5
2368  5
2369  5
2370  5
2371  5
2338  5
2339  5
2340  5
2341  5
2342  5
2343  5
2344  5
2345  5
2346  5
2347  5
2348  5
2349  5
2350  5
2351  5
2352  5
2353  5
2354  5
2321  5
2322  5
2323  5
2324  5
2325  5
2326  5
2327  5
2328  5
2329  5
2330  5
2331  5
2332  5
2333  5
2334  5
2335  5
2336  5
2337  5
2304  5
2305  5
2306  5
2307  5
2308  5
2309  5
2310  5
2311  5
2312  5
2313  5
2314  5
2315  5
2316  5
2317  5
2318  5
2319  5
2320  5
2287  5
2288  5
2289  5
2290  5
2291  5
2292  5
2293  5
2294  5
2295  5
2296  5
2297  5
2298  5
2299  5
2300  5
2301  5
2302  5
2303  5
2270  5
2271  5
2272  5
2273  5
2274  5
2275  5
2276  5
2277  5
2278  5
2279  5
2280  5
2281  5
2282  5
2283  5
2284  5
2285  5
2286  5
2253  5
2254  5
2255  5
2256  5
2257  5
2258  5
2259  5
2260  5
2261  5
2262  5
2263  5
2264  5
2265  5
2266  5
2267  5
2268  5
2269  5
2236  5
2237  5
2238  5
2239  5
2240  5
2241  5
2242  5
2243  5
2244  5
2245  5
2246  5
2247  5
2248  5
2249  5
2250  5
2251  5
2252  5
2219  5
2220  5
2221  5
2222  5
2223  5
2224  5
2225  5
2226  5
2227  5
2228  5
2229  5
2230  5
2231  5
2232  5
2233  5
2234  5
2235  5
2202  5
2203  5
2204  5
2205  5
2206  5
2207  5
2208  5
2209  5
2210  5
2211  5
2212  5
2213  5
2214  5
2215  5
2216  5
2217  5
2218  5
2185  5
2186  5
2187  5
2188  5
2189  5
2190  5
2191  5
2192  5
2193  5
2194  5
2195  5
2196  5
2197  5
2198  5
2199  5
2200  5
2201  5
2168  5
2169  5
2170  5
2171  5
2172  5
2173  5
2174  5
2175  5
2176  5
2177  5
2178  5
2179  5
2180  5
2181  5
2182  5
2183  5
2184  5
1999  5
2000  5
2001  5
2002  5
2003  5
2004  5
2005  5
2006  5
2007  5
2008  5
2009  5
2010  5
2011  5
 790  1
 751  1
 712  1
 673  1
 634  1
 595  1
 556  1
 517  1
 478  1
 439  1
 413  1
 387  1
 361  1
 335  1
 309  1
 283  1
 257  1
 791  1
 752  1
 713  1
 674  1
 635  1
 596  1
 557  1
 518  1
 479  1
 440  1
 414  1
 388  1
 362  1
 336  1
 310  1
 284  1
 258  1
 792  1
 753  1
 714  1
 675  1
 636  1
 597  1
 558  1
 519  1
 480  1
 441  1
4836  1
4835  1
4834  1
4833  1
4832  1
4831  1
4830  1
4829  1
4828  1
4827  1
4826  1
4825  1
4824  1
4823  1
4822  1
4821  1
4820  1
4615  1
4614  1
4613  1
4612  1
4611  1
4610  1
4609  1
4608  1
4607  1
4606  1
4605  1
4604  1
4603  1
4602  1
4601  1
4600  1
4599  1
4394  1
4393  1
4392  1
4391  1
4390  1
4389  1
4388  1
4387  1
4386  1
4385  1
4384  1
4383  1
4382  1
4381  1
4380  1
4379  1
4378  1
4173  1
4172  1
4171  1
4170  1
4169  1
4168  1
4167  1
4166  1
4165  1
4164  1
4163  1
4162  1
4161  1
4160  1
4159  1
4158  1
4157  1
3952  1
3951  1
3950  1
3949  1
3948  1
3947  1
3946  1
3945  1
3944  1
3943  1
3942  1
3941  1
3940  1
3939  1
3938  1
3937  1
3936  1
3731  1
3730  1
3729  1
3728  1
3727  1
3726  1
3725  1
3724  1
3723  1
3722  1
3721  1
3720  1
3719  1
3718  1
3717  1
3716  1
3715  1
3510  1
3509  1
3508  1
3507  1
3506  1
3505  1
3504  1
3503  1
3502  1
3501  1
3500  1
3499  1
3498  1
3497  1
3496  1
3495  1
3494  1
3289  1
3288  1
3287  1
3286  1
3285  1
3284  1
3283  1
3282  1
3281  1
3280  1
3279  1
3278  1
3277  1
3276  1
3275  1
3274  1
3273  1
3068  1
3067  1
3066  1
3065  1
3064  1
3063  1
3062  1
3061  1
3060  1
3059  1
3058  1
3057  1
3056  1
3055  1
3054  1
3053  1
3052  1
2847  1
2846  1
2845  1
2844  1
2843  1
2842  1
2841  1
2840  1
2839  1
2838  1
2837  1
2836  1
2835  1
2834  1
2833  1
2832  1
2831  1
2626  1
2625  1
2624  1
2623  1
2622  1
2621  1
2620  1
2619  1
2618  1
2617  1
2616  1
2615  1
2614  1
2613  1
2612  1
2611  1
2610  1
2405  1
2404  1
2403  1
2402  1
2401  1
2400  1
2399  1
2398  1
2397  1
2396  1
2395  1
2394  1
2393  1
2392  1
2391  1
2390  1
2389  1
2184  1
2183  1
2182  1
2181  1
2180  1
2179  1
2178  1
2177  1
2176  1
2175  1
2174  1
2173  1
2172  1
2171  1
2170  1
2169  1
2168  1
2167  2
2154  2
2141  2
2128  2
2115  2
2102  2
2089  2
2076  2
2063  2
2050  2
2037  2
2024  2
2011  2
 231  5
 232  5
