2 0.00000
567
 403  2
 377  2
 351  2
 325  2
 299  2
 273  2
 247  2
 221  2
 195  2
 169  2
 143  2
 117  2
  91  2
  65  2
  39  2
  13  2
 416  2
 390  2
 364  2
 338  2
 312  2
 286  2
 260  2
 234  2
 208  2
 182  2
 156  2
 130  2
 104  2
  78  2
  52  2
  26  2
1014  2
 975  2
 936  2
 897  2
 858  2
 819  2
 780  2
 741  2
 702  2
 663  2
 624  2
 585  2
 546  2
 507  2
 468  2
 429  2
1027  2
 988  2
 949  2
 910  2
 871  2
 832  2
 793  2
 754  2
 715  2
 676  2
 637  2
 598  2
 559  2
 520  2
 481  2
 442  2
1040  2
1001  2
 962  2
 923  2
 884  2
 845  2
 806  2
 767  2
 728  2
 689  2
 650  2
 611  2
 572  2
 533  2
 494  2
 455  2
1197  3
1366  3
1535  3
1704  3
1873  3
2042  3
2211  3
2380  3
2549  3
2718  3
2887  3
3056  3
3225  3
3394  3
3563  3
3732  3
1198  3
1367  3
1536  3
1705  3
1874  3
2043  3
2212  3
2381  3
2550  3
2719  3
2888  3
3057  3
3226  3
3395  3
3564  3
3733  3
1199  3
1368  3
1537  3
1706  3
1875  3
2044  3
2213  3
2382  3
2551  3
2720  3
2889  3
3058  3
3227  3
3396  3
3565  3
3734  3
1200  3
1369  3
1538  3
1707  3
1876  3
2045  3
2214  3
2383  3
2552  3
2721  3
2890  3
3059  3
3228  3
3397  3
3566  3
3735  3
1201  3
1370  3
1539  3
1708  3
1877  3
2046  3
2215  3
2384  3
2553  3
2722  3
2891  3
3060  3
3229  3
3398  3
3567  3
3736  3
1202  3
1371  3
1540  3
1709  3
1878  3
2047  3
2216  3
2385  3
2554  3
2723  3
2892  3
3061  3
3230  3
3399  3
3568  3
3737  3
1203  3
1372  3
1541  3
1710  3
1879  3
2048  3
2217  3
2386  3
2555  3
2724  3
2893  3
3062  3
3231  3
3400  3
3569  3
3738  3
1204  3
1373  3
1542  3
1711  3
1880  3
2049  3
2218  3
2387  3
2556  3
2725  3
2894  3
3063  3
3232  3
3401  3
3570  3
3739  3
1205  3
1374  3
1543  3
1712  3
1881  3
2050  3
2219  3
2388  3
2557  3
2726  3
2895  3
3064  3
3233  3
3402  3
3571  3
3740  3
1206  3
1375  3
1544  3
1713  3
1882  3
2051  3
2220  3
2389  3
2558  3
2727  3
2896  3
3065  3
3234  3
3403  3
3572  3
3741  3
1207  3
1376  3
1545  3
1714  3
1883  3
2052  3
2221  3
2390  3
2559  3
2728  3
2897  3
3066  3
3235  3
3404  3
3573  3
3742  3
1208  3
1377  3
1546  3
1715  3
1884  3
2053  3
2222  3
2391  3
2560  3
2729  3
2898  3
3067  3
3236  3
3405  3
3574  3
3743  3
1209  3
1378  3
1547  3
1716  3
1885  3
2054  3
2223  3
2392  3
2561  3
2730  3
2899  3
3068  3
3237  3
3406  3
3575  3
3744  3
3588  2
3419  2
3250  2
3081  2
2912  2
2743  2
2574  2
2405  2
2236  2
2067  2
1898  2
1729  2
1560  2
1391  2
1222  2
1053  2
3601  2
3432  2
3263  2
3094  2
2925  2
2756  2
2587  2
2418  2
2249  2
2080  2
1911  2
1742  2
1573  2
1404  2
1235  2
1066  2
3614  2
3445  2
3276  2
3107  2
2938  2
2769  2
2600  2
2431  2
2262  2
2093  2
1924  2
1755  2
1586  2
1417  2
1248  2
1079  2
3627  2
3458  2
3289  2
3120  2
2951  2
2782  2
2613  2
2444  2
2275  2
2106  2
1937  2
1768  2
1599  2
1430  2
1261  2
1092  2
3640  2
3471  2
3302  2
3133  2
2964  2
2795  2
2626  2
2457  2
2288  2
2119  2
1950  2
1781  2
1612  2
1443  2
1274  2
1105  2
3653  2
3484  2
3315  2
3146  2
2977  2
2808  2
2639  2
2470  2
2301  2
2132  2
1963  2
1794  2
1625  2
1456  2
1287  2
1118  2
3666  2
3497  2
3328  2
3159  2
2990  2
2821  2
2652  2
2483  2
2314  2
2145  2
1976  2
1807  2
1638  2
1469  2
1300  2
1131  2
3679  2
3510  2
3341  2
3172  2
3003  2
2834  2
2665  2
2496  2
2327  2
2158  2
1989  2
1820  2
1651  2
1482  2
1313  2
1144  2
3692  2
3523  2
3354  2
3185  2
3016  2
2847  2
2678  2
2509  2
2340  2
2171  2
2002  2
1833  2
1664  2
1495  2
1326  2
1157  2
3705  2
3536  2
3367  2
3198  2
3029  2
2860  2
2691  2
2522  2
2353  2
2184  2
2015  2
1846  2
1677  2
1508  2
1339  2
1170  2
3718  2
3549  2
3380  2
3211  2
3042  2
2873  2
2704  2
2535  2
2366  2
2197  2
2028  2
1859  2
1690  2
1521  2
1352  2
1183  2
3731  2
3562  2
3393  2
3224  2
3055  2
2886  2
2717  2
2548  2
2379  2
2210  2
2041  2
1872  2
1703  2
1534  2
1365  2
1196  2
3744  2
3575  2
3406  2
3237  2
3068  2
2899  2
2730  2
2561  2
2392  2
2223  2
2054  2
1885  2
1716  2
1547  2
1378  2
1209  2
4490  1
4425  1
4360  1
4295  1
4230  1
4165  1
4100  1
4971  1
4919  1
4867  1
4815  1
4763  1
4711  1
4659  1
4607  1
4555  1
4491  1
4426  1
4361  1
4296  1
4231  1
4166  1
4101  1
4972  1
4920  1
4868  1
4816  1
4764  1
4712  1
4660  1
4608  1
4556  1
4492  1
4427  1
4362  1
4297  1
4232  1
4167  1
4102  1
4973  1
4921  1
4869  1
4817  1
4765  1
4713  1
4661  1
4609  1
4557  1
4493  1
4428  1
4363  1
4298  1
4233  1
4168  1
4103  1
4974  1
4922  1
4870  1
4818  1
4766  1
4714  1
4662  1
4610  1
4558  1
4494  1
4429  1
4364  1
4299  1
4234  1
4169  1
4104  1
