2 0.00000
281
5058  2
5045  2
5032  2
5019  2
5006  2
4993  2
4980  2
4967  2
4954  2
4941  2
4928  2
4915  2
4902  2
4889  2
4876  2
4863  2
4850  2
4837  2
4824  2
4811  2
4798  2
4785  2
4772  2
4759  2
4746  2
4733  2
4720  2
4707  2
4694  2
4681  2
4668  2
4655  2
4642  2
4629  2
4616  2
4603  2
4590  2
4577  2
4564  2
4551  2
4538  2
4525  2
4512  2
4499  2
4486  2
4473  2
4460  2
4447  2
4434  2
4421  2
4408  2
4395  2
4382  2
4369  2
4356  2
4343  2
4330  2
4317  2
4304  2
4291  2
4278  2
4265  2
4252  2
4239  2
4226  2
4213  2
4200  2
4187  2
4174  2
4161  2
4148  2
4135  2
4122  2
4109  2
4096  2
4083  2
4070  2
4057  2
4044  2
4031  2
4018  2
4005  2
3992  2
3979  2
3966  2
3953  2
3940  2
3927  2
3914  2
3901  2
3888  2
3875  2
3862  2
3849  2
3836  2
3823  2
3810  2
3797  2
3784  2
3771  2
3758  2
3745  2
3732  2
3719  2
3706  2
3693  2
3680  2
3667  2
3654  2
3641  2
3628  2
3615  2
3602  2
3589  2
3576  2
3563  2
3550  2
3537  2
3524  2
3511  2
3498  2
3485  2
3472  2
3459  2
3446  2
3433  2
3420  2
3407  2
3394  2
3381  2
3368  2
3355  2
3342  2
3329  2
3316  2
3303  2
3290  2
3277  2
3264  2
3251  2
3238  2
3225  2
3212  2
3199  2
3186  2
3173  2
3160  2
3147  2
3134  2
3121  2
3108  2
3095  2
3082  2
3069  2
3056  2
3043  2
3030  2
3017  2
3004  2
2991  2
2978  2
2965  2
2952  2
2939  2
2926  2
2913  2
2900  2
2887  2
2874  2
2861  2
2848  2
2835  2
2822  2
2809  2
2796  2
2783  2
2770  2
2757  2
2744  2
2731  2
2718  2
2705  2
2692  2
2679  2
2666  2
2653  2
2640  2
2627  2
2614  2
2601  2
2588  2
2575  2
2562  2
2549  2
2536  2
2523  2
2510  2
2497  2
2484  2
2471  2
2458  2
2445  2
2432  2
2419  2
2406  2
2393  2
2380  2
2367  2
 366  5
 371  5
 376  5
 381  5
 386  5
 391  5
 396  5
 401  5
 406  5
 411  5
 416  5
 421  5
 426  5
 430  5
 434  5
 437  5
 367  5
 372  5
 377  5
 382  5
 387  5
 392  5
 397  5
 402  5
 407  5
 412  5
 417  5
 422  5
 427  5
 431  5
 435  5
 438  5
 368  5
 373  5
 378  5
 383  5
 388  5
 393  5
 398  5
 403  5
 408  5
 413  5
 418  5
 423  5
 428  5
 432  5
 436  5
 369  5
 374  5
 379  5
 384  5
 389  5
 394  5
 399  5
 404  5
 409  5
 414  5
 419  5
 424  5
 429  5
 433  5
 370  5
 375  5
 380  5
 385  5
 390  5
 395  5
 400  5
 405  5
 410  5
 415  5
 420  5
 425  5
