2 0.00000
552
4280  2
4263  2
4246  2
4229  2
 410  1
 409  1
 376  1
 375  1
 342  1
 341  1
 308  1
 307  1
 274  1
 273  1
 240  1
 239  1
 206  1
 205  1
 172  1
 171  1
 138  1
 137  1
 104  1
 103  1
  70  1
  69  1
  36  1
  35  1
   2  1
   1  1
4410  2
4393  2
4376  2
4359  2
4342  2
4325  2
1083  1
1082  1
1081  1
1032  1
1031  1
1030  1
 981  1
 980  1
 979  1
 930  1
 929  1
 928  1
 879  1
 878  1
 877  1
 828  1
 827  1
 826  1
 777  1
 776  1
 775  1
 726  1
 725  1
 724  1
 675  1
 674  1
 673  1
 624  1
 623  1
 622  1
 573  1
 572  1
 571  1
 522  1
 521  1
 520  1
 471  1
 470  1
 469  1
4981  1
4937  1
4893  1
4849  1
4805  1
4761  1
4717  1
4673  1
4629  1
4585  1
4541  1
4497  1
4453  1
4982  1
4938  1
4894  1
4850  1
4806  1
4762  1
4718  1
4674  1
4630  1
4586  1
4542  1
4498  1
4454  1
3823  1
3602  1
3381  1
3160  1
2939  1
2718  1
2497  1
2276  1
2055  1
1834  1
1613  1
1392  1
1171  1
3824  1
3603  1
3382  1
3161  1
2940  1
2719  1
2498  1
2277  1
2056  1
1835  1
1614  1
1393  1
1172  1
3825  1
3604  1
3383  1
3162  1
2941  1
2720  1
2499  1
2278  1
2057  1
1836  1
1615  1
1394  1
1173  1
3826  1
3605  1
3384  1
3163  1
2942  1
2721  1
2500  1
2279  1
2058  1
1837  1
1616  1
1395  1
1174  1
3827  1
3606  1
3385  1
3164  1
2943  1
2722  1
2501  1
2280  1
2059  1
1838  1
1617  1
1396  1
1175  1
3828  1
3607  1
3386  1
3165  1
2944  1
2723  1
2502  1
2281  1
2060  1
1839  1
1618  1
1397  1
1176  1
3829  1
3608  1
3387  1
3166  1
2945  1
2724  1
2503  1
2282  1
2061  1
1840  1
1619  1
1398  1
1177  1
3830  1
3609  1
3388  1
3167  1
2946  1
2725  1
2504  1
2283  1
2062  1
1841  1
1620  1
1399  1
1178  1
3831  1
3610  1
3389  1
3168  1
2947  1
2726  1
2505  1
2284  1
2063  1
1842  1
1621  1
1400  1
1179  1
3832  1
3611  1
3390  1
3169  1
2948  1
2727  1
2506  1
2285  1
2064  1
1843  1
1622  1
1401  1
1180  1
3833  1
3612  1
3391  1
3170  1
2949  1
2728  1
2507  1
2286  1
2065  1
1844  1
1623  1
1402  1
1181  1
3834  1
3613  1
3392  1
3171  1
2950  1
2729  1
2508  1
2287  1
2066  1
1845  1
1624  1
1403  1
1182  1
3835  1
3614  1
3393  1
3172  1
2951  1
2730  1
2509  1
2288  1
2067  1
1846  1
1625  1
1404  1
1183  1
1171  5
1184  5
1197  5
1210  5
1223  5
1236  5
1249  5
1262  5
1275  5
1288  5
1301  5
1314  5
1327  5
1340  5
1353  5
1366  5
1379  5
1172  5
1185  5
1198  5
1211  5
1224  5
1237  5
1250  5
1263  5
1276  5
1289  5
1302  5
1315  5
1328  5
1341  5
1354  5
1367  5
1380  5
1173  5
1186  5
1199  5
1212  5
1225  5
1238  5
1251  5
1264  5
1277  5
1290  5
1303  5
1316  5
1329  5
1342  5
1355  5
1368  5
1381  5
1174  5
1187  5
1200  5
1213  5
1226  5
1239  5
1252  5
1265  5
1278  5
1291  5
1304  5
1317  5
1330  5
1343  5
1356  5
1369  5
1382  5
1175  5
1188  5
1201  5
1214  5
1227  5
1240  5
1253  5
1266  5
1279  5
1292  5
1305  5
1318  5
1331  5
1344  5
1357  5
1370  5
1383  5
1176  5
1189  5
1202  5
1215  5
1228  5
1241  5
1254  5
1267  5
1280  5
1293  5
1306  5
1319  5
1332  5
1345  5
1358  5
1371  5
1384  5
1177  5
1190  5
1203  5
1216  5
1229  5
1242  5
1255  5
1268  5
1281  5
1294  5
1307  5
1320  5
1333  5
1346  5
1359  5
1372  5
1385  5
1178  5
1191  5
1204  5
1217  5
1230  5
1243  5
1256  5
1269  5
1282  5
1295  5
1308  5
1321  5
1334  5
1347  5
1360  5
1373  5
1386  5
1179  5
1192  5
1205  5
1218  5
1231  5
1244  5
1257  5
1270  5
1283  5
1296  5
1309  5
1322  5
1335  5
1348  5
1361  5
1374  5
1387  5
1180  5
1193  5
1206  5
1219  5
1232  5
1245  5
1258  5
1271  5
1284  5
1297  5
1310  5
1323  5
1336  5
1349  5
1362  5
1375  5
1388  5
1181  5
1194  5
1207  5
1220  5
1233  5
1246  5
1259  5
1272  5
1285  5
1298  5
1311  5
1324  5
1337  5
1350  5
1363  5
1376  5
1389  5
1182  5
1195  5
1208  5
1221  5
1234  5
1247  5
1260  5
1273  5
1286  5
1299  5
1312  5
1325  5
1338  5
1351  5
1364  5
1377  5
1390  5
1183  5
1196  5
1209  5
1222  5
1235  5
1248  5
1261  5
1274  5
1287  5
1300  5
1313  5
1326  5
1339  5
1352  5
1365  5
1378  5
1391  5
4056  2
4069  2
4082  2
4095  2
4108  2
4121  2
4134  2
4147  2
4160  2
4173  2
4186  2
4199  2
4212  2
5025  1
5026  1
5027  1
5028  1
4487  5
4492  5
4483  5
4488  5
4493  5
4477  5
4480  5
4484  5
4489  5
4494  5
4453  5
4455  5
4457  5
4459  5
4461  5
4463  5
4465  5
4467  5
4469  5
4471  5
4473  5
4475  5
4478  5
4481  5
4485  5
4490  5
4495  5
4454  5
4456  5
4458  5
4460  5
4462  5
4464  5
4466  5
4468  5
4470  5
4472  5
4474  5
4476  5
4479  5
4482  5
4486  5
4491  5
4496  5
