2 0.0
612
2645 2
2650 2
2655 2
2660 2
2665 2
2670 2
2675 2
2680 2
2685 2
2690 2
2695 2
2700 2
2705 2
2710 2
2715 2
2720 2
2725 2
2730 2
2757 4
2758 5
2762 5
2766 5
2770 4
2771 5
2775 5
2779 5
2913 4
2914 5
2918 5
2922 5
2926 4
2927 5
2931 5
2935 5
2939 4
2940 5
2944 5
2948 5
2952 4
2953 5
2957 5
2961 5
1351 5
1354 5
1357 5
1360 5
1363 5
1366 5
1369 5
1372 5
1375 5
1378 5
1381 5
1384 5
1387 5
1390 5
1393 5
1396 5
1399 5
1402 5
1405 5
1408 5
1411 5
1414 5
1417 5
1420 5
1423 5
1426 5
1429 5
1432 5
1435 5
1438 5
1441 5
1444 5
1447 5
1450 5
1453 5
1456 5
1459 5
1462 5
1465 5
1468 5
1471 5
1474 5
1477 5
1480 5
1483 5
1486 5
1489 5
1492 5
1495 5
1498 5
1501 5
1504 5
1507 5
1510 5
309 6
312 6
315 6
354 6
357 6
360 6
399 6
402 6
405 6
444 6
447 6
450 6
489 6
492 6
495 6
534 6
537 6
540 6
39 6
42 6
45 6
84 6
87 6
90 6
129 6
132 6
135 6
174 6
177 6
180 6
219 6
222 6
225 6
264 6
267 6
270 6
541 5
544 5
547 5
550 5
553 5
556 5
559 5
562 5
565 5
568 5
571 5
574 5
577 5
580 5
583 5
586 5
589 5
592 5
595 5
598 5
601 5
604 5
607 5
610 5
613 5
616 5
619 5
622 5
625 5
628 5
631 5
634 5
637 5
640 5
643 5
646 5
649 5
652 5
655 5
658 5
661 5
664 5
667 5
670 5
673 5
676 5
679 5
682 5
685 5
688 5
691 5
694 5
697 5
700 5
2165 2
2170 2
2175 2
2180 2
2185 2
2190 2
2195 2
2200 2
2205 2
2210 2
2215 2
2220 2
2225 2
2230 2
2235 2
2240 2
2245 2
2250 2
2264 4
2265 5
2269 5
2273 5
2381 4
2382 5
2386 5
2390 5
2433 4
2434 5
2438 5
2442 5
2446 4
2447 5
2451 5
2455 5
2459 4
2460 5
2464 5
2468 5
2472 4
2473 5
2477 5
2481 5
7156 2
7162 2
7167 2
7172 2
7182 2
7187 2
7192 2
7193 2
7194 2
7202 2
7207 2
7212 2
7215 2
7222 2
7227 2
7232 2
7236 2
7242 2
7257 4
7258 4
7259 4
7260 4
7322 4
7323 4
7324 4
7325 4
7426 4
7427 4
7428 4
7429 4
7439 4
7440 4
7441 4
7442 4
7452 4
7453 4
7454 4
7455 4
7465 4
7466 4
7467 4
7468 4
5539 4
5540 4
5541 4
5548 4
5549 4
5550 4
5557 4
5558 4
5559 4
5566 4
5567 4
5568 4
5575 4
5576 4
5577 4
5584 4
5585 4
5586 4
5593 4
5594 4
5595 4
5602 4
5603 4
5604 4
5611 4
5612 4
5613 4
5620 4
5621 4
5622 4
5629 4
5630 4
5631 4
5638 4
5639 4
5640 4
5647 4
5648 4
5649 4
5656 4
5657 4
5658 4
5665 4
5666 4
5667 4
5674 4
5675 4
5676 4
5683 4
5684 4
5685 4
5692 4
5693 4
5694 4
5215 4
5216 4
5217 4
5224 4
5225 4
5226 4
5233 4
5234 4
5235 4
5242 4
5243 4
5244 4
5251 4
5252 4
5253 4
5260 4
5261 4
5262 4
5269 4
5270 4
5271 4
5272 5
5275 5
5278 5
5281 5
5284 5
5287 5
5290 5
5293 5
5296 5
5299 5
5302 5
5305 5
5314 4
5315 4
5316 4
6349 4
6350 4
6351 4
6358 4
6359 4
6360 4
6367 4
6368 4
6369 4
6370 5
6373 5
6376 5
6379 5
6382 5
6385 5
6388 5
6391 5
6394 5
6397 5
6400 5
6403 5
6406 5
6409 5
6412 5
6415 5
6418 5
6421 5
6424 5
6427 5
6430 5
6433 5
6436 5
6439 5
6442 5
6445 5
6448 5
6451 5
6454 5
6457 5
6460 5
6463 5
6466 5
6469 5
6472 5
6475 5
6484 4
6485 4
6486 4
6493 4
6494 4
6495 4
6502 4
6503 4
6504 4
7633 5
7634 5
7635 5
7636 5
7637 5
7638 5
7639 5
7640 5
7641 5
7642 5
7643 5
7644 5
7645 5
7646 5
7647 5
7648 5
7649 5
7650 5
7758 2
7759 2
7760 2
7761 2
7771 2
7772 2
7773 2
7774 2
7905 4
7906 5
7910 5
7914 5
7918 4
7919 5
7923 5
7927 5
7931 4
7932 5
7936 5
7940 5
7944 4
7945 5
7949 5
7953 5
7168 3
7169 3
7170 3
7171 3
7172 3
7173 3
7176 3
7177 3
7188 3
7189 3
7190 3
7191 3
7192 3
7193 3
7196 3
7208 3
7209 3
7210 3
7211 3
7212 3
7213 3
7216 3
7228 3
7229 3
7230 3
7231 3
7232 3
7233 3
7235 3
7236 3
7633 1
7634 1
7635 1
7636 1
7637 1
7638 1
7657 1
7658 1
7659 1
7660 1
7661 1
7662 1
7676 1
7677 1
7678 1
7679 1
7680 1
7681 1
7682 1
7683 1
7684 1
7685 1
7686 1
7704 1
7705 1
7706 1
7707 1
7708 1
7709 1
7710 1
4705 1
4706 1
4707 1
4716 1
4717 1
4718 1
4719 1
4726 1
4727 1
4729 1
4730 1
4731 1
4741 1
4742 1
4743 1
4753 1
4754 1
4755 1
4420 3
4421 3
4435 3
4436 3
4437 3
4438 3
4439 3
4440 3
4442 3
4443 3
4444 3
4445 3
4459 3
4460 3
4461 3
4462 3
4463 3
4464 3
2161 5
2162 5
2163 5
2164 5
2165 5
2166 5
2167 5
2168 5
2169 5
2170 5
2171 5
2172 5
2173 5
2174 5
2175 5
2176 5
2177 5
2178 5
2179 5
2180 5
2181 5
2182 5
2183 5
2184 5
2185 5
2186 5
2187 5
2188 5
2189 5
2190 5
2641 5
2642 5
2643 5
2644 5
2645 5
2646 5
2647 5
2648 5
2649 5
2650 5
2651 5
2652 5
2653 5
2654 5
2655 5
2656 5
2657 5
2658 5
2659 5
2660 5
2661 5
2662 5
2663 5
2664 5
2665 5
2666 5
2667 5
2668 5
2669 5
2670 5
21 -0.005
27
3445 2
3446 2
3447 2
3454 2
3455 2
3456 2
3463 2
3464 2
3465 2
3607 2
3608 2
3609 2
3616 2
3617 2
3618 2
3625 2
3626 2
3627 2
3769 2
3770 2
3771 2
3778 2
3779 2
3780 2
3787 2
3788 2
3789 2
21 0.0
27
4072 4
4073 4
4074 4
4081 4
4082 4
4083 4
4090 4
4091 4
4092 4
4234 4
4235 4
4236 4
4243 4
4244 4
4245 4
4252 4
4253 4
4254 4
4396 4
4397 4
4398 4
4405 4
4406 4
4407 4
4414 4
4415 4
4416 4
