2 0.0
650
6345 6
6348 6
6351 6
6354 6
6357 6
6360 6
6363 6
6366 6
6369 6
6507 6
6510 6
6513 6
6516 6
6519 6
6522 6
6525 6
6528 6
6531 6
6669 6
6672 6
6675 6
6678 6
6681 6
6684 6
6687 6
6690 6
6693 6
6831 6
6834 6
6837 6
6840 6
6843 6
6846 6
6849 6
6852 6
6855 6
6991 3
6992 3
6993 3
7000 3
7001 3
7002 3
7009 3
7010 3
7011 3
7638 2
7644 2
7650 2
7652 2
7662 2
7668 2
7674 2
7676 2
7686 2
7692 2
7698 2
7702 2
7710 2
7716 2
7722 2
7724 4
7725 4
7726 4
7727 4
7749 4
7750 5
7754 5
7758 5
7827 4
7828 5
7832 5
7836 5
7840 4
7841 5
7845 5
7849 5
7853 4
7854 5
7858 5
7862 5
4705 5
4706 5
4707 5
4708 5
4709 5
4710 5
4711 5
4712 5
4713 5
4768 2
4769 2
4770 2
4771 2
4859 2
4860 2
4861 2
4862 2
4937 2
4938 2
4939 2
4940 2
1492 1
1493 1
1494 1
1501 1
1502 1
1503 1
1510 1
1511 1
1512 1
1654 1
1655 1
1656 1
1663 1
1664 1
1665 1
1672 1
1673 1
1674 1
1816 1
1817 1
1818 1
1825 1
1826 1
1827 1
1834 1
1835 1
1836 1
1978 1
1979 1
1980 1
1987 1
1988 1
1989 1
1996 1
1997 1
1998 1
2140 1
2141 1
2142 1
2149 1
2150 1
2151 1
2158 1
2159 1
2160 1
2666 3
2667 3
2668 3
2669 3
2670 3
2696 3
2697 3
2698 3
2699 3
2700 3
2726 3
2727 3
2728 3
2729 3
2730 3
2753 2
2754 2
2755 2
2756 2
2779 2
2780 2
2781 2
2782 2
2883 2
2884 2
2885 2
2886 2
2896 2
2897 2
2898 2
2899 2
2909 2
2910 2
2911 2
2912 2
3931 2
3932 2
3933 2
3940 2
3941 2
3942 2
3949 2
3950 2
3951 2
4093 2
4094 2
4095 2
4102 2
4103 2
4104 2
4111 2
4112 2
4113 2
4255 2
4256 2
4257 2
4264 2
4265 2
4266 2
4273 2
4274 2
4275 2
3283 2
3284 2
3285 2
3292 2
3293 2
3294 2
3301 2
3302 2
3303 2
5265 6
5268 6
5271 6
5319 6
5322 6
5325 6
5373 6
5376 6
5379 6
5427 6
5430 6
5433 6
5479 3
5480 3
5481 3
277 1
278 1
279 1
286 1
287 1
288 1
295 1
296 1
297 1
304 1
305 1
306 1
313 1
314 1
315 1
541 3
542 3
543 3
550 3
551 3
552 3
559 3
560 3
561 3
703 3
704 3
705 3
712 3
713 3
714 3
721 3
722 3
723 3
865 3
866 3
867 3
874 3
875 3
876 3
883 3
884 3
885 3
1027 3
1028 3
1029 3
1036 3
1037 3
1038 3
1045 3
1046 3
1047 3
1189 3
1190 3
1191 3
1198 3
1199 3
1200 3
1207 3
1208 3
1209 3
2161 1
2162 1
2163 1
2164 1
2165 1
2191 1
2192 1
2193 1
2194 1
2195 1
2221 1
2222 1
2223 1
2224 1
2225 1
2317 4
2318 4
2319 4
2320 4
2382 4
2383 4
2384 4
2385 4
2395 4
2396 4
2397 4
2398 4
2408 4
2409 4
2410 4
2411 4
2421 4
2422 4
2423 4
2424 4
226 3
227 3
228 3
235 3
236 3
237 3
244 3
245 3
246 3
253 3
254 3
255 3
262 3
263 3
264 3
3166 2
3167 2
3168 2
3220 2
3221 2
3222 2
3274 2
3275 2
3276 2
5040 6
5043 6
5046 6
5094 6
5097 6
5100 6
5148 6
5151 6
5154 6
5202 6
5205 6
5208 6
5256 6
5259 6
5262 6
5668 5
5671 5
5674 5
5677 5
5680 5
5683 5
5686 5
5689 5
5692 5
5830 5
5833 5
5836 5
5839 5
5842 5
5845 5
5848 5
5851 5
5854 5
5992 5
5995 5
5998 5
6001 5
6004 5
6007 5
6010 5
6013 5
6016 5
6154 5
6157 5
6160 5
6163 5
6166 5
6169 5
6172 5
6175 5
6178 5
6316 5
6319 5
6322 5
6325 5
6328 5
6331 5
6334 5
6337 5
6340 5
3586 4
3587 4
3588 4
3595 4
3596 4
3597 4
3604 4
3605 4
3606 4
3748 4
3749 4
3750 4
3757 4
3758 4
3759 4
3766 4
3767 4
3768 4
3910 4
3911 4
3912 4
3919 4
3920 4
3921 4
3928 4
3929 4
3930 4
4420 4
4423 4
4429 4
4435 4
4447 4
4453 4
4459 4
4468 4
4470 4
4519 2
4520 2
4521 2
4522 2
4584 2
4585 2
4586 2
4587 2
4597 2
4598 2
4599 2
4600 2
7174 6
7175 6
7176 6
7194 6
7195 6
7196 6
7197 6
7214 6
7215 6
7216 6
7217 6
7234 6
7235 6
7236 6
7237 6
7308 4
7309 5
7313 5
7317 5
7321 4
7322 5
7326 5
7330 5
7386 4
7387 5
7391 5
7395 5
7399 4
7400 5
7404 5
7408 5
7412 4
7413 5
7417 5
7421 5
7168 3
7169 3
7170 3
7171 3
7172 3
7173 3
7176 3
7177 3
7188 3
7189 3
7190 3
7191 3
7192 3
7193 3
7196 3
7208 3
7209 3
7210 3
7211 3
7212 3
7213 3
7216 3
7228 3
7229 3
7230 3
7231 3
7232 3
7233 3
7235 3
7236 3
7633 1
7634 1
7635 1
7636 1
7637 1
7638 1
7657 1
7658 1
7659 1
7660 1
7661 1
7662 1
7676 1
7677 1
7678 1
7679 1
7680 1
7681 1
7682 1
7683 1
7684 1
7685 1
7686 1
7704 1
7705 1
7706 1
7707 1
7708 1
7709 1
7710 1
4705 1
4706 1
4707 1
4716 1
4717 1
4718 1
4719 1
4726 1
4727 1
4729 1
4730 1
4731 1
4741 1
4742 1
4743 1
4753 1
4754 1
4755 1
4420 3
4421 3
4435 3
4436 3
4437 3
4438 3
4439 3
4440 3
4442 3
4443 3
4444 3
4445 3
4459 3
4460 3
4461 3
4462 3
4463 3
4464 3
2161 5
2162 5
2163 5
2164 5
2165 5
2166 5
2167 5
2168 5
2169 5
2170 5
2171 5
2172 5
2173 5
2174 5
2175 5
2176 5
2177 5
2178 5
2179 5
2180 5
2181 5
2182 5
2183 5
2184 5
2185 5
2186 5
2187 5
2188 5
2189 5
2190 5
2641 5
2642 5
2643 5
2644 5
2645 5
2646 5
2647 5
2648 5
2649 5
2650 5
2651 5
2652 5
2653 5
2654 5
2655 5
2656 5
2657 5
2658 5
2659 5
2660 5
2661 5
2662 5
2663 5
2664 5
2665 5
2666 5
2667 5
2668 5
2669 5
2670 5
