2 0.0
1000
1 5
2 5
3 5
4 5
5 5
6 5
7 5
8 5
9 5
10 5
11 5
12 5
13 5
14 5
15 5
16 5
17 5
18 5
19 5
20 5
21 5
22 5
23 5
24 5
25 5
26 5
27 5
28 5
29 5
30 5
31 5
32 5
33 5
34 5
35 5
36 5
37 5
38 5
39 5
40 5
41 5
42 5
43 5
44 5
45 5
46 5
47 5
48 5
49 5
50 5
51 5
52 5
53 5
54 5
55 5
56 5
57 5
58 5
59 5
60 5
61 5
62 5
63 5
64 5
65 5
66 5
67 5
68 5
69 5
70 5
71 5
72 5
73 5
74 5
75 5
76 5
77 5
78 5
79 5
80 5
81 5
82 5
83 5
84 5
85 5
86 5
87 5
88 5
89 5
90 5
91 5
92 5
93 5
94 5
95 5
96 5
97 5
98 5
99 5
100 5
101 5
102 5
103 5
104 5
105 5
106 5
107 5
108 5
109 5
110 5
111 5
112 5
113 5
114 5
115 5
116 5
117 5
118 5
119 5
120 5
121 5
122 5
123 5
124 5
125 5
126 5
127 5
128 5
129 5
130 5
131 5
132 5
133 5
134 5
135 5
136 5
137 5
138 5
139 5
140 5
141 5
142 5
143 5
144 5
145 5
146 5
147 5
148 5
149 5
150 5
151 5
152 5
153 5
154 5
155 5
156 5
157 5
158 5
159 5
160 5
161 5
162 5
163 5
164 5
165 5
166 5
167 5
168 5
169 5
170 5
171 5
172 5
173 5
174 5
175 5
176 5
177 5
178 5
179 5
180 5
181 5
182 5
183 5
184 5
185 5
186 5
187 5
188 5
189 5
190 5
191 5
192 5
193 5
194 5
195 5
196 5
197 5
198 5
199 5
200 5
1 1
2 1
3 1
4 1
5 1
6 1
7 1
8 1
9 1
10 1
201 1
202 1
203 1
204 1
205 1
206 1
207 1
208 1
209 1
210 1
401 1
402 1
403 1
404 1
405 1
406 1
407 1
408 1
409 1
410 1
601 1
602 1
603 1
604 1
605 1
606 1
607 1
608 1
609 1
610 1
801 1
802 1
803 1
804 1
805 1
806 1
807 1
808 1
809 1
810 1
1001 1
1002 1
1003 1
1004 1
1005 1
1006 1
1007 1
1008 1
1009 1
1010 1
1201 1
1202 1
1203 1
1204 1
1205 1
1206 1
1207 1
1208 1
1209 1
1210 1
1401 1
1402 1
1403 1
1404 1
1405 1
1406 1
1407 1
1408 1
1409 1
1410 1
1601 1
1602 1
1603 1
1604 1
1605 1
1606 1
1607 1
1608 1
1609 1
1610 1
1801 1
1802 1
1803 1
1804 1
1805 1
1806 1
1807 1
1808 1
1809 1
1810 1
2001 1
2002 1
2003 1
2004 1
2005 1
2006 1
2007 1
2008 1
2009 1
2010 1
2201 1
2202 1
2203 1
2204 1
2205 1
2206 1
2207 1
2208 1
2209 1
2210 1
2401 1
2402 1
2403 1
2404 1
2405 1
2406 1
2407 1
2408 1
2409 1
2410 1
2601 1
2602 1
2603 1
2604 1
2605 1
2606 1
2607 1
2608 1
2609 1
2610 1
2801 1
2802 1
2803 1
2804 1
2805 1
2806 1
2807 1
2808 1
2809 1
2810 1
3001 1
3002 1
3003 1
3004 1
3005 1
3006 1
3007 1
3008 1
3009 1
3010 1
3201 1
3202 1
3203 1
3204 1
3205 1
3206 1
3207 1
3208 1
3209 1
3210 1
3401 1
3402 1
3403 1
3404 1
3405 1
3406 1
3407 1
3408 1
3409 1
3410 1
3601 1
3602 1
3603 1
3604 1
3605 1
3606 1
3607 1
3608 1
3609 1
3610 1
3801 1
3802 1
3803 1
3804 1
3805 1
3806 1
3807 1
3808 1
3809 1
3810 1
3801 6
3802 6
3803 6
3804 6
3805 6
3806 6
3807 6
3808 6
3809 6
3810 6
3811 6
3812 6
3813 6
3814 6
3815 6
3816 6
3817 6
3818 6
3819 6
3820 6
3821 6
3822 6
3823 6
3824 6
3825 6
3826 6
3827 6
3828 6
3829 6
3830 6
3831 6
3832 6
3833 6
3834 6
3835 6
3836 6
3837 6
3838 6
3839 6
3840 6
3841 6
3842 6
3843 6
3844 6
3845 6
3846 6
3847 6
3848 6
3849 6
3850 6
3851 6
3852 6
3853 6
3854 6
3855 6
3856 6
3857 6
3858 6
3859 6
3860 6
3861 6
3862 6
3863 6
3864 6
3865 6
3866 6
3867 6
3868 6
3869 6
3870 6
3871 6
3872 6
3873 6
3874 6
3875 6
3876 6
3877 6
3878 6
3879 6
3880 6
3881 6
3882 6
3883 6
3884 6
3885 6
3886 6
3887 6
3888 6
3889 6
3890 6
3891 6
3892 6
3893 6
3894 6
3895 6
3896 6
3897 6
3898 6
3899 6
3900 6
3901 6
3902 6
3903 6
3904 6
3905 6
3906 6
3907 6
3908 6
3909 6
3910 6
3911 6
3912 6
3913 6
3914 6
3915 6
3916 6
3917 6
3918 6
3919 6
3920 6
3921 6
3922 6
3923 6
3924 6
3925 6
3926 6
3927 6
3928 6
3929 6
3930 6
3931 6
3932 6
3933 6
3934 6
3935 6
3936 6
3937 6
3938 6
3939 6
3940 6
3941 6
3942 6
3943 6
3944 6
3945 6
3946 6
3947 6
3948 6
3949 6
3950 6
3951 6
3952 6
3953 6
3954 6
3955 6
3956 6
3957 6
3958 6
3959 6
3960 6
3961 6
3962 6
3963 6
3964 6
3965 6
3966 6
3967 6
3968 6
3969 6
3970 6
3971 6
3972 6
3973 6
3974 6
3975 6
3976 6
3977 6
3978 6
3979 6
3980 6
3981 6
3982 6
3983 6
3984 6
3985 6
3986 6
3987 6
3988 6
3989 6
3990 6
3991 6
3992 6
3993 6
3994 6
3995 6
3996 6
3997 6
3998 6
3999 6
4000 6
10 2
20 2
30 2
40 2
50 2
60 2
70 2
80 2
90 2
100 2
110 2
120 2
130 2
140 2
150 2
160 2
170 2
180 2
190 2
200 2
210 2
220 2
230 2
240 2
250 2
260 2
270 2
280 2
290 2
300 2
310 2
320 2
330 2
340 2
350 2
360 2
370 2
380 2
390 2
400 2
410 2
420 2
430 2
440 2
450 2
460 2
470 2
480 2
490 2
500 2
510 2
520 2
530 2
540 2
550 2
560 2
570 2
580 2
590 2
600 2
610 2
620 2
630 2
640 2
650 2
660 2
670 2
680 2
690 2
700 2
710 2
720 2
730 2
740 2
750 2
760 2
770 2
780 2
790 2
800 2
810 2
820 2
830 2
840 2
850 2
860 2
870 2
880 2
890 2
900 2
910 2
920 2
930 2
940 2
950 2
960 2
970 2
980 2
990 2
1000 2
1010 2
1020 2
1030 2
1040 2
1050 2
1060 2
1070 2
1080 2
1090 2
1100 2
1110 2
1120 2
1130 2
1140 2
1150 2
1160 2
1170 2
1180 2
1190 2
1200 2
1210 2
1220 2
1230 2
1240 2
1250 2
1260 2
1270 2
1280 2
1290 2
1300 2
1310 2
1320 2
1330 2
1340 2
1350 2
1360 2
1370 2
1380 2
1390 2
1400 2
1410 2
1420 2
1430 2
1440 2
1450 2
1460 2
1470 2
1480 2
1490 2
1500 2
1510 2
1520 2
1530 2
1540 2
1550 2
1560 2
1570 2
1580 2
1590 2
1600 2
1610 2
1620 2
1630 2
1640 2
1650 2
1660 2
1670 2
1680 2
1690 2
1700 2
1710 2
1720 2
1730 2
1740 2
1750 2
1760 2
1770 2
1780 2
1790 2
1800 2
1810 2
1820 2
1830 2
1840 2
1850 2
1860 2
1870 2
1880 2
1890 2
1900 2
1910 2
1920 2
1930 2
1940 2
1950 2
1960 2
1970 2
1980 2
1990 2
2000 2
2010 2
2020 2
2030 2
2040 2
2050 2
2060 2
2070 2
2080 2
2090 2
2100 2
2110 2
2120 2
2130 2
2140 2
2150 2
2160 2
2170 2
2180 2
2190 2
2200 2
2210 2
2220 2
2230 2
2240 2
2250 2
2260 2
2270 2
2280 2
2290 2
2300 2
2310 2
2320 2
2330 2
2340 2
2350 2
2360 2
2370 2
2380 2
2390 2
2400 2
2410 2
2420 2
2430 2
2440 2
2450 2
2460 2
2470 2
2480 2
2490 2
2500 2
2510 2
2520 2
2530 2
2540 2
2550 2
2560 2
2570 2
2580 2
2590 2
2600 2
2610 2
2620 2
2630 2
2640 2
2650 2
2660 2
2670 2
2680 2
2690 2
2700 2
2710 2
2720 2
2730 2
2740 2
2750 2
2760 2
2770 2
2780 2
2790 2
2800 2
2810 2
2820 2
2830 2
2840 2
2850 2
2860 2
2870 2
2880 2
2890 2
2900 2
2910 2
2920 2
2930 2
2940 2
2950 2
2960 2
2970 2
2980 2
2990 2
3000 2
3010 2
3020 2
3030 2
3040 2
3050 2
3060 2
3070 2
3080 2
3090 2
3100 2
3110 2
3120 2
3130 2
3140 2
3150 2
3160 2
3170 2
3180 2
3190 2
3200 2
3210 2
3220 2
3230 2
3240 2
3250 2
3260 2
3270 2
3280 2
3290 2
3300 2
3310 2
3320 2
3330 2
3340 2
3350 2
3360 2
3370 2
3380 2
3390 2
3400 2
3410 2
3420 2
3430 2
3440 2
3450 2
3460 2
3470 2
3480 2
3490 2
3500 2
3510 2
3520 2
3530 2
3540 2
3550 2
3560 2
3570 2
3580 2
3590 2
3600 2
3610 2
3620 2
3630 2
3640 2
3650 2
3660 2
3670 2
3680 2
3690 2
3700 2
3710 2
3720 2
3730 2
3740 2
3750 2
3760 2
3770 2
3780 2
3790 2
3800 2
3810 2
3820 2
3830 2
3840 2
3850 2
3860 2
3870 2
3880 2
3890 2
3900 2
3910 2
3920 2
3930 2
3940 2
3950 2
3960 2
3970 2
3980 2
3990 2
4000 2
