2 0.0
2500
151 1
152 1
153 1
154 1
155 1
156 1
157 1
158 1
159 1
160 1
161 1
162 1
163 1
164 1
165 1
166 1
167 1
168 1
169 1
170 1
1131 3
1132 3
1133 3
1134 3
1135 3
1136 3
1137 3
1138 3
1139 3
1140 3
1141 3
1142 3
1143 3
1144 3
1145 3
1146 3
1147 3
1148 3
1149 3
1150 3
1151 1
1152 1
1153 1
1154 1
1155 1
1156 1
1157 1
1158 1
1159 1
1160 1
1401 1
1402 1
1403 1
1404 1
1405 1
1406 1
1407 1
1408 1
1409 1
1410 1
1411 1
1412 1
1413 1
1414 1
1415 1
1416 1
1417 1
1418 1
1419 1
1420 1
2381 3
2382 3
2383 3
2384 3
2385 3
2386 3
2387 3
2388 3
2389 3
2390 3
2391 3
2392 3
2393 3
2394 3
2395 3
2396 3
2397 3
2398 3
2399 3
2400 3
2401 1
2402 1
2403 1
2404 1
2405 1
2406 1
2407 1
2408 1
2409 1
2410 1
2651 1
2652 1
2653 1
2654 1
2655 1
2656 1
2657 1
2658 1
2659 1
2660 1
2661 1
2662 1
2663 1
2664 1
2665 1
2666 1
2667 1
2668 1
2669 1
2670 1
3631 3
3632 3
3633 3
3634 3
3635 3
3636 3
3637 3
3638 3
3639 3
3640 3
3641 3
3642 3
3643 3
3644 3
3645 3
3646 3
3647 3
3648 3
3649 3
3650 3
3651 1
3652 1
3653 1
3654 1
3655 1
3656 1
3657 1
3658 1
3659 1
3660 1
3901 1
3902 1
3903 1
3904 1
3905 1
3906 1
3907 1
3908 1
3909 1
3910 1
3911 1
3912 1
3913 1
3914 1
3915 1
3916 1
3917 1
3918 1
3919 1
3920 1
4881 3
4882 3
4883 3
4884 3
4885 3
4886 3
4887 3
4888 3
4889 3
4890 3
4891 3
4892 3
4893 3
4894 3
4895 3
4896 3
4897 3
4898 3
4899 3
4900 3
4901 1
4902 1
4903 1
4904 1
4905 1
4906 1
4907 1
4908 1
4909 1
4910 1
5151 1
5152 1
5153 1
5154 1
5155 1
5156 1
5157 1
5158 1
5159 1
5160 1
5161 1
5162 1
5163 1
5164 1
5165 1
5166 1
5167 1
5168 1
5169 1
5170 1
6131 3
6132 3
6133 3
6134 3
6135 3
6136 3
6137 3
6138 3
6139 3
6140 3
6141 3
6142 3
6143 3
6144 3
6145 3
6146 3
6147 3
6148 3
6149 3
6150 3
6151 1
6152 1
6153 1
6154 1
6155 1
6156 1
6157 1
6158 1
6159 1
6160 1
6401 1
6402 1
6403 1
6404 1
6405 1
6406 1
6407 1
6408 1
6409 1
6410 1
6411 1
6412 1
6413 1
6414 1
6415 1
6416 1
6417 1
6418 1
6419 1
6420 1
7381 3
7382 3
7383 3
7384 3
7385 3
7386 3
7387 3
7388 3
7389 3
7390 3
7391 3
7392 3
7393 3
7394 3
7395 3
7396 3
7397 3
7398 3
7399 3
7400 3
7401 1
7402 1
7403 1
7404 1
7405 1
7406 1
7407 1
7408 1
7409 1
7410 1
7651 1
7652 1
7653 1
7654 1
7655 1
7656 1
7657 1
7658 1
7659 1
7660 1
7661 1
7662 1
7663 1
7664 1
7665 1
7666 1
7667 1
7668 1
7669 1
7670 1
8631 3
8632 3
8633 3
8634 3
8635 3
8636 3
8637 3
8638 3
8639 3
8640 3
8641 3
8642 3
8643 3
8644 3
8645 3
8646 3
8647 3
8648 3
8649 3
8650 3
8651 1
8652 1
8653 1
8654 1
8655 1
8656 1
8657 1
8658 1
8659 1
8660 1
8901 1
8902 1
8903 1
8904 1
8905 1
8906 1
8907 1
8908 1
8909 1
8910 1
8911 1
8912 1
8913 1
8914 1
8915 1
8916 1
8917 1
8918 1
8919 1
8920 1
9881 3
9882 3
9883 3
9884 3
9885 3
9886 3
9887 3
9888 3
9889 3
9890 3
9891 3
9892 3
9893 3
9894 3
9895 3
9896 3
9897 3
9898 3
9899 3
9900 3
9901 1
9902 1
9903 1
9904 1
9905 1
9906 1
9907 1
9908 1
9909 1
9910 1
10151 1
10152 1
10153 1
10154 1
10155 1
10156 1
10157 1
10158 1
10159 1
10160 1
10161 1
10162 1
10163 1
10164 1
10165 1
10166 1
10167 1
10168 1
10169 1
10170 1
11131 3
11132 3
11133 3
11134 3
11135 3
11136 3
11137 3
11138 3
11139 3
11140 3
11141 3
11142 3
11143 3
11144 3
11145 3
11146 3
11147 3
11148 3
11149 3
11150 3
11151 1
11152 1
11153 1
11154 1
11155 1
11156 1
11157 1
11158 1
11159 1
11160 1
11401 1
11402 1
11403 1
11404 1
11405 1
11406 1
11407 1
11408 1
11409 1
11410 1
11411 1
11412 1
11413 1
11414 1
11415 1
11416 1
11417 1
11418 1
11419 1
11420 1
12381 3
12382 3
12383 3
12384 3
12385 3
12386 3
12387 3
12388 3
12389 3
12390 3
12391 3
12392 3
12393 3
12394 3
12395 3
12396 3
12397 3
12398 3
12399 3
12400 3
12401 1
12402 1
12403 1
12404 1
12405 1
12406 1
12407 1
12408 1
12409 1
12410 1
12651 1
12652 1
12653 1
12654 1
12655 1
12656 1
12657 1
12658 1
12659 1
12660 1
12661 1
12662 1
12663 1
12664 1
12665 1
12666 1
12667 1
12668 1
12669 1
12670 1
13631 3
13632 3
13633 3
13634 3
13635 3
13636 3
13637 3
13638 3
13639 3
13640 3
13641 3
13642 3
13643 3
13644 3
13645 3
13646 3
13647 3
13648 3
13649 3
13650 3
13651 1
13652 1
13653 1
13654 1
13655 1
13656 1
13657 1
13658 1
13659 1
13660 1
13901 1
13902 1
13903 1
13904 1
13905 1
13906 1
13907 1
13908 1
13909 1
13910 1
13911 1
13912 1
13913 1
13914 1
13915 1
13916 1
13917 1
13918 1
13919 1
13920 1
14881 3
14882 3
14883 3
14884 3
14885 3
14886 3
14887 3
14888 3
14889 3
14890 3
14891 3
14892 3
14893 3
14894 3
14895 3
14896 3
14897 3
14898 3
14899 3
14900 3
14901 1
14902 1
14903 1
14904 1
14905 1
14906 1
14907 1
14908 1
14909 1
14910 1
15151 1
15152 1
15153 1
15154 1
15155 1
15156 1
15157 1
15158 1
15159 1
15160 1
15161 1
15162 1
15163 1
15164 1
15165 1
15166 1
15167 1
15168 1
15169 1
15170 1
16131 3
16132 3
16133 3
16134 3
16135 3
16136 3
16137 3
16138 3
16139 3
16140 3
16141 3
16142 3
16143 3
16144 3
16145 3
16146 3
16147 3
16148 3
16149 3
16150 3
16151 1
16152 1
16153 1
16154 1
16155 1
16156 1
16157 1
16158 1
16159 1
16160 1
16401 1
16402 1
16403 1
16404 1
16405 1
16406 1
16407 1
16408 1
16409 1
16410 1
16411 1
16412 1
16413 1
16414 1
16415 1
16416 1
16417 1
16418 1
16419 1
16420 1
17381 3
17382 3
17383 3
17384 3
17385 3
17386 3
17387 3
17388 3
17389 3
17390 3
17391 3
17392 3
17393 3
17394 3
17395 3
17396 3
17397 3
17398 3
17399 3
17400 3
17401 1
17402 1
17403 1
17404 1
17405 1
17406 1
17407 1
17408 1
17409 1
17410 1
17651 1
17652 1
17653 1
17654 1
17655 1
17656 1
17657 1
17658 1
17659 1
17660 1
17661 1
17662 1
17663 1
17664 1
17665 1
17666 1
17667 1
17668 1
17669 1
17670 1
18631 3
18632 3
18633 3
18634 3
18635 3
18636 3
18637 3
18638 3
18639 3
18640 3
18641 3
18642 3
18643 3
18644 3
18645 3
18646 3
18647 3
18648 3
18649 3
18650 3
18651 1
18652 1
18653 1
18654 1
18655 1
18656 1
18657 1
18658 1
18659 1
18660 1
18901 1
18902 1
18903 1
18904 1
18905 1
18906 1
18907 1
18908 1
18909 1
18910 1
18911 1
18912 1
18913 1
18914 1
18915 1
18916 1
18917 1
18918 1
18919 1
18920 1
19881 3
19882 3
19883 3
19884 3
19885 3
19886 3
19887 3
19888 3
19889 3
19890 3
19891 3
19892 3
19893 3
19894 3
19895 3
19896 3
19897 3
19898 3
19899 3
19900 3
19901 1
19902 1
19903 1
19904 1
19905 1
19906 1
19907 1
19908 1
19909 1
19910 1
20151 1
20152 1
20153 1
20154 1
20155 1
20156 1
20157 1
20158 1
20159 1
20160 1
20161 1
20162 1
20163 1
20164 1
20165 1
20166 1
20167 1
20168 1
20169 1
20170 1
21131 3
21132 3
21133 3
21134 3
21135 3
21136 3
21137 3
21138 3
21139 3
21140 3
21141 3
21142 3
21143 3
21144 3
21145 3
21146 3
21147 3
21148 3
21149 3
21150 3
21151 1
21152 1
21153 1
21154 1
21155 1
21156 1
21157 1
21158 1
21159 1
21160 1
21401 1
21402 1
21403 1
21404 1
21405 1
21406 1
21407 1
21408 1
21409 1
21410 1
21411 1
21412 1
21413 1
21414 1
21415 1
21416 1
21417 1
21418 1
21419 1
21420 1
22381 3
22382 3
22383 3
22384 3
22385 3
22386 3
22387 3
22388 3
22389 3
22390 3
22391 3
22392 3
22393 3
22394 3
22395 3
22396 3
22397 3
22398 3
22399 3
22400 3
22401 1
22402 1
22403 1
22404 1
22405 1
22406 1
22407 1
22408 1
22409 1
22410 1
22651 1
22652 1
22653 1
22654 1
22655 1
22656 1
22657 1
22658 1
22659 1
22660 1
22661 1
22662 1
22663 1
22664 1
22665 1
22666 1
22667 1
22668 1
22669 1
22670 1
23631 3
23632 3
23633 3
23634 3
23635 3
23636 3
23637 3
23638 3
23639 3
23640 3
23641 3
23642 3
23643 3
23644 3
23645 3
23646 3
23647 3
23648 3
23649 3
23650 3
23651 1
23652 1
23653 1
23654 1
23655 1
23656 1
23657 1
23658 1
23659 1
23660 1
23901 1
23902 1
23903 1
23904 1
23905 1
23906 1
23907 1
23908 1
23909 1
23910 1
23911 1
23912 1
23913 1
23914 1
23915 1
23916 1
23917 1
23918 1
23919 1
23920 1
24881 3
24882 3
24883 3
24884 3
24885 3
24886 3
24887 3
24888 3
24889 3
24890 3
24891 3
24892 3
24893 3
24894 3
24895 3
24896 3
24897 3
24898 3
24899 3
24900 3
24901 1
24902 1
24903 1
24904 1
24905 1
24906 1
24907 1
24908 1
24909 1
24910 1
25151 1
25152 1
25153 1
25154 1
25155 1
25156 1
25157 1
25158 1
25159 1
25160 1
25161 1
25162 1
25163 1
25164 1
25165 1
25166 1
25167 1
25168 1
25169 1
25170 1
26131 3
26132 3
26133 3
26134 3
26135 3
26136 3
26137 3
26138 3
26139 3
26140 3
26141 3
26142 3
26143 3
26144 3
26145 3
26146 3
26147 3
26148 3
26149 3
26150 3
26151 1
26152 1
26153 1
26154 1
26155 1
26156 1
26157 1
26158 1
26159 1
26160 1
26401 1
26402 1
26403 1
26404 1
26405 1
26406 1
26407 1
26408 1
26409 1
26410 1
26411 1
26412 1
26413 1
26414 1
26415 1
26416 1
26417 1
26418 1
26419 1
26420 1
27381 3
27382 3
27383 3
27384 3
27385 3
27386 3
27387 3
27388 3
27389 3
27390 3
27391 3
27392 3
27393 3
27394 3
27395 3
27396 3
27397 3
27398 3
27399 3
27400 3
27401 1
27402 1
27403 1
27404 1
27405 1
27406 1
27407 1
27408 1
27409 1
27410 1
27651 1
27652 1
27653 1
27654 1
27655 1
27656 1
27657 1
27658 1
27659 1
27660 1
27661 1
27662 1
27663 1
27664 1
27665 1
27666 1
27667 1
27668 1
27669 1
27670 1
28631 3
28632 3
28633 3
28634 3
28635 3
28636 3
28637 3
28638 3
28639 3
28640 3
28641 3
28642 3
28643 3
28644 3
28645 3
28646 3
28647 3
28648 3
28649 3
28650 3
28651 1
28652 1
28653 1
28654 1
28655 1
28656 1
28657 1
28658 1
28659 1
28660 1
28901 1
28902 1
28903 1
28904 1
28905 1
28906 1
28907 1
28908 1
28909 1
28910 1
28911 1
28912 1
28913 1
28914 1
28915 1
28916 1
28917 1
28918 1
28919 1
28920 1
29881 3
29882 3
29883 3
29884 3
29885 3
29886 3
29887 3
29888 3
29889 3
29890 3
29891 3
29892 3
29893 3
29894 3
29895 3
29896 3
29897 3
29898 3
29899 3
29900 3
29901 1
29902 1
29903 1
29904 1
29905 1
29906 1
29907 1
29908 1
29909 1
29910 1
30151 1
30152 1
30153 1
30154 1
30155 1
30156 1
30157 1
30158 1
30159 1
30160 1
30161 1
30162 1
30163 1
30164 1
30165 1
30166 1
30167 1
30168 1
30169 1
30170 1
31131 3
31132 3
31133 3
31134 3
31135 3
31136 3
31137 3
31138 3
31139 3
31140 3
31141 3
31142 3
31143 3
31144 3
31145 3
31146 3
31147 3
31148 3
31149 3
31150 3
31151 1
31152 1
31153 1
31154 1
31155 1
31156 1
31157 1
31158 1
31159 1
31160 1
31351 1
31352 1
31353 1
31354 1
31355 1
31356 1
31357 1
31358 1
31359 1
31360 1
31361 1
31362 1
31363 1
31364 1
31365 1
31366 1
31367 1
31368 1
31369 1
31370 1
32331 3
32332 3
32333 3
32334 3
32335 3
32336 3
32337 3
32338 3
32339 3
32340 3
32341 3
32342 3
32343 3
32344 3
32345 3
32346 3
32347 3
32348 3
32349 3
32350 3
32351 1
32352 1
32353 1
32354 1
32355 1
32356 1
32357 1
32358 1
32359 1
32360 1
32601 1
32602 1
32603 1
32604 1
32605 1
32606 1
32607 1
32608 1
32609 1
32610 1
32611 1
32612 1
32613 1
32614 1
32615 1
32616 1
32617 1
32618 1
32619 1
32620 1
33581 3
33582 3
33583 3
33584 3
33585 3
33586 3
33587 3
33588 3
33589 3
33590 3
33591 3
33592 3
33593 3
33594 3
33595 3
33596 3
33597 3
33598 3
33599 3
33600 3
33601 1
33602 1
33603 1
33604 1
33605 1
33606 1
33607 1
33608 1
33609 1
33610 1
33851 1
33852 1
33853 1
33854 1
33855 1
33856 1
33857 1
33858 1
33859 1
33860 1
33861 1
33862 1
33863 1
33864 1
33865 1
33866 1
33867 1
33868 1
33869 1
33870 1
34831 3
34832 3
34833 3
34834 3
34835 3
34836 3
34837 3
34838 3
34839 3
34840 3
34841 3
34842 3
34843 3
34844 3
34845 3
34846 3
34847 3
34848 3
34849 3
34850 3
34851 1
34852 1
34853 1
34854 1
34855 1
34856 1
34857 1
34858 1
34859 1
34860 1
35101 1
35102 1
35103 1
35104 1
35105 1
35106 1
35107 1
35108 1
35109 1
35110 1
35111 1
35112 1
35113 1
35114 1
35115 1
35116 1
35117 1
35118 1
35119 1
35120 1
36081 3
36082 3
36083 3
36084 3
36085 3
36086 3
36087 3
36088 3
36089 3
36090 3
36091 3
36092 3
36093 3
36094 3
36095 3
36096 3
36097 3
36098 3
36099 3
36100 3
36101 1
36102 1
36103 1
36104 1
36105 1
36106 1
36107 1
36108 1
36109 1
36110 1
36351 1
36352 1
36353 1
36354 1
36355 1
36356 1
36357 1
36358 1
36359 1
36360 1
36361 1
36362 1
36363 1
36364 1
36365 1
36366 1
36367 1
36368 1
36369 1
36370 1
37331 3
37332 3
37333 3
37334 3
37335 3
37336 3
37337 3
37338 3
37339 3
37340 3
37341 3
37342 3
37343 3
37344 3
37345 3
37346 3
37347 3
37348 3
37349 3
37350 3
37351 1
37352 1
37353 1
37354 1
37355 1
37356 1
37357 1
37358 1
37359 1
37360 1
37601 1
37602 1
37603 1
37604 1
37605 1
37606 1
37607 1
37608 1
37609 1
37610 1
37611 1
37612 1
37613 1
37614 1
37615 1
37616 1
37617 1
37618 1
37619 1
37620 1
38581 3
38582 3
38583 3
38584 3
38585 3
38586 3
38587 3
38588 3
38589 3
38590 3
38591 3
38592 3
38593 3
38594 3
38595 3
38596 3
38597 3
38598 3
38599 3
38600 3
38601 1
38602 1
38603 1
38604 1
38605 1
38606 1
38607 1
38608 1
38609 1
38610 1
38851 1
38852 1
38853 1
38854 1
38855 1
38856 1
38857 1
38858 1
38859 1
38860 1
38861 1
38862 1
38863 1
38864 1
38865 1
38866 1
38867 1
38868 1
38869 1
38870 1
39831 3
39832 3
39833 3
39834 3
39835 3
39836 3
39837 3
39838 3
39839 3
39840 3
39841 3
39842 3
39843 3
39844 3
39845 3
39846 3
39847 3
39848 3
39849 3
39850 3
39851 1
39852 1
39853 1
39854 1
39855 1
39856 1
39857 1
39858 1
39859 1
39860 1
40101 1
40102 1
40103 1
40104 1
40105 1
40106 1
40107 1
40108 1
40109 1
40110 1
40111 1
40112 1
40113 1
40114 1
40115 1
40116 1
40117 1
40118 1
40119 1
40120 1
41081 3
41082 3
41083 3
41084 3
41085 3
41086 3
41087 3
41088 3
41089 3
41090 3
41091 3
41092 3
41093 3
41094 3
41095 3
41096 3
41097 3
41098 3
41099 3
41100 3
41101 1
41102 1
41103 1
41104 1
41105 1
41106 1
41107 1
41108 1
41109 1
41110 1
41351 1
41352 1
41353 1
41354 1
41355 1
41356 1
41357 1
41358 1
41359 1
41360 1
41361 1
41362 1
41363 1
41364 1
41365 1
41366 1
41367 1
41368 1
41369 1
41370 1
42331 3
42332 3
42333 3
42334 3
42335 3
42336 3
42337 3
42338 3
42339 3
42340 3
42341 3
42342 3
42343 3
42344 3
42345 3
42346 3
42347 3
42348 3
42349 3
42350 3
42351 1
42352 1
42353 1
42354 1
42355 1
42356 1
42357 1
42358 1
42359 1
42360 1
42601 1
42602 1
42603 1
42604 1
42605 1
42606 1
42607 1
42608 1
42609 1
42610 1
42611 1
42612 1
42613 1
42614 1
42615 1
42616 1
42617 1
42618 1
42619 1
42620 1
43581 3
43582 3
43583 3
43584 3
43585 3
43586 3
43587 3
43588 3
43589 3
43590 3
43591 3
43592 3
43593 3
43594 3
43595 3
43596 3
43597 3
43598 3
43599 3
43600 3
43601 1
43602 1
43603 1
43604 1
43605 1
43606 1
43607 1
43608 1
43609 1
43610 1
43851 1
43852 1
43853 1
43854 1
43855 1
43856 1
43857 1
43858 1
43859 1
43860 1
43861 1
43862 1
43863 1
43864 1
43865 1
43866 1
43867 1
43868 1
43869 1
43870 1
44831 3
44832 3
44833 3
44834 3
44835 3
44836 3
44837 3
44838 3
44839 3
44840 3
44841 3
44842 3
44843 3
44844 3
44845 3
44846 3
44847 3
44848 3
44849 3
44850 3
44851 1
44852 1
44853 1
44854 1
44855 1
44856 1
44857 1
44858 1
44859 1
44860 1
45101 1
45102 1
45103 1
45104 1
45105 1
45106 1
45107 1
45108 1
45109 1
45110 1
45111 1
45112 1
45113 1
45114 1
45115 1
45116 1
45117 1
45118 1
45119 1
45120 1
46081 3
46082 3
46083 3
46084 3
46085 3
46086 3
46087 3
46088 3
46089 3
46090 3
46091 3
46092 3
46093 3
46094 3
46095 3
46096 3
46097 3
46098 3
46099 3
46100 3
46101 1
46102 1
46103 1
46104 1
46105 1
46106 1
46107 1
46108 1
46109 1
46110 1
46351 1
46352 1
46353 1
46354 1
46355 1
46356 1
46357 1
46358 1
46359 1
46360 1
46361 1
46362 1
46363 1
46364 1
46365 1
46366 1
46367 1
46368 1
46369 1
46370 1
47331 3
47332 3
47333 3
47334 3
47335 3
47336 3
47337 3
47338 3
47339 3
47340 3
47341 3
47342 3
47343 3
47344 3
47345 3
47346 3
47347 3
47348 3
47349 3
47350 3
47351 1
47352 1
47353 1
47354 1
47355 1
47356 1
47357 1
47358 1
47359 1
47360 1
47601 1
47602 1
47603 1
47604 1
47605 1
47606 1
47607 1
47608 1
47609 1
47610 1
47611 1
47612 1
47613 1
47614 1
47615 1
47616 1
47617 1
47618 1
47619 1
47620 1
48581 3
48582 3
48583 3
48584 3
48585 3
48586 3
48587 3
48588 3
48589 3
48590 3
48591 3
48592 3
48593 3
48594 3
48595 3
48596 3
48597 3
48598 3
48599 3
48600 3
48601 1
48602 1
48603 1
48604 1
48605 1
48606 1
48607 1
48608 1
48609 1
48610 1
48851 1
48852 1
48853 1
48854 1
48855 1
48856 1
48857 1
48858 1
48859 1
48860 1
48861 1
48862 1
48863 1
48864 1
48865 1
48866 1
48867 1
48868 1
48869 1
48870 1
49831 3
49832 3
49833 3
49834 3
49835 3
49836 3
49837 3
49838 3
49839 3
49840 3
49841 3
49842 3
49843 3
49844 3
49845 3
49846 3
49847 3
49848 3
49849 3
49850 3
49851 1
49852 1
49853 1
49854 1
49855 1
49856 1
49857 1
49858 1
49859 1
49860 1
50101 1
50102 1
50103 1
50104 1
50105 1
50106 1
50107 1
50108 1
50109 1
50110 1
50111 1
50112 1
50113 1
50114 1
50115 1
50116 1
50117 1
50118 1
50119 1
50120 1
51081 3
51082 3
51083 3
51084 3
51085 3
51086 3
51087 3
51088 3
51089 3
51090 3
51091 3
51092 3
51093 3
51094 3
51095 3
51096 3
51097 3
51098 3
51099 3
51100 3
51101 1
51102 1
51103 1
51104 1
51105 1
51106 1
51107 1
51108 1
51109 1
51110 1
51351 1
51352 1
51353 1
51354 1
51355 1
51356 1
51357 1
51358 1
51359 1
51360 1
51361 1
51362 1
51363 1
51364 1
51365 1
51366 1
51367 1
51368 1
51369 1
51370 1
52331 3
52332 3
52333 3
52334 3
52335 3
52336 3
52337 3
52338 3
52339 3
52340 3
52341 3
52342 3
52343 3
52344 3
52345 3
52346 3
52347 3
52348 3
52349 3
52350 3
52351 1
52352 1
52353 1
52354 1
52355 1
52356 1
52357 1
52358 1
52359 1
52360 1
52601 1
52602 1
52603 1
52604 1
52605 1
52606 1
52607 1
52608 1
52609 1
52610 1
52611 1
52612 1
52613 1
52614 1
52615 1
52616 1
52617 1
52618 1
52619 1
52620 1
53581 3
53582 3
53583 3
53584 3
53585 3
53586 3
53587 3
53588 3
53589 3
53590 3
53591 3
53592 3
53593 3
53594 3
53595 3
53596 3
53597 3
53598 3
53599 3
53600 3
53601 1
53602 1
53603 1
53604 1
53605 1
53606 1
53607 1
53608 1
53609 1
53610 1
53851 1
53852 1
53853 1
53854 1
53855 1
53856 1
53857 1
53858 1
53859 1
53860 1
53861 1
53862 1
53863 1
53864 1
53865 1
53866 1
53867 1
53868 1
53869 1
53870 1
54831 3
54832 3
54833 3
54834 3
54835 3
54836 3
54837 3
54838 3
54839 3
54840 3
54841 3
54842 3
54843 3
54844 3
54845 3
54846 3
54847 3
54848 3
54849 3
54850 3
54851 1
54852 1
54853 1
54854 1
54855 1
54856 1
54857 1
54858 1
54859 1
54860 1
55101 1
55102 1
55103 1
55104 1
55105 1
55106 1
55107 1
55108 1
55109 1
55110 1
55111 1
55112 1
55113 1
55114 1
55115 1
55116 1
55117 1
55118 1
55119 1
55120 1
56081 3
56082 3
56083 3
56084 3
56085 3
56086 3
56087 3
56088 3
56089 3
56090 3
56091 3
56092 3
56093 3
56094 3
56095 3
56096 3
56097 3
56098 3
56099 3
56100 3
56101 1
56102 1
56103 1
56104 1
56105 1
56106 1
56107 1
56108 1
56109 1
56110 1
56351 1
56352 1
56353 1
56354 1
56355 1
56356 1
56357 1
56358 1
56359 1
56360 1
56361 1
56362 1
56363 1
56364 1
56365 1
56366 1
56367 1
56368 1
56369 1
56370 1
57331 3
57332 3
57333 3
57334 3
57335 3
57336 3
57337 3
57338 3
57339 3
57340 3
57341 3
57342 3
57343 3
57344 3
57345 3
57346 3
57347 3
57348 3
57349 3
57350 3
57351 1
57352 1
57353 1
57354 1
57355 1
57356 1
57357 1
57358 1
57359 1
57360 1
57601 1
57602 1
57603 1
57604 1
57605 1
57606 1
57607 1
57608 1
57609 1
57610 1
57611 1
57612 1
57613 1
57614 1
57615 1
57616 1
57617 1
57618 1
57619 1
57620 1
58581 3
58582 3
58583 3
58584 3
58585 3
58586 3
58587 3
58588 3
58589 3
58590 3
58591 3
58592 3
58593 3
58594 3
58595 3
58596 3
58597 3
58598 3
58599 3
58600 3
58601 1
58602 1
58603 1
58604 1
58605 1
58606 1
58607 1
58608 1
58609 1
58610 1
58851 1
58852 1
58853 1
58854 1
58855 1
58856 1
58857 1
58858 1
58859 1
58860 1
58861 1
58862 1
58863 1
58864 1
58865 1
58866 1
58867 1
58868 1
58869 1
58870 1
59831 3
59832 3
59833 3
59834 3
59835 3
59836 3
59837 3
59838 3
59839 3
59840 3
59841 3
59842 3
59843 3
59844 3
59845 3
59846 3
59847 3
59848 3
59849 3
59850 3
59851 1
59852 1
59853 1
59854 1
59855 1
59856 1
59857 1
59858 1
59859 1
59860 1
60101 1
60102 1
60103 1
60104 1
60105 1
60106 1
60107 1
60108 1
60109 1
60110 1
60111 1
60112 1
60113 1
60114 1
60115 1
60116 1
60117 1
60118 1
60119 1
60120 1
61081 3
61082 3
61083 3
61084 3
61085 3
61086 3
61087 3
61088 3
61089 3
61090 3
61091 3
61092 3
61093 3
61094 3
61095 3
61096 3
61097 3
61098 3
61099 3
61100 3
61101 1
61102 1
61103 1
61104 1
61105 1
61106 1
61107 1
61108 1
61109 1
61110 1
61351 1
61352 1
61353 1
61354 1
61355 1
61356 1
61357 1
61358 1
61359 1
61360 1
61361 1
61362 1
61363 1
61364 1
61365 1
61366 1
61367 1
61368 1
61369 1
61370 1
62331 3
62332 3
62333 3
62334 3
62335 3
62336 3
62337 3
62338 3
62339 3
62340 3
62341 3
62342 3
62343 3
62344 3
62345 3
62346 3
62347 3
62348 3
62349 3
62350 3
62351 1
62352 1
62353 1
62354 1
62355 1
62356 1
62357 1
62358 1
62359 1
62360 1
2 0.01
50
1 6
2 6
3 6
4 6
5 6
6 6
7 6
8 6
9 6
10 6
11 6
12 6
13 6
14 6
15 6
16 6
17 6
18 6
19 6
20 6
21 6
22 6
23 6
24 6
25 6
26 6
27 6
28 6
29 6
30 6
31 6
32 6
33 6
34 6
35 6
36 6
37 6
38 6
39 6
40 6
41 6
42 6
43 6
44 6
45 6
46 6
47 6
48 6
49 6
50 6
2 0.01
50
32451 5
32452 5
32453 5
32454 5
32455 5
32456 5
32457 5
32458 5
32459 5
32460 5
32461 5
32462 5
32463 5
32464 5
32465 5
32466 5
32467 5
32468 5
32469 5
32470 5
32471 5
32472 5
32473 5
32474 5
32475 5
32476 5
32477 5
32478 5
32479 5
32480 5
32481 5
32482 5
32483 5
32484 5
32485 5
32486 5
32487 5
32488 5
32489 5
32490 5
32491 5
32492 5
32493 5
32494 5
32495 5
32496 5
32497 5
32498 5
32499 5
32500 5
