650
1301 5
1302 5
1303 5
1304 5
1305 5
1306 5
1307 5
1308 5
1309 5
1310 5
1311 5
1312 5
1313 5
1314 5
1315 5
1316 5
1317 5
1318 5
1319 5
1320 5
1321 5
1322 5
1323 5
1324 5
1325 5
1326 5
1327 5
1328 5
1329 5
1330 5
1331 5
1332 5
1333 5
1334 5
1335 5
1336 5
1337 5
1338 5
1339 5
1340 5
1341 5
1342 5
1343 5
1344 5
1345 5
1346 5
1347 5
1348 5
1349 5
1350 5
1351 5
1352 5
1353 5
1354 5
1355 5
1356 5
1357 5
1358 5
1359 5
1360 5
1361 5
1362 5
1363 5
1364 5
1365 5
1366 5
1367 5
1368 5
1369 5
1370 5
1371 5
1372 5
1373 5
1374 5
1375 5
1376 5
1377 5
1378 5
1379 5
1380 5
1381 5
1382 5
1383 5
1384 5
1385 5
1386 5
1387 5
1388 5
1389 5
1390 5
1391 5
1392 5
1393 5
1394 5
1395 5
1396 5
1397 5
1398 5
1399 5
1400 5
1401 5
1402 5
1403 5
1404 5
1405 5
1406 5
1407 5
1408 5
1409 5
1410 5
1411 5
1412 5
1413 5
1414 5
1415 5
1416 5
1417 5
1418 5
1419 5
1420 5
1421 5
1422 5
1423 5
1424 5
1425 5
1426 5
1427 5
1428 5
1429 5
1430 5
1951 5
1952 5
1953 5
1954 5
1955 5
1956 5
1957 5
1958 5
1959 5
1960 5
1961 5
1962 5
1963 5
1964 5
1965 5
1966 5
1967 5
1968 5
1969 5
1970 5
1971 5
1972 5
1973 5
1974 5
1975 5
1976 5
1977 5
1978 5
1979 5
1980 5
1981 5
1982 5
1983 5
1984 5
1985 5
1986 5
1987 5
1988 5
1989 5
1990 5
1991 5
1992 5
1993 5
1994 5
1995 5
1996 5
1997 5
1998 5
1999 5
2000 5
2001 5
2002 5
2003 5
2004 5
2005 5
2006 5
2007 5
2008 5
2009 5
2010 5
2011 5
2012 5
2013 5
2014 5
2015 5
2016 5
2017 5
2018 5
2019 5
2020 5
2021 5
2022 5
2023 5
2024 5
2025 5
2026 5
2027 5
2028 5
2029 5
2030 5
2031 5
2032 5
2033 5
2034 5
2035 5
2036 5
2037 5
2038 5
2039 5
2040 5
2041 5
2042 5
2043 5
2044 5
2045 5
2046 5
2047 5
2048 5
2049 5
2050 5
2051 5
2052 5
2053 5
2054 5
2055 5
2056 5
2057 5
2058 5
2059 5
2060 5
2061 5
2062 5
2063 5
2064 5
2065 5
2066 5
2067 5
2068 5
2069 5
2070 5
2071 5
2072 5
2073 5
2074 5
2075 5
2076 5
2077 5
2078 5
2079 5
2080 5
2605 2
2610 2
2615 2
2620 2
2625 2
2630 2
2635 2
2640 2
2645 2
2650 2
2655 2
2660 2
2665 2
2670 2
2675 2
2680 2
2685 2
2690 2
2695 2
2700 2
2705 2
2710 2
2715 2
2720 2
2725 2
2730 2
2735 2
2740 2
2745 2
2750 2
2755 2
2760 2
2765 2
2770 2
2775 2
2780 2
2785 2
2790 2
2795 2
2800 2
2805 2
2810 2
2815 2
2820 2
2825 2
2830 2
2835 2
2840 2
2845 2
2850 2
2855 2
2860 2
2865 2
2870 2
2875 2
2880 2
2885 2
2890 2
2895 2
2900 2
2905 2
2910 2
2915 2
2920 2
2925 2
2946 3
2947 3
2948 3
2949 3
2950 3
2971 3
2972 3
2973 3
2974 3
2975 3
2996 3
2997 3
2998 3
2999 3
3000 3
3021 3
3022 3
3023 3
3024 3
3025 3
3046 3
3047 3
3048 3
3049 3
3050 3
3071 3
3072 3
3073 3
3074 3
3075 3
3096 3
3097 3
3098 3
3099 3
3100 3
3121 3
3122 3
3123 3
3124 3
3125 3
3146 3
3147 3
3148 3
3149 3
3150 3
3171 3
3172 3
3173 3
3174 3
3175 3
3196 3
3197 3
3198 3
3199 3
3200 3
3221 3
3222 3
3223 3
3224 3
3225 3
3246 3
3247 3
3248 3
3249 3
3250 3
1 5
2 5
3 5
4 5
5 5
6 5
7 5
8 5
9 5
10 5
11 5
12 5
13 5
14 5
15 5
16 5
17 5
18 5
19 5
20 5
21 5
22 5
23 5
24 5
25 5
26 5
27 5
28 5
29 5
30 5
31 5
32 5
33 5
34 5
35 5
36 5
37 5
38 5
39 5
40 5
41 5
42 5
43 5
44 5
45 5
46 5
47 5
48 5
49 5
50 5
51 5
52 5
53 5
54 5
55 5
56 5
57 5
58 5
59 5
60 5
61 5
62 5
63 5
64 5
65 5
66 5
67 5
68 5
69 5
70 5
71 5
72 5
73 5
74 5
75 5
76 5
77 5
78 5
79 5
80 5
81 5
82 5
83 5
84 5
85 5
86 5
87 5
88 5
89 5
90 5
91 5
92 5
93 5
94 5
95 5
96 5
97 5
98 5
99 5
100 5
101 5
102 5
103 5
104 5
105 5
106 5
107 5
108 5
109 5
110 5
111 5
112 5
113 5
114 5
115 5
116 5
117 5
118 5
119 5
120 5
121 5
122 5
123 5
124 5
125 5
126 5
127 5
128 5
129 5
130 5
655 2
660 2
665 2
670 2
675 2
680 2
685 2
690 2
695 2
700 2
705 2
710 2
715 2
720 2
725 2
730 2
735 2
740 2
745 2
750 2
755 2
760 2
765 2
770 2
775 2
780 2
785 2
790 2
795 2
800 2
805 2
810 2
815 2
820 2
825 2
830 2
835 2
840 2
845 2
850 2
855 2
860 2
865 2
870 2
875 2
880 2
885 2
890 2
895 2
900 2
905 2
910 2
915 2
920 2
925 2
930 2
935 2
940 2
945 2
950 2
955 2
960 2
965 2
970 2
975 2
980 2
985 2
990 2
995 2
1000 2
1005 2
1010 2
1015 2
1020 2
1025 2
1030 2
1035 2
1040 2
1045 2
1050 2
1055 2
1060 2
1065 2
1070 2
1075 2
1080 2
1085 2
1090 2
1095 2
1100 2
1105 2
1110 2
1115 2
1120 2
1125 2
1130 2
1135 2
1140 2
1145 2
1150 2
1155 2
1160 2
1165 2
1170 2
1175 2
1180 2
1185 2
1190 2
1195 2
1200 2
1205 2
1210 2
1215 2
1220 2
1225 2
1230 2
1235 2
1240 2
1245 2
1250 2
1255 2
1260 2
1265 2
1270 2
1275 2
1280 2
1285 2
1290 2
1295 2
1300 2
