2 0.0
5000
61251 6
61252 6
61253 6
61254 6
61255 6
61256 6
61257 6
61258 6
61259 6
61260 6
61261 6
61262 6
61263 6
61264 6
61265 6
61266 6
61267 6
61268 6
61269 6
61270 6
61271 6
61272 6
61273 6
61274 6
61275 6
61276 6
61277 6
61278 6
61279 6
61280 6
61281 6
61282 6
61283 6
61284 6
61285 6
61286 6
61287 6
61288 6
61289 6
61290 6
61291 6
61292 6
61293 6
61294 6
61295 6
61296 6
61297 6
61298 6
61299 6
61300 6
61301 6
61302 6
61303 6
61304 6
61305 6
61306 6
61307 6
61308 6
61309 6
61310 6
61311 6
61312 6
61313 6
61314 6
61315 6
61316 6
61317 6
61318 6
61319 6
61320 6
61321 6
61322 6
61323 6
61324 6
61325 6
61326 6
61327 6
61328 6
61329 6
61330 6
61331 6
61332 6
61333 6
61334 6
61335 6
61336 6
61337 6
61338 6
61339 6
61340 6
61341 6
61342 6
61343 6
61344 6
61345 6
61346 6
61347 6
61348 6
61349 6
61350 6
61351 6
61352 6
61353 6
61354 6
61355 6
61356 6
61357 6
61358 6
61359 6
61360 6
61361 6
61362 6
61363 6
61364 6
61365 6
61366 6
61367 6
61368 6
61369 6
61370 6
61371 6
61372 6
61373 6
61374 6
61375 6
61376 6
61377 6
61378 6
61379 6
61380 6
61381 6
61382 6
61383 6
61384 6
61385 6
61386 6
61387 6
61388 6
61389 6
61390 6
61391 6
61392 6
61393 6
61394 6
61395 6
61396 6
61397 6
61398 6
61399 6
61400 6
61401 6
61402 6
61403 6
61404 6
61405 6
61406 6
61407 6
61408 6
61409 6
61410 6
61411 6
61412 6
61413 6
61414 6
61415 6
61416 6
61417 6
61418 6
61419 6
61420 6
61421 6
61422 6
61423 6
61424 6
61425 6
61426 6
61427 6
61428 6
61429 6
61430 6
61431 6
61432 6
61433 6
61434 6
61435 6
61436 6
61437 6
61438 6
61439 6
61440 6
61441 6
61442 6
61443 6
61444 6
61445 6
61446 6
61447 6
61448 6
61449 6
61450 6
61451 6
61452 6
61453 6
61454 6
61455 6
61456 6
61457 6
61458 6
61459 6
61460 6
61461 6
61462 6
61463 6
61464 6
61465 6
61466 6
61467 6
61468 6
61469 6
61470 6
61471 6
61472 6
61473 6
61474 6
61475 6
61476 6
61477 6
61478 6
61479 6
61480 6
61481 6
61482 6
61483 6
61484 6
61485 6
61486 6
61487 6
61488 6
61489 6
61490 6
61491 6
61492 6
61493 6
61494 6
61495 6
61496 6
61497 6
61498 6
61499 6
61500 6
61501 6
61502 6
61503 6
61504 6
61505 6
61506 6
61507 6
61508 6
61509 6
61510 6
61511 6
61512 6
61513 6
61514 6
61515 6
61516 6
61517 6
61518 6
61519 6
61520 6
61521 6
61522 6
61523 6
61524 6
61525 6
61526 6
61527 6
61528 6
61529 6
61530 6
61531 6
61532 6
61533 6
61534 6
61535 6
61536 6
61537 6
61538 6
61539 6
61540 6
61541 6
61542 6
61543 6
61544 6
61545 6
61546 6
61547 6
61548 6
61549 6
61550 6
61551 6
61552 6
61553 6
61554 6
61555 6
61556 6
61557 6
61558 6
61559 6
61560 6
61561 6
61562 6
61563 6
61564 6
61565 6
61566 6
61567 6
61568 6
61569 6
61570 6
61571 6
61572 6
61573 6
61574 6
61575 6
61576 6
61577 6
61578 6
61579 6
61580 6
61581 6
61582 6
61583 6
61584 6
61585 6
61586 6
61587 6
61588 6
61589 6
61590 6
61591 6
61592 6
61593 6
61594 6
61595 6
61596 6
61597 6
61598 6
61599 6
61600 6
61601 6
61602 6
61603 6
61604 6
61605 6
61606 6
61607 6
61608 6
61609 6
61610 6
61611 6
61612 6
61613 6
61614 6
61615 6
61616 6
61617 6
61618 6
61619 6
61620 6
61621 6
61622 6
61623 6
61624 6
61625 6
61626 6
61627 6
61628 6
61629 6
61630 6
61631 6
61632 6
61633 6
61634 6
61635 6
61636 6
61637 6
61638 6
61639 6
61640 6
61641 6
61642 6
61643 6
61644 6
61645 6
61646 6
61647 6
61648 6
61649 6
61650 6
61651 6
61652 6
61653 6
61654 6
61655 6
61656 6
61657 6
61658 6
61659 6
61660 6
61661 6
61662 6
61663 6
61664 6
61665 6
61666 6
61667 6
61668 6
61669 6
61670 6
61671 6
61672 6
61673 6
61674 6
61675 6
61676 6
61677 6
61678 6
61679 6
61680 6
61681 6
61682 6
61683 6
61684 6
61685 6
61686 6
61687 6
61688 6
61689 6
61690 6
61691 6
61692 6
61693 6
61694 6
61695 6
61696 6
61697 6
61698 6
61699 6
61700 6
61701 6
61702 6
61703 6
61704 6
61705 6
61706 6
61707 6
61708 6
61709 6
61710 6
61711 6
61712 6
61713 6
61714 6
61715 6
61716 6
61717 6
61718 6
61719 6
61720 6
61721 6
61722 6
61723 6
61724 6
61725 6
61726 6
61727 6
61728 6
61729 6
61730 6
61731 6
61732 6
61733 6
61734 6
61735 6
61736 6
61737 6
61738 6
61739 6
61740 6
61741 6
61742 6
61743 6
61744 6
61745 6
61746 6
61747 6
61748 6
61749 6
61750 6
61751 6
61752 6
61753 6
61754 6
61755 6
61756 6
61757 6
61758 6
61759 6
61760 6
61761 6
61762 6
61763 6
61764 6
61765 6
61766 6
61767 6
61768 6
61769 6
61770 6
61771 6
61772 6
61773 6
61774 6
61775 6
61776 6
61777 6
61778 6
61779 6
61780 6
61781 6
61782 6
61783 6
61784 6
61785 6
61786 6
61787 6
61788 6
61789 6
61790 6
61791 6
61792 6
61793 6
61794 6
61795 6
61796 6
61797 6
61798 6
61799 6
61800 6
61801 6
61802 6
61803 6
61804 6
61805 6
61806 6
61807 6
61808 6
61809 6
61810 6
61811 6
61812 6
61813 6
61814 6
61815 6
61816 6
61817 6
61818 6
61819 6
61820 6
61821 6
61822 6
61823 6
61824 6
61825 6
61826 6
61827 6
61828 6
61829 6
61830 6
61831 6
61832 6
61833 6
61834 6
61835 6
61836 6
61837 6
61838 6
61839 6
61840 6
61841 6
61842 6
61843 6
61844 6
61845 6
61846 6
61847 6
61848 6
61849 6
61850 6
61851 6
61852 6
61853 6
61854 6
61855 6
61856 6
61857 6
61858 6
61859 6
61860 6
61861 6
61862 6
61863 6
61864 6
61865 6
61866 6
61867 6
61868 6
61869 6
61870 6
61871 6
61872 6
61873 6
61874 6
61875 6
61876 6
61877 6
61878 6
61879 6
61880 6
61881 6
61882 6
61883 6
61884 6
61885 6
61886 6
61887 6
61888 6
61889 6
61890 6
61891 6
61892 6
61893 6
61894 6
61895 6
61896 6
61897 6
61898 6
61899 6
61900 6
61901 6
61902 6
61903 6
61904 6
61905 6
61906 6
61907 6
61908 6
61909 6
61910 6
61911 6
61912 6
61913 6
61914 6
61915 6
61916 6
61917 6
61918 6
61919 6
61920 6
61921 6
61922 6
61923 6
61924 6
61925 6
61926 6
61927 6
61928 6
61929 6
61930 6
61931 6
61932 6
61933 6
61934 6
61935 6
61936 6
61937 6
61938 6
61939 6
61940 6
61941 6
61942 6
61943 6
61944 6
61945 6
61946 6
61947 6
61948 6
61949 6
61950 6
61951 6
61952 6
61953 6
61954 6
61955 6
61956 6
61957 6
61958 6
61959 6
61960 6
61961 6
61962 6
61963 6
61964 6
61965 6
61966 6
61967 6
61968 6
61969 6
61970 6
61971 6
61972 6
61973 6
61974 6
61975 6
61976 6
61977 6
61978 6
61979 6
61980 6
61981 6
61982 6
61983 6
61984 6
61985 6
61986 6
61987 6
61988 6
61989 6
61990 6
61991 6
61992 6
61993 6
61994 6
61995 6
61996 6
61997 6
61998 6
61999 6
62000 6
62001 6
62002 6
62003 6
62004 6
62005 6
62006 6
62007 6
62008 6
62009 6
62010 6
62011 6
62012 6
62013 6
62014 6
62015 6
62016 6
62017 6
62018 6
62019 6
62020 6
62021 6
62022 6
62023 6
62024 6
62025 6
62026 6
62027 6
62028 6
62029 6
62030 6
62031 6
62032 6
62033 6
62034 6
62035 6
62036 6
62037 6
62038 6
62039 6
62040 6
62041 6
62042 6
62043 6
62044 6
62045 6
62046 6
62047 6
62048 6
62049 6
62050 6
62051 6
62052 6
62053 6
62054 6
62055 6
62056 6
62057 6
62058 6
62059 6
62060 6
62061 6
62062 6
62063 6
62064 6
62065 6
62066 6
62067 6
62068 6
62069 6
62070 6
62071 6
62072 6
62073 6
62074 6
62075 6
62076 6
62077 6
62078 6
62079 6
62080 6
62081 6
62082 6
62083 6
62084 6
62085 6
62086 6
62087 6
62088 6
62089 6
62090 6
62091 6
62092 6
62093 6
62094 6
62095 6
62096 6
62097 6
62098 6
62099 6
62100 6
62101 6
62102 6
62103 6
62104 6
62105 6
62106 6
62107 6
62108 6
62109 6
62110 6
62111 6
62112 6
62113 6
62114 6
62115 6
62116 6
62117 6
62118 6
62119 6
62120 6
62121 6
62122 6
62123 6
62124 6
62125 6
62126 6
62127 6
62128 6
62129 6
62130 6
62131 6
62132 6
62133 6
62134 6
62135 6
62136 6
62137 6
62138 6
62139 6
62140 6
62141 6
62142 6
62143 6
62144 6
62145 6
62146 6
62147 6
62148 6
62149 6
62150 6
62151 6
62152 6
62153 6
62154 6
62155 6
62156 6
62157 6
62158 6
62159 6
62160 6
62161 6
62162 6
62163 6
62164 6
62165 6
62166 6
62167 6
62168 6
62169 6
62170 6
62171 6
62172 6
62173 6
62174 6
62175 6
62176 6
62177 6
62178 6
62179 6
62180 6
62181 6
62182 6
62183 6
62184 6
62185 6
62186 6
62187 6
62188 6
62189 6
62190 6
62191 6
62192 6
62193 6
62194 6
62195 6
62196 6
62197 6
62198 6
62199 6
62200 6
62201 6
62202 6
62203 6
62204 6
62205 6
62206 6
62207 6
62208 6
62209 6
62210 6
62211 6
62212 6
62213 6
62214 6
62215 6
62216 6
62217 6
62218 6
62219 6
62220 6
62221 6
62222 6
62223 6
62224 6
62225 6
62226 6
62227 6
62228 6
62229 6
62230 6
62231 6
62232 6
62233 6
62234 6
62235 6
62236 6
62237 6
62238 6
62239 6
62240 6
62241 6
62242 6
62243 6
62244 6
62245 6
62246 6
62247 6
62248 6
62249 6
62250 6
62251 6
62252 6
62253 6
62254 6
62255 6
62256 6
62257 6
62258 6
62259 6
62260 6
62261 6
62262 6
62263 6
62264 6
62265 6
62266 6
62267 6
62268 6
62269 6
62270 6
62271 6
62272 6
62273 6
62274 6
62275 6
62276 6
62277 6
62278 6
62279 6
62280 6
62281 6
62282 6
62283 6
62284 6
62285 6
62286 6
62287 6
62288 6
62289 6
62290 6
62291 6
62292 6
62293 6
62294 6
62295 6
62296 6
62297 6
62298 6
62299 6
62300 6
62301 6
62302 6
62303 6
62304 6
62305 6
62306 6
62307 6
62308 6
62309 6
62310 6
62311 6
62312 6
62313 6
62314 6
62315 6
62316 6
62317 6
62318 6
62319 6
62320 6
62321 6
62322 6
62323 6
62324 6
62325 6
62326 6
62327 6
62328 6
62329 6
62330 6
62331 6
62332 6
62333 6
62334 6
62335 6
62336 6
62337 6
62338 6
62339 6
62340 6
62341 6
62342 6
62343 6
62344 6
62345 6
62346 6
62347 6
62348 6
62349 6
62350 6
62351 6
62352 6
62353 6
62354 6
62355 6
62356 6
62357 6
62358 6
62359 6
62360 6
62361 6
62362 6
62363 6
62364 6
62365 6
62366 6
62367 6
62368 6
62369 6
62370 6
62371 6
62372 6
62373 6
62374 6
62375 6
62376 6
62377 6
62378 6
62379 6
62380 6
62381 6
62382 6
62383 6
62384 6
62385 6
62386 6
62387 6
62388 6
62389 6
62390 6
62391 6
62392 6
62393 6
62394 6
62395 6
62396 6
62397 6
62398 6
62399 6
62400 6
62401 6
62402 6
62403 6
62404 6
62405 6
62406 6
62407 6
62408 6
62409 6
62410 6
62411 6
62412 6
62413 6
62414 6
62415 6
62416 6
62417 6
62418 6
62419 6
62420 6
62421 6
62422 6
62423 6
62424 6
62425 6
62426 6
62427 6
62428 6
62429 6
62430 6
62431 6
62432 6
62433 6
62434 6
62435 6
62436 6
62437 6
62438 6
62439 6
62440 6
62441 6
62442 6
62443 6
62444 6
62445 6
62446 6
62447 6
62448 6
62449 6
62450 6
62451 6
62452 6
62453 6
62454 6
62455 6
62456 6
62457 6
62458 6
62459 6
62460 6
62461 6
62462 6
62463 6
62464 6
62465 6
62466 6
62467 6
62468 6
62469 6
62470 6
62471 6
62472 6
62473 6
62474 6
62475 6
62476 6
62477 6
62478 6
62479 6
62480 6
62481 6
62482 6
62483 6
62484 6
62485 6
62486 6
62487 6
62488 6
62489 6
62490 6
62491 6
62492 6
62493 6
62494 6
62495 6
62496 6
62497 6
62498 6
62499 6
62500 6
30001 5
30002 5
30003 5
30004 5
30005 5
30006 5
30007 5
30008 5
30009 5
30010 5
30011 5
30012 5
30013 5
30014 5
30015 5
30016 5
30017 5
30018 5
30019 5
30020 5
30021 5
30022 5
30023 5
30024 5
30025 5
30026 5
30027 5
30028 5
30029 5
30030 5
30031 5
30032 5
30033 5
30034 5
30035 5
30036 5
30037 5
30038 5
30039 5
30040 5
30041 5
30042 5
30043 5
30044 5
30045 5
30046 5
30047 5
30048 5
30049 5
30050 5
30051 5
30052 5
30053 5
30054 5
30055 5
30056 5
30057 5
30058 5
30059 5
30060 5
30061 5
30062 5
30063 5
30064 5
30065 5
30066 5
30067 5
30068 5
30069 5
30070 5
30071 5
30072 5
30073 5
30074 5
30075 5
30076 5
30077 5
30078 5
30079 5
30080 5
30081 5
30082 5
30083 5
30084 5
30085 5
30086 5
30087 5
30088 5
30089 5
30090 5
30091 5
30092 5
30093 5
30094 5
30095 5
30096 5
30097 5
30098 5
30099 5
30100 5
30101 5
30102 5
30103 5
30104 5
30105 5
30106 5
30107 5
30108 5
30109 5
30110 5
30111 5
30112 5
30113 5
30114 5
30115 5
30116 5
30117 5
30118 5
30119 5
30120 5
30121 5
30122 5
30123 5
30124 5
30125 5
30126 5
30127 5
30128 5
30129 5
30130 5
30131 5
30132 5
30133 5
30134 5
30135 5
30136 5
30137 5
30138 5
30139 5
30140 5
30141 5
30142 5
30143 5
30144 5
30145 5
30146 5
30147 5
30148 5
30149 5
30150 5
30151 5
30152 5
30153 5
30154 5
30155 5
30156 5
30157 5
30158 5
30159 5
30160 5
30161 5
30162 5
30163 5
30164 5
30165 5
30166 5
30167 5
30168 5
30169 5
30170 5
30171 5
30172 5
30173 5
30174 5
30175 5
30176 5
30177 5
30178 5
30179 5
30180 5
30181 5
30182 5
30183 5
30184 5
30185 5
30186 5
30187 5
30188 5
30189 5
30190 5
30191 5
30192 5
30193 5
30194 5
30195 5
30196 5
30197 5
30198 5
30199 5
30200 5
30201 5
30202 5
30203 5
30204 5
30205 5
30206 5
30207 5
30208 5
30209 5
30210 5
30211 5
30212 5
30213 5
30214 5
30215 5
30216 5
30217 5
30218 5
30219 5
30220 5
30221 5
30222 5
30223 5
30224 5
30225 5
30226 5
30227 5
30228 5
30229 5
30230 5
30231 5
30232 5
30233 5
30234 5
30235 5
30236 5
30237 5
30238 5
30239 5
30240 5
30241 5
30242 5
30243 5
30244 5
30245 5
30246 5
30247 5
30248 5
30249 5
30250 5
30251 5
30252 5
30253 5
30254 5
30255 5
30256 5
30257 5
30258 5
30259 5
30260 5
30261 5
30262 5
30263 5
30264 5
30265 5
30266 5
30267 5
30268 5
30269 5
30270 5
30271 5
30272 5
30273 5
30274 5
30275 5
30276 5
30277 5
30278 5
30279 5
30280 5
30281 5
30282 5
30283 5
30284 5
30285 5
30286 5
30287 5
30288 5
30289 5
30290 5
30291 5
30292 5
30293 5
30294 5
30295 5
30296 5
30297 5
30298 5
30299 5
30300 5
30301 5
30302 5
30303 5
30304 5
30305 5
30306 5
30307 5
30308 5
30309 5
30310 5
30311 5
30312 5
30313 5
30314 5
30315 5
30316 5
30317 5
30318 5
30319 5
30320 5
30321 5
30322 5
30323 5
30324 5
30325 5
30326 5
30327 5
30328 5
30329 5
30330 5
30331 5
30332 5
30333 5
30334 5
30335 5
30336 5
30337 5
30338 5
30339 5
30340 5
30341 5
30342 5
30343 5
30344 5
30345 5
30346 5
30347 5
30348 5
30349 5
30350 5
30351 5
30352 5
30353 5
30354 5
30355 5
30356 5
30357 5
30358 5
30359 5
30360 5
30361 5
30362 5
30363 5
30364 5
30365 5
30366 5
30367 5
30368 5
30369 5
30370 5
30371 5
30372 5
30373 5
30374 5
30375 5
30376 5
30377 5
30378 5
30379 5
30380 5
30381 5
30382 5
30383 5
30384 5
30385 5
30386 5
30387 5
30388 5
30389 5
30390 5
30391 5
30392 5
30393 5
30394 5
30395 5
30396 5
30397 5
30398 5
30399 5
30400 5
30401 5
30402 5
30403 5
30404 5
30405 5
30406 5
30407 5
30408 5
30409 5
30410 5
30411 5
30412 5
30413 5
30414 5
30415 5
30416 5
30417 5
30418 5
30419 5
30420 5
30421 5
30422 5
30423 5
30424 5
30425 5
30426 5
30427 5
30428 5
30429 5
30430 5
30431 5
30432 5
30433 5
30434 5
30435 5
30436 5
30437 5
30438 5
30439 5
30440 5
30441 5
30442 5
30443 5
30444 5
30445 5
30446 5
30447 5
30448 5
30449 5
30450 5
30451 5
30452 5
30453 5
30454 5
30455 5
30456 5
30457 5
30458 5
30459 5
30460 5
30461 5
30462 5
30463 5
30464 5
30465 5
30466 5
30467 5
30468 5
30469 5
30470 5
30471 5
30472 5
30473 5
30474 5
30475 5
30476 5
30477 5
30478 5
30479 5
30480 5
30481 5
30482 5
30483 5
30484 5
30485 5
30486 5
30487 5
30488 5
30489 5
30490 5
30491 5
30492 5
30493 5
30494 5
30495 5
30496 5
30497 5
30498 5
30499 5
30500 5
30501 5
30502 5
30503 5
30504 5
30505 5
30506 5
30507 5
30508 5
30509 5
30510 5
30511 5
30512 5
30513 5
30514 5
30515 5
30516 5
30517 5
30518 5
30519 5
30520 5
30521 5
30522 5
30523 5
30524 5
30525 5
30526 5
30527 5
30528 5
30529 5
30530 5
30531 5
30532 5
30533 5
30534 5
30535 5
30536 5
30537 5
30538 5
30539 5
30540 5
30541 5
30542 5
30543 5
30544 5
30545 5
30546 5
30547 5
30548 5
30549 5
30550 5
30551 5
30552 5
30553 5
30554 5
30555 5
30556 5
30557 5
30558 5
30559 5
30560 5
30561 5
30562 5
30563 5
30564 5
30565 5
30566 5
30567 5
30568 5
30569 5
30570 5
30571 5
30572 5
30573 5
30574 5
30575 5
30576 5
30577 5
30578 5
30579 5
30580 5
30581 5
30582 5
30583 5
30584 5
30585 5
30586 5
30587 5
30588 5
30589 5
30590 5
30591 5
30592 5
30593 5
30594 5
30595 5
30596 5
30597 5
30598 5
30599 5
30600 5
30601 5
30602 5
30603 5
30604 5
30605 5
30606 5
30607 5
30608 5
30609 5
30610 5
30611 5
30612 5
30613 5
30614 5
30615 5
30616 5
30617 5
30618 5
30619 5
30620 5
30621 5
30622 5
30623 5
30624 5
30625 5
30626 5
30627 5
30628 5
30629 5
30630 5
30631 5
30632 5
30633 5
30634 5
30635 5
30636 5
30637 5
30638 5
30639 5
30640 5
30641 5
30642 5
30643 5
30644 5
30645 5
30646 5
30647 5
30648 5
30649 5
30650 5
30651 5
30652 5
30653 5
30654 5
30655 5
30656 5
30657 5
30658 5
30659 5
30660 5
30661 5
30662 5
30663 5
30664 5
30665 5
30666 5
30667 5
30668 5
30669 5
30670 5
30671 5
30672 5
30673 5
30674 5
30675 5
30676 5
30677 5
30678 5
30679 5
30680 5
30681 5
30682 5
30683 5
30684 5
30685 5
30686 5
30687 5
30688 5
30689 5
30690 5
30691 5
30692 5
30693 5
30694 5
30695 5
30696 5
30697 5
30698 5
30699 5
30700 5
30701 5
30702 5
30703 5
30704 5
30705 5
30706 5
30707 5
30708 5
30709 5
30710 5
30711 5
30712 5
30713 5
30714 5
30715 5
30716 5
30717 5
30718 5
30719 5
30720 5
30721 5
30722 5
30723 5
30724 5
30725 5
30726 5
30727 5
30728 5
30729 5
30730 5
30731 5
30732 5
30733 5
30734 5
30735 5
30736 5
30737 5
30738 5
30739 5
30740 5
30741 5
30742 5
30743 5
30744 5
30745 5
30746 5
30747 5
30748 5
30749 5
30750 5
30751 5
30752 5
30753 5
30754 5
30755 5
30756 5
30757 5
30758 5
30759 5
30760 5
30761 5
30762 5
30763 5
30764 5
30765 5
30766 5
30767 5
30768 5
30769 5
30770 5
30771 5
30772 5
30773 5
30774 5
30775 5
30776 5
30777 5
30778 5
30779 5
30780 5
30781 5
30782 5
30783 5
30784 5
30785 5
30786 5
30787 5
30788 5
30789 5
30790 5
30791 5
30792 5
30793 5
30794 5
30795 5
30796 5
30797 5
30798 5
30799 5
30800 5
30801 5
30802 5
30803 5
30804 5
30805 5
30806 5
30807 5
30808 5
30809 5
30810 5
30811 5
30812 5
30813 5
30814 5
30815 5
30816 5
30817 5
30818 5
30819 5
30820 5
30821 5
30822 5
30823 5
30824 5
30825 5
30826 5
30827 5
30828 5
30829 5
30830 5
30831 5
30832 5
30833 5
30834 5
30835 5
30836 5
30837 5
30838 5
30839 5
30840 5
30841 5
30842 5
30843 5
30844 5
30845 5
30846 5
30847 5
30848 5
30849 5
30850 5
30851 5
30852 5
30853 5
30854 5
30855 5
30856 5
30857 5
30858 5
30859 5
30860 5
30861 5
30862 5
30863 5
30864 5
30865 5
30866 5
30867 5
30868 5
30869 5
30870 5
30871 5
30872 5
30873 5
30874 5
30875 5
30876 5
30877 5
30878 5
30879 5
30880 5
30881 5
30882 5
30883 5
30884 5
30885 5
30886 5
30887 5
30888 5
30889 5
30890 5
30891 5
30892 5
30893 5
30894 5
30895 5
30896 5
30897 5
30898 5
30899 5
30900 5
30901 5
30902 5
30903 5
30904 5
30905 5
30906 5
30907 5
30908 5
30909 5
30910 5
30911 5
30912 5
30913 5
30914 5
30915 5
30916 5
30917 5
30918 5
30919 5
30920 5
30921 5
30922 5
30923 5
30924 5
30925 5
30926 5
30927 5
30928 5
30929 5
30930 5
30931 5
30932 5
30933 5
30934 5
30935 5
30936 5
30937 5
30938 5
30939 5
30940 5
30941 5
30942 5
30943 5
30944 5
30945 5
30946 5
30947 5
30948 5
30949 5
30950 5
30951 5
30952 5
30953 5
30954 5
30955 5
30956 5
30957 5
30958 5
30959 5
30960 5
30961 5
30962 5
30963 5
30964 5
30965 5
30966 5
30967 5
30968 5
30969 5
30970 5
30971 5
30972 5
30973 5
30974 5
30975 5
30976 5
30977 5
30978 5
30979 5
30980 5
30981 5
30982 5
30983 5
30984 5
30985 5
30986 5
30987 5
30988 5
30989 5
30990 5
30991 5
30992 5
30993 5
30994 5
30995 5
30996 5
30997 5
30998 5
30999 5
31000 5
31001 5
31002 5
31003 5
31004 5
31005 5
31006 5
31007 5
31008 5
31009 5
31010 5
31011 5
31012 5
31013 5
31014 5
31015 5
31016 5
31017 5
31018 5
31019 5
31020 5
31021 5
31022 5
31023 5
31024 5
31025 5
31026 5
31027 5
31028 5
31029 5
31030 5
31031 5
31032 5
31033 5
31034 5
31035 5
31036 5
31037 5
31038 5
31039 5
31040 5
31041 5
31042 5
31043 5
31044 5
31045 5
31046 5
31047 5
31048 5
31049 5
31050 5
31051 5
31052 5
31053 5
31054 5
31055 5
31056 5
31057 5
31058 5
31059 5
31060 5
31061 5
31062 5
31063 5
31064 5
31065 5
31066 5
31067 5
31068 5
31069 5
31070 5
31071 5
31072 5
31073 5
31074 5
31075 5
31076 5
31077 5
31078 5
31079 5
31080 5
31081 5
31082 5
31083 5
31084 5
31085 5
31086 5
31087 5
31088 5
31089 5
31090 5
31091 5
31092 5
31093 5
31094 5
31095 5
31096 5
31097 5
31098 5
31099 5
31100 5
31101 5
31102 5
31103 5
31104 5
31105 5
31106 5
31107 5
31108 5
31109 5
31110 5
31111 5
31112 5
31113 5
31114 5
31115 5
31116 5
31117 5
31118 5
31119 5
31120 5
31121 5
31122 5
31123 5
31124 5
31125 5
31126 5
31127 5
31128 5
31129 5
31130 5
31131 5
31132 5
31133 5
31134 5
31135 5
31136 5
31137 5
31138 5
31139 5
31140 5
31141 5
31142 5
31143 5
31144 5
31145 5
31146 5
31147 5
31148 5
31149 5
31150 5
31151 5
31152 5
31153 5
31154 5
31155 5
31156 5
31157 5
31158 5
31159 5
31160 5
31161 5
31162 5
31163 5
31164 5
31165 5
31166 5
31167 5
31168 5
31169 5
31170 5
31171 5
31172 5
31173 5
31174 5
31175 5
31176 5
31177 5
31178 5
31179 5
31180 5
31181 5
31182 5
31183 5
31184 5
31185 5
31186 5
31187 5
31188 5
31189 5
31190 5
31191 5
31192 5
31193 5
31194 5
31195 5
31196 5
31197 5
31198 5
31199 5
31200 5
31201 5
31202 5
31203 5
31204 5
31205 5
31206 5
31207 5
31208 5
31209 5
31210 5
31211 5
31212 5
31213 5
31214 5
31215 5
31216 5
31217 5
31218 5
31219 5
31220 5
31221 5
31222 5
31223 5
31224 5
31225 5
31226 5
31227 5
31228 5
31229 5
31230 5
31231 5
31232 5
31233 5
31234 5
31235 5
31236 5
31237 5
31238 5
31239 5
31240 5
31241 5
31242 5
31243 5
31244 5
31245 5
31246 5
31247 5
31248 5
31249 5
31250 5
151 1
152 1
153 1
154 1
155 1
156 1
157 1
158 1
159 1
160 1
161 1
162 1
163 1
164 1
165 1
166 1
167 1
168 1
169 1
170 1
1131 3
1132 3
1133 3
1134 3
1135 3
1136 3
1137 3
1138 3
1139 3
1140 3
1141 3
1142 3
1143 3
1144 3
1145 3
1146 3
1147 3
1148 3
1149 3
1150 3
1151 1
1152 1
1153 1
1154 1
1155 1
1156 1
1157 1
1158 1
1159 1
1160 1
1401 1
1402 1
1403 1
1404 1
1405 1
1406 1
1407 1
1408 1
1409 1
1410 1
1411 1
1412 1
1413 1
1414 1
1415 1
1416 1
1417 1
1418 1
1419 1
1420 1
2381 3
2382 3
2383 3
2384 3
2385 3
2386 3
2387 3
2388 3
2389 3
2390 3
2391 3
2392 3
2393 3
2394 3
2395 3
2396 3
2397 3
2398 3
2399 3
2400 3
2401 1
2402 1
2403 1
2404 1
2405 1
2406 1
2407 1
2408 1
2409 1
2410 1
2651 1
2652 1
2653 1
2654 1
2655 1
2656 1
2657 1
2658 1
2659 1
2660 1
2661 1
2662 1
2663 1
2664 1
2665 1
2666 1
2667 1
2668 1
2669 1
2670 1
3631 3
3632 3
3633 3
3634 3
3635 3
3636 3
3637 3
3638 3
3639 3
3640 3
3641 3
3642 3
3643 3
3644 3
3645 3
3646 3
3647 3
3648 3
3649 3
3650 3
3651 1
3652 1
3653 1
3654 1
3655 1
3656 1
3657 1
3658 1
3659 1
3660 1
3901 1
3902 1
3903 1
3904 1
3905 1
3906 1
3907 1
3908 1
3909 1
3910 1
3911 1
3912 1
3913 1
3914 1
3915 1
3916 1
3917 1
3918 1
3919 1
3920 1
4881 3
4882 3
4883 3
4884 3
4885 3
4886 3
4887 3
4888 3
4889 3
4890 3
4891 3
4892 3
4893 3
4894 3
4895 3
4896 3
4897 3
4898 3
4899 3
4900 3
4901 1
4902 1
4903 1
4904 1
4905 1
4906 1
4907 1
4908 1
4909 1
4910 1
5151 1
5152 1
5153 1
5154 1
5155 1
5156 1
5157 1
5158 1
5159 1
5160 1
5161 1
5162 1
5163 1
5164 1
5165 1
5166 1
5167 1
5168 1
5169 1
5170 1
6131 3
6132 3
6133 3
6134 3
6135 3
6136 3
6137 3
6138 3
6139 3
6140 3
6141 3
6142 3
6143 3
6144 3
6145 3
6146 3
6147 3
6148 3
6149 3
6150 3
6151 1
6152 1
6153 1
6154 1
6155 1
6156 1
6157 1
6158 1
6159 1
6160 1
6401 1
6402 1
6403 1
6404 1
6405 1
6406 1
6407 1
6408 1
6409 1
6410 1
6411 1
6412 1
6413 1
6414 1
6415 1
6416 1
6417 1
6418 1
6419 1
6420 1
7381 3
7382 3
7383 3
7384 3
7385 3
7386 3
7387 3
7388 3
7389 3
7390 3
7391 3
7392 3
7393 3
7394 3
7395 3
7396 3
7397 3
7398 3
7399 3
7400 3
7401 1
7402 1
7403 1
7404 1
7405 1
7406 1
7407 1
7408 1
7409 1
7410 1
7651 1
7652 1
7653 1
7654 1
7655 1
7656 1
7657 1
7658 1
7659 1
7660 1
7661 1
7662 1
7663 1
7664 1
7665 1
7666 1
7667 1
7668 1
7669 1
7670 1
8631 3
8632 3
8633 3
8634 3
8635 3
8636 3
8637 3
8638 3
8639 3
8640 3
8641 3
8642 3
8643 3
8644 3
8645 3
8646 3
8647 3
8648 3
8649 3
8650 3
8651 1
8652 1
8653 1
8654 1
8655 1
8656 1
8657 1
8658 1
8659 1
8660 1
8901 1
8902 1
8903 1
8904 1
8905 1
8906 1
8907 1
8908 1
8909 1
8910 1
8911 1
8912 1
8913 1
8914 1
8915 1
8916 1
8917 1
8918 1
8919 1
8920 1
9881 3
9882 3
9883 3
9884 3
9885 3
9886 3
9887 3
9888 3
9889 3
9890 3
9891 3
9892 3
9893 3
9894 3
9895 3
9896 3
9897 3
9898 3
9899 3
9900 3
9901 1
9902 1
9903 1
9904 1
9905 1
9906 1
9907 1
9908 1
9909 1
9910 1
10151 1
10152 1
10153 1
10154 1
10155 1
10156 1
10157 1
10158 1
10159 1
10160 1
10161 1
10162 1
10163 1
10164 1
10165 1
10166 1
10167 1
10168 1
10169 1
10170 1
11131 3
11132 3
11133 3
11134 3
11135 3
11136 3
11137 3
11138 3
11139 3
11140 3
11141 3
11142 3
11143 3
11144 3
11145 3
11146 3
11147 3
11148 3
11149 3
11150 3
11151 1
11152 1
11153 1
11154 1
11155 1
11156 1
11157 1
11158 1
11159 1
11160 1
11401 1
11402 1
11403 1
11404 1
11405 1
11406 1
11407 1
11408 1
11409 1
11410 1
11411 1
11412 1
11413 1
11414 1
11415 1
11416 1
11417 1
11418 1
11419 1
11420 1
12381 3
12382 3
12383 3
12384 3
12385 3
12386 3
12387 3
12388 3
12389 3
12390 3
12391 3
12392 3
12393 3
12394 3
12395 3
12396 3
12397 3
12398 3
12399 3
12400 3
12401 1
12402 1
12403 1
12404 1
12405 1
12406 1
12407 1
12408 1
12409 1
12410 1
12651 1
12652 1
12653 1
12654 1
12655 1
12656 1
12657 1
12658 1
12659 1
12660 1
12661 1
12662 1
12663 1
12664 1
12665 1
12666 1
12667 1
12668 1
12669 1
12670 1
13631 3
13632 3
13633 3
13634 3
13635 3
13636 3
13637 3
13638 3
13639 3
13640 3
13641 3
13642 3
13643 3
13644 3
13645 3
13646 3
13647 3
13648 3
13649 3
13650 3
13651 1
13652 1
13653 1
13654 1
13655 1
13656 1
13657 1
13658 1
13659 1
13660 1
13901 1
13902 1
13903 1
13904 1
13905 1
13906 1
13907 1
13908 1
13909 1
13910 1
13911 1
13912 1
13913 1
13914 1
13915 1
13916 1
13917 1
13918 1
13919 1
13920 1
14881 3
14882 3
14883 3
14884 3
14885 3
14886 3
14887 3
14888 3
14889 3
14890 3
14891 3
14892 3
14893 3
14894 3
14895 3
14896 3
14897 3
14898 3
14899 3
14900 3
14901 1
14902 1
14903 1
14904 1
14905 1
14906 1
14907 1
14908 1
14909 1
14910 1
15151 1
15152 1
15153 1
15154 1
15155 1
15156 1
15157 1
15158 1
15159 1
15160 1
15161 1
15162 1
15163 1
15164 1
15165 1
15166 1
15167 1
15168 1
15169 1
15170 1
16131 3
16132 3
16133 3
16134 3
16135 3
16136 3
16137 3
16138 3
16139 3
16140 3
16141 3
16142 3
16143 3
16144 3
16145 3
16146 3
16147 3
16148 3
16149 3
16150 3
16151 1
16152 1
16153 1
16154 1
16155 1
16156 1
16157 1
16158 1
16159 1
16160 1
16401 1
16402 1
16403 1
16404 1
16405 1
16406 1
16407 1
16408 1
16409 1
16410 1
16411 1
16412 1
16413 1
16414 1
16415 1
16416 1
16417 1
16418 1
16419 1
16420 1
17381 3
17382 3
17383 3
17384 3
17385 3
17386 3
17387 3
17388 3
17389 3
17390 3
17391 3
17392 3
17393 3
17394 3
17395 3
17396 3
17397 3
17398 3
17399 3
17400 3
17401 1
17402 1
17403 1
17404 1
17405 1
17406 1
17407 1
17408 1
17409 1
17410 1
17651 1
17652 1
17653 1
17654 1
17655 1
17656 1
17657 1
17658 1
17659 1
17660 1
17661 1
17662 1
17663 1
17664 1
17665 1
17666 1
17667 1
17668 1
17669 1
17670 1
18631 3
18632 3
18633 3
18634 3
18635 3
18636 3
18637 3
18638 3
18639 3
18640 3
18641 3
18642 3
18643 3
18644 3
18645 3
18646 3
18647 3
18648 3
18649 3
18650 3
18651 1
18652 1
18653 1
18654 1
18655 1
18656 1
18657 1
18658 1
18659 1
18660 1
18901 1
18902 1
18903 1
18904 1
18905 1
18906 1
18907 1
18908 1
18909 1
18910 1
18911 1
18912 1
18913 1
18914 1
18915 1
18916 1
18917 1
18918 1
18919 1
18920 1
19881 3
19882 3
19883 3
19884 3
19885 3
19886 3
19887 3
19888 3
19889 3
19890 3
19891 3
19892 3
19893 3
19894 3
19895 3
19896 3
19897 3
19898 3
19899 3
19900 3
19901 1
19902 1
19903 1
19904 1
19905 1
19906 1
19907 1
19908 1
19909 1
19910 1
20151 1
20152 1
20153 1
20154 1
20155 1
20156 1
20157 1
20158 1
20159 1
20160 1
20161 1
20162 1
20163 1
20164 1
20165 1
20166 1
20167 1
20168 1
20169 1
20170 1
21131 3
21132 3
21133 3
21134 3
21135 3
21136 3
21137 3
21138 3
21139 3
21140 3
21141 3
21142 3
21143 3
21144 3
21145 3
21146 3
21147 3
21148 3
21149 3
21150 3
21151 1
21152 1
21153 1
21154 1
21155 1
21156 1
21157 1
21158 1
21159 1
21160 1
21401 1
21402 1
21403 1
21404 1
21405 1
21406 1
21407 1
21408 1
21409 1
21410 1
21411 1
21412 1
21413 1
21414 1
21415 1
21416 1
21417 1
21418 1
21419 1
21420 1
22381 3
22382 3
22383 3
22384 3
22385 3
22386 3
22387 3
22388 3
22389 3
22390 3
22391 3
22392 3
22393 3
22394 3
22395 3
22396 3
22397 3
22398 3
22399 3
22400 3
22401 1
22402 1
22403 1
22404 1
22405 1
22406 1
22407 1
22408 1
22409 1
22410 1
22651 1
22652 1
22653 1
22654 1
22655 1
22656 1
22657 1
22658 1
22659 1
22660 1
22661 1
22662 1
22663 1
22664 1
22665 1
22666 1
22667 1
22668 1
22669 1
22670 1
23631 3
23632 3
23633 3
23634 3
23635 3
23636 3
23637 3
23638 3
23639 3
23640 3
23641 3
23642 3
23643 3
23644 3
23645 3
23646 3
23647 3
23648 3
23649 3
23650 3
23651 1
23652 1
23653 1
23654 1
23655 1
23656 1
23657 1
23658 1
23659 1
23660 1
23901 1
23902 1
23903 1
23904 1
23905 1
23906 1
23907 1
23908 1
23909 1
23910 1
23911 1
23912 1
23913 1
23914 1
23915 1
23916 1
23917 1
23918 1
23919 1
23920 1
24881 3
24882 3
24883 3
24884 3
24885 3
24886 3
24887 3
24888 3
24889 3
24890 3
24891 3
24892 3
24893 3
24894 3
24895 3
24896 3
24897 3
24898 3
24899 3
24900 3
24901 1
24902 1
24903 1
24904 1
24905 1
24906 1
24907 1
24908 1
24909 1
24910 1
25151 1
25152 1
25153 1
25154 1
25155 1
25156 1
25157 1
25158 1
25159 1
25160 1
25161 1
25162 1
25163 1
25164 1
25165 1
25166 1
25167 1
25168 1
25169 1
25170 1
26131 3
26132 3
26133 3
26134 3
26135 3
26136 3
26137 3
26138 3
26139 3
26140 3
26141 3
26142 3
26143 3
26144 3
26145 3
26146 3
26147 3
26148 3
26149 3
26150 3
26151 1
26152 1
26153 1
26154 1
26155 1
26156 1
26157 1
26158 1
26159 1
26160 1
26401 1
26402 1
26403 1
26404 1
26405 1
26406 1
26407 1
26408 1
26409 1
26410 1
26411 1
26412 1
26413 1
26414 1
26415 1
26416 1
26417 1
26418 1
26419 1
26420 1
27381 3
27382 3
27383 3
27384 3
27385 3
27386 3
27387 3
27388 3
27389 3
27390 3
27391 3
27392 3
27393 3
27394 3
27395 3
27396 3
27397 3
27398 3
27399 3
27400 3
27401 1
27402 1
27403 1
27404 1
27405 1
27406 1
27407 1
27408 1
27409 1
27410 1
27651 1
27652 1
27653 1
27654 1
27655 1
27656 1
27657 1
27658 1
27659 1
27660 1
27661 1
27662 1
27663 1
27664 1
27665 1
27666 1
27667 1
27668 1
27669 1
27670 1
28631 3
28632 3
28633 3
28634 3
28635 3
28636 3
28637 3
28638 3
28639 3
28640 3
28641 3
28642 3
28643 3
28644 3
28645 3
28646 3
28647 3
28648 3
28649 3
28650 3
28651 1
28652 1
28653 1
28654 1
28655 1
28656 1
28657 1
28658 1
28659 1
28660 1
28901 1
28902 1
28903 1
28904 1
28905 1
28906 1
28907 1
28908 1
28909 1
28910 1
28911 1
28912 1
28913 1
28914 1
28915 1
28916 1
28917 1
28918 1
28919 1
28920 1
29881 3
29882 3
29883 3
29884 3
29885 3
29886 3
29887 3
29888 3
29889 3
29890 3
29891 3
29892 3
29893 3
29894 3
29895 3
29896 3
29897 3
29898 3
29899 3
29900 3
29901 1
29902 1
29903 1
29904 1
29905 1
29906 1
29907 1
29908 1
29909 1
29910 1
30151 1
30152 1
30153 1
30154 1
30155 1
30156 1
30157 1
30158 1
30159 1
30160 1
30161 1
30162 1
30163 1
30164 1
30165 1
30166 1
30167 1
30168 1
30169 1
30170 1
31131 3
31132 3
31133 3
31134 3
31135 3
31136 3
31137 3
31138 3
31139 3
31140 3
31141 3
31142 3
31143 3
31144 3
31145 3
31146 3
31147 3
31148 3
31149 3
31150 3
31151 1
31152 1
31153 1
31154 1
31155 1
31156 1
31157 1
31158 1
31159 1
31160 1
31351 1
31352 1
31353 1
31354 1
31355 1
31356 1
31357 1
31358 1
31359 1
31360 1
31361 1
31362 1
31363 1
31364 1
31365 1
31366 1
31367 1
31368 1
31369 1
31370 1
32331 3
32332 3
32333 3
32334 3
32335 3
32336 3
32337 3
32338 3
32339 3
32340 3
32341 3
32342 3
32343 3
32344 3
32345 3
32346 3
32347 3
32348 3
32349 3
32350 3
32351 1
32352 1
32353 1
32354 1
32355 1
32356 1
32357 1
32358 1
32359 1
32360 1
32601 1
32602 1
32603 1
32604 1
32605 1
32606 1
32607 1
32608 1
32609 1
32610 1
32611 1
32612 1
32613 1
32614 1
32615 1
32616 1
32617 1
32618 1
32619 1
32620 1
33581 3
33582 3
33583 3
33584 3
33585 3
33586 3
33587 3
33588 3
33589 3
33590 3
33591 3
33592 3
33593 3
33594 3
33595 3
33596 3
33597 3
33598 3
33599 3
33600 3
33601 1
33602 1
33603 1
33604 1
33605 1
33606 1
33607 1
33608 1
33609 1
33610 1
33851 1
33852 1
33853 1
33854 1
33855 1
33856 1
33857 1
33858 1
33859 1
33860 1
33861 1
33862 1
33863 1
33864 1
33865 1
33866 1
33867 1
33868 1
33869 1
33870 1
34831 3
34832 3
34833 3
34834 3
34835 3
34836 3
34837 3
34838 3
34839 3
34840 3
34841 3
34842 3
34843 3
34844 3
34845 3
34846 3
34847 3
34848 3
34849 3
34850 3
34851 1
34852 1
34853 1
34854 1
34855 1
34856 1
34857 1
34858 1
34859 1
34860 1
35101 1
35102 1
35103 1
35104 1
35105 1
35106 1
35107 1
35108 1
35109 1
35110 1
35111 1
35112 1
35113 1
35114 1
35115 1
35116 1
35117 1
35118 1
35119 1
35120 1
36081 3
36082 3
36083 3
36084 3
36085 3
36086 3
36087 3
36088 3
36089 3
36090 3
36091 3
36092 3
36093 3
36094 3
36095 3
36096 3
36097 3
36098 3
36099 3
36100 3
36101 1
36102 1
36103 1
36104 1
36105 1
36106 1
36107 1
36108 1
36109 1
36110 1
36351 1
36352 1
36353 1
36354 1
36355 1
36356 1
36357 1
36358 1
36359 1
36360 1
36361 1
36362 1
36363 1
36364 1
36365 1
36366 1
36367 1
36368 1
36369 1
36370 1
37331 3
37332 3
37333 3
37334 3
37335 3
37336 3
37337 3
37338 3
37339 3
37340 3
37341 3
37342 3
37343 3
37344 3
37345 3
37346 3
37347 3
37348 3
37349 3
37350 3
37351 1
37352 1
37353 1
37354 1
37355 1
37356 1
37357 1
37358 1
37359 1
37360 1
37601 1
37602 1
37603 1
37604 1
37605 1
37606 1
37607 1
37608 1
37609 1
37610 1
37611 1
37612 1
37613 1
37614 1
37615 1
37616 1
37617 1
37618 1
37619 1
37620 1
38581 3
38582 3
38583 3
38584 3
38585 3
38586 3
38587 3
38588 3
38589 3
38590 3
38591 3
38592 3
38593 3
38594 3
38595 3
38596 3
38597 3
38598 3
38599 3
38600 3
38601 1
38602 1
38603 1
38604 1
38605 1
38606 1
38607 1
38608 1
38609 1
38610 1
38851 1
38852 1
38853 1
38854 1
38855 1
38856 1
38857 1
38858 1
38859 1
38860 1
38861 1
38862 1
38863 1
38864 1
38865 1
38866 1
38867 1
38868 1
38869 1
38870 1
39831 3
39832 3
39833 3
39834 3
39835 3
39836 3
39837 3
39838 3
39839 3
39840 3
39841 3
39842 3
39843 3
39844 3
39845 3
39846 3
39847 3
39848 3
39849 3
39850 3
39851 1
39852 1
39853 1
39854 1
39855 1
39856 1
39857 1
39858 1
39859 1
39860 1
40101 1
40102 1
40103 1
40104 1
40105 1
40106 1
40107 1
40108 1
40109 1
40110 1
40111 1
40112 1
40113 1
40114 1
40115 1
40116 1
40117 1
40118 1
40119 1
40120 1
41081 3
41082 3
41083 3
41084 3
41085 3
41086 3
41087 3
41088 3
41089 3
41090 3
41091 3
41092 3
41093 3
41094 3
41095 3
41096 3
41097 3
41098 3
41099 3
41100 3
41101 1
41102 1
41103 1
41104 1
41105 1
41106 1
41107 1
41108 1
41109 1
41110 1
41351 1
41352 1
41353 1
41354 1
41355 1
41356 1
41357 1
41358 1
41359 1
41360 1
41361 1
41362 1
41363 1
41364 1
41365 1
41366 1
41367 1
41368 1
41369 1
41370 1
42331 3
42332 3
42333 3
42334 3
42335 3
42336 3
42337 3
42338 3
42339 3
42340 3
42341 3
42342 3
42343 3
42344 3
42345 3
42346 3
42347 3
42348 3
42349 3
42350 3
42351 1
42352 1
42353 1
42354 1
42355 1
42356 1
42357 1
42358 1
42359 1
42360 1
42601 1
42602 1
42603 1
42604 1
42605 1
42606 1
42607 1
42608 1
42609 1
42610 1
42611 1
42612 1
42613 1
42614 1
42615 1
42616 1
42617 1
42618 1
42619 1
42620 1
43581 3
43582 3
43583 3
43584 3
43585 3
43586 3
43587 3
43588 3
43589 3
43590 3
43591 3
43592 3
43593 3
43594 3
43595 3
43596 3
43597 3
43598 3
43599 3
43600 3
43601 1
43602 1
43603 1
43604 1
43605 1
43606 1
43607 1
43608 1
43609 1
43610 1
43851 1
43852 1
43853 1
43854 1
43855 1
43856 1
43857 1
43858 1
43859 1
43860 1
43861 1
43862 1
43863 1
43864 1
43865 1
43866 1
43867 1
43868 1
43869 1
43870 1
44831 3
44832 3
44833 3
44834 3
44835 3
44836 3
44837 3
44838 3
44839 3
44840 3
44841 3
44842 3
44843 3
44844 3
44845 3
44846 3
44847 3
44848 3
44849 3
44850 3
44851 1
44852 1
44853 1
44854 1
44855 1
44856 1
44857 1
44858 1
44859 1
44860 1
45101 1
45102 1
45103 1
45104 1
45105 1
45106 1
45107 1
45108 1
45109 1
45110 1
45111 1
45112 1
45113 1
45114 1
45115 1
45116 1
45117 1
45118 1
45119 1
45120 1
46081 3
46082 3
46083 3
46084 3
46085 3
46086 3
46087 3
46088 3
46089 3
46090 3
46091 3
46092 3
46093 3
46094 3
46095 3
46096 3
46097 3
46098 3
46099 3
46100 3
46101 1
46102 1
46103 1
46104 1
46105 1
46106 1
46107 1
46108 1
46109 1
46110 1
46351 1
46352 1
46353 1
46354 1
46355 1
46356 1
46357 1
46358 1
46359 1
46360 1
46361 1
46362 1
46363 1
46364 1
46365 1
46366 1
46367 1
46368 1
46369 1
46370 1
47331 3
47332 3
47333 3
47334 3
47335 3
47336 3
47337 3
47338 3
47339 3
47340 3
47341 3
47342 3
47343 3
47344 3
47345 3
47346 3
47347 3
47348 3
47349 3
47350 3
47351 1
47352 1
47353 1
47354 1
47355 1
47356 1
47357 1
47358 1
47359 1
47360 1
47601 1
47602 1
47603 1
47604 1
47605 1
47606 1
47607 1
47608 1
47609 1
47610 1
47611 1
47612 1
47613 1
47614 1
47615 1
47616 1
47617 1
47618 1
47619 1
47620 1
48581 3
48582 3
48583 3
48584 3
48585 3
48586 3
48587 3
48588 3
48589 3
48590 3
48591 3
48592 3
48593 3
48594 3
48595 3
48596 3
48597 3
48598 3
48599 3
48600 3
48601 1
48602 1
48603 1
48604 1
48605 1
48606 1
48607 1
48608 1
48609 1
48610 1
48851 1
48852 1
48853 1
48854 1
48855 1
48856 1
48857 1
48858 1
48859 1
48860 1
48861 1
48862 1
48863 1
48864 1
48865 1
48866 1
48867 1
48868 1
48869 1
48870 1
49831 3
49832 3
49833 3
49834 3
49835 3
49836 3
49837 3
49838 3
49839 3
49840 3
49841 3
49842 3
49843 3
49844 3
49845 3
49846 3
49847 3
49848 3
49849 3
49850 3
49851 1
49852 1
49853 1
49854 1
49855 1
49856 1
49857 1
49858 1
49859 1
49860 1
50101 1
50102 1
50103 1
50104 1
50105 1
50106 1
50107 1
50108 1
50109 1
50110 1
50111 1
50112 1
50113 1
50114 1
50115 1
50116 1
50117 1
50118 1
50119 1
50120 1
51081 3
51082 3
51083 3
51084 3
51085 3
51086 3
51087 3
51088 3
51089 3
51090 3
51091 3
51092 3
51093 3
51094 3
51095 3
51096 3
51097 3
51098 3
51099 3
51100 3
51101 1
51102 1
51103 1
51104 1
51105 1
51106 1
51107 1
51108 1
51109 1
51110 1
51351 1
51352 1
51353 1
51354 1
51355 1
51356 1
51357 1
51358 1
51359 1
51360 1
51361 1
51362 1
51363 1
51364 1
51365 1
51366 1
51367 1
51368 1
51369 1
51370 1
52331 3
52332 3
52333 3
52334 3
52335 3
52336 3
52337 3
52338 3
52339 3
52340 3
52341 3
52342 3
52343 3
52344 3
52345 3
52346 3
52347 3
52348 3
52349 3
52350 3
52351 1
52352 1
52353 1
52354 1
52355 1
52356 1
52357 1
52358 1
52359 1
52360 1
52601 1
52602 1
52603 1
52604 1
52605 1
52606 1
52607 1
52608 1
52609 1
52610 1
52611 1
52612 1
52613 1
52614 1
52615 1
52616 1
52617 1
52618 1
52619 1
52620 1
53581 3
53582 3
53583 3
53584 3
53585 3
53586 3
53587 3
53588 3
53589 3
53590 3
53591 3
53592 3
53593 3
53594 3
53595 3
53596 3
53597 3
53598 3
53599 3
53600 3
53601 1
53602 1
53603 1
53604 1
53605 1
53606 1
53607 1
53608 1
53609 1
53610 1
53851 1
53852 1
53853 1
53854 1
53855 1
53856 1
53857 1
53858 1
53859 1
53860 1
53861 1
53862 1
53863 1
53864 1
53865 1
53866 1
53867 1
53868 1
53869 1
53870 1
54831 3
54832 3
54833 3
54834 3
54835 3
54836 3
54837 3
54838 3
54839 3
54840 3
54841 3
54842 3
54843 3
54844 3
54845 3
54846 3
54847 3
54848 3
54849 3
54850 3
54851 1
54852 1
54853 1
54854 1
54855 1
54856 1
54857 1
54858 1
54859 1
54860 1
55101 1
55102 1
55103 1
55104 1
55105 1
55106 1
55107 1
55108 1
55109 1
55110 1
55111 1
55112 1
55113 1
55114 1
55115 1
55116 1
55117 1
55118 1
55119 1
55120 1
56081 3
56082 3
56083 3
56084 3
56085 3
56086 3
56087 3
56088 3
56089 3
56090 3
56091 3
56092 3
56093 3
56094 3
56095 3
56096 3
56097 3
56098 3
56099 3
56100 3
56101 1
56102 1
56103 1
56104 1
56105 1
56106 1
56107 1
56108 1
56109 1
56110 1
56351 1
56352 1
56353 1
56354 1
56355 1
56356 1
56357 1
56358 1
56359 1
56360 1
56361 1
56362 1
56363 1
56364 1
56365 1
56366 1
56367 1
56368 1
56369 1
56370 1
57331 3
57332 3
57333 3
57334 3
57335 3
57336 3
57337 3
57338 3
57339 3
57340 3
57341 3
57342 3
57343 3
57344 3
57345 3
57346 3
57347 3
57348 3
57349 3
57350 3
57351 1
57352 1
57353 1
57354 1
57355 1
57356 1
57357 1
57358 1
57359 1
57360 1
57601 1
57602 1
57603 1
57604 1
57605 1
57606 1
57607 1
57608 1
57609 1
57610 1
57611 1
57612 1
57613 1
57614 1
57615 1
57616 1
57617 1
57618 1
57619 1
57620 1
58581 3
58582 3
58583 3
58584 3
58585 3
58586 3
58587 3
58588 3
58589 3
58590 3
58591 3
58592 3
58593 3
58594 3
58595 3
58596 3
58597 3
58598 3
58599 3
58600 3
58601 1
58602 1
58603 1
58604 1
58605 1
58606 1
58607 1
58608 1
58609 1
58610 1
58851 1
58852 1
58853 1
58854 1
58855 1
58856 1
58857 1
58858 1
58859 1
58860 1
58861 1
58862 1
58863 1
58864 1
58865 1
58866 1
58867 1
58868 1
58869 1
58870 1
59831 3
59832 3
59833 3
59834 3
59835 3
59836 3
59837 3
59838 3
59839 3
59840 3
59841 3
59842 3
59843 3
59844 3
59845 3
59846 3
59847 3
59848 3
59849 3
59850 3
59851 1
59852 1
59853 1
59854 1
59855 1
59856 1
59857 1
59858 1
59859 1
59860 1
60101 1
60102 1
60103 1
60104 1
60105 1
60106 1
60107 1
60108 1
60109 1
60110 1
60111 1
60112 1
60113 1
60114 1
60115 1
60116 1
60117 1
60118 1
60119 1
60120 1
61081 3
61082 3
61083 3
61084 3
61085 3
61086 3
61087 3
61088 3
61089 3
61090 3
61091 3
61092 3
61093 3
61094 3
61095 3
61096 3
61097 3
61098 3
61099 3
61100 3
61101 1
61102 1
61103 1
61104 1
61105 1
61106 1
61107 1
61108 1
61109 1
61110 1
61351 1
61352 1
61353 1
61354 1
61355 1
61356 1
61357 1
61358 1
61359 1
61360 1
61361 1
61362 1
61363 1
61364 1
61365 1
61366 1
61367 1
61368 1
61369 1
61370 1
62331 3
62332 3
62333 3
62334 3
62335 3
62336 3
62337 3
62338 3
62339 3
62340 3
62341 3
62342 3
62343 3
62344 3
62345 3
62346 3
62347 3
62348 3
62349 3
62350 3
62351 1
62352 1
62353 1
62354 1
62355 1
62356 1
62357 1
62358 1
62359 1
62360 1
