2 0.0
650
6111 5
6112 5
6113 5
6114 5
6115 5
6116 5
6117 5
6118 5
6119 5
6120 5
6121 5
6122 5
6123 5
6124 5
6125 5
6126 5
6127 5
6128 5
6129 5
6130 5
6131 5
6132 5
6133 5
6134 5
6135 5
6136 5
6137 5
6138 5
6139 5
6140 5
6141 5
6142 5
6143 5
6144 5
6145 5
6146 5
6147 5
6148 5
6149 5
6150 5
6151 5
6152 5
6153 5
6154 5
6155 5
6156 5
6157 5
6158 5
6159 5
6160 5
6161 5
6162 5
6163 5
6164 5
6165 5
6166 5
6167 5
6168 5
6169 5
6170 5
6171 5
6172 5
6173 5
6174 5
6175 5
6176 5
6177 5
6178 5
6179 5
6180 5
6181 5
6182 5
6183 5
6184 5
6185 5
6186 5
6187 5
6188 5
6189 5
6190 5
6191 5
6192 5
6193 5
6194 5
6195 5
6196 5
6197 5
6198 5
6199 5
6200 5
6201 5
6202 5
6203 5
6204 5
6205 5
6206 5
6207 5
6208 5
6209 5
6210 5
6211 5
6212 5
6213 5
6214 5
6215 5
6216 5
6217 5
6218 5
6219 5
6220 5
6221 5
6222 5
6223 5
6224 5
6225 5
6226 5
6227 5
6228 5
6229 5
6230 5
6231 5
6232 5
6233 5
6234 5
6235 5
6236 5
6237 5
6238 5
6239 5
6240 5
7281 5
7282 5
7283 5
7284 5
7285 5
7286 5
7287 5
7288 5
7289 5
7290 5
7291 5
7292 5
7293 5
7294 5
7295 5
7296 5
7297 5
7298 5
7299 5
7300 5
7301 5
7302 5
7303 5
7304 5
7305 5
7306 5
7307 5
7308 5
7309 5
7310 5
7311 5
7312 5
7313 5
7314 5
7315 5
7316 5
7317 5
7318 5
7319 5
7320 5
7321 5
7322 5
7323 5
7324 5
7325 5
7326 5
7327 5
7328 5
7329 5
7330 5
7331 5
7332 5
7333 5
7334 5
7335 5
7336 5
7337 5
7338 5
7339 5
7340 5
7341 5
7342 5
7343 5
7344 5
7345 5
7346 5
7347 5
7348 5
7349 5
7350 5
7351 5
7352 5
7353 5
7354 5
7355 5
7356 5
7357 5
7358 5
7359 5
7360 5
7361 5
7362 5
7363 5
7364 5
7365 5
7366 5
7367 5
7368 5
7369 5
7370 5
7371 5
7372 5
7373 5
7374 5
7375 5
7376 5
7377 5
7378 5
7379 5
7380 5
7381 5
7382 5
7383 5
7384 5
7385 5
7386 5
7387 5
7388 5
7389 5
7390 5
7391 5
7392 5
7393 5
7394 5
7395 5
7396 5
7397 5
7398 5
7399 5
7400 5
7401 5
7402 5
7403 5
7404 5
7405 5
7406 5
7407 5
7408 5
7409 5
7410 5
5534 2
5543 2
5552 2
5561 2
5570 2
5579 2
5588 2
5597 2
5606 2
5615 2
5624 2
5633 2
5642 2
5651 2
5660 2
5669 2
5678 2
5687 2
5696 2
5705 2
5714 2
5723 2
5732 2
5741 2
5750 2
5759 2
5768 2
5777 2
5786 2
5795 2
5804 2
5813 2
5822 2
5831 2
5840 2
5849 2
5858 2
5867 2
5876 2
5885 2
5894 2
5903 2
5912 2
5921 2
5930 2
5939 2
5948 2
5957 2
5966 2
5975 2
5984 2
5993 2
6002 2
6011 2
6020 2
6029 2
6038 2
6047 2
6056 2
6065 2
6074 2
6083 2
6092 2
6101 2
6110 2
4949 2
4958 2
4967 2
4976 2
4985 2
4994 2
5003 2
5012 2
5021 2
5030 2
5039 2
5048 2
5057 2
5066 2
5075 2
5084 2
5093 2
5102 2
5111 2
5120 2
5129 2
5138 2
5147 2
5156 2
5165 2
5174 2
5183 2
5192 2
5201 2
5210 2
5219 2
5228 2
5237 2
5246 2
5255 2
5264 2
5273 2
5282 2
5291 2
5300 2
5309 2
5318 2
5327 2
5336 2
5345 2
5354 2
5363 2
5372 2
5381 2
5390 2
5399 2
5408 2
5417 2
5426 2
5435 2
5444 2
5453 2
5462 2
5471 2
5480 2
5489 2
5498 2
5507 2
5516 2
5525 2
2609 2
2618 2
2627 2
2636 2
2645 2
2654 2
2663 2
2672 2
2681 2
2690 2
2699 2
2708 2
2717 2
2726 2
2735 2
2744 2
2753 2
2762 2
2771 2
2780 2
2789 2
2798 2
2807 2
2816 2
2825 2
2834 2
2843 2
2852 2
2861 2
2870 2
2879 2
2888 2
2897 2
2906 2
2915 2
2924 2
2933 2
2942 2
2951 2
2960 2
2969 2
2978 2
2987 2
2996 2
3005 2
3014 2
3023 2
3032 2
3041 2
3050 2
3059 2
3068 2
3077 2
3086 2
3095 2
3104 2
3113 2
3122 2
3131 2
3140 2
3149 2
3158 2
3167 2
3176 2
3185 2
3194 2
3203 2
3212 2
3221 2
3230 2
3239 2
3248 2
3257 2
3266 2
3275 2
3284 2
3293 2
3302 2
3311 2
3320 2
3329 2
3338 2
3347 2
3356 2
3365 2
3374 2
3383 2
3392 2
3401 2
3410 2
3419 2
3428 2
3437 2
3446 2
3455 2
3464 2
3473 2
3482 2
3491 2
3500 2
3509 2
3518 2
3527 2
3536 2
3545 2
3554 2
3563 2
3572 2
3581 2
3590 2
3599 2
3608 2
3617 2
3626 2
3635 2
3644 2
3653 2
3662 2
3671 2
3680 2
3689 2
3698 2
3707 2
3716 2
3725 2
3734 2
3743 2
3752 2
3761 2
3770 2
3771 5
3772 5
3773 5
3774 5
3775 5
3776 5
3777 5
3778 5
3779 5
3780 5
3781 5
3782 5
3783 5
3784 5
3785 5
3786 5
3787 5
3788 5
3789 5
3790 5
3791 5
3792 5
3793 5
3794 5
3795 5
3796 5
3797 5
3798 5
3799 5
3800 5
3801 5
3802 5
3803 5
3804 5
3805 5
3806 5
3807 5
3808 5
3809 5
3810 5
3811 5
3812 5
3813 5
3814 5
3815 5
3816 5
3817 5
3818 5
3819 5
3820 5
3821 5
3822 5
3823 5
3824 5
3825 5
3826 5
3827 5
3828 5
3829 5
3830 5
3831 5
3832 5
3833 5
3834 5
3835 5
3836 5
3837 5
3838 5
3839 5
3840 5
3841 5
3842 5
3843 5
3844 5
3845 5
3846 5
3847 5
3848 5
3849 5
3850 5
3851 5
3852 5
3853 5
3854 5
3855 5
3856 5
3857 5
3858 5
3859 5
3860 5
3861 5
3862 5
3863 5
3864 5
3865 5
3866 5
3867 5
3868 5
3869 5
3870 5
3871 5
3872 5
3873 5
3874 5
3875 5
3876 5
3877 5
3878 5
3879 5
3880 5
3881 5
3882 5
3883 5
3884 5
3885 5
3886 5
3887 5
3888 5
3889 5
3890 5
3891 5
3892 5
3893 5
3894 5
3895 5
3896 5
3897 5
3898 5
3899 5
3900 5
