2 0.0
1326
1041 1
1042 1
1043 1
1071 1
1072 1
1073 1
1101 1
1102 1
1103 1
1131 1
1132 1
1133 1
1161 1
1162 1
1163 1
1191 1
1192 1
1193 1
1221 1
1222 1
1223 1
1251 1
1252 1
1253 1
1281 1
1282 1
1283 1
1311 1
1312 1
1313 1
1341 1
1342 1
1343 1
1371 1
1372 1
1373 1
1401 1
1402 1
1403 1
3771 1
3772 1
3773 1
3774 1
3775 1
3776 1
3777 1
3778 1
3779 1
3780 1
3781 1
3782 1
3783 1
3901 1
3902 1
3903 1
3904 1
3905 1
3906 1
3907 1
3908 1
3909 1
3910 1
3911 1
3912 1
3913 1
4031 1
4032 1
4033 1
4034 1
4035 1
4036 1
4037 1
4038 1
4039 1
4040 1
4041 1
4042 1
4043 1
4161 1
4162 1
4163 1
4164 1
4165 1
4166 1
4167 1
4168 1
4169 1
4170 1
4171 1
4172 1
4173 1
4291 1
4292 1
4293 1
4294 1
4295 1
4296 1
4297 1
4298 1
4299 1
4300 1
4301 1
4302 1
4303 1
4421 1
4422 1
4423 1
4424 1
4425 1
4426 1
4427 1
4428 1
4429 1
4430 1
4431 1
4432 1
4433 1
4551 1
4552 1
4553 1
4554 1
4555 1
4556 1
4557 1
4558 1
4559 1
4560 1
4561 1
4562 1
4563 1
4681 1
4682 1
4683 1
4684 1
4685 1
4686 1
4687 1
4688 1
4689 1
4690 1
4691 1
4692 1
4693 1
4811 1
4812 1
4813 1
4814 1
4815 1
4816 1
4817 1
4818 1
4819 1
4820 1
4821 1
4822 1
4823 1
140 2
150 2
160 2
170 2
180 2
190 2
200 2
210 2
220 2
230 2
240 2
250 2
260 2
10 2
20 2
30 2
40 2
50 2
60 2
70 2
80 2
90 2
100 2
110 2
120 2
130 2
768 3
769 3
770 3
771 3
772 3
773 3
774 3
775 3
776 3
777 3
778 3
779 3
780 3
898 3
899 3
900 3
901 3
902 3
903 3
904 3
905 3
906 3
907 3
908 3
909 3
910 3
1028 3
1029 3
1030 3
1031 3
1032 3
1033 3
1034 3
1035 3
1036 3
1037 3
1038 3
1039 3
1040 3
2682 3
2683 3
2684 3
2685 3
2686 3
2687 3
2688 3
2689 3
2690 3
2772 3
2773 3
2774 3
2775 3
2776 3
2777 3
2778 3
2779 3
2780 3
2862 3
2863 3
2864 3
2865 3
2866 3
2867 3
2868 3
2869 3
2870 3
2952 3
2953 3
2954 3
2955 3
2956 3
2957 3
2958 3
2959 3
2960 3
3042 3
3043 3
3044 3
3045 3
3046 3
3047 3
3048 3
3049 3
3050 3
3132 3
3133 3
3134 3
3135 3
3136 3
3137 3
3138 3
3139 3
3140 3
3222 3
3223 3
3224 3
3225 3
3226 3
3227 3
3228 3
3229 3
3230 3
3312 3
3313 3
3314 3
3315 3
3316 3
3317 3
3318 3
3319 3
3320 3
3402 3
3403 3
3404 3
3405 3
3406 3
3407 3
3408 3
3409 3
3410 3
3492 3
3493 3
3494 3
3495 3
3496 3
3497 3
3498 3
3499 3
3500 3
3582 3
3583 3
3584 3
3585 3
3586 3
3587 3
3588 3
3589 3
3590 3
3672 3
3673 3
3674 3
3675 3
3676 3
3677 3
3678 3
3679 3
3680 3
3762 3
3763 3
3764 3
3765 3
3766 3
3767 3
3768 3
3769 3
3770 3
6120 2
6130 2
6140 2
6150 2
6160 2
6170 2
6180 2
6190 2
6200 2
6210 2
6220 2
6230 2
6240 2
6250 2
6260 2
6270 2
6280 2
6290 2
6300 2
6310 2
6320 2
6330 2
6340 2
6350 2
6360 2
6370 2
6380 2
6390 2
6400 2
6410 2
6420 2
6430 2
6440 2
6450 2
6460 2
6470 2
6480 2
6490 2
6500 2
6510 2
6520 2
6530 2
6540 2
6550 2
6560 2
6570 2
6580 2
6590 2
6600 2
6610 2
6620 2
6630 2
6640 2
6650 2
6660 2
6670 2
6680 2
6690 2
6700 2
6710 2
6720 2
6730 2
6740 2
6750 2
6760 2
6770 2
6780 2
6790 2
6800 2
6810 2
6820 2
6830 2
6840 2
6850 2
6860 2
6870 2
6880 2
6890 2
6900 2
6910 2
6920 2
6930 2
6940 2
6950 2
6960 2
6970 2
6980 2
6990 2
7000 2
7010 2
7020 2
7030 2
7040 2
7050 2
7060 2
7070 2
7080 2
7090 2
7100 2
7110 2
7120 2
7130 2
7140 2
7150 2
7160 2
7170 2
7180 2
7190 2
7200 2
7210 2
7220 2
7230 2
7240 2
7250 2
7260 2
7270 2
7280 2
1821 5
1822 5
1823 5
1824 5
1825 5
1826 5
1827 5
1828 5
1829 5
1830 5
1831 5
1832 5
1833 5
1834 5
1835 5
1836 5
1837 5
1838 5
1839 5
1840 5
1841 5
1842 5
1843 5
1844 5
1845 5
1846 5
1847 5
1848 5
1849 5
1850 5
1851 5
1852 5
1853 5
1854 5
1855 5
1856 5
1857 5
1858 5
1859 5
391 5
392 5
393 5
394 5
395 5
396 5
397 5
398 5
399 5
400 5
401 5
402 5
403 5
521 5
522 5
523 5
524 5
525 5
526 5
527 5
528 5
529 5
530 5
531 5
532 5
533 5
2211 5
2212 5
2213 5
2214 5
2215 5
2216 5
2217 5
2218 5
2219 5
2220 5
2221 5
2222 5
2223 5
2224 5
2225 5
2226 5
2227 5
2228 5
2229 5
2230 5
2231 5
2232 5
2233 5
2234 5
2235 5
2236 5
2237 5
2238 5
2239 5
2240 5
2241 5
2242 5
2243 5
2244 5
2245 5
2246 5
2247 5
2248 5
2249 5
7290 2
7300 2
7310 2
7320 2
7330 2
7340 2
7350 2
7360 2
7370 2
7380 2
7390 2
7400 2
7410 2
7420 2
7430 2
7440 2
7450 2
7460 2
7470 2
7480 2
7490 2
7500 2
7510 2
7520 2
7530 2
7540 2
7550 2
7560 2
7570 2
7580 2
7590 2
7600 2
7610 2
7620 2
7630 2
7640 2
7650 2
7660 2
7670 2
7680 2
7690 2
7700 2
7710 2
7720 2
7730 2
7740 2
7750 2
7760 2
7770 2
7780 2
7790 2
7800 2
7810 2
7820 2
7830 2
7840 2
7850 2
7860 2
7870 2
7880 2
7890 2
7900 2
7910 2
7920 2
7930 2
7940 2
7950 2
7960 2
7970 2
7980 2
7990 2
8000 2
8010 2
8020 2
8030 2
8040 2
8050 2
8060 2
8070 2
8080 2
8090 2
8100 2
8110 2
8120 2
8130 2
8140 2
8150 2
8160 2
8170 2
8180 2
8190 2
8200 2
8210 2
8220 2
8230 2
8240 2
8250 2
8260 2
8270 2
8280 2
8290 2
8300 2
8310 2
8320 2
8330 2
8340 2
8350 2
8360 2
8370 2
8380 2
8390 2
8400 2
8410 2
8420 2
8430 2
8440 2
8450 2
6111 5
6112 5
6113 5
6114 5
6115 5
6116 5
6117 5
6118 5
6119 5
6120 5
6121 5
6122 5
6123 5
6124 5
6125 5
6126 5
6127 5
6128 5
6129 5
6130 5
6131 5
6132 5
6133 5
6134 5
6135 5
6136 5
6137 5
6138 5
6139 5
6140 5
6141 5
6142 5
6143 5
6144 5
6145 5
6146 5
6147 5
6148 5
6149 5
6150 5
6151 5
6152 5
6153 5
6154 5
6155 5
6156 5
6157 5
6158 5
6159 5
6160 5
6161 5
6162 5
6163 5
6164 5
6165 5
6166 5
6167 5
6168 5
6169 5
6170 5
6171 5
6172 5
6173 5
6174 5
6175 5
6176 5
6177 5
6178 5
6179 5
6180 5
6181 5
6182 5
6183 5
6184 5
6185 5
6186 5
6187 5
6188 5
6189 5
6190 5
6191 5
6192 5
6193 5
6194 5
6195 5
6196 5
6197 5
6198 5
6199 5
6200 5
6201 5
6202 5
6203 5
6204 5
6205 5
6206 5
6207 5
6208 5
6209 5
6210 5
6211 5
6212 5
6213 5
6214 5
6215 5
6216 5
6217 5
6218 5
6219 5
6220 5
6221 5
6222 5
6223 5
6224 5
6225 5
6226 5
6227 5
6228 5
6229 5
6230 5
6231 5
6232 5
6233 5
6234 5
6235 5
6236 5
6237 5
6238 5
6239 5
6240 5
7281 5
7282 5
7283 5
7284 5
7285 5
7286 5
7287 5
7288 5
7289 5
7290 5
7291 5
7292 5
7293 5
7294 5
7295 5
7296 5
7297 5
7298 5
7299 5
7300 5
7301 5
7302 5
7303 5
7304 5
7305 5
7306 5
7307 5
7308 5
7309 5
7310 5
7311 5
7312 5
7313 5
7314 5
7315 5
7316 5
7317 5
7318 5
7319 5
7320 5
7321 5
7322 5
7323 5
7324 5
7325 5
7326 5
7327 5
7328 5
7329 5
7330 5
7331 5
7332 5
7333 5
7334 5
7335 5
7336 5
7337 5
7338 5
7339 5
7340 5
7341 5
7342 5
7343 5
7344 5
7345 5
7346 5
7347 5
7348 5
7349 5
7350 5
7351 5
7352 5
7353 5
7354 5
7355 5
7356 5
7357 5
7358 5
7359 5
7360 5
7361 5
7362 5
7363 5
7364 5
7365 5
7366 5
7367 5
7368 5
7369 5
7370 5
7371 5
7372 5
7373 5
7374 5
7375 5
7376 5
7377 5
7378 5
7379 5
7380 5
7381 5
7382 5
7383 5
7384 5
7385 5
7386 5
7387 5
7388 5
7389 5
7390 5
7391 5
7392 5
7393 5
7394 5
7395 5
7396 5
7397 5
7398 5
7399 5
7400 5
7401 5
7402 5
7403 5
7404 5
7405 5
7406 5
7407 5
7408 5
7409 5
7410 5
5534 2
5543 2
5552 2
5561 2
5570 2
5579 2
5588 2
5597 2
5606 2
5615 2
5624 2
5633 2
5642 2
5651 2
5660 2
5669 2
5678 2
5687 2
5696 2
5705 2
5714 2
5723 2
5732 2
5741 2
5750 2
5759 2
5768 2
5777 2
5786 2
5795 2
5804 2
5813 2
5822 2
5831 2
5840 2
5849 2
5858 2
5867 2
5876 2
5885 2
5894 2
5903 2
5912 2
5921 2
5930 2
5939 2
5948 2
5957 2
5966 2
5975 2
5984 2
5993 2
6002 2
6011 2
6020 2
6029 2
6038 2
6047 2
6056 2
6065 2
6074 2
6083 2
6092 2
6101 2
6110 2
4949 2
4958 2
4967 2
4976 2
4985 2
4994 2
5003 2
5012 2
5021 2
5030 2
5039 2
5048 2
5057 2
5066 2
5075 2
5084 2
5093 2
5102 2
5111 2
5120 2
5129 2
5138 2
5147 2
5156 2
5165 2
5174 2
5183 2
5192 2
5201 2
5210 2
5219 2
5228 2
5237 2
5246 2
5255 2
5264 2
5273 2
5282 2
5291 2
5300 2
5309 2
5318 2
5327 2
5336 2
5345 2
5354 2
5363 2
5372 2
5381 2
5390 2
5399 2
5408 2
5417 2
5426 2
5435 2
5444 2
5453 2
5462 2
5471 2
5480 2
5489 2
5498 2
5507 2
5516 2
5525 2
2609 2
2618 2
2627 2
2636 2
2645 2
2654 2
2663 2
2672 2
2681 2
2690 2
2699 2
2708 2
2717 2
2726 2
2735 2
2744 2
2753 2
2762 2
2771 2
2780 2
2789 2
2798 2
2807 2
2816 2
2825 2
2834 2
2843 2
2852 2
2861 2
2870 2
2879 2
2888 2
2897 2
2906 2
2915 2
2924 2
2933 2
2942 2
2951 2
2960 2
2969 2
2978 2
2987 2
2996 2
3005 2
3014 2
3023 2
3032 2
3041 2
3050 2
3059 2
3068 2
3077 2
3086 2
3095 2
3104 2
3113 2
3122 2
3131 2
3140 2
3149 2
3158 2
3167 2
3176 2
3185 2
3194 2
3203 2
3212 2
3221 2
3230 2
3239 2
3248 2
3257 2
3266 2
3275 2
3284 2
3293 2
3302 2
3311 2
3320 2
3329 2
3338 2
3347 2
3356 2
3365 2
3374 2
3383 2
3392 2
3401 2
3410 2
3419 2
3428 2
3437 2
3446 2
3455 2
3464 2
3473 2
3482 2
3491 2
3500 2
3509 2
3518 2
3527 2
3536 2
3545 2
3554 2
3563 2
3572 2
3581 2
3590 2
3599 2
3608 2
3617 2
3626 2
3635 2
3644 2
3653 2
3662 2
3671 2
3680 2
3689 2
3698 2
3707 2
3716 2
3725 2
3734 2
3743 2
3752 2
3761 2
3770 2
3771 5
3772 5
3773 5
3774 5
3775 5
3776 5
3777 5
3778 5
3779 5
3780 5
3781 5
3782 5
3783 5
3784 5
3785 5
3786 5
3787 5
3788 5
3789 5
3790 5
3791 5
3792 5
3793 5
3794 5
3795 5
3796 5
3797 5
3798 5
3799 5
3800 5
3801 5
3802 5
3803 5
3804 5
3805 5
3806 5
3807 5
3808 5
3809 5
3810 5
3811 5
3812 5
3813 5
3814 5
3815 5
3816 5
3817 5
3818 5
3819 5
3820 5
3821 5
3822 5
3823 5
3824 5
3825 5
3826 5
3827 5
3828 5
3829 5
3830 5
3831 5
3832 5
3833 5
3834 5
3835 5
3836 5
3837 5
3838 5
3839 5
3840 5
3841 5
3842 5
3843 5
3844 5
3845 5
3846 5
3847 5
3848 5
3849 5
3850 5
3851 5
3852 5
3853 5
3854 5
3855 5
3856 5
3857 5
3858 5
3859 5
3860 5
3861 5
3862 5
3863 5
3864 5
3865 5
3866 5
3867 5
3868 5
3869 5
3870 5
3871 5
3872 5
3873 5
3874 5
3875 5
3876 5
3877 5
3878 5
3879 5
3880 5
3881 5
3882 5
3883 5
3884 5
3885 5
3886 5
3887 5
3888 5
3889 5
3890 5
3891 5
3892 5
3893 5
3894 5
3895 5
3896 5
3897 5
3898 5
3899 5
3900 5
21 0.0025
15
1626 4
1639 4
1652 4
1665 4
1678 4
1691 4
1704 4
1717 4
1730 4
1743 4
1756 4
1769 4
1782 4
1795 4
1808 4
21 -0.0025
15
1443 2
1456 2
1469 2
1482 2
1495 2
1508 2
1521 2
1534 2
1547 2
1560 2
1573 2
1586 2
1599 2
1612 2
1625 2
