2 0.0
10600
7643 5
7644 5
7647 5
7648 5
7251 5
7252 5
7255 5
7256 5
6859 5
6860 5
6863 5
6864 5
6467 5
6468 5
6471 5
6472 5
6075 5
6076 5
6079 5
6080 5
5683 5
5684 5
5687 5
5688 5
5291 5
5292 5
5295 5
5296 5
4899 5
4900 5
4903 5
4904 5
4507 5
4508 5
4511 5
4512 5
4115 5
4116 5
4119 5
4120 5
206 4
205 4
208 4
207 4
598 4
597 4
600 4
599 4
990 4
989 4
992 4
991 4
1382 4
1381 4
1384 4
1383 4
1774 4
1773 4
1776 4
1775 4
2166 4
2165 4
2168 4
2167 4
2558 4
2557 4
2560 4
2559 4
2950 4
2949 4
2952 4
2951 4
3342 4
3341 4
3344 4
3343 4
3734 4
3733 4
3736 4
3735 4
4126 4
4125 4
4128 4
4127 4
4518 4
4517 4
4520 4
4519 4
4910 4
4909 4
4912 4
4911 4
5302 4
5301 4
5304 4
5303 4
5694 4
5693 4
5696 4
5695 4
6086 4
6085 4
6088 4
6087 4
6478 4
6477 4
6480 4
6479 4
6870 4
6869 4
6872 4
6871 4
7262 4
7261 4
7264 4
7263 4
7654 4
7653 4
7656 4
7655 4
200 5
199 5
196 5
195 5
592 5
591 5
588 5
587 5
984 5
983 5
980 5
979 5
1376 5
1375 5
1372 5
1371 5
1768 5
1767 5
1764 5
1763 5
2160 5
2159 5
2156 5
2155 5
2552 5
2551 5
2548 5
2547 5
2944 5
2943 5
2940 5
2939 5
3336 5
3335 5
3332 5
3331 5
3728 5
3727 5
3724 5
3723 5
11568 5
11567 5
11564 5
11563 5
11176 5
11175 5
11172 5
11171 5
10784 5
10783 5
10780 5
10779 5
10392 5
10391 5
10388 5
10387 5
10000 5
9999 5
9996 5
9995 5
8025 2
8026 2
8027 2
8028 2
8417 2
8418 2
8419 2
8420 2
8809 2
8810 2
8811 2
8812 2
9201 2
9202 2
9203 2
9204 2
9593 2
9594 2
9595 2
9596 2
9985 2
9986 2
9987 2
9988 2
10377 2
10378 2
10379 2
10380 2
10769 2
10770 2
10771 2
10772 2
11161 2
11162 2
11163 2
11164 2
11553 2
11554 2
11555 2
11556 2
8035 5
8036 5
8039 5
8040 5
8427 5
8428 5
8431 5
8432 5
8819 5
8820 5
8823 5
8824 5
9211 5
9212 5
9215 5
9216 5
9603 5
9604 5
9607 5
9608 5
19403 5
19404 5
19407 5
19408 5
19011 5
19012 5
19015 5
19016 5
18619 5
18620 5
18623 5
18624 5
18227 5
18228 5
18231 5
18232 5
17835 5
17836 5
17839 5
17840 5
17443 5
17444 5
17447 5
17448 5
17051 5
17052 5
17055 5
17056 5
16659 5
16660 5
16663 5
16664 5
16267 5
16268 5
16271 5
16272 5
15875 5
15876 5
15879 5
15880 5
11966 4
11965 4
11968 4
11967 4
12358 4
12357 4
12360 4
12359 4
12750 4
12749 4
12752 4
12751 4
13142 4
13141 4
13144 4
13143 4
13534 4
13533 4
13536 4
13535 4
13926 4
13925 4
13928 4
13927 4
14318 4
14317 4
14320 4
14319 4
14710 4
14709 4
14712 4
14711 4
15102 4
15101 4
15104 4
15103 4
15494 4
15493 4
15496 4
15495 4
15886 4
15885 4
15888 4
15887 4
16278 4
16277 4
16280 4
16279 4
16670 4
16669 4
16672 4
16671 4
17062 4
17061 4
17064 4
17063 4
17454 4
17453 4
17456 4
17455 4
17846 4
17845 4
17848 4
17847 4
18238 4
18237 4
18240 4
18239 4
18630 4
18629 4
18632 4
18631 4
19022 4
19021 4
19024 4
19023 4
19414 4
19413 4
19416 4
19415 4
11960 5
11959 5
11956 5
11955 5
12352 5
12351 5
12348 5
12347 5
12744 5
12743 5
12740 5
12739 5
13136 5
13135 5
13132 5
13131 5
13528 5
13527 5
13524 5
13523 5
13920 5
13919 5
13916 5
13915 5
14312 5
14311 5
14308 5
14307 5
14704 5
14703 5
14700 5
14699 5
15096 5
15095 5
15092 5
15091 5
15488 5
15487 5
15484 5
15483 5
20088 5
20087 5
20084 5
20083 5
20616 5
20615 5
20612 5
20611 5
21144 5
21143 5
21140 5
21139 5
21672 5
21671 5
21668 5
21667 5
22200 5
22199 5
22196 5
22195 5
22728 5
22727 5
22724 5
22723 5
23256 5
23255 5
23252 5
23251 5
23784 5
23783 5
23780 5
23779 5
24312 5
24311 5
24308 5
24307 5
24840 5
24839 5
24836 5
24835 5
25368 5
25367 5
25364 5
25363 5
25896 5
25895 5
25892 5
25891 5
26424 5
26423 5
26420 5
26419 5
26952 5
26951 5
26948 5
26947 5
27480 5
27479 5
27476 5
27475 5
28008 5
28007 5
28004 5
28003 5
28536 5
28535 5
28532 5
28531 5
29064 5
29063 5
29060 5
29059 5
29592 5
29591 5
29588 5
29587 5
30120 5
30119 5
30116 5
30115 5
30091 5
30092 5
30095 5
30096 5
29563 5
29564 5
29567 5
29568 5
29035 5
29036 5
29039 5
29040 5
28507 5
28508 5
28511 5
28512 5
27979 5
27980 5
27983 5
27984 5
27451 5
27452 5
27455 5
27456 5
26923 5
26924 5
26927 5
26928 5
26395 5
26396 5
26399 5
26400 5
25867 5
25868 5
25871 5
25872 5
25339 5
25340 5
25343 5
25344 5
24811 5
24812 5
24815 5
24816 5
24283 5
24284 5
24287 5
24288 5
23755 5
23756 5
23759 5
23760 5
23227 5
23228 5
23231 5
23232 5
22699 5
22700 5
22703 5
22704 5
22171 5
22172 5
22175 5
22176 5
21643 5
21644 5
21647 5
21648 5
21115 5
21116 5
21119 5
21120 5
20587 5
20588 5
20591 5
20592 5
20059 5
20060 5
20063 5
20064 5
30099 5
30100 5
30103 5
30104 5
29571 5
29572 5
29575 5
29576 5
29043 5
29044 5
29047 5
29048 5
28515 5
28516 5
28519 5
28520 5
27987 5
27988 5
27991 5
27992 5
27459 5
27460 5
27463 5
27464 5
26931 5
26932 5
26935 5
26936 5
26403 5
26404 5
26407 5
26408 5
25875 5
25876 5
25879 5
25880 5
25347 5
25348 5
25351 5
25352 5
24819 5
24820 5
24823 5
24824 5
24291 5
24292 5
24295 5
24296 5
23763 5
23764 5
23767 5
23768 5
23235 5
23236 5
23239 5
23240 5
22707 5
22708 5
22711 5
22712 5
22179 5
22180 5
22183 5
22184 5
21651 5
21652 5
21655 5
21656 5
21123 5
21124 5
21127 5
21128 5
20595 5
20596 5
20599 5
20600 5
20067 5
20068 5
20071 5
20072 5
30107 5
30108 5
30111 5
30112 5
29579 5
29580 5
29583 5
29584 5
29051 5
29052 5
29055 5
29056 5
28523 5
28524 5
28527 5
28528 5
27995 5
27996 5
27999 5
28000 5
27467 5
27468 5
27471 5
27472 5
26939 5
26940 5
26943 5
26944 5
26411 5
26412 5
26415 5
26416 5
25883 5
25884 5
25887 5
25888 5
25355 5
25356 5
25359 5
25360 5
24827 5
24828 5
24831 5
24832 5
24299 5
24300 5
24303 5
24304 5
23771 5
23772 5
23775 5
23776 5
23243 5
23244 5
23247 5
23248 5
22715 5
22716 5
22719 5
22720 5
22187 5
22188 5
22191 5
22192 5
21659 5
21660 5
21663 5
21664 5
21131 5
21132 5
21135 5
21136 5
20603 5
20604 5
20607 5
20608 5
20075 5
20076 5
20079 5
20080 5
30203 5
30204 5
30207 5
30208 5
30731 5
30732 5
30735 5
30736 5
31259 5
31260 5
31263 5
31264 5
31787 5
31788 5
31791 5
31792 5
32315 5
32316 5
32319 5
32320 5
32843 5
32844 5
32847 5
32848 5
33371 5
33372 5
33375 5
33376 5
33899 5
33900 5
33903 5
33904 5
34427 5
34428 5
34431 5
34432 5
34955 5
34956 5
34959 5
34960 5
34984 5
34983 5
34980 5
34979 5
34456 5
34455 5
34452 5
34451 5
33928 5
33927 5
33924 5
33923 5
33400 5
33399 5
33396 5
33395 5
32872 5
32871 5
32868 5
32867 5
32344 5
32343 5
32340 5
32339 5
31816 5
31815 5
31812 5
31811 5
31288 5
31287 5
31284 5
31283 5
30760 5
30759 5
30756 5
30755 5
30232 5
30231 5
30228 5
30227 5
34976 5
34975 5
34972 5
34971 5
34448 5
34447 5
34444 5
34443 5
33920 5
33919 5
33916 5
33915 5
33392 5
33391 5
33388 5
33387 5
32864 5
32863 5
32860 5
32859 5
32336 5
32335 5
32332 5
32331 5
31808 5
31807 5
31804 5
31803 5
31280 5
31279 5
31276 5
31275 5
30752 5
30751 5
30748 5
30747 5
30224 5
30223 5
30220 5
30219 5
34968 5
34967 5
34964 5
34963 5
34440 5
34439 5
34436 5
34435 5
33912 5
33911 5
33908 5
33907 5
33384 5
33383 5
33380 5
33379 5
32856 5
32855 5
32852 5
32851 5
32328 5
32327 5
32324 5
32323 5
31800 5
31799 5
31796 5
31795 5
31272 5
31271 5
31268 5
31267 5
30744 5
30743 5
30740 5
30739 5
30216 5
30215 5
30212 5
30211 5
35928 5
35927 5
35924 5
35923 5
36456 5
36455 5
36452 5
36451 5
36984 5
36983 5
36980 5
36979 5
37512 5
37511 5
37508 5
37507 5
38040 5
38039 5
38036 5
38035 5
38568 5
38567 5
38564 5
38563 5
39096 5
39095 5
39092 5
39091 5
39624 5
39623 5
39620 5
39619 5
40152 5
40151 5
40148 5
40147 5
40680 5
40679 5
40676 5
40675 5
41208 5
41207 5
41204 5
41203 5
41736 5
41735 5
41732 5
41731 5
42264 5
42263 5
42260 5
42259 5
42792 5
42791 5
42788 5
42787 5
43320 5
43319 5
43316 5
43315 5
43848 5
43847 5
43844 5
43843 5
44376 5
44375 5
44372 5
44371 5
44904 5
44903 5
44900 5
44899 5
45432 5
45431 5
45428 5
45427 5
45960 5
45959 5
45956 5
45955 5
45931 5
45932 5
45935 5
45936 5
45403 5
45404 5
45407 5
45408 5
44875 5
44876 5
44879 5
44880 5
44347 5
44348 5
44351 5
44352 5
43819 5
43820 5
43823 5
43824 5
43291 5
43292 5
43295 5
43296 5
42763 5
42764 5
42767 5
42768 5
42235 5
42236 5
42239 5
42240 5
41707 5
41708 5
41711 5
41712 5
41179 5
41180 5
41183 5
41184 5
40651 5
40652 5
40655 5
40656 5
40123 5
40124 5
40127 5
40128 5
39595 5
39596 5
39599 5
39600 5
39067 5
39068 5
39071 5
39072 5
38539 5
38540 5
38543 5
38544 5
38011 5
38012 5
38015 5
38016 5
37483 5
37484 5
37487 5
37488 5
36955 5
36956 5
36959 5
36960 5
36427 5
36428 5
36431 5
36432 5
35899 5
35900 5
35903 5
35904 5
45939 5
45940 5
45943 5
45944 5
45411 5
45412 5
45415 5
45416 5
44883 5
44884 5
44887 5
44888 5
44355 5
44356 5
44359 5
44360 5
43827 5
43828 5
43831 5
43832 5
43299 5
43300 5
43303 5
43304 5
42771 5
42772 5
42775 5
42776 5
42243 5
42244 5
42247 5
42248 5
41715 5
41716 5
41719 5
41720 5
41187 5
41188 5
41191 5
41192 5
40659 5
40660 5
40663 5
40664 5
40131 5
40132 5
40135 5
40136 5
39603 5
39604 5
39607 5
39608 5
39075 5
39076 5
39079 5
39080 5
38547 5
38548 5
38551 5
38552 5
38019 5
38020 5
38023 5
38024 5
37491 5
37492 5
37495 5
37496 5
36963 5
36964 5
36967 5
36968 5
36435 5
36436 5
36439 5
36440 5
35907 5
35908 5
35911 5
35912 5
45947 5
45948 5
45951 5
45952 5
45419 5
45420 5
45423 5
45424 5
44891 5
44892 5
44895 5
44896 5
44363 5
44364 5
44367 5
44368 5
43835 5
43836 5
43839 5
43840 5
43307 5
43308 5
43311 5
43312 5
42779 5
42780 5
42783 5
42784 5
42251 5
42252 5
42255 5
42256 5
41723 5
41724 5
41727 5
41728 5
41195 5
41196 5
41199 5
41200 5
40667 5
40668 5
40671 5
40672 5
40139 5
40140 5
40143 5
40144 5
39611 5
39612 5
39615 5
39616 5
39083 5
39084 5
39087 5
39088 5
38555 5
38556 5
38559 5
38560 5
38027 5
38028 5
38031 5
38032 5
37499 5
37500 5
37503 5
37504 5
36971 5
36972 5
36975 5
36976 5
36443 5
36444 5
36447 5
36448 5
35915 5
35916 5
35919 5
35920 5
47282 6
47281 6
47286 6
47285 6
48594 6
48593 6
48598 6
48597 6
49906 6
49905 6
49910 6
49909 6
51218 6
51217 6
51222 6
51221 6
52530 6
52529 6
52534 6
52533 6
53842 6
53841 6
53846 6
53845 6
55154 6
55153 6
55158 6
55157 6
56466 6
56465 6
56470 6
56469 6
57778 6
57777 6
57782 6
57781 6
59090 6
59089 6
59094 6
59093 6
60402 6
60401 6
60406 6
60405 6
61714 6
61713 6
61718 6
61717 6
63026 6
63025 6
63030 6
63029 6
64338 6
64337 6
64342 6
64341 6
65650 6
65649 6
65654 6
65653 6
66962 6
66961 6
66966 6
66965 6
68274 6
68273 6
68278 6
68277 6
69586 6
69585 6
69590 6
69589 6
70898 6
70897 6
70902 6
70901 6
72210 6
72209 6
72214 6
72213 6
47266 6
47265 6
47270 6
47269 6
48578 6
48577 6
48582 6
48581 6
49890 6
49889 6
49894 6
49893 6
51202 6
51201 6
51206 6
51205 6
52514 6
52513 6
52518 6
52517 6
53826 6
53825 6
53830 6
53829 6
55138 6
55137 6
55142 6
55141 6
56450 6
56449 6
56454 6
56453 6
57762 6
57761 6
57766 6
57765 6
59074 6
59073 6
59078 6
59077 6
60386 6
60385 6
60390 6
60389 6
61698 6
61697 6
61702 6
61701 6
63010 6
63009 6
63014 6
63013 6
64322 6
64321 6
64326 6
64325 6
65634 6
65633 6
65638 6
65637 6
66946 6
66945 6
66950 6
66949 6
68258 6
68257 6
68262 6
68261 6
69570 6
69569 6
69574 6
69573 6
70882 6
70881 6
70886 6
70885 6
72194 6
72193 6
72198 6
72197 6
47254 4
47253 4
47256 4
47255 4
48566 4
48565 4
48568 4
48567 4
49878 4
49877 4
49880 4
49879 4
51190 4
51189 4
51192 4
51191 4
52502 4
52501 4
52504 4
52503 4
53814 4
53813 4
53816 4
53815 4
55126 4
55125 4
55128 4
55127 4
56438 4
56437 4
56440 4
56439 4
57750 4
57749 4
57752 4
57751 4
59062 4
59061 4
59064 4
59063 4
60374 4
60373 4
60376 4
60375 4
61686 4
61685 4
61688 4
61687 4
62998 4
62997 4
63000 4
62999 4
64310 4
64309 4
64312 4
64311 4
65622 4
65621 4
65624 4
65623 4
66934 4
66933 4
66936 4
66935 4
68246 4
68245 4
68248 4
68247 4
69558 4
69557 4
69560 4
69559 4
70870 4
70869 4
70872 4
70871 4
72182 4
72181 4
72184 4
72183 4
46952 5
46951 5
46948 5
46947 5
48264 5
48263 5
48260 5
48259 5
49576 5
49575 5
49572 5
49571 5
50888 5
50887 5
50884 5
50883 5
52200 5
52199 5
52196 5
52195 5
53512 5
53511 5
53508 5
53507 5
54824 5
54823 5
54820 5
54819 5
56136 5
56135 5
56132 5
56131 5
57448 5
57447 5
57444 5
57443 5
58760 5
58759 5
58756 5
58755 5
60072 5
60071 5
60068 5
60067 5
61384 5
61383 5
61380 5
61379 5
62696 5
62695 5
62692 5
62691 5
64008 5
64007 5
64004 5
64003 5
65320 5
65319 5
65316 5
65315 5
66632 5
66631 5
66628 5
66627 5
67944 5
67943 5
67940 5
67939 5
69256 5
69255 5
69252 5
69251 5
70568 5
70567 5
70564 5
70563 5
71880 5
71879 5
71876 5
71875 5
46944 5
46943 5
46940 5
46939 5
48256 5
48255 5
48252 5
48251 5
49568 5
49567 5
49564 5
49563 5
50880 5
50879 5
50876 5
50875 5
52192 5
52191 5
52188 5
52187 5
53504 5
53503 5
53500 5
53499 5
54816 5
54815 5
54812 5
54811 5
56128 5
56127 5
56124 5
56123 5
57440 5
57439 5
57436 5
57435 5
58752 5
58751 5
58748 5
58747 5
71993 2
71994 2
71995 2
71996 2
70681 2
70682 2
70683 2
70684 2
69369 2
69370 2
69371 2
69372 2
68057 2
68058 2
68059 2
68060 2
66745 2
66746 2
66747 2
66748 2
65433 2
65434 2
65435 2
65436 2
64121 2
64122 2
64123 2
64124 2
62809 2
62810 2
62811 2
62812 2
61497 2
61498 2
61499 2
61500 2
60185 2
60186 2
60187 2
60188 2
58873 2
58874 2
58875 2
58876 2
57561 2
57562 2
57563 2
57564 2
56249 2
56250 2
56251 2
56252 2
54937 2
54938 2
54939 2
54940 2
53625 2
53626 2
53627 2
53628 2
52313 2
52314 2
52315 2
52316 2
51001 2
51002 2
51003 2
51004 2
49689 2
49690 2
49691 2
49692 2
48377 2
48378 2
48379 2
48380 2
47065 2
47066 2
47067 2
47068 2
71771 5
71772 5
71775 5
71776 5
70459 5
70460 5
70463 5
70464 5
69147 5
69148 5
69151 5
69152 5
67835 5
67836 5
67839 5
67840 5
66523 5
66524 5
66527 5
66528 5
65211 5
65212 5
65215 5
65216 5
63899 5
63900 5
63903 5
63904 5
62587 5
62588 5
62591 5
62592 5
61275 5
61276 5
61279 5
61280 5
59963 5
59964 5
59967 5
59968 5
58651 5
58652 5
58655 5
58656 5
57339 5
57340 5
57343 5
57344 5
56027 5
56028 5
56031 5
56032 5
54715 5
54716 5
54719 5
54720 5
53403 5
53404 5
53407 5
53408 5
52091 5
52092 5
52095 5
52096 5
50779 5
50780 5
50783 5
50784 5
49467 5
49468 5
49471 5
49472 5
48155 5
48156 5
48159 5
48160 5
46843 5
46844 5
46847 5
46848 5
71779 5
71780 5
71783 5
71784 5
70467 5
70468 5
70471 5
70472 5
69155 5
69156 5
69159 5
69160 5
67843 5
67844 5
67847 5
67848 5
66531 5
66532 5
66535 5
66536 5
65219 5
65220 5
65223 5
65224 5
63907 5
63908 5
63911 5
63912 5
62595 5
62596 5
62599 5
62600 5
61283 5
61284 5
61287 5
61288 5
59971 5
59972 5
59975 5
59976 5
58659 5
58660 5
58663 5
58664 5
57347 5
57348 5
57351 5
57352 5
56035 5
56036 5
56039 5
56040 5
54723 5
54724 5
54727 5
54728 5
53411 5
53412 5
53415 5
53416 5
52099 5
52100 5
52103 5
52104 5
50787 5
50788 5
50791 5
50792 5
49475 5
49476 5
49479 5
49480 5
48163 5
48164 5
48167 5
48168 5
46851 5
46852 5
46855 5
46856 5
71787 5
71788 5
71791 5
71792 5
70475 5
70476 5
70479 5
70480 5
69163 5
69164 5
69167 5
69168 5
67851 5
67852 5
67855 5
67856 5
66539 5
66540 5
66543 5
66544 5
65227 5
65228 5
65231 5
65232 5
63915 5
63916 5
63919 5
63920 5
62603 5
62604 5
62607 5
62608 5
61291 5
61292 5
61295 5
61296 5
59979 5
59980 5
59983 5
59984 5
58667 5
58668 5
58671 5
58672 5
57355 5
57356 5
57359 5
57360 5
56043 5
56044 5
56047 5
56048 5
54731 5
54732 5
54735 5
54736 5
53419 5
53420 5
53423 5
53424 5
52107 5
52108 5
52111 5
52112 5
50795 5
50796 5
50799 5
50800 5
49483 5
49484 5
49487 5
49488 5
48171 5
48172 5
48175 5
48176 5
46859 5
46860 5
46863 5
46864 5
71795 5
71796 5
71799 5
71800 5
70483 5
70484 5
70487 5
70488 5
69171 5
69172 5
69175 5
69176 5
67859 5
67860 5
67863 5
67864 5
66547 5
66548 5
66551 5
66552 5
65235 5
65236 5
65239 5
65240 5
63923 5
63924 5
63927 5
63928 5
62611 5
62612 5
62615 5
62616 5
61299 5
61300 5
61303 5
61304 5
59987 5
59988 5
59991 5
59992 5
58675 5
58676 5
58679 5
58680 5
57363 5
57364 5
57367 5
57368 5
56051 5
56052 5
56055 5
56056 5
54739 5
54740 5
54743 5
54744 5
53427 5
53428 5
53431 5
53432 5
52115 5
52116 5
52119 5
52120 5
50803 5
50804 5
50807 5
50808 5
49491 5
49492 5
49495 5
49496 5
48179 5
48180 5
48183 5
48184 5
46867 5
46868 5
46871 5
46872 5
71803 5
71804 5
71807 5
71808 5
70491 5
70492 5
70495 5
70496 5
69179 5
69180 5
69183 5
69184 5
67867 5
67868 5
67871 5
67872 5
66555 5
66556 5
66559 5
66560 5
65243 5
65244 5
65247 5
65248 5
63931 5
63932 5
63935 5
63936 5
62619 5
62620 5
62623 5
62624 5
61307 5
61308 5
61311 5
61312 5
59995 5
59996 5
59999 5
60000 5
58683 5
58684 5
58687 5
58688 5
57371 5
57372 5
57375 5
57376 5
56059 5
56060 5
56063 5
56064 5
54747 5
54748 5
54751 5
54752 5
53435 5
53436 5
53439 5
53440 5
52123 5
52124 5
52127 5
52128 5
50811 5
50812 5
50815 5
50816 5
49499 5
49500 5
49503 5
49504 5
48187 5
48188 5
48191 5
48192 5
46875 5
46876 5
46879 5
46880 5
71811 5
71812 5
71815 5
71816 5
70499 5
70500 5
70503 5
70504 5
69187 5
69188 5
69191 5
69192 5
67875 5
67876 5
67879 5
67880 5
66563 5
66564 5
66567 5
66568 5
65251 5
65252 5
65255 5
65256 5
63939 5
63940 5
63943 5
63944 5
62627 5
62628 5
62631 5
62632 5
61315 5
61316 5
61319 5
61320 5
60003 5
60004 5
60007 5
60008 5
58691 5
58692 5
58695 5
58696 5
57379 5
57380 5
57383 5
57384 5
56067 5
56068 5
56071 5
56072 5
54755 5
54756 5
54759 5
54760 5
53443 5
53444 5
53447 5
53448 5
52131 5
52132 5
52135 5
52136 5
50819 5
50820 5
50823 5
50824 5
49507 5
49508 5
49511 5
49512 5
48195 5
48196 5
48199 5
48200 5
46883 5
46884 5
46887 5
46888 5
71819 5
71820 5
71823 5
71824 5
70507 5
70508 5
70511 5
70512 5
69195 5
69196 5
69199 5
69200 5
67883 5
67884 5
67887 5
67888 5
66571 5
66572 5
66575 5
66576 5
65259 5
65260 5
65263 5
65264 5
63947 5
63948 5
63951 5
63952 5
62635 5
62636 5
62639 5
62640 5
61323 5
61324 5
61327 5
61328 5
60011 5
60012 5
60015 5
60016 5
58699 5
58700 5
58703 5
58704 5
57387 5
57388 5
57391 5
57392 5
56075 5
56076 5
56079 5
56080 5
54763 5
54764 5
54767 5
54768 5
53451 5
53452 5
53455 5
53456 5
52139 5
52140 5
52143 5
52144 5
50827 5
50828 5
50831 5
50832 5
49515 5
49516 5
49519 5
49520 5
48203 5
48204 5
48207 5
48208 5
46891 5
46892 5
46895 5
46896 5
71827 5
71828 5
71831 5
71832 5
70515 5
70516 5
70519 5
70520 5
69203 5
69204 5
69207 5
69208 5
67891 5
67892 5
67895 5
67896 5
66579 5
66580 5
66583 5
66584 5
65267 5
65268 5
65271 5
65272 5
63955 5
63956 5
63959 5
63960 5
62643 5
62644 5
62647 5
62648 5
61331 5
61332 5
61335 5
61336 5
60019 5
60020 5
60023 5
60024 5
58707 5
58708 5
58711 5
58712 5
57395 5
57396 5
57399 5
57400 5
56083 5
56084 5
56087 5
56088 5
54771 5
54772 5
54775 5
54776 5
53459 5
53460 5
53463 5
53464 5
52147 5
52148 5
52151 5
52152 5
50835 5
50836 5
50839 5
50840 5
49523 5
49524 5
49527 5
49528 5
48211 5
48212 5
48215 5
48216 5
46899 5
46900 5
46903 5
46904 5
71835 5
71836 5
71839 5
71840 5
70523 5
70524 5
70527 5
70528 5
69211 5
69212 5
69215 5
69216 5
67899 5
67900 5
67903 5
67904 5
66587 5
66588 5
66591 5
66592 5
65275 5
65276 5
65279 5
65280 5
63963 5
63964 5
63967 5
63968 5
62651 5
62652 5
62655 5
62656 5
61339 5
61340 5
61343 5
61344 5
60027 5
60028 5
60031 5
60032 5
58715 5
58716 5
58719 5
58720 5
57403 5
57404 5
57407 5
57408 5
56091 5
56092 5
56095 5
56096 5
54779 5
54780 5
54783 5
54784 5
53467 5
53468 5
53471 5
53472 5
52155 5
52156 5
52159 5
52160 5
50843 5
50844 5
50847 5
50848 5
49531 5
49532 5
49535 5
49536 5
48219 5
48220 5
48223 5
48224 5
46907 5
46908 5
46911 5
46912 5
71843 5
71844 5
71847 5
71848 5
70531 5
70532 5
70535 5
70536 5
69219 5
69220 5
69223 5
69224 5
67907 5
67908 5
67911 5
67912 5
66595 5
66596 5
66599 5
66600 5
65283 5
65284 5
65287 5
65288 5
63971 5
63972 5
63975 5
63976 5
62659 5
62660 5
62663 5
62664 5
61347 5
61348 5
61351 5
61352 5
60035 5
60036 5
60039 5
60040 5
58723 5
58724 5
58727 5
58728 5
57411 5
57412 5
57415 5
57416 5
56099 5
56100 5
56103 5
56104 5
54787 5
54788 5
54791 5
54792 5
53475 5
53476 5
53479 5
53480 5
52163 5
52164 5
52167 5
52168 5
50851 5
50852 5
50855 5
50856 5
49539 5
49540 5
49543 5
49544 5
48227 5
48228 5
48231 5
48232 5
46915 5
46916 5
46919 5
46920 5
71851 5
71852 5
71855 5
71856 5
70539 5
70540 5
70543 5
70544 5
69227 5
69228 5
69231 5
69232 5
67915 5
67916 5
67919 5
67920 5
66603 5
66604 5
66607 5
66608 5
65291 5
65292 5
65295 5
65296 5
63979 5
63980 5
63983 5
63984 5
62667 5
62668 5
62671 5
62672 5
61355 5
61356 5
61359 5
61360 5
60043 5
60044 5
60047 5
60048 5
58731 5
58732 5
58735 5
58736 5
57419 5
57420 5
57423 5
57424 5
56107 5
56108 5
56111 5
56112 5
54795 5
54796 5
54799 5
54800 5
53483 5
53484 5
53487 5
53488 5
52171 5
52172 5
52175 5
52176 5
50859 5
50860 5
50863 5
50864 5
49547 5
49548 5
49551 5
49552 5
48235 5
48236 5
48239 5
48240 5
46923 5
46924 5
46927 5
46928 5
71859 5
71860 5
71863 5
71864 5
70547 5
70548 5
70551 5
70552 5
69235 5
69236 5
69239 5
69240 5
67923 5
67924 5
67927 5
67928 5
66611 5
66612 5
66615 5
66616 5
65299 5
65300 5
65303 5
65304 5
63987 5
63988 5
63991 5
63992 5
62675 5
62676 5
62679 5
62680 5
61363 5
61364 5
61367 5
61368 5
60051 5
60052 5
60055 5
60056 5
58739 5
58740 5
58743 5
58744 5
57427 5
57428 5
57431 5
57432 5
56115 5
56116 5
56119 5
56120 5
54803 5
54804 5
54807 5
54808 5
53491 5
53492 5
53495 5
53496 5
52179 5
52180 5
52183 5
52184 5
50867 5
50868 5
50871 5
50872 5
49555 5
49556 5
49559 5
49560 5
48243 5
48244 5
48247 5
48248 5
46931 5
46932 5
46935 5
46936 5
71867 5
71868 5
71871 5
71872 5
70555 5
70556 5
70559 5
70560 5
69243 5
69244 5
69247 5
69248 5
67931 5
67932 5
67935 5
67936 5
66619 5
66620 5
66623 5
66624 5
65307 5
65308 5
65311 5
65312 5
63995 5
63996 5
63999 5
64000 5
62683 5
62684 5
62687 5
62688 5
61371 5
61372 5
61375 5
61376 5
60059 5
60060 5
60063 5
60064 5
72269 6
72270 6
72265 6
72266 6
73581 6
73582 6
73577 6
73578 6
74893 6
74894 6
74889 6
74890 6
76205 6
76206 6
76201 6
76202 6
77517 6
77518 6
77513 6
77514 6
78829 6
78830 6
78825 6
78826 6
80141 6
80142 6
80137 6
80138 6
81453 6
81454 6
81449 6
81450 6
82765 6
82766 6
82761 6
82762 6
84077 6
84078 6
84073 6
84074 6
72285 6
72286 6
72281 6
72282 6
73597 6
73598 6
73593 6
73594 6
74909 6
74910 6
74905 6
74906 6
76221 6
76222 6
76217 6
76218 6
77533 6
77534 6
77529 6
77530 6
78845 6
78846 6
78841 6
78842 6
80157 6
80158 6
80153 6
80154 6
81469 6
81470 6
81465 6
81466 6
82781 6
82782 6
82777 6
82778 6
84093 6
84094 6
84089 6
84090 6
72297 2
72298 2
72299 2
72300 2
73609 2
73610 2
73611 2
73612 2
74921 2
74922 2
74923 2
74924 2
76233 2
76234 2
76235 2
76236 2
77545 2
77546 2
77547 2
77548 2
78857 2
78858 2
78859 2
78860 2
80169 2
80170 2
80171 2
80172 2
81481 2
81482 2
81483 2
81484 2
82793 2
82794 2
82795 2
82796 2
84105 2
84106 2
84107 2
84108 2
72603 5
72604 5
72607 5
72608 5
73915 5
73916 5
73919 5
73920 5
75227 5
75228 5
75231 5
75232 5
76539 5
76540 5
76543 5
76544 5
77851 5
77852 5
77855 5
77856 5
79163 5
79164 5
79167 5
79168 5
80475 5
80476 5
80479 5
80480 5
81787 5
81788 5
81791 5
81792 5
83099 5
83100 5
83103 5
83104 5
84411 5
84412 5
84415 5
84416 5
72611 5
72612 5
72615 5
72616 5
73923 5
73924 5
73927 5
73928 5
75235 5
75236 5
75239 5
75240 5
76547 5
76548 5
76551 5
76552 5
77859 5
77860 5
77863 5
77864 5
84294 4
84293 4
84296 4
84295 4
82982 4
82981 4
82984 4
82983 4
81670 4
81669 4
81672 4
81671 4
80358 4
80357 4
80360 4
80359 4
79046 4
79045 4
79048 4
79047 4
77734 4
77733 4
77736 4
77735 4
76422 4
76421 4
76424 4
76423 4
75110 4
75109 4
75112 4
75111 4
73798 4
73797 4
73800 4
73799 4
72486 4
72485 4
72488 4
72487 4
84520 5
84519 5
84516 5
84515 5
83208 5
83207 5
83204 5
83203 5
81896 5
81895 5
81892 5
81891 5
80584 5
80583 5
80580 5
80579 5
79272 5
79271 5
79268 5
79267 5
77960 5
77959 5
77956 5
77955 5
76648 5
76647 5
76644 5
76643 5
75336 5
75335 5
75332 5
75331 5
74024 5
74023 5
74020 5
74019 5
72712 5
72711 5
72708 5
72707 5
84512 5
84511 5
84508 5
84507 5
83200 5
83199 5
83196 5
83195 5
81888 5
81887 5
81884 5
81883 5
80576 5
80575 5
80572 5
80571 5
79264 5
79263 5
79260 5
79259 5
77952 5
77951 5
77948 5
77947 5
76640 5
76639 5
76636 5
76635 5
75328 5
75327 5
75324 5
75323 5
74016 5
74015 5
74012 5
74011 5
72704 5
72703 5
72700 5
72699 5
84504 5
84503 5
84500 5
84499 5
83192 5
83191 5
83188 5
83187 5
81880 5
81879 5
81876 5
81875 5
80568 5
80567 5
80564 5
80563 5
79256 5
79255 5
79252 5
79251 5
77944 5
77943 5
77940 5
77939 5
76632 5
76631 5
76628 5
76627 5
75320 5
75319 5
75316 5
75315 5
74008 5
74007 5
74004 5
74003 5
72696 5
72695 5
72692 5
72691 5
84496 5
84495 5
84492 5
84491 5
83184 5
83183 5
83180 5
83179 5
81872 5
81871 5
81868 5
81867 5
80560 5
80559 5
80556 5
80555 5
79248 5
79247 5
79244 5
79243 5
77936 5
77935 5
77932 5
77931 5
76624 5
76623 5
76620 5
76619 5
75312 5
75311 5
75308 5
75307 5
74000 5
73999 5
73996 5
73995 5
72688 5
72687 5
72684 5
72683 5
84488 5
84487 5
84484 5
84483 5
83176 5
83175 5
83172 5
83171 5
81864 5
81863 5
81860 5
81859 5
80552 5
80551 5
80548 5
80547 5
79240 5
79239 5
79236 5
79235 5
77928 5
77927 5
77924 5
77923 5
76616 5
76615 5
76612 5
76611 5
75304 5
75303 5
75300 5
75299 5
73992 5
73991 5
73988 5
73987 5
72680 5
72679 5
72676 5
72675 5
84480 5
84479 5
84476 5
84475 5
83168 5
83167 5
83164 5
83163 5
81856 5
81855 5
81852 5
81851 5
80544 5
80543 5
80540 5
80539 5
79232 5
79231 5
79228 5
79227 5
77920 5
77919 5
77916 5
77915 5
76608 5
76607 5
76604 5
76603 5
75296 5
75295 5
75292 5
75291 5
73984 5
73983 5
73980 5
73979 5
72672 5
72671 5
72668 5
72667 5
84472 5
84471 5
84468 5
84467 5
83160 5
83159 5
83156 5
83155 5
81848 5
81847 5
81844 5
81843 5
80536 5
80535 5
80532 5
80531 5
79224 5
79223 5
79220 5
79219 5
77912 5
77911 5
77908 5
77907 5
76600 5
76599 5
76596 5
76595 5
75288 5
75287 5
75284 5
75283 5
73976 5
73975 5
73972 5
73971 5
72664 5
72663 5
72660 5
72659 5
84464 5
84463 5
84460 5
84459 5
83152 5
83151 5
83148 5
83147 5
81840 5
81839 5
81836 5
81835 5
80528 5
80527 5
80524 5
80523 5
79216 5
79215 5
79212 5
79211 5
77904 5
77903 5
77900 5
77899 5
76592 5
76591 5
76588 5
76587 5
75280 5
75279 5
75276 5
75275 5
73968 5
73967 5
73964 5
73963 5
72656 5
72655 5
72652 5
72651 5
84456 5
84455 5
84452 5
84451 5
83144 5
83143 5
83140 5
83139 5
81832 5
81831 5
81828 5
81827 5
80520 5
80519 5
80516 5
80515 5
79208 5
79207 5
79204 5
79203 5
77896 5
77895 5
77892 5
77891 5
76584 5
76583 5
76580 5
76579 5
75272 5
75271 5
75268 5
75267 5
73960 5
73959 5
73956 5
73955 5
72648 5
72647 5
72644 5
72643 5
84448 5
84447 5
84444 5
84443 5
83136 5
83135 5
83132 5
83131 5
81824 5
81823 5
81820 5
81819 5
80512 5
80511 5
80508 5
80507 5
79200 5
79199 5
79196 5
79195 5
77888 5
77887 5
77884 5
77883 5
76576 5
76575 5
76572 5
76571 5
75264 5
75263 5
75260 5
75259 5
73952 5
73951 5
73948 5
73947 5
72640 5
72639 5
72636 5
72635 5
84440 5
84439 5
84436 5
84435 5
83128 5
83127 5
83124 5
83123 5
81816 5
81815 5
81812 5
81811 5
80504 5
80503 5
80500 5
80499 5
79192 5
79191 5
79188 5
79187 5
77880 5
77879 5
77876 5
77875 5
76568 5
76567 5
76564 5
76563 5
75256 5
75255 5
75252 5
75251 5
73944 5
73943 5
73940 5
73939 5
72632 5
72631 5
72628 5
72627 5
84432 5
84431 5
84428 5
84427 5
83120 5
83119 5
83116 5
83115 5
81808 5
81807 5
81804 5
81803 5
80496 5
80495 5
80492 5
80491 5
79184 5
79183 5
79180 5
79179 5
77872 5
77871 5
77868 5
77867 5
76560 5
76559 5
76556 5
76555 5
75248 5
75247 5
75244 5
75243 5
73936 5
73935 5
73932 5
73931 5
72624 5
72623 5
72620 5
72619 5
84424 5
84423 5
84420 5
84419 5
83112 5
83111 5
83108 5
83107 5
81800 5
81799 5
81796 5
81795 5
80488 5
80487 5
80484 5
80483 5
79176 5
79175 5
79172 5
79171 5
86642 6
86641 6
86646 6
86645 6
87954 6
87953 6
87958 6
87957 6
89266 6
89265 6
89270 6
89269 6
90578 6
90577 6
90582 6
90581 6
91890 6
91889 6
91894 6
91893 6
93202 6
93201 6
93206 6
93205 6
94514 6
94513 6
94518 6
94517 6
95826 6
95825 6
95830 6
95829 6
97138 6
97137 6
97142 6
97141 6
98450 6
98449 6
98454 6
98453 6
99762 6
99761 6
99766 6
99765 6
101074 6
101073 6
101078 6
101077 6
102386 6
102385 6
102390 6
102389 6
103698 6
103697 6
103702 6
103701 6
105010 6
105009 6
105014 6
105013 6
106322 6
106321 6
106326 6
106325 6
107634 6
107633 6
107638 6
107637 6
108946 6
108945 6
108950 6
108949 6
110258 6
110257 6
110262 6
110261 6
111570 6
111569 6
111574 6
111573 6
86626 6
86625 6
86630 6
86629 6
87938 6
87937 6
87942 6
87941 6
89250 6
89249 6
89254 6
89253 6
90562 6
90561 6
90566 6
90565 6
91874 6
91873 6
91878 6
91877 6
93186 6
93185 6
93190 6
93189 6
94498 6
94497 6
94502 6
94501 6
95810 6
95809 6
95814 6
95813 6
97122 6
97121 6
97126 6
97125 6
98434 6
98433 6
98438 6
98437 6
99746 6
99745 6
99750 6
99749 6
101058 6
101057 6
101062 6
101061 6
102370 6
102369 6
102374 6
102373 6
103682 6
103681 6
103686 6
103685 6
104994 6
104993 6
104998 6
104997 6
106306 6
106305 6
106310 6
106309 6
107618 6
107617 6
107622 6
107621 6
108930 6
108929 6
108934 6
108933 6
110242 6
110241 6
110246 6
110245 6
111554 6
111553 6
111558 6
111557 6
86614 4
86613 4
86616 4
86615 4
87926 4
87925 4
87928 4
87927 4
89238 4
89237 4
89240 4
89239 4
90550 4
90549 4
90552 4
90551 4
91862 4
91861 4
91864 4
91863 4
93174 4
93173 4
93176 4
93175 4
94486 4
94485 4
94488 4
94487 4
95798 4
95797 4
95800 4
95799 4
97110 4
97109 4
97112 4
97111 4
98422 4
98421 4
98424 4
98423 4
99734 4
99733 4
99736 4
99735 4
101046 4
101045 4
101048 4
101047 4
102358 4
102357 4
102360 4
102359 4
103670 4
103669 4
103672 4
103671 4
104982 4
104981 4
104984 4
104983 4
106294 4
106293 4
106296 4
106295 4
107606 4
107605 4
107608 4
107607 4
108918 4
108917 4
108920 4
108919 4
110230 4
110229 4
110232 4
110231 4
111542 4
111541 4
111544 4
111543 4
86312 5
86311 5
86308 5
86307 5
87624 5
87623 5
87620 5
87619 5
88936 5
88935 5
88932 5
88931 5
90248 5
90247 5
90244 5
90243 5
91560 5
91559 5
91556 5
91555 5
92872 5
92871 5
92868 5
92867 5
94184 5
94183 5
94180 5
94179 5
95496 5
95495 5
95492 5
95491 5
96808 5
96807 5
96804 5
96803 5
98120 5
98119 5
98116 5
98115 5
99432 5
99431 5
99428 5
99427 5
100744 5
100743 5
100740 5
100739 5
102056 5
102055 5
102052 5
102051 5
103368 5
103367 5
103364 5
103363 5
104680 5
104679 5
104676 5
104675 5
105992 5
105991 5
105988 5
105987 5
107304 5
107303 5
107300 5
107299 5
108616 5
108615 5
108612 5
108611 5
109928 5
109927 5
109924 5
109923 5
111240 5
111239 5
111236 5
111235 5
86304 5
86303 5
86300 5
86299 5
87616 5
87615 5
87612 5
87611 5
88928 5
88927 5
88924 5
88923 5
90240 5
90239 5
90236 5
90235 5
91552 5
91551 5
91548 5
91547 5
92864 5
92863 5
92860 5
92859 5
94176 5
94175 5
94172 5
94171 5
95488 5
95487 5
95484 5
95483 5
96800 5
96799 5
96796 5
96795 5
98112 5
98111 5
98108 5
98107 5
111353 2
111354 2
111355 2
111356 2
110041 2
110042 2
110043 2
110044 2
108729 2
108730 2
108731 2
108732 2
107417 2
107418 2
107419 2
107420 2
106105 2
106106 2
106107 2
106108 2
104793 2
104794 2
104795 2
104796 2
103481 2
103482 2
103483 2
103484 2
102169 2
102170 2
102171 2
102172 2
100857 2
100858 2
100859 2
100860 2
99545 2
99546 2
99547 2
99548 2
98233 2
98234 2
98235 2
98236 2
96921 2
96922 2
96923 2
96924 2
95609 2
95610 2
95611 2
95612 2
94297 2
94298 2
94299 2
94300 2
92985 2
92986 2
92987 2
92988 2
91673 2
91674 2
91675 2
91676 2
90361 2
90362 2
90363 2
90364 2
89049 2
89050 2
89051 2
89052 2
87737 2
87738 2
87739 2
87740 2
86425 2
86426 2
86427 2
86428 2
111131 5
111132 5
111135 5
111136 5
109819 5
109820 5
109823 5
109824 5
108507 5
108508 5
108511 5
108512 5
107195 5
107196 5
107199 5
107200 5
105883 5
105884 5
105887 5
105888 5
104571 5
104572 5
104575 5
104576 5
103259 5
103260 5
103263 5
103264 5
101947 5
101948 5
101951 5
101952 5
100635 5
100636 5
100639 5
100640 5
99323 5
99324 5
99327 5
99328 5
98011 5
98012 5
98015 5
98016 5
96699 5
96700 5
96703 5
96704 5
95387 5
95388 5
95391 5
95392 5
94075 5
94076 5
94079 5
94080 5
92763 5
92764 5
92767 5
92768 5
91451 5
91452 5
91455 5
91456 5
90139 5
90140 5
90143 5
90144 5
88827 5
88828 5
88831 5
88832 5
87515 5
87516 5
87519 5
87520 5
86203 5
86204 5
86207 5
86208 5
111139 5
111140 5
111143 5
111144 5
109827 5
109828 5
109831 5
109832 5
108515 5
108516 5
108519 5
108520 5
107203 5
107204 5
107207 5
107208 5
105891 5
105892 5
105895 5
105896 5
104579 5
104580 5
104583 5
104584 5
103267 5
103268 5
103271 5
103272 5
101955 5
101956 5
101959 5
101960 5
100643 5
100644 5
100647 5
100648 5
99331 5
99332 5
99335 5
99336 5
98019 5
98020 5
98023 5
98024 5
96707 5
96708 5
96711 5
96712 5
95395 5
95396 5
95399 5
95400 5
94083 5
94084 5
94087 5
94088 5
92771 5
92772 5
92775 5
92776 5
91459 5
91460 5
91463 5
91464 5
90147 5
90148 5
90151 5
90152 5
88835 5
88836 5
88839 5
88840 5
87523 5
87524 5
87527 5
87528 5
86211 5
86212 5
86215 5
86216 5
111147 5
111148 5
111151 5
111152 5
109835 5
109836 5
109839 5
109840 5
108523 5
108524 5
108527 5
108528 5
107211 5
107212 5
107215 5
107216 5
105899 5
105900 5
105903 5
105904 5
104587 5
104588 5
104591 5
104592 5
103275 5
103276 5
103279 5
103280 5
101963 5
101964 5
101967 5
101968 5
100651 5
100652 5
100655 5
100656 5
99339 5
99340 5
99343 5
99344 5
98027 5
98028 5
98031 5
98032 5
96715 5
96716 5
96719 5
96720 5
95403 5
95404 5
95407 5
95408 5
94091 5
94092 5
94095 5
94096 5
92779 5
92780 5
92783 5
92784 5
91467 5
91468 5
91471 5
91472 5
90155 5
90156 5
90159 5
90160 5
88843 5
88844 5
88847 5
88848 5
87531 5
87532 5
87535 5
87536 5
86219 5
86220 5
86223 5
86224 5
111155 5
111156 5
111159 5
111160 5
109843 5
109844 5
109847 5
109848 5
108531 5
108532 5
108535 5
108536 5
107219 5
107220 5
107223 5
107224 5
105907 5
105908 5
105911 5
105912 5
104595 5
104596 5
104599 5
104600 5
103283 5
103284 5
103287 5
103288 5
101971 5
101972 5
101975 5
101976 5
100659 5
100660 5
100663 5
100664 5
99347 5
99348 5
99351 5
99352 5
98035 5
98036 5
98039 5
98040 5
96723 5
96724 5
96727 5
96728 5
95411 5
95412 5
95415 5
95416 5
94099 5
94100 5
94103 5
94104 5
92787 5
92788 5
92791 5
92792 5
91475 5
91476 5
91479 5
91480 5
90163 5
90164 5
90167 5
90168 5
88851 5
88852 5
88855 5
88856 5
87539 5
87540 5
87543 5
87544 5
86227 5
86228 5
86231 5
86232 5
111163 5
111164 5
111167 5
111168 5
109851 5
109852 5
109855 5
109856 5
108539 5
108540 5
108543 5
108544 5
107227 5
107228 5
107231 5
107232 5
105915 5
105916 5
105919 5
105920 5
104603 5
104604 5
104607 5
104608 5
103291 5
103292 5
103295 5
103296 5
101979 5
101980 5
101983 5
101984 5
100667 5
100668 5
100671 5
100672 5
99355 5
99356 5
99359 5
99360 5
98043 5
98044 5
98047 5
98048 5
96731 5
96732 5
96735 5
96736 5
95419 5
95420 5
95423 5
95424 5
94107 5
94108 5
94111 5
94112 5
92795 5
92796 5
92799 5
92800 5
91483 5
91484 5
91487 5
91488 5
90171 5
90172 5
90175 5
90176 5
88859 5
88860 5
88863 5
88864 5
87547 5
87548 5
87551 5
87552 5
86235 5
86236 5
86239 5
86240 5
111171 5
111172 5
111175 5
111176 5
109859 5
109860 5
109863 5
109864 5
108547 5
108548 5
108551 5
108552 5
107235 5
107236 5
107239 5
107240 5
105923 5
105924 5
105927 5
105928 5
104611 5
104612 5
104615 5
104616 5
103299 5
103300 5
103303 5
103304 5
101987 5
101988 5
101991 5
101992 5
100675 5
100676 5
100679 5
100680 5
99363 5
99364 5
99367 5
99368 5
98051 5
98052 5
98055 5
98056 5
96739 5
96740 5
96743 5
96744 5
95427 5
95428 5
95431 5
95432 5
94115 5
94116 5
94119 5
94120 5
92803 5
92804 5
92807 5
92808 5
91491 5
91492 5
91495 5
91496 5
90179 5
90180 5
90183 5
90184 5
88867 5
88868 5
88871 5
88872 5
87555 5
87556 5
87559 5
87560 5
86243 5
86244 5
86247 5
86248 5
111179 5
111180 5
111183 5
111184 5
109867 5
109868 5
109871 5
109872 5
108555 5
108556 5
108559 5
108560 5
107243 5
107244 5
107247 5
107248 5
105931 5
105932 5
105935 5
105936 5
104619 5
104620 5
104623 5
104624 5
103307 5
103308 5
103311 5
103312 5
101995 5
101996 5
101999 5
102000 5
100683 5
100684 5
100687 5
100688 5
99371 5
99372 5
99375 5
99376 5
98059 5
98060 5
98063 5
98064 5
96747 5
96748 5
96751 5
96752 5
95435 5
95436 5
95439 5
95440 5
94123 5
94124 5
94127 5
94128 5
92811 5
92812 5
92815 5
92816 5
91499 5
91500 5
91503 5
91504 5
90187 5
90188 5
90191 5
90192 5
88875 5
88876 5
88879 5
88880 5
87563 5
87564 5
87567 5
87568 5
86251 5
86252 5
86255 5
86256 5
111187 5
111188 5
111191 5
111192 5
109875 5
109876 5
109879 5
109880 5
108563 5
108564 5
108567 5
108568 5
107251 5
107252 5
107255 5
107256 5
105939 5
105940 5
105943 5
105944 5
104627 5
104628 5
104631 5
104632 5
103315 5
103316 5
103319 5
103320 5
102003 5
102004 5
102007 5
102008 5
100691 5
100692 5
100695 5
100696 5
99379 5
99380 5
99383 5
99384 5
98067 5
98068 5
98071 5
98072 5
96755 5
96756 5
96759 5
96760 5
95443 5
95444 5
95447 5
95448 5
94131 5
94132 5
94135 5
94136 5
92819 5
92820 5
92823 5
92824 5
91507 5
91508 5
91511 5
91512 5
90195 5
90196 5
90199 5
90200 5
88883 5
88884 5
88887 5
88888 5
87571 5
87572 5
87575 5
87576 5
86259 5
86260 5
86263 5
86264 5
111195 5
111196 5
111199 5
111200 5
109883 5
109884 5
109887 5
109888 5
108571 5
108572 5
108575 5
108576 5
107259 5
107260 5
107263 5
107264 5
105947 5
105948 5
105951 5
105952 5
104635 5
104636 5
104639 5
104640 5
103323 5
103324 5
103327 5
103328 5
102011 5
102012 5
102015 5
102016 5
100699 5
100700 5
100703 5
100704 5
99387 5
99388 5
99391 5
99392 5
98075 5
98076 5
98079 5
98080 5
96763 5
96764 5
96767 5
96768 5
95451 5
95452 5
95455 5
95456 5
94139 5
94140 5
94143 5
94144 5
92827 5
92828 5
92831 5
92832 5
91515 5
91516 5
91519 5
91520 5
90203 5
90204 5
90207 5
90208 5
88891 5
88892 5
88895 5
88896 5
87579 5
87580 5
87583 5
87584 5
86267 5
86268 5
86271 5
86272 5
111203 5
111204 5
111207 5
111208 5
109891 5
109892 5
109895 5
109896 5
108579 5
108580 5
108583 5
108584 5
107267 5
107268 5
107271 5
107272 5
105955 5
105956 5
105959 5
105960 5
104643 5
104644 5
104647 5
104648 5
103331 5
103332 5
103335 5
103336 5
102019 5
102020 5
102023 5
102024 5
100707 5
100708 5
100711 5
100712 5
99395 5
99396 5
99399 5
99400 5
98083 5
98084 5
98087 5
98088 5
96771 5
96772 5
96775 5
96776 5
95459 5
95460 5
95463 5
95464 5
94147 5
94148 5
94151 5
94152 5
92835 5
92836 5
92839 5
92840 5
91523 5
91524 5
91527 5
91528 5
90211 5
90212 5
90215 5
90216 5
88899 5
88900 5
88903 5
88904 5
87587 5
87588 5
87591 5
87592 5
86275 5
86276 5
86279 5
86280 5
111211 5
111212 5
111215 5
111216 5
109899 5
109900 5
109903 5
109904 5
108587 5
108588 5
108591 5
108592 5
107275 5
107276 5
107279 5
107280 5
105963 5
105964 5
105967 5
105968 5
104651 5
104652 5
104655 5
104656 5
103339 5
103340 5
103343 5
103344 5
102027 5
102028 5
102031 5
102032 5
100715 5
100716 5
100719 5
100720 5
99403 5
99404 5
99407 5
99408 5
98091 5
98092 5
98095 5
98096 5
96779 5
96780 5
96783 5
96784 5
95467 5
95468 5
95471 5
95472 5
94155 5
94156 5
94159 5
94160 5
92843 5
92844 5
92847 5
92848 5
91531 5
91532 5
91535 5
91536 5
90219 5
90220 5
90223 5
90224 5
88907 5
88908 5
88911 5
88912 5
87595 5
87596 5
87599 5
87600 5
86283 5
86284 5
86287 5
86288 5
111219 5
111220 5
111223 5
111224 5
109907 5
109908 5
109911 5
109912 5
108595 5
108596 5
108599 5
108600 5
107283 5
107284 5
107287 5
107288 5
105971 5
105972 5
105975 5
105976 5
104659 5
104660 5
104663 5
104664 5
103347 5
103348 5
103351 5
103352 5
102035 5
102036 5
102039 5
102040 5
100723 5
100724 5
100727 5
100728 5
99411 5
99412 5
99415 5
99416 5
98099 5
98100 5
98103 5
98104 5
96787 5
96788 5
96791 5
96792 5
95475 5
95476 5
95479 5
95480 5
94163 5
94164 5
94167 5
94168 5
92851 5
92852 5
92855 5
92856 5
91539 5
91540 5
91543 5
91544 5
90227 5
90228 5
90231 5
90232 5
88915 5
88916 5
88919 5
88920 5
87603 5
87604 5
87607 5
87608 5
86291 5
86292 5
86295 5
86296 5
111227 5
111228 5
111231 5
111232 5
109915 5
109916 5
109919 5
109920 5
108603 5
108604 5
108607 5
108608 5
107291 5
107292 5
107295 5
107296 5
105979 5
105980 5
105983 5
105984 5
104667 5
104668 5
104671 5
104672 5
103355 5
103356 5
103359 5
103360 5
102043 5
102044 5
102047 5
102048 5
100731 5
100732 5
100735 5
100736 5
99419 5
99420 5
99423 5
99424 5
319804 5
319808 5
319803 5
319807 5
319976 4
319974 4
319975 4
319973 4
325220 5
325224 5
325219 5
325223 5
325392 4
325390 4
325391 4
325389 4
330636 5
330640 5
330635 5
330639 5
330808 4
330806 4
330807 4
330805 4
336052 5
336056 5
336051 5
336055 5
336224 4
336222 4
336223 4
336221 4
341468 5
341472 5
341467 5
341471 5
341640 4
341638 4
341639 4
341637 4
422877 4
422879 4
422878 4
422880 4
422711 5
422707 5
422712 5
422708 5
417461 4
417463 4
417462 4
417464 4
417295 5
417291 5
417296 5
417292 5
412045 4
412047 4
412046 4
412048 4
411879 5
411875 5
411880 5
411876 5
406629 4
406631 4
406630 4
406632 4
406463 5
406459 5
406464 5
406460 5
401213 4
401215 4
401214 4
401216 4
401047 5
401043 5
401048 5
401044 5
395797 4
395799 4
395798 4
395800 4
395631 5
395627 5
395632 5
395628 5
390381 4
390383 4
390382 4
390384 4
390215 5
390211 5
390216 5
390212 5
384965 4
384967 4
384966 4
384968 4
384799 5
384795 5
384800 5
384796 5
379549 4
379551 4
379550 4
379552 4
379383 5
379379 5
379384 5
379380 5
374133 4
374135 4
374134 4
374136 4
373967 5
373963 5
373968 5
373964 5
368717 4
368719 4
368718 4
368720 4
368551 5
368547 5
368552 5
368548 5
363301 4
363303 4
363302 4
363304 4
363135 5
363131 5
363136 5
363132 5
357885 4
357887 4
357886 4
357888 4
357719 5
357715 5
357720 5
357716 5
352469 4
352471 4
352470 4
352472 4
352303 5
352299 5
352304 5
352300 5
347053 4
347055 4
347054 4
347056 4
346887 5
346883 5
346888 5
346884 5
261215 5
261211 5
261216 5
261212 5
261043 2
261041 2
261044 2
261042 2
266631 5
266627 5
266632 5
266628 5
266459 2
266457 2
266460 2
266458 2
272047 5
272043 5
272048 5
272044 5
309786 2
309788 2
309785 2
309787 2
309956 5
309960 5
309955 5
309959 5
304370 2
304372 2
304369 2
304371 2
304540 5
304544 5
304539 5
304543 5
298954 2
298956 2
298953 2
298955 2
299124 5
299128 5
299123 5
299127 5
293538 2
293540 2
293537 2
293539 2
293708 5
293712 5
293707 5
293711 5
288122 2
288124 2
288121 2
288123 2
288292 5
288296 5
288291 5
288295 5
282706 2
282708 2
282705 2
282707 2
282876 5
282880 5
282875 5
282879 5
277290 2
277292 2
277289 2
277291 2
277460 5
277464 5
277459 5
277463 5
271874 2
271876 2
271873 2
271875 2
260397 4
260399 4
260398 4
260400 4
260231 5
260227 5
260232 5
260228 5
254981 4
254983 4
254982 4
254984 4
254815 5
254811 5
254816 5
254812 5
249565 4
249567 4
249566 4
249568 4
249399 5
249395 5
249400 5
249396 5
244149 4
244151 4
244150 4
244152 4
243983 5
243979 5
243984 5
243980 5
238733 4
238735 4
238734 4
238736 4
238567 5
238563 5
238568 5
238564 5
157324 5
157328 5
157323 5
157327 5
157496 4
157494 4
157495 4
157493 4
162740 5
162744 5
162739 5
162743 5
162912 4
162910 4
162911 4
162909 4
168156 5
168160 5
168155 5
168159 5
168328 4
168326 4
168327 4
168325 4
173572 5
173576 5
173571 5
173575 5
173744 4
173742 4
173743 4
173741 4
178988 5
178992 5
178987 5
178991 5
179160 4
179158 4
179159 4
179157 4
184404 5
184408 5
184403 5
184407 5
184576 4
184574 4
184575 4
184573 4
189820 5
189824 5
189819 5
189823 5
189992 4
189990 4
189991 4
189989 4
195236 5
195240 5
195235 5
195239 5
195408 4
195406 4
195407 4
195405 4
200652 5
200656 5
200651 5
200655 5
200824 4
200822 4
200823 4
200821 4
206068 5
206072 5
206067 5
206071 5
206240 4
206238 4
206239 4
206237 4
211484 5
211488 5
211483 5
211487 5
211656 4
211654 4
211655 4
211653 4
216900 5
216904 5
216899 5
216903 5
217072 4
217070 4
217071 4
217069 4
222316 5
222320 5
222315 5
222319 5
222488 4
222486 4
222487 4
222485 4
227732 5
227736 5
227731 5
227735 5
227904 4
227902 4
227903 4
227901 4
233148 5
233152 5
233147 5
233151 5
233320 4
233318 4
233319 4
233317 4
120490 6
120489 6
120494 6
120493 6
120786 6
120785 6
120790 6
120789 6
121082 6
121081 6
121086 6
121085 6
121378 6
121377 6
121382 6
121381 6
121674 6
121673 6
121678 6
121677 6
121970 6
121969 6
121974 6
121973 6
122266 6
122265 6
122270 6
122269 6
122562 6
122561 6
122566 6
122565 6
122858 6
122857 6
122862 6
122861 6
123154 6
123153 6
123158 6
123157 6
126107 5
126108 5
126111 5
126112 5
125811 5
125812 5
125815 5
125816 5
125515 5
125516 5
125519 5
125520 5
125219 5
125220 5
125223 5
125224 5
124923 5
124924 5
124927 5
124928 5
124627 5
124628 5
124631 5
124632 5
124331 5
124332 5
124335 5
124336 5
124035 5
124036 5
124039 5
124040 5
123739 5
123740 5
123743 5
123744 5
123443 5
123444 5
123447 5
123448 5
123147 5
123148 5
123151 5
123152 5
122851 5
122852 5
122855 5
122856 5
122555 5
122556 5
122559 5
122560 5
122259 5
122260 5
122263 5
122264 5
121963 5
121964 5
121967 5
121968 5
121667 5
121668 5
121671 5
121672 5
121371 5
121372 5
121375 5
121376 5
121075 5
121076 5
121079 5
121080 5
120779 5
120780 5
120783 5
120784 5
120483 5
120484 5
120487 5
120488 5
126117 6
126118 6
126113 6
126114 6
125821 6
125822 6
125817 6
125818 6
125525 6
125526 6
125521 6
125522 6
125229 6
125230 6
125225 6
125226 6
124933 6
124934 6
124929 6
124930 6
124637 6
124638 6
124633 6
124634 6
124341 6
124342 6
124337 6
124338 6
124045 6
124046 6
124041 6
124042 6
123749 6
123750 6
123745 6
123746 6
123453 6
123454 6
123449 6
123450 6
117805 6
117806 6
117801 6
117802 6
118101 6
118102 6
118097 6
118098 6
118397 6
118398 6
118393 6
118394 6
118693 6
118694 6
118689 6
118690 6
118989 6
118990 6
118985 6
118986 6
120480 5
120479 5
120476 5
120475 5
120184 5
120183 5
120180 5
120179 5
119888 5
119887 5
119884 5
119883 5
119592 5
119591 5
119588 5
119587 5
119296 5
119295 5
119292 5
119291 5
119000 5
118999 5
118996 5
118995 5
118704 5
118703 5
118700 5
118699 5
118408 5
118407 5
118404 5
118403 5
118112 5
118111 5
118108 5
118107 5
117816 5
117815 5
117812 5
117811 5
120466 6
120465 6
120470 6
120469 6
120170 6
120169 6
120174 6
120173 6
119874 6
119873 6
119878 6
119877 6
119578 6
119577 6
119582 6
119581 6
119282 6
119281 6
119286 6
119285 6
111610 6
111609 6
111614 6
111613 6
111906 6
111905 6
111910 6
111909 6
112202 6
112201 6
112206 6
112205 6
112498 6
112497 6
112502 6
112501 6
112794 6
112793 6
112798 6
112797 6
113090 6
113089 6
113094 6
113093 6
113386 6
113385 6
113390 6
113389 6
113682 6
113681 6
113686 6
113685 6
113978 6
113977 6
113982 6
113981 6
114274 6
114273 6
114278 6
114277 6
117227 5
117228 5
117231 5
117232 5
116931 5
116932 5
116935 5
116936 5
116635 5
116636 5
116639 5
116640 5
116339 5
116340 5
116343 5
116344 5
116043 5
116044 5
116047 5
116048 5
115747 5
115748 5
115751 5
115752 5
115451 5
115452 5
115455 5
115456 5
115155 5
115156 5
115159 5
115160 5
114859 5
114860 5
114863 5
114864 5
114563 5
114564 5
114567 5
114568 5
114267 5
114268 5
114271 5
114272 5
113971 5
113972 5
113975 5
113976 5
113675 5
113676 5
113679 5
113680 5
113379 5
113380 5
113383 5
113384 5
113083 5
113084 5
113087 5
113088 5
112787 5
112788 5
112791 5
112792 5
112491 5
112492 5
112495 5
112496 5
112195 5
112196 5
112199 5
112200 5
111899 5
111900 5
111903 5
111904 5
111603 5
111604 5
111607 5
111608 5
117237 6
117238 6
117233 6
117234 6
116941 6
116942 6
116937 6
116938 6
116645 6
116646 6
116641 6
116642 6
116349 6
116350 6
116345 6
116346 6
116053 6
116054 6
116049 6
116050 6
115757 6
115758 6
115753 6
115754 6
115461 6
115462 6
115457 6
115458 6
115165 6
115166 6
115161 6
115162 6
114869 6
114870 6
114865 6
114866 6
114573 6
114574 6
114569 6
114570 6
136731 5
136732 5
136735 5
136736 5
136211 5
136212 5
136215 5
136216 5
135691 5
135692 5
135695 5
135696 5
135171 5
135172 5
135175 5
135176 5
134651 5
134652 5
134655 5
134656 5
134131 5
134132 5
134135 5
134136 5
133611 5
133612 5
133615 5
133616 5
133091 5
133092 5
133095 5
133096 5
132571 5
132572 5
132575 5
132576 5
132051 5
132052 5
132055 5
132056 5
131531 5
131532 5
131535 5
131536 5
131011 5
131012 5
131015 5
131016 5
130491 5
130492 5
130495 5
130496 5
129971 5
129972 5
129975 5
129976 5
129451 5
129452 5
129455 5
129456 5
128931 5
128932 5
128935 5
128936 5
128411 5
128412 5
128415 5
128416 5
127891 5
127892 5
127895 5
127896 5
127371 5
127372 5
127375 5
127376 5
126851 5
126852 5
126855 5
126856 5
126880 5
126879 5
126876 5
126875 5
127400 5
127399 5
127396 5
127395 5
127920 5
127919 5
127916 5
127915 5
128440 5
128439 5
128436 5
128435 5
128960 5
128959 5
128956 5
128955 5
129480 5
129479 5
129476 5
129475 5
130000 5
129999 5
129996 5
129995 5
130520 5
130519 5
130516 5
130515 5
131040 5
131039 5
131036 5
131035 5
131560 5
131559 5
131556 5
131555 5
132080 5
132079 5
132076 5
132075 5
132600 5
132599 5
132596 5
132595 5
133120 5
133119 5
133116 5
133115 5
133640 5
133639 5
133636 5
133635 5
134160 5
134159 5
134156 5
134155 5
134680 5
134679 5
134676 5
134675 5
135200 5
135199 5
135196 5
135195 5
135720 5
135719 5
135716 5
135715 5
136240 5
136239 5
136236 5
136235 5
136760 5
136759 5
136756 5
136755 5
126872 5
126871 5
126868 5
126867 5
127392 5
127391 5
127388 5
127387 5
127912 5
127911 5
127908 5
127907 5
128432 5
128431 5
128428 5
128427 5
128952 5
128951 5
128948 5
128947 5
129472 5
129471 5
129468 5
129467 5
129992 5
129991 5
129988 5
129987 5
130512 5
130511 5
130508 5
130507 5
131032 5
131031 5
131028 5
131027 5
131552 5
131551 5
131548 5
131547 5
132072 5
132071 5
132068 5
132067 5
132592 5
132591 5
132588 5
132587 5
133112 5
133111 5
133108 5
133107 5
133632 5
133631 5
133628 5
133627 5
134152 5
134151 5
134148 5
134147 5
134672 5
134671 5
134668 5
134667 5
135192 5
135191 5
135188 5
135187 5
135712 5
135711 5
135708 5
135707 5
136232 5
136231 5
136228 5
136227 5
136752 5
136751 5
136748 5
136747 5
126864 5
126863 5
126860 5
126859 5
127384 5
127383 5
127380 5
127379 5
127904 5
127903 5
127900 5
127899 5
128424 5
128423 5
128420 5
128419 5
128944 5
128943 5
128940 5
128939 5
129464 5
129463 5
129460 5
129459 5
129984 5
129983 5
129980 5
129979 5
130504 5
130503 5
130500 5
130499 5
131024 5
131023 5
131020 5
131019 5
131544 5
131543 5
131540 5
131539 5
132064 5
132063 5
132060 5
132059 5
132584 5
132583 5
132580 5
132579 5
133104 5
133103 5
133100 5
133099 5
133624 5
133623 5
133620 5
133619 5
134144 5
134143 5
134140 5
134139 5
134664 5
134663 5
134660 5
134659 5
135184 5
135183 5
135180 5
135179 5
135704 5
135703 5
135700 5
135699 5
136224 5
136223 5
136220 5
136219 5
136744 5
136743 5
136740 5
136739 5
141552 5
141551 5
141548 5
141547 5
141032 5
141031 5
141028 5
141027 5
140512 5
140511 5
140508 5
140507 5
139992 5
139991 5
139988 5
139987 5
139472 5
139471 5
139468 5
139467 5
138952 5
138951 5
138948 5
138947 5
138432 5
138431 5
138428 5
138427 5
137912 5
137911 5
137908 5
137907 5
137392 5
137391 5
137388 5
137387 5
136872 5
136871 5
136868 5
136867 5
136843 5
136844 5
136847 5
136848 5
137363 5
137364 5
137367 5
137368 5
137883 5
137884 5
137887 5
137888 5
138403 5
138404 5
138407 5
138408 5
138923 5
138924 5
138927 5
138928 5
139443 5
139444 5
139447 5
139448 5
139963 5
139964 5
139967 5
139968 5
140483 5
140484 5
140487 5
140488 5
141003 5
141004 5
141007 5
141008 5
141523 5
141524 5
141527 5
141528 5
136851 5
136852 5
136855 5
136856 5
137371 5
137372 5
137375 5
137376 5
137891 5
137892 5
137895 5
137896 5
138411 5
138412 5
138415 5
138416 5
138931 5
138932 5
138935 5
138936 5
139451 5
139452 5
139455 5
139456 5
139971 5
139972 5
139975 5
139976 5
140491 5
140492 5
140495 5
140496 5
141011 5
141012 5
141015 5
141016 5
141531 5
141532 5
141535 5
141536 5
136859 5
136860 5
136863 5
136864 5
137379 5
137380 5
137383 5
137384 5
137899 5
137900 5
137903 5
137904 5
138419 5
138420 5
138423 5
138424 5
138939 5
138940 5
138943 5
138944 5
139459 5
139460 5
139463 5
139464 5
139979 5
139980 5
139983 5
139984 5
140499 5
140500 5
140503 5
140504 5
141019 5
141020 5
141023 5
141024 5
141539 5
141540 5
141543 5
141544 5
152331 5
152332 5
152335 5
152336 5
151811 5
151812 5
151815 5
151816 5
151291 5
151292 5
151295 5
151296 5
150771 5
150772 5
150775 5
150776 5
150251 5
150252 5
150255 5
150256 5
149731 5
149732 5
149735 5
149736 5
149211 5
149212 5
149215 5
149216 5
148691 5
148692 5
148695 5
148696 5
148171 5
148172 5
148175 5
148176 5
147651 5
147652 5
147655 5
147656 5
147131 5
147132 5
147135 5
147136 5
146611 5
146612 5
146615 5
146616 5
146091 5
146092 5
146095 5
146096 5
145571 5
145572 5
145575 5
145576 5
145051 5
145052 5
145055 5
145056 5
144531 5
144532 5
144535 5
144536 5
144011 5
144012 5
144015 5
144016 5
143491 5
143492 5
143495 5
143496 5
142971 5
142972 5
142975 5
142976 5
142451 5
142452 5
142455 5
142456 5
142480 5
142479 5
142476 5
142475 5
143000 5
142999 5
142996 5
142995 5
143520 5
143519 5
143516 5
143515 5
144040 5
144039 5
144036 5
144035 5
144560 5
144559 5
144556 5
144555 5
145080 5
145079 5
145076 5
145075 5
145600 5
145599 5
145596 5
145595 5
146120 5
146119 5
146116 5
146115 5
146640 5
146639 5
146636 5
146635 5
147160 5
147159 5
147156 5
147155 5
147680 5
147679 5
147676 5
147675 5
148200 5
148199 5
148196 5
148195 5
148720 5
148719 5
148716 5
148715 5
149240 5
149239 5
149236 5
149235 5
149760 5
149759 5
149756 5
149755 5
150280 5
150279 5
150276 5
150275 5
150800 5
150799 5
150796 5
150795 5
151320 5
151319 5
151316 5
151315 5
151840 5
151839 5
151836 5
151835 5
152360 5
152359 5
152356 5
152355 5
142472 5
142471 5
142468 5
142467 5
142992 5
142991 5
142988 5
142987 5
143512 5
143511 5
143508 5
143507 5
144032 5
144031 5
144028 5
144027 5
144552 5
144551 5
144548 5
144547 5
145072 5
145071 5
145068 5
145067 5
145592 5
145591 5
145588 5
145587 5
146112 5
146111 5
146108 5
146107 5
146632 5
146631 5
146628 5
146627 5
147152 5
147151 5
147148 5
147147 5
147672 5
147671 5
147668 5
147667 5
148192 5
148191 5
148188 5
148187 5
148712 5
148711 5
148708 5
148707 5
149232 5
149231 5
149228 5
149227 5
149752 5
149751 5
149748 5
149747 5
150272 5
150271 5
150268 5
150267 5
150792 5
150791 5
150788 5
150787 5
151312 5
151311 5
151308 5
151307 5
151832 5
151831 5
151828 5
151827 5
152352 5
152351 5
152348 5
152347 5
142464 5
142463 5
142460 5
142459 5
142984 5
142983 5
142980 5
142979 5
143504 5
143503 5
143500 5
143499 5
144024 5
144023 5
144020 5
144019 5
144544 5
144543 5
144540 5
144539 5
145064 5
145063 5
145060 5
145059 5
145584 5
145583 5
145580 5
145579 5
146104 5
146103 5
146100 5
146099 5
146624 5
146623 5
146620 5
146619 5
147144 5
147143 5
147140 5
147139 5
147664 5
147663 5
147660 5
147659 5
148184 5
148183 5
148180 5
148179 5
148704 5
148703 5
148700 5
148699 5
149224 5
149223 5
149220 5
149219 5
149744 5
149743 5
149740 5
149739 5
150264 5
150263 5
150260 5
150259 5
150784 5
150783 5
150780 5
150779 5
151304 5
151303 5
151300 5
151299 5
151824 5
151823 5
151820 5
151819 5
152344 5
152343 5
152340 5
152339 5
260713 2
260714 2
260715 2
260716 2
255297 2
255298 2
255299 2
255300 2
249881 2
249882 2
249883 2
249884 2
244465 2
244466 2
244467 2
244468 2
239049 2
239050 2
239051 2
239052 2
233633 2
233634 2
233635 2
233636 2
228217 2
228218 2
228219 2
228220 2
222801 2
222802 2
222803 2
222804 2
217385 2
217386 2
217387 2
217388 2
211969 2
211970 2
211971 2
211972 2
206553 2
206554 2
206555 2
206556 2
201137 2
201138 2
201139 2
201140 2
195721 2
195722 2
195723 2
195724 2
190305 2
190306 2
190307 2
190308 2
184889 2
184890 2
184891 2
184892 2
179473 2
179474 2
179475 2
179476 2
174057 2
174058 2
174059 2
174060 2
168641 2
168642 2
168643 2
168644 2
163225 2
163226 2
163227 2
163228 2
157809 2
157810 2
157811 2
157812 2
260235 5
260236 5
260239 5
260240 5
254819 5
254820 5
254823 5
254824 5
249403 5
249404 5
249407 5
249408 5
243987 5
243988 5
243991 5
243992 5
238571 5
238572 5
238575 5
238576 5
233155 5
233156 5
233159 5
233160 5
227739 5
227740 5
227743 5
227744 5
222323 5
222324 5
222327 5
222328 5
216907 5
216908 5
216911 5
216912 5
211491 5
211492 5
211495 5
211496 5
206075 5
206076 5
206079 5
206080 5
200659 5
200660 5
200663 5
200664 5
195243 5
195244 5
195247 5
195248 5
189827 5
189828 5
189831 5
189832 5
184411 5
184412 5
184415 5
184416 5
178995 5
178996 5
178999 5
179000 5
173579 5
173580 5
173583 5
173584 5
168163 5
168164 5
168167 5
168168 5
162747 5
162748 5
162751 5
162752 5
157331 5
157332 5
157335 5
157336 5
260243 5
260244 5
260247 5
260248 5
254827 5
254828 5
254831 5
254832 5
249411 5
249412 5
249415 5
249416 5
243995 5
243996 5
243999 5
244000 5
238579 5
238580 5
238583 5
238584 5
233163 5
233164 5
233167 5
233168 5
227747 5
227748 5
227751 5
227752 5
222331 5
222332 5
222335 5
222336 5
216915 5
216916 5
216919 5
216920 5
211499 5
211500 5
211503 5
211504 5
206083 5
206084 5
206087 5
206088 5
200667 5
200668 5
200671 5
200672 5
195251 5
195252 5
195255 5
195256 5
189835 5
189836 5
189839 5
189840 5
184419 5
184420 5
184423 5
184424 5
179003 5
179004 5
179007 5
179008 5
173587 5
173588 5
173591 5
173592 5
168171 5
168172 5
168175 5
168176 5
162755 5
162756 5
162759 5
162760 5
157339 5
157340 5
157343 5
157344 5
260251 5
260252 5
260255 5
260256 5
254835 5
254836 5
254839 5
254840 5
249419 5
249420 5
249423 5
249424 5
244003 5
244004 5
244007 5
244008 5
238587 5
238588 5
238591 5
238592 5
233171 5
233172 5
233175 5
233176 5
227755 5
227756 5
227759 5
227760 5
222339 5
222340 5
222343 5
222344 5
216923 5
216924 5
216927 5
216928 5
211507 5
211508 5
211511 5
211512 5
206091 5
206092 5
206095 5
206096 5
200675 5
200676 5
200679 5
200680 5
195259 5
195260 5
195263 5
195264 5
189843 5
189844 5
189847 5
189848 5
184427 5
184428 5
184431 5
184432 5
179011 5
179012 5
179015 5
179016 5
173595 5
173596 5
173599 5
173600 5
168179 5
168180 5
168183 5
168184 5
162763 5
162764 5
162767 5
162768 5
157347 5
157348 5
157351 5
157352 5
260259 5
260260 5
260263 5
260264 5
254843 5
254844 5
254847 5
254848 5
249427 5
249428 5
249431 5
249432 5
244011 5
244012 5
244015 5
244016 5
238595 5
238596 5
238599 5
238600 5
233179 5
233180 5
233183 5
233184 5
227763 5
227764 5
227767 5
227768 5
222347 5
222348 5
222351 5
222352 5
216931 5
216932 5
216935 5
216936 5
211515 5
211516 5
211519 5
211520 5
206099 5
206100 5
206103 5
206104 5
200683 5
200684 5
200687 5
200688 5
195267 5
195268 5
195271 5
195272 5
189851 5
189852 5
189855 5
189856 5
184435 5
184436 5
184439 5
184440 5
179019 5
179020 5
179023 5
179024 5
173603 5
173604 5
173607 5
173608 5
168187 5
168188 5
168191 5
168192 5
162771 5
162772 5
162775 5
162776 5
157355 5
157356 5
157359 5
157360 5
260267 5
260268 5
260271 5
260272 5
254851 5
254852 5
254855 5
254856 5
249435 5
249436 5
249439 5
249440 5
244019 5
244020 5
244023 5
244024 5
238603 5
238604 5
238607 5
238608 5
157488 5
157487 5
157484 5
157483 5
162904 5
162903 5
162900 5
162899 5
168320 5
168319 5
168316 5
168315 5
173736 5
173735 5
173732 5
173731 5
179152 5
179151 5
179148 5
179147 5
184568 5
184567 5
184564 5
184563 5
189984 5
189983 5
189980 5
189979 5
195400 5
195399 5
195396 5
195395 5
200816 5
200815 5
200812 5
200811 5
206232 5
206231 5
206228 5
206227 5
211648 5
211647 5
211644 5
211643 5
217064 5
217063 5
217060 5
217059 5
222480 5
222479 5
222476 5
222475 5
227896 5
227895 5
227892 5
227891 5
233312 5
233311 5
233308 5
233307 5
238728 5
238727 5
238724 5
238723 5
244144 5
244143 5
244140 5
244139 5
249560 5
249559 5
249556 5
249555 5
254976 5
254975 5
254972 5
254971 5
260392 5
260391 5
260388 5
260387 5
157480 5
157479 5
157476 5
157475 5
162896 5
162895 5
162892 5
162891 5
168312 5
168311 5
168308 5
168307 5
173728 5
173727 5
173724 5
173723 5
179144 5
179143 5
179140 5
179139 5
184560 5
184559 5
184556 5
184555 5
189976 5
189975 5
189972 5
189971 5
195392 5
195391 5
195388 5
195387 5
200808 5
200807 5
200804 5
200803 5
206224 5
206223 5
206220 5
206219 5
211640 5
211639 5
211636 5
211635 5
217056 5
217055 5
217052 5
217051 5
222472 5
222471 5
222468 5
222467 5
227888 5
227887 5
227884 5
227883 5
233304 5
233303 5
233300 5
233299 5
238720 5
238719 5
238716 5
238715 5
244136 5
244135 5
244132 5
244131 5
249552 5
249551 5
249548 5
249547 5
254968 5
254967 5
254964 5
254963 5
260384 5
260383 5
260380 5
260379 5
157472 5
157471 5
157468 5
157467 5
162888 5
162887 5
162884 5
162883 5
168304 5
168303 5
168300 5
168299 5
173720 5
173719 5
173716 5
173715 5
179136 5
179135 5
179132 5
179131 5
184552 5
184551 5
184548 5
184547 5
189968 5
189967 5
189964 5
189963 5
195384 5
195383 5
195380 5
195379 5
200800 5
200799 5
200796 5
200795 5
206216 5
206215 5
206212 5
206211 5
211632 5
211631 5
211628 5
211627 5
217048 5
217047 5
217044 5
217043 5
222464 5
222463 5
222460 5
222459 5
227880 5
227879 5
227876 5
227875 5
233296 5
233295 5
233292 5
233291 5
238712 5
238711 5
238708 5
238707 5
244128 5
244127 5
244124 5
244123 5
249544 5
249543 5
249540 5
249539 5
254960 5
254959 5
254956 5
254955 5
260376 5
260375 5
260372 5
260371 5
157464 5
157463 5
157460 5
157459 5
162880 5
162879 5
162876 5
162875 5
168296 5
168295 5
168292 5
168291 5
173712 5
173711 5
173708 5
173707 5
179128 5
179127 5
179124 5
179123 5
184544 5
184543 5
184540 5
184539 5
189960 5
189959 5
189956 5
189955 5
195376 5
195375 5
195372 5
195371 5
200792 5
200791 5
200788 5
200787 5
206208 5
206207 5
206204 5
206203 5
211624 5
211623 5
211620 5
211619 5
217040 5
217039 5
217036 5
217035 5
222456 5
222455 5
222452 5
222451 5
227872 5
227871 5
227868 5
227867 5
233288 5
233287 5
233284 5
233283 5
238704 5
238703 5
238700 5
238699 5
244120 5
244119 5
244116 5
244115 5
249536 5
249535 5
249532 5
249531 5
254952 5
254951 5
254948 5
254947 5
260368 5
260367 5
260364 5
260363 5
157456 5
157455 5
157452 5
157451 5
162872 5
162871 5
162868 5
162867 5
168288 5
168287 5
168284 5
168283 5
173704 5
173703 5
173700 5
173699 5
179120 5
179119 5
179116 5
179115 5
184536 5
184535 5
184532 5
184531 5
189952 5
189951 5
189948 5
189947 5
195368 5
195367 5
195364 5
195363 5
200784 5
200783 5
200780 5
200779 5
206200 5
206199 5
206196 5
206195 5
211616 5
211615 5
211612 5
211611 5
217032 5
217031 5
217028 5
217027 5
222448 5
222447 5
222444 5
222443 5
227864 5
227863 5
227860 5
227859 5
233280 5
233279 5
233276 5
233275 5
238696 5
238695 5
238692 5
238691 5
244112 5
244111 5
244108 5
244107 5
249528 5
249527 5
249524 5
249523 5
254944 5
254943 5
254940 5
254939 5
260360 5
260359 5
260356 5
260355 5
157448 5
157447 5
157444 5
157443 5
162864 5
162863 5
162860 5
162859 5
168280 5
168279 5
168276 5
168275 5
173696 5
173695 5
173692 5
173691 5
179112 5
179111 5
179108 5
179107 5
184528 5
184527 5
184524 5
184523 5
189944 5
189943 5
189940 5
189939 5
195360 5
195359 5
195356 5
195355 5
200776 5
200775 5
200772 5
200771 5
206192 5
206191 5
206188 5
206187 5
211608 5
211607 5
211604 5
211603 5
217024 5
217023 5
217020 5
217019 5
222440 5
222439 5
222436 5
222435 5
227856 5
227855 5
227852 5
227851 5
233272 5
233271 5
233268 5
233267 5
238688 5
238687 5
238684 5
238683 5
244104 5
244103 5
244100 5
244099 5
249520 5
249519 5
249516 5
249515 5
254936 5
254935 5
254932 5
254931 5
260352 5
260351 5
260348 5
260347 5
157440 5
157439 5
157436 5
157435 5
162856 5
162855 5
162852 5
162851 5
168272 5
168271 5
168268 5
168267 5
173688 5
173687 5
173684 5
173683 5
179104 5
179103 5
179100 5
179099 5
184520 5
184519 5
184516 5
184515 5
189936 5
189935 5
189932 5
189931 5
195352 5
195351 5
195348 5
195347 5
200768 5
200767 5
200764 5
200763 5
206184 5
206183 5
206180 5
206179 5
211600 5
211599 5
211596 5
211595 5
217016 5
217015 5
217012 5
217011 5
222432 5
222431 5
222428 5
222427 5
227848 5
227847 5
227844 5
227843 5
233264 5
233263 5
233260 5
233259 5
238680 5
238679 5
238676 5
238675 5
244096 5
244095 5
244092 5
244091 5
249512 5
249511 5
249508 5
249507 5
254928 5
254927 5
254924 5
254923 5
260344 5
260343 5
260340 5
260339 5
157432 5
157431 5
157428 5
157427 5
162848 5
162847 5
162844 5
162843 5
168264 5
168263 5
168260 5
168259 5
173680 5
173679 5
173676 5
173675 5
179096 5
179095 5
179092 5
179091 5
184512 5
184511 5
184508 5
184507 5
189928 5
189927 5
189924 5
189923 5
195344 5
195343 5
195340 5
195339 5
200760 5
200759 5
200756 5
200755 5
206176 5
206175 5
206172 5
206171 5
211592 5
211591 5
211588 5
211587 5
217008 5
217007 5
217004 5
217003 5
222424 5
222423 5
222420 5
222419 5
227840 5
227839 5
227836 5
227835 5
233256 5
233255 5
233252 5
233251 5
238672 5
238671 5
238668 5
238667 5
244088 5
244087 5
244084 5
244083 5
249504 5
249503 5
249500 5
249499 5
254920 5
254919 5
254916 5
254915 5
260336 5
260335 5
260332 5
260331 5
157424 5
157423 5
157420 5
157419 5
162840 5
162839 5
162836 5
162835 5
168256 5
168255 5
168252 5
168251 5
173672 5
173671 5
173668 5
173667 5
179088 5
179087 5
179084 5
179083 5
184504 5
184503 5
184500 5
184499 5
189920 5
189919 5
189916 5
189915 5
195336 5
195335 5
195332 5
195331 5
200752 5
200751 5
200748 5
200747 5
206168 5
206167 5
206164 5
206163 5
211584 5
211583 5
211580 5
211579 5
217000 5
216999 5
216996 5
216995 5
222416 5
222415 5
222412 5
222411 5
227832 5
227831 5
227828 5
227827 5
233248 5
233247 5
233244 5
233243 5
238664 5
238663 5
238660 5
238659 5
244080 5
244079 5
244076 5
244075 5
249496 5
249495 5
249492 5
249491 5
254912 5
254911 5
254908 5
254907 5
260328 5
260327 5
260324 5
260323 5
157416 5
157415 5
157412 5
157411 5
162832 5
162831 5
162828 5
162827 5
168248 5
168247 5
168244 5
168243 5
173664 5
173663 5
173660 5
173659 5
179080 5
179079 5
179076 5
179075 5
184496 5
184495 5
184492 5
184491 5
189912 5
189911 5
189908 5
189907 5
195328 5
195327 5
195324 5
195323 5
200744 5
200743 5
200740 5
200739 5
206160 5
206159 5
206156 5
206155 5
211576 5
211575 5
211572 5
211571 5
216992 5
216991 5
216988 5
216987 5
222408 5
222407 5
222404 5
222403 5
227824 5
227823 5
227820 5
227819 5
233240 5
233239 5
233236 5
233235 5
238656 5
238655 5
238652 5
238651 5
244072 5
244071 5
244068 5
244067 5
249488 5
249487 5
249484 5
249483 5
254904 5
254903 5
254900 5
254899 5
260320 5
260319 5
260316 5
260315 5
157408 5
157407 5
157404 5
157403 5
162824 5
162823 5
162820 5
162819 5
168240 5
168239 5
168236 5
168235 5
173656 5
173655 5
173652 5
173651 5
179072 5
179071 5
179068 5
179067 5
184488 5
184487 5
184484 5
184483 5
189904 5
189903 5
189900 5
189899 5
195320 5
195319 5
195316 5
195315 5
200736 5
200735 5
200732 5
200731 5
206152 5
206151 5
206148 5
206147 5
211568 5
211567 5
211564 5
211563 5
216984 5
216983 5
216980 5
216979 5
222400 5
222399 5
222396 5
222395 5
227816 5
227815 5
227812 5
227811 5
233232 5
233231 5
233228 5
233227 5
238648 5
238647 5
238644 5
238643 5
244064 5
244063 5
244060 5
244059 5
249480 5
249479 5
249476 5
249475 5
254896 5
254895 5
254892 5
254891 5
260312 5
260311 5
260308 5
260307 5
157400 5
157399 5
157396 5
157395 5
162816 5
162815 5
162812 5
162811 5
168232 5
168231 5
168228 5
168227 5
173648 5
173647 5
173644 5
173643 5
179064 5
179063 5
179060 5
179059 5
184480 5
184479 5
184476 5
184475 5
189896 5
189895 5
189892 5
189891 5
195312 5
195311 5
195308 5
195307 5
200728 5
200727 5
200724 5
200723 5
206144 5
206143 5
206140 5
206139 5
211560 5
211559 5
211556 5
211555 5
216976 5
216975 5
216972 5
216971 5
222392 5
222391 5
222388 5
222387 5
227808 5
227807 5
227804 5
227803 5
233224 5
233223 5
233220 5
233219 5
238640 5
238639 5
238636 5
238635 5
244056 5
244055 5
244052 5
244051 5
249472 5
249471 5
249468 5
249467 5
254888 5
254887 5
254884 5
254883 5
260304 5
260303 5
260300 5
260299 5
157392 5
157391 5
157388 5
157387 5
162808 5
162807 5
162804 5
162803 5
168224 5
168223 5
168220 5
168219 5
173640 5
173639 5
173636 5
173635 5
179056 5
179055 5
179052 5
179051 5
184472 5
184471 5
184468 5
184467 5
189888 5
189887 5
189884 5
189883 5
195304 5
195303 5
195300 5
195299 5
200720 5
200719 5
200716 5
200715 5
206136 5
206135 5
206132 5
206131 5
211552 5
211551 5
211548 5
211547 5
216968 5
216967 5
216964 5
216963 5
222384 5
222383 5
222380 5
222379 5
227800 5
227799 5
227796 5
227795 5
233216 5
233215 5
233212 5
233211 5
238632 5
238631 5
238628 5
238627 5
244048 5
244047 5
244044 5
244043 5
249464 5
249463 5
249460 5
249459 5
254880 5
254879 5
254876 5
254875 5
260296 5
260295 5
260292 5
260291 5
157384 5
157383 5
157380 5
157379 5
162800 5
162799 5
162796 5
162795 5
168216 5
168215 5
168212 5
168211 5
173632 5
173631 5
173628 5
173627 5
179048 5
179047 5
179044 5
179043 5
184464 5
184463 5
184460 5
184459 5
189880 5
189879 5
189876 5
189875 5
195296 5
195295 5
195292 5
195291 5
200712 5
200711 5
200708 5
200707 5
206128 5
206127 5
206124 5
206123 5
211544 5
211543 5
211540 5
211539 5
216960 5
216959 5
216956 5
216955 5
222376 5
222375 5
222372 5
222371 5
227792 5
227791 5
227788 5
227787 5
233208 5
233207 5
233204 5
233203 5
238624 5
238623 5
238620 5
238619 5
244040 5
244039 5
244036 5
244035 5
249456 5
249455 5
249452 5
249451 5
254872 5
254871 5
254868 5
254867 5
260288 5
260287 5
260284 5
260283 5
157376 5
157375 5
157372 5
157371 5
162792 5
162791 5
162788 5
162787 5
168208 5
168207 5
168204 5
168203 5
173624 5
173623 5
173620 5
173619 5
179040 5
179039 5
179036 5
179035 5
184456 5
184455 5
184452 5
184451 5
189872 5
189871 5
189868 5
189867 5
195288 5
195287 5
195284 5
195283 5
200704 5
200703 5
200700 5
200699 5
206120 5
206119 5
206116 5
206115 5
211536 5
211535 5
211532 5
211531 5
216952 5
216951 5
216948 5
216947 5
222368 5
222367 5
222364 5
222363 5
227784 5
227783 5
227780 5
227779 5
233200 5
233199 5
233196 5
233195 5
238616 5
238615 5
238612 5
238611 5
244032 5
244031 5
244028 5
244027 5
249448 5
249447 5
249444 5
249443 5
254864 5
254863 5
254860 5
254859 5
260280 5
260279 5
260276 5
260275 5
157368 5
157367 5
157364 5
157363 5
162784 5
162783 5
162780 5
162779 5
168200 5
168199 5
168196 5
168195 5
173616 5
173615 5
173612 5
173611 5
179032 5
179031 5
179028 5
179027 5
184448 5
184447 5
184444 5
184443 5
189864 5
189863 5
189860 5
189859 5
195280 5
195279 5
195276 5
195275 5
200696 5
200695 5
200692 5
200691 5
206112 5
206111 5
206108 5
206107 5
211528 5
211527 5
211524 5
211523 5
216944 5
216943 5
216940 5
216939 5
222360 5
222359 5
222356 5
222355 5
227776 5
227775 5
227772 5
227771 5
233192 5
233191 5
233188 5
233187 5
309470 4
309469 4
309472 4
309471 4
304054 4
304053 4
304056 4
304055 4
298638 4
298637 4
298640 4
298639 4
293222 4
293221 4
293224 4
293223 4
287806 4
287805 4
287808 4
287807 4
282390 4
282389 4
282392 4
282391 4
276974 4
276973 4
276976 4
276975 4
271558 4
271557 4
271560 4
271559 4
266142 4
266141 4
266144 4
266143 4
260726 4
260725 4
260728 4
260727 4
309952 5
309951 5
309948 5
309947 5
304536 5
304535 5
304532 5
304531 5
299120 5
299119 5
299116 5
299115 5
293704 5
293703 5
293700 5
293699 5
288288 5
288287 5
288284 5
288283 5
282872 5
282871 5
282868 5
282867 5
277456 5
277455 5
277452 5
277451 5
272040 5
272039 5
272036 5
272035 5
266624 5
266623 5
266620 5
266619 5
261208 5
261207 5
261204 5
261203 5
309944 5
309943 5
309940 5
309939 5
304528 5
304527 5
304524 5
304523 5
299112 5
299111 5
299108 5
299107 5
293696 5
293695 5
293692 5
293691 5
288280 5
288279 5
288276 5
288275 5
282864 5
282863 5
282860 5
282859 5
277448 5
277447 5
277444 5
277443 5
272032 5
272031 5
272028 5
272027 5
266616 5
266615 5
266612 5
266611 5
261200 5
261199 5
261196 5
261195 5
309936 5
309935 5
309932 5
309931 5
304520 5
304519 5
304516 5
304515 5
299104 5
299103 5
299100 5
299099 5
293688 5
293687 5
293684 5
293683 5
288272 5
288271 5
288268 5
288267 5
282856 5
282855 5
282852 5
282851 5
277440 5
277439 5
277436 5
277435 5
272024 5
272023 5
272020 5
272019 5
266608 5
266607 5
266604 5
266603 5
261192 5
261191 5
261188 5
261187 5
309928 5
309927 5
309924 5
309923 5
304512 5
304511 5
304508 5
304507 5
299096 5
299095 5
299092 5
299091 5
293680 5
293679 5
293676 5
293675 5
288264 5
288263 5
288260 5
288259 5
282848 5
282847 5
282844 5
282843 5
277432 5
277431 5
277428 5
277427 5
272016 5
272015 5
272012 5
272011 5
266600 5
266599 5
266596 5
266595 5
261184 5
261183 5
261180 5
261179 5
309920 5
309919 5
309916 5
309915 5
304504 5
304503 5
304500 5
304499 5
299088 5
299087 5
261051 5
261052 5
261055 5
261056 5
266467 5
266468 5
266471 5
266472 5
271883 5
271884 5
271887 5
271888 5
277299 5
277300 5
277303 5
277304 5
282715 5
282716 5
282719 5
282720 5
288131 5
288132 5
288135 5
288136 5
293547 5
293548 5
293551 5
293552 5
298963 5
298964 5
298967 5
298968 5
304379 5
304380 5
304383 5
304384 5
309795 5
309796 5
309799 5
309800 5
261059 5
261060 5
261063 5
261064 5
266475 5
266476 5
266479 5
266480 5
271891 5
271892 5
271895 5
271896 5
277307 5
277308 5
277311 5
277312 5
282723 5
282724 5
282727 5
282728 5
288139 5
288140 5
288143 5
288144 5
293555 5
293556 5
293559 5
293560 5
298971 5
298972 5
298975 5
298976 5
304387 5
304388 5
304391 5
304392 5
309803 5
309804 5
309807 5
309808 5
261067 5
261068 5
261071 5
261072 5
266483 5
266484 5
266487 5
266488 5
271899 5
271900 5
271903 5
271904 5
277315 5
277316 5
277319 5
277320 5
282731 5
282732 5
282735 5
282736 5
288147 5
288148 5
288151 5
288152 5
293563 5
293564 5
293567 5
293568 5
298979 5
298980 5
298983 5
298984 5
304395 5
304396 5
304399 5
304400 5
309811 5
309812 5
309815 5
309816 5
261075 5
261076 5
261079 5
261080 5
266491 5
266492 5
266495 5
266496 5
271907 5
271908 5
271911 5
271912 5
277323 5
277324 5
277327 5
277328 5
282739 5
282740 5
282743 5
282744 5
288155 5
288156 5
288159 5
288160 5
293571 5
293572 5
293575 5
293576 5
298987 5
298988 5
298991 5
298992 5
304403 5
304404 5
304407 5
304408 5
309819 5
309820 5
309823 5
309824 5
261083 5
261084 5
261087 5
261088 5
266499 5
266500 5
266503 5
266504 5
271915 5
271916 5
271919 5
271920 5
277331 5
277332 5
277335 5
277336 5
282747 5
282748 5
282751 5
282752 5
288163 5
288164 5
288167 5
288168 5
293579 5
293580 5
293583 5
293584 5
298995 5
298996 5
298999 5
299000 5
304411 5
304412 5
304415 5
304416 5
309827 5
309828 5
309831 5
309832 5
261091 5
261092 5
261095 5
261096 5
266507 5
266508 5
266511 5
266512 5
271923 5
271924 5
271927 5
271928 5
277339 5
277340 5
277343 5
277344 5
282755 5
282756 5
282759 5
282760 5
288171 5
288172 5
288175 5
288176 5
293587 5
293588 5
293591 5
293592 5
299003 5
299004 5
299007 5
299008 5
304419 5
304420 5
304423 5
304424 5
309835 5
309836 5
309839 5
309840 5
261099 5
261100 5
261103 5
261104 5
266515 5
266516 5
266519 5
266520 5
271931 5
271932 5
271935 5
271936 5
277347 5
277348 5
277351 5
277352 5
282763 5
282764 5
282767 5
282768 5
288179 5
288180 5
288183 5
288184 5
293595 5
293596 5
293599 5
293600 5
299011 5
299012 5
299015 5
299016 5
304427 5
304428 5
304431 5
304432 5
309843 5
309844 5
309847 5
309848 5
261107 5
261108 5
261111 5
261112 5
266523 5
266524 5
266527 5
266528 5
271939 5
271940 5
271943 5
271944 5
277355 5
277356 5
277359 5
277360 5
282771 5
282772 5
282775 5
282776 5
288187 5
288188 5
288191 5
288192 5
293603 5
293604 5
293607 5
293608 5
299019 5
299020 5
299023 5
299024 5
304435 5
304436 5
304439 5
304440 5
309851 5
309852 5
309855 5
309856 5
261115 5
261116 5
261119 5
261120 5
266531 5
266532 5
266535 5
266536 5
271947 5
271948 5
271951 5
271952 5
277363 5
277364 5
277367 5
277368 5
282779 5
282780 5
282783 5
282784 5
288195 5
288196 5
288199 5
288200 5
293611 5
293612 5
293615 5
293616 5
299027 5
299028 5
299031 5
299032 5
304443 5
304444 5
304447 5
304448 5
309859 5
309860 5
309863 5
309864 5
261123 5
261124 5
261127 5
261128 5
266539 5
266540 5
266543 5
266544 5
271955 5
271956 5
271959 5
271960 5
277371 5
277372 5
277375 5
277376 5
282787 5
282788 5
282791 5
282792 5
288203 5
288204 5
288207 5
288208 5
293619 5
293620 5
293623 5
293624 5
299035 5
299036 5
299039 5
299040 5
304451 5
304452 5
304455 5
304456 5
309867 5
309868 5
309871 5
309872 5
261131 5
261132 5
261135 5
261136 5
266547 5
266548 5
266551 5
266552 5
271963 5
271964 5
271967 5
271968 5
277379 5
277380 5
277383 5
277384 5
282795 5
282796 5
282799 5
282800 5
288211 5
288212 5
288215 5
288216 5
293627 5
293628 5
293631 5
293632 5
299043 5
299044 5
299047 5
299048 5
304459 5
304460 5
304463 5
304464 5
309875 5
309876 5
309879 5
309880 5
261139 5
261140 5
261143 5
261144 5
266555 5
266556 5
266559 5
266560 5
271971 5
271972 5
271975 5
271976 5
277387 5
277388 5
277391 5
277392 5
282803 5
282804 5
282807 5
282808 5
288219 5
288220 5
288223 5
288224 5
293635 5
293636 5
293639 5
293640 5
299051 5
299052 5
299055 5
299056 5
304467 5
304468 5
304471 5
304472 5
309883 5
309884 5
309887 5
309888 5
261147 5
261148 5
261151 5
261152 5
266563 5
266564 5
266567 5
266568 5
271979 5
271980 5
271983 5
271984 5
277395 5
277396 5
277399 5
277400 5
282811 5
282812 5
282815 5
282816 5
288227 5
288228 5
288231 5
288232 5
293643 5
293644 5
293647 5
293648 5
299059 5
299060 5
299063 5
299064 5
304475 5
304476 5
304479 5
304480 5
309891 5
309892 5
309895 5
309896 5
261155 5
261156 5
261159 5
261160 5
266571 5
266572 5
266575 5
266576 5
271987 5
271988 5
271991 5
271992 5
277403 5
277404 5
277407 5
277408 5
282819 5
282820 5
282823 5
282824 5
288235 5
288236 5
288239 5
288240 5
293651 5
293652 5
293655 5
293656 5
299067 5
299068 5
299071 5
299072 5
304483 5
304484 5
304487 5
304488 5
309899 5
309900 5
309903 5
309904 5
261163 5
261164 5
261167 5
261168 5
266579 5
266580 5
266583 5
266584 5
271995 5
271996 5
271999 5
272000 5
277411 5
277412 5
277415 5
277416 5
282827 5
282828 5
282831 5
282832 5
288243 5
288244 5
288247 5
288248 5
293659 5
293660 5
293663 5
293664 5
299075 5
299076 5
299079 5
299080 5
304491 5
304492 5
304495 5
304496 5
309907 5
309908 5
309911 5
309912 5
261171 5
261172 5
261175 5
261176 5
266587 5
266588 5
266591 5
266592 5
272003 5
272004 5
272007 5
272008 5
277419 5
277420 5
277423 5
277424 5
282835 5
282836 5
282839 5
282840 5
288251 5
288252 5
288255 5
288256 5
293667 5
293668 5
293671 5
293672 5
299083 5
299084 5
423193 2
423194 2
423195 2
423196 2
417777 2
417778 2
417779 2
417780 2
412361 2
412362 2
412363 2
412364 2
406945 2
406946 2
406947 2
406948 2
401529 2
401530 2
401531 2
401532 2
396113 2
396114 2
396115 2
396116 2
390697 2
390698 2
390699 2
390700 2
385281 2
385282 2
385283 2
385284 2
379865 2
379866 2
379867 2
379868 2
374449 2
374450 2
374451 2
374452 2
369033 2
369034 2
369035 2
369036 2
363617 2
363618 2
363619 2
363620 2
358201 2
358202 2
358203 2
358204 2
352785 2
352786 2
352787 2
352788 2
347369 2
347370 2
347371 2
347372 2
341953 2
341954 2
341955 2
341956 2
336537 2
336538 2
336539 2
336540 2
331121 2
331122 2
331123 2
331124 2
325705 2
325706 2
325707 2
325708 2
320289 2
320290 2
320291 2
320292 2
422715 5
422716 5
422719 5
422720 5
417299 5
417300 5
417303 5
417304 5
411883 5
411884 5
411887 5
411888 5
406467 5
406468 5
406471 5
406472 5
401051 5
401052 5
401055 5
401056 5
395635 5
395636 5
395639 5
395640 5
390219 5
390220 5
390223 5
390224 5
384803 5
384804 5
384807 5
384808 5
379387 5
379388 5
379391 5
379392 5
373971 5
373972 5
373975 5
373976 5
368555 5
368556 5
368559 5
368560 5
363139 5
363140 5
363143 5
363144 5
357723 5
357724 5
357727 5
357728 5
352307 5
352308 5
352311 5
352312 5
346891 5
346892 5
346895 5
346896 5
341475 5
341476 5
341479 5
341480 5
336059 5
336060 5
336063 5
336064 5
330643 5
330644 5
330647 5
330648 5
325227 5
325228 5
325231 5
325232 5
319811 5
319812 5
319815 5
319816 5
422723 5
422724 5
422727 5
422728 5
417307 5
417308 5
417311 5
417312 5
411891 5
411892 5
411895 5
411896 5
406475 5
406476 5
406479 5
406480 5
401059 5
401060 5
401063 5
401064 5
395643 5
395644 5
395647 5
395648 5
390227 5
390228 5
390231 5
390232 5
384811 5
384812 5
384815 5
384816 5
379395 5
379396 5
379399 5
379400 5
373979 5
373980 5
373983 5
373984 5
368563 5
368564 5
368567 5
368568 5
363147 5
363148 5
363151 5
363152 5
357731 5
357732 5
357735 5
357736 5
352315 5
352316 5
352319 5
352320 5
346899 5
346900 5
346903 5
346904 5
341483 5
341484 5
341487 5
341488 5
336067 5
336068 5
336071 5
336072 5
330651 5
330652 5
330655 5
330656 5
325235 5
325236 5
325239 5
325240 5
319819 5
319820 5
319823 5
319824 5
422731 5
422732 5
422735 5
422736 5
417315 5
417316 5
417319 5
417320 5
411899 5
411900 5
411903 5
411904 5
406483 5
406484 5
406487 5
406488 5
401067 5
401068 5
401071 5
401072 5
395651 5
395652 5
395655 5
395656 5
390235 5
390236 5
390239 5
390240 5
384819 5
384820 5
384823 5
384824 5
379403 5
379404 5
379407 5
379408 5
373987 5
373988 5
373991 5
373992 5
368571 5
368572 5
368575 5
368576 5
363155 5
363156 5
363159 5
363160 5
357739 5
357740 5
357743 5
357744 5
352323 5
352324 5
352327 5
352328 5
346907 5
346908 5
346911 5
346912 5
341491 5
341492 5
341495 5
341496 5
336075 5
336076 5
336079 5
336080 5
330659 5
330660 5
330663 5
330664 5
325243 5
325244 5
325247 5
325248 5
319827 5
319828 5
319831 5
319832 5
422739 5
422740 5
422743 5
422744 5
417323 5
417324 5
417327 5
417328 5
411907 5
411908 5
411911 5
411912 5
406491 5
406492 5
406495 5
406496 5
401075 5
401076 5
401079 5
401080 5
395659 5
395660 5
395663 5
395664 5
390243 5
390244 5
390247 5
390248 5
384827 5
384828 5
384831 5
384832 5
379411 5
379412 5
379415 5
379416 5
373995 5
373996 5
373999 5
374000 5
368579 5
368580 5
368583 5
368584 5
363163 5
363164 5
363167 5
363168 5
357747 5
357748 5
357751 5
357752 5
352331 5
352332 5
352335 5
352336 5
346915 5
346916 5
346919 5
346920 5
341499 5
341500 5
341503 5
341504 5
336083 5
336084 5
336087 5
336088 5
330667 5
330668 5
330671 5
330672 5
325251 5
325252 5
325255 5
325256 5
319835 5
319836 5
319839 5
319840 5
422747 5
422748 5
422751 5
422752 5
417331 5
417332 5
417335 5
417336 5
411915 5
411916 5
411919 5
411920 5
406499 5
406500 5
406503 5
406504 5
401083 5
401084 5
401087 5
401088 5
319968 5
319967 5
319964 5
319963 5
325384 5
325383 5
325380 5
325379 5
330800 5
330799 5
330796 5
330795 5
336216 5
336215 5
336212 5
336211 5
341632 5
341631 5
341628 5
341627 5
347048 5
347047 5
347044 5
347043 5
352464 5
352463 5
352460 5
352459 5
357880 5
357879 5
357876 5
357875 5
363296 5
363295 5
363292 5
363291 5
368712 5
368711 5
368708 5
368707 5
374128 5
374127 5
374124 5
374123 5
379544 5
379543 5
379540 5
379539 5
384960 5
384959 5
384956 5
384955 5
390376 5
390375 5
390372 5
390371 5
395792 5
395791 5
395788 5
395787 5
401208 5
401207 5
401204 5
401203 5
406624 5
406623 5
406620 5
406619 5
412040 5
412039 5
412036 5
412035 5
417456 5
417455 5
417452 5
417451 5
422872 5
422871 5
422868 5
422867 5
319960 5
319959 5
319956 5
319955 5
325376 5
325375 5
325372 5
325371 5
330792 5
330791 5
330788 5
330787 5
336208 5
336207 5
336204 5
336203 5
341624 5
341623 5
341620 5
341619 5
347040 5
347039 5
347036 5
347035 5
352456 5
352455 5
352452 5
352451 5
357872 5
357871 5
357868 5
357867 5
363288 5
363287 5
363284 5
363283 5
368704 5
368703 5
368700 5
368699 5
374120 5
374119 5
374116 5
374115 5
379536 5
379535 5
379532 5
379531 5
384952 5
384951 5
384948 5
384947 5
390368 5
390367 5
390364 5
390363 5
395784 5
395783 5
395780 5
395779 5
401200 5
401199 5
401196 5
401195 5
406616 5
406615 5
406612 5
406611 5
412032 5
412031 5
412028 5
412027 5
417448 5
417447 5
417444 5
417443 5
422864 5
422863 5
422860 5
422859 5
319952 5
319951 5
319948 5
319947 5
325368 5
325367 5
325364 5
325363 5
330784 5
330783 5
330780 5
330779 5
336200 5
336199 5
336196 5
336195 5
341616 5
341615 5
341612 5
341611 5
347032 5
347031 5
347028 5
347027 5
352448 5
352447 5
352444 5
352443 5
357864 5
357863 5
357860 5
357859 5
363280 5
363279 5
363276 5
363275 5
368696 5
368695 5
368692 5
368691 5
374112 5
374111 5
374108 5
374107 5
379528 5
379527 5
379524 5
379523 5
384944 5
384943 5
384940 5
384939 5
390360 5
390359 5
390356 5
390355 5
395776 5
395775 5
395772 5
395771 5
401192 5
401191 5
401188 5
401187 5
406608 5
406607 5
406604 5
406603 5
412024 5
412023 5
412020 5
412019 5
417440 5
417439 5
417436 5
417435 5
422856 5
422855 5
422852 5
422851 5
319944 5
319943 5
319940 5
319939 5
325360 5
325359 5
325356 5
325355 5
330776 5
330775 5
330772 5
330771 5
336192 5
336191 5
336188 5
336187 5
341608 5
341607 5
341604 5
341603 5
347024 5
347023 5
347020 5
347019 5
352440 5
352439 5
352436 5
352435 5
357856 5
357855 5
357852 5
357851 5
363272 5
363271 5
363268 5
363267 5
368688 5
368687 5
368684 5
368683 5
374104 5
374103 5
374100 5
374099 5
379520 5
379519 5
379516 5
379515 5
384936 5
384935 5
384932 5
384931 5
390352 5
390351 5
390348 5
390347 5
395768 5
395767 5
395764 5
395763 5
401184 5
401183 5
401180 5
401179 5
406600 5
406599 5
406596 5
406595 5
412016 5
412015 5
412012 5
412011 5
417432 5
417431 5
417428 5
417427 5
422848 5
422847 5
422844 5
422843 5
319936 5
319935 5
319932 5
319931 5
325352 5
325351 5
325348 5
325347 5
330768 5
330767 5
330764 5
330763 5
336184 5
336183 5
336180 5
336179 5
341600 5
341599 5
341596 5
341595 5
347016 5
347015 5
347012 5
347011 5
352432 5
352431 5
352428 5
352427 5
357848 5
357847 5
357844 5
357843 5
363264 5
363263 5
363260 5
363259 5
368680 5
368679 5
368676 5
368675 5
374096 5
374095 5
374092 5
374091 5
379512 5
379511 5
379508 5
379507 5
384928 5
384927 5
384924 5
384923 5
390344 5
390343 5
390340 5
390339 5
395760 5
395759 5
395756 5
395755 5
401176 5
401175 5
401172 5
401171 5
406592 5
406591 5
406588 5
406587 5
412008 5
412007 5
412004 5
412003 5
417424 5
417423 5
417420 5
417419 5
422840 5
422839 5
422836 5
422835 5
319928 5
319927 5
319924 5
319923 5
325344 5
325343 5
325340 5
325339 5
330760 5
330759 5
330756 5
330755 5
336176 5
336175 5
336172 5
336171 5
341592 5
341591 5
341588 5
341587 5
347008 5
347007 5
347004 5
347003 5
352424 5
352423 5
352420 5
352419 5
357840 5
357839 5
357836 5
357835 5
363256 5
363255 5
363252 5
363251 5
368672 5
368671 5
368668 5
368667 5
374088 5
374087 5
374084 5
374083 5
379504 5
379503 5
379500 5
379499 5
384920 5
384919 5
384916 5
384915 5
390336 5
390335 5
390332 5
390331 5
395752 5
395751 5
395748 5
395747 5
401168 5
401167 5
401164 5
401163 5
406584 5
406583 5
406580 5
406579 5
412000 5
411999 5
411996 5
411995 5
417416 5
417415 5
417412 5
417411 5
422832 5
422831 5
422828 5
422827 5
319920 5
319919 5
319916 5
319915 5
325336 5
325335 5
325332 5
325331 5
330752 5
330751 5
330748 5
330747 5
336168 5
336167 5
336164 5
336163 5
341584 5
341583 5
341580 5
341579 5
347000 5
346999 5
346996 5
346995 5
352416 5
352415 5
352412 5
352411 5
357832 5
357831 5
357828 5
357827 5
363248 5
363247 5
363244 5
363243 5
368664 5
368663 5
368660 5
368659 5
374080 5
374079 5
374076 5
374075 5
379496 5
379495 5
379492 5
379491 5
384912 5
384911 5
384908 5
384907 5
390328 5
390327 5
390324 5
390323 5
395744 5
395743 5
395740 5
395739 5
401160 5
401159 5
401156 5
401155 5
406576 5
406575 5
406572 5
406571 5
411992 5
411991 5
411988 5
411987 5
417408 5
417407 5
417404 5
417403 5
422824 5
422823 5
422820 5
422819 5
319912 5
319911 5
319908 5
319907 5
325328 5
325327 5
325324 5
325323 5
330744 5
330743 5
330740 5
330739 5
336160 5
336159 5
336156 5
336155 5
341576 5
341575 5
341572 5
341571 5
346992 5
346991 5
346988 5
346987 5
352408 5
352407 5
352404 5
352403 5
357824 5
357823 5
357820 5
357819 5
363240 5
363239 5
363236 5
363235 5
368656 5
368655 5
368652 5
368651 5
374072 5
374071 5
374068 5
374067 5
379488 5
379487 5
379484 5
379483 5
384904 5
384903 5
384900 5
384899 5
390320 5
390319 5
390316 5
390315 5
395736 5
395735 5
395732 5
395731 5
401152 5
401151 5
401148 5
401147 5
406568 5
406567 5
406564 5
406563 5
411984 5
411983 5
411980 5
411979 5
417400 5
417399 5
417396 5
417395 5
422816 5
422815 5
422812 5
422811 5
319904 5
319903 5
319900 5
319899 5
325320 5
325319 5
325316 5
325315 5
330736 5
330735 5
330732 5
330731 5
336152 5
336151 5
336148 5
336147 5
341568 5
341567 5
341564 5
341563 5
346984 5
346983 5
346980 5
346979 5
352400 5
352399 5
352396 5
352395 5
357816 5
357815 5
357812 5
357811 5
363232 5
363231 5
363228 5
363227 5
368648 5
368647 5
368644 5
368643 5
374064 5
374063 5
374060 5
374059 5
379480 5
379479 5
379476 5
379475 5
384896 5
384895 5
384892 5
384891 5
390312 5
390311 5
390308 5
390307 5
395728 5
395727 5
395724 5
395723 5
401144 5
401143 5
401140 5
401139 5
406560 5
406559 5
406556 5
406555 5
411976 5
411975 5
411972 5
411971 5
417392 5
417391 5
417388 5
417387 5
422808 5
422807 5
422804 5
422803 5
319896 5
319895 5
319892 5
319891 5
325312 5
325311 5
325308 5
325307 5
330728 5
330727 5
330724 5
330723 5
336144 5
336143 5
336140 5
336139 5
341560 5
341559 5
341556 5
341555 5
346976 5
346975 5
346972 5
346971 5
352392 5
352391 5
352388 5
352387 5
357808 5
357807 5
357804 5
357803 5
363224 5
363223 5
363220 5
363219 5
368640 5
368639 5
368636 5
368635 5
374056 5
374055 5
374052 5
374051 5
379472 5
379471 5
379468 5
379467 5
384888 5
384887 5
384884 5
384883 5
390304 5
390303 5
390300 5
390299 5
395720 5
395719 5
395716 5
395715 5
401136 5
401135 5
401132 5
401131 5
406552 5
406551 5
406548 5
406547 5
411968 5
411967 5
411964 5
411963 5
417384 5
417383 5
417380 5
417379 5
422800 5
422799 5
422796 5
422795 5
319888 5
319887 5
319884 5
319883 5
325304 5
325303 5
325300 5
325299 5
330720 5
330719 5
330716 5
330715 5
336136 5
336135 5
336132 5
336131 5
341552 5
341551 5
341548 5
341547 5
346968 5
346967 5
346964 5
346963 5
352384 5
352383 5
352380 5
352379 5
357800 5
357799 5
357796 5
357795 5
363216 5
363215 5
363212 5
363211 5
368632 5
368631 5
368628 5
368627 5
374048 5
374047 5
374044 5
374043 5
379464 5
379463 5
379460 5
379459 5
384880 5
384879 5
384876 5
384875 5
390296 5
390295 5
390292 5
390291 5
395712 5
395711 5
395708 5
395707 5
401128 5
401127 5
401124 5
401123 5
406544 5
406543 5
406540 5
406539 5
411960 5
411959 5
411956 5
411955 5
417376 5
417375 5
417372 5
417371 5
422792 5
422791 5
422788 5
422787 5
319880 5
319879 5
319876 5
319875 5
325296 5
325295 5
325292 5
325291 5
330712 5
330711 5
330708 5
330707 5
336128 5
336127 5
336124 5
336123 5
341544 5
341543 5
341540 5
341539 5
346960 5
346959 5
346956 5
346955 5
352376 5
352375 5
352372 5
352371 5
357792 5
357791 5
357788 5
357787 5
363208 5
363207 5
363204 5
363203 5
368624 5
368623 5
368620 5
368619 5
374040 5
374039 5
374036 5
374035 5
379456 5
379455 5
379452 5
379451 5
384872 5
384871 5
384868 5
384867 5
390288 5
390287 5
390284 5
390283 5
395704 5
395703 5
395700 5
395699 5
401120 5
401119 5
401116 5
401115 5
406536 5
406535 5
406532 5
406531 5
411952 5
411951 5
411948 5
411947 5
417368 5
417367 5
417364 5
417363 5
422784 5
422783 5
422780 5
422779 5
319872 5
319871 5
319868 5
319867 5
325288 5
325287 5
325284 5
325283 5
330704 5
330703 5
330700 5
330699 5
336120 5
336119 5
336116 5
336115 5
341536 5
341535 5
341532 5
341531 5
346952 5
346951 5
346948 5
346947 5
352368 5
352367 5
352364 5
352363 5
357784 5
357783 5
357780 5
357779 5
363200 5
363199 5
363196 5
363195 5
368616 5
368615 5
368612 5
368611 5
374032 5
374031 5
374028 5
374027 5
379448 5
379447 5
379444 5
379443 5
384864 5
384863 5
384860 5
384859 5
390280 5
390279 5
390276 5
390275 5
395696 5
395695 5
395692 5
395691 5
401112 5
401111 5
401108 5
401107 5
406528 5
406527 5
406524 5
406523 5
411944 5
411943 5
411940 5
411939 5
417360 5
417359 5
417356 5
417355 5
422776 5
422775 5
422772 5
422771 5
319864 5
319863 5
319860 5
319859 5
325280 5
325279 5
325276 5
325275 5
330696 5
330695 5
330692 5
330691 5
336112 5
336111 5
336108 5
336107 5
341528 5
341527 5
341524 5
341523 5
346944 5
346943 5
346940 5
346939 5
352360 5
352359 5
352356 5
352355 5
357776 5
357775 5
357772 5
357771 5
363192 5
363191 5
363188 5
363187 5
368608 5
368607 5
368604 5
368603 5
374024 5
374023 5
374020 5
374019 5
379440 5
379439 5
379436 5
379435 5
384856 5
384855 5
384852 5
384851 5
390272 5
390271 5
390268 5
390267 5
395688 5
395687 5
395684 5
395683 5
401104 5
401103 5
401100 5
401099 5
406520 5
406519 5
406516 5
406515 5
411936 5
411935 5
411932 5
411931 5
417352 5
417351 5
417348 5
417347 5
422768 5
422767 5
422764 5
422763 5
319856 5
319855 5
319852 5
319851 5
325272 5
325271 5
325268 5
325267 5
330688 5
330687 5
330684 5
330683 5
336104 5
336103 5
336100 5
336099 5
341520 5
341519 5
341516 5
341515 5
346936 5
346935 5
346932 5
346931 5
352352 5
352351 5
352348 5
352347 5
357768 5
357767 5
357764 5
357763 5
363184 5
363183 5
363180 5
363179 5
368600 5
368599 5
368596 5
368595 5
374016 5
374015 5
374012 5
374011 5
379432 5
379431 5
379428 5
379427 5
384848 5
384847 5
384844 5
384843 5
390264 5
390263 5
390260 5
390259 5
395680 5
395679 5
395676 5
395675 5
401096 5
401095 5
401092 5
401091 5
406512 5
406511 5
406508 5
406507 5
411928 5
411927 5
411924 5
411923 5
417344 5
417343 5
417340 5
417339 5
422760 5
422759 5
422756 5
422755 5
319848 5
319847 5
319844 5
319843 5
325264 5
325263 5
325260 5
325259 5
330680 5
330679 5
330676 5
330675 5
336096 5
336095 5
336092 5
336091 5
341512 5
341511 5
341508 5
341507 5
346928 5
346927 5
346924 5
346923 5
352344 5
352343 5
352340 5
352339 5
357760 5
357759 5
357756 5
357755 5
363176 5
363175 5
363172 5
363171 5
368592 5
368591 5
368588 5
368587 5
374008 5
374007 5
374004 5
374003 5
379424 5
379423 5
379420 5
379419 5
384840 5
384839 5
384836 5
384835 5
390256 5
390255 5
390252 5
390251 5
395672 5
395671 5
395668 5
395667 5
