2 0.0
8200
260719 5
260715 5
260720 5
260716 5
260711 5
260707 5
260712 5
260708 5
260703 5
260699 5
260704 5
260700 5
260695 5
260691 5
260696 5
260692 5
260687 5
260683 5
260688 5
260684 5
260679 5
260675 5
260680 5
260676 5
260671 5
260667 5
260672 5
260668 5
260663 5
260659 5
260664 5
260660 5
260655 5
260651 5
260656 5
260652 5
260647 5
260643 5
260648 5
260644 5
260639 5
260635 5
260640 5
260636 5
260631 5
260627 5
260632 5
260628 5
260623 5
260619 5
260624 5
260620 5
260615 5
260611 5
260616 5
260612 5
260607 5
260603 5
260608 5
260604 5
260599 5
260595 5
260600 5
260596 5
260591 5
260587 5
260592 5
260588 5
260583 5
260579 5
260584 5
260580 5
260575 5
260571 5
260576 5
260572 5
260567 5
260563 5
260568 5
260564 5
260559 5
260555 5
260560 5
260556 5
260551 5
260547 5
260552 5
260548 5
260543 5
260539 5
260544 5
260540 5
260535 5
260531 5
260536 5
260532 5
260527 5
260523 5
260528 5
260524 5
260519 5
260515 5
260520 5
260516 5
260511 5
260507 5
260512 5
260508 5
260503 5
260499 5
260504 5
260500 5
260495 5
260491 5
260496 5
260492 5
260487 5
260483 5
260488 5
260484 5
260479 5
260475 5
260480 5
260476 5
260471 5
260467 5
260472 5
260468 5
260463 5
260459 5
260464 5
260460 5
260455 5
260451 5
260456 5
260452 5
260447 5
260443 5
260448 5
260444 5
260439 5
260435 5
260440 5
260436 5
260431 5
260427 5
260432 5
260428 5
260423 5
260419 5
260424 5
260420 5
260415 5
260411 5
260416 5
260412 5
260407 5
260403 5
260408 5
260404 5
260399 5
260395 5
260400 5
260396 5
255303 5
255299 5
255304 5
255300 5
255295 5
255291 5
255296 5
255292 5
255287 5
255283 5
255288 5
255284 5
255279 5
255275 5
255280 5
255276 5
255271 5
255267 5
255272 5
255268 5
255263 5
255259 5
255264 5
255260 5
255255 5
255251 5
255256 5
255252 5
255247 5
255243 5
255248 5
255244 5
255239 5
255235 5
255240 5
255236 5
255231 5
255227 5
255232 5
255228 5
255223 5
255219 5
255224 5
255220 5
255215 5
255211 5
255216 5
255212 5
255207 5
255203 5
255208 5
255204 5
255199 5
255195 5
255200 5
255196 5
255191 5
255187 5
255192 5
255188 5
255183 5
255179 5
255184 5
255180 5
255175 5
255171 5
255176 5
255172 5
255167 5
255163 5
255168 5
255164 5
255159 5
255155 5
255160 5
255156 5
255151 5
255147 5
255152 5
255148 5
255143 5
255139 5
255144 5
255140 5
255135 5
255131 5
255136 5
255132 5
255127 5
255123 5
255128 5
255124 5
255119 5
255115 5
255120 5
255116 5
255111 5
255107 5
255112 5
255108 5
255103 5
255099 5
255104 5
255100 5
255095 5
255091 5
255096 5
255092 5
255087 5
255083 5
255088 5
255084 5
255079 5
255075 5
255080 5
255076 5
255071 5
255067 5
255072 5
255068 5
255063 5
255059 5
255064 5
255060 5
255055 5
255051 5
255056 5
255052 5
255047 5
255043 5
255048 5
255044 5
255039 5
255035 5
255040 5
255036 5
255031 5
255027 5
255032 5
255028 5
255023 5
255019 5
255024 5
255020 5
255015 5
255011 5
255016 5
255012 5
255007 5
255003 5
255008 5
255004 5
254999 5
254995 5
255000 5
254996 5
254991 5
254987 5
254992 5
254988 5
254983 5
254979 5
254984 5
254980 5
249887 5
249883 5
249888 5
249884 5
249879 5
249875 5
249880 5
249876 5
249871 5
249867 5
249872 5
249868 5
249863 5
249859 5
249864 5
249860 5
249855 5
249851 5
249856 5
249852 5
249847 5
249843 5
249848 5
249844 5
249839 5
249835 5
249840 5
249836 5
249831 5
249827 5
249832 5
249828 5
249823 5
249819 5
249824 5
249820 5
249815 5
249811 5
249816 5
249812 5
249807 5
249803 5
249808 5
249804 5
249799 5
249795 5
249800 5
249796 5
249791 5
249787 5
249792 5
249788 5
249783 5
249779 5
249784 5
249780 5
249775 5
249771 5
249776 5
249772 5
249767 5
249763 5
249768 5
249764 5
249759 5
249755 5
249760 5
249756 5
249751 5
249747 5
249752 5
249748 5
249743 5
249739 5
249744 5
249740 5
249735 5
249731 5
249736 5
249732 5
249727 5
249723 5
249728 5
249724 5
249719 5
249715 5
249720 5
249716 5
249711 5
249707 5
249712 5
249708 5
249703 5
249699 5
249704 5
249700 5
249695 5
249691 5
249696 5
249692 5
249687 5
249683 5
249688 5
249684 5
249679 5
249675 5
249680 5
249676 5
249671 5
249667 5
249672 5
249668 5
249663 5
249659 5
249664 5
249660 5
249655 5
249651 5
249656 5
249652 5
249647 5
249643 5
249648 5
249644 5
249639 5
249635 5
249640 5
249636 5
249631 5
249627 5
249632 5
249628 5
249623 5
249619 5
249624 5
249620 5
249615 5
249611 5
249616 5
249612 5
249607 5
249603 5
249608 5
249604 5
249599 5
249595 5
249600 5
249596 5
249591 5
249587 5
249592 5
249588 5
249583 5
249579 5
249584 5
249580 5
249575 5
249571 5
249576 5
249572 5
249567 5
249563 5
249568 5
249564 5
244471 5
244467 5
244472 5
244468 5
244463 5
244459 5
244464 5
244460 5
244455 5
244451 5
244456 5
244452 5
244447 5
244443 5
244448 5
244444 5
244439 5
244435 5
244440 5
244436 5
244431 5
244427 5
244432 5
244428 5
244423 5
244419 5
244424 5
244420 5
244415 5
244411 5
244416 5
244412 5
244407 5
244403 5
244408 5
244404 5
244399 5
244395 5
244400 5
244396 5
244391 5
244387 5
244392 5
244388 5
244383 5
244379 5
244384 5
244380 5
244375 5
244371 5
244376 5
244372 5
244367 5
244363 5
244368 5
244364 5
244359 5
244355 5
244360 5
244356 5
244351 5
244347 5
244352 5
244348 5
244343 5
244339 5
244344 5
244340 5
244335 5
244331 5
244336 5
244332 5
244327 5
244323 5
244328 5
244324 5
244319 5
244315 5
244320 5
244316 5
244311 5
244307 5
244312 5
244308 5
244303 5
244299 5
244304 5
244300 5
244295 5
244291 5
244296 5
244292 5
244287 5
244283 5
244288 5
244284 5
244279 5
244275 5
244280 5
244276 5
244271 5
244267 5
244272 5
244268 5
244263 5
244259 5
244264 5
244260 5
244255 5
244251 5
244256 5
244252 5
244247 5
244243 5
244248 5
244244 5
244239 5
244235 5
244240 5
244236 5
244231 5
244227 5
244232 5
244228 5
244223 5
244219 5
244224 5
244220 5
244215 5
244211 5
244216 5
244212 5
244207 5
244203 5
244208 5
244204 5
244199 5
244195 5
244200 5
244196 5
244191 5
244187 5
244192 5
244188 5
244183 5
244179 5
244184 5
244180 5
244175 5
244171 5
244176 5
244172 5
244167 5
244163 5
244168 5
244164 5
244159 5
244155 5
244160 5
244156 5
244151 5
244147 5
244152 5
244148 5
239055 5
239051 5
239056 5
239052 5
239047 5
239043 5
239048 5
239044 5
239039 5
239035 5
239040 5
239036 5
239031 5
239027 5
239032 5
239028 5
239023 5
239019 5
239024 5
239020 5
239015 5
239011 5
239016 5
239012 5
239007 5
239003 5
239008 5
239004 5
238999 5
238995 5
239000 5
238996 5
238991 5
238987 5
238992 5
238988 5
238983 5
238979 5
238984 5
238980 5
238975 5
238971 5
238976 5
238972 5
238967 5
238963 5
238968 5
238964 5
238959 5
238955 5
238960 5
238956 5
238951 5
238947 5
238952 5
238948 5
238943 5
238939 5
238944 5
238940 5
238935 5
238931 5
238936 5
238932 5
238927 5
238923 5
238928 5
238924 5
238919 5
238915 5
238920 5
238916 5
238911 5
238907 5
238912 5
238908 5
238903 5
238899 5
238904 5
238900 5
238895 5
238891 5
238896 5
238892 5
238887 5
238883 5
238888 5
238884 5
238879 5
238875 5
238880 5
238876 5
238871 5
238867 5
238872 5
238868 5
238863 5
238859 5
238864 5
238860 5
238855 5
238851 5
238856 5
238852 5
238847 5
238843 5
238848 5
238844 5
238839 5
238835 5
238840 5
238836 5
238831 5
238827 5
238832 5
238828 5
238823 5
238819 5
238824 5
238820 5
238815 5
238811 5
238816 5
238812 5
238807 5
238803 5
238808 5
238804 5
238799 5
238795 5
238800 5
238796 5
238791 5
238787 5
238792 5
238788 5
238783 5
238779 5
238784 5
238780 5
238775 5
238771 5
238776 5
238772 5
238767 5
238763 5
238768 5
238764 5
238759 5
238755 5
238760 5
238756 5
238751 5
238747 5
238752 5
238748 5
238743 5
238739 5
238744 5
238740 5
238735 5
238731 5
238736 5
238732 5
157492 5
157496 5
157491 5
157495 5
157500 5
157504 5
157499 5
157503 5
157508 5
157512 5
157507 5
157511 5
157516 5
157520 5
157515 5
157519 5
157524 5
157528 5
157523 5
157527 5
157532 5
157536 5
157531 5
157535 5
157540 5
157544 5
157539 5
157543 5
157548 5
157552 5
157547 5
157551 5
157556 5
157560 5
157555 5
157559 5
157564 5
157568 5
157563 5
157567 5
157572 5
157576 5
157571 5
157575 5
157580 5
157584 5
157579 5
157583 5
157588 5
157592 5
157587 5
157591 5
157596 5
157600 5
157595 5
157599 5
157604 5
157608 5
157603 5
157607 5
157612 5
157616 5
157611 5
157615 5
157620 5
157624 5
157619 5
157623 5
157628 5
157632 5
157627 5
157631 5
157636 5
157640 5
157635 5
157639 5
157644 5
157648 5
157643 5
157647 5
157652 5
157656 5
157651 5
157655 5
157660 5
157664 5
157659 5
157663 5
157668 5
157672 5
157667 5
157671 5
157676 5
157680 5
157675 5
157679 5
157684 5
157688 5
157683 5
157687 5
157692 5
157696 5
157691 5
157695 5
157700 5
157704 5
157699 5
157703 5
157708 5
157712 5
157707 5
157711 5
157716 5
157720 5
157715 5
157719 5
157724 5
157728 5
157723 5
157727 5
157732 5
157736 5
157731 5
157735 5
157740 5
157744 5
157739 5
157743 5
157748 5
157752 5
157747 5
157751 5
157756 5
157760 5
157755 5
157759 5
157764 5
157768 5
157763 5
157767 5
157772 5
157776 5
157771 5
157775 5
157780 5
157784 5
157779 5
157783 5
157788 5
157792 5
157787 5
157791 5
157796 5
157800 5
157795 5
157799 5
157804 5
157808 5
157803 5
157807 5
157812 5
157816 5
157811 5
157815 5
162908 5
162912 5
162907 5
162911 5
162916 5
162920 5
162915 5
162919 5
162924 5
162928 5
162923 5
162927 5
162932 5
162936 5
162931 5
162935 5
162940 5
162944 5
162939 5
162943 5
162948 5
162952 5
162947 5
162951 5
162956 5
162960 5
162955 5
162959 5
162964 5
162968 5
162963 5
162967 5
162972 5
162976 5
162971 5
162975 5
162980 5
162984 5
162979 5
162983 5
162988 5
162992 5
162987 5
162991 5
162996 5
163000 5
162995 5
162999 5
163004 5
163008 5
163003 5
163007 5
163012 5
163016 5
163011 5
163015 5
163020 5
163024 5
163019 5
163023 5
163028 5
163032 5
163027 5
163031 5
163036 5
163040 5
163035 5
163039 5
163044 5
163048 5
163043 5
163047 5
163052 5
163056 5
163051 5
163055 5
163060 5
163064 5
163059 5
163063 5
163068 5
163072 5
163067 5
163071 5
163076 5
163080 5
163075 5
163079 5
163084 5
163088 5
163083 5
163087 5
163092 5
163096 5
163091 5
163095 5
163100 5
163104 5
163099 5
163103 5
163108 5
163112 5
163107 5
163111 5
163116 5
163120 5
163115 5
163119 5
163124 5
163128 5
163123 5
163127 5
163132 5
163136 5
163131 5
163135 5
163140 5
163144 5
163139 5
163143 5
163148 5
163152 5
163147 5
163151 5
163156 5
163160 5
163155 5
163159 5
163164 5
163168 5
163163 5
163167 5
163172 5
163176 5
163171 5
163175 5
163180 5
163184 5
163179 5
163183 5
163188 5
163192 5
163187 5
163191 5
163196 5
163200 5
163195 5
163199 5
163204 5
163208 5
163203 5
163207 5
163212 5
163216 5
163211 5
163215 5
163220 5
163224 5
163219 5
163223 5
163228 5
163232 5
163227 5
163231 5
168324 5
168328 5
168323 5
168327 5
168332 5
168336 5
168331 5
168335 5
168340 5
168344 5
168339 5
168343 5
168348 5
168352 5
168347 5
168351 5
168356 5
168360 5
168355 5
168359 5
168364 5
168368 5
168363 5
168367 5
168372 5
168376 5
168371 5
168375 5
168380 5
168384 5
168379 5
168383 5
168388 5
168392 5
168387 5
168391 5
168396 5
168400 5
168395 5
168399 5
168404 5
168408 5
168403 5
168407 5
168412 5
168416 5
168411 5
168415 5
168420 5
168424 5
168419 5
168423 5
168428 5
168432 5
168427 5
168431 5
168436 5
168440 5
168435 5
168439 5
168444 5
168448 5
168443 5
168447 5
168452 5
168456 5
168451 5
168455 5
168460 5
168464 5
168459 5
168463 5
168468 5
168472 5
168467 5
168471 5
168476 5
168480 5
168475 5
168479 5
168484 5
168488 5
168483 5
168487 5
168492 5
168496 5
168491 5
168495 5
168500 5
168504 5
168499 5
168503 5
168508 5
168512 5
168507 5
168511 5
168516 5
168520 5
168515 5
168519 5
168524 5
168528 5
168523 5
168527 5
168532 5
168536 5
168531 5
168535 5
168540 5
168544 5
168539 5
168543 5
168548 5
168552 5
168547 5
168551 5
168556 5
168560 5
168555 5
168559 5
168564 5
168568 5
168563 5
168567 5
168572 5
168576 5
168571 5
168575 5
168580 5
168584 5
168579 5
168583 5
168588 5
168592 5
168587 5
168591 5
168596 5
168600 5
168595 5
168599 5
168604 5
168608 5
168603 5
168607 5
168612 5
168616 5
168611 5
168615 5
168620 5
168624 5
168619 5
168623 5
168628 5
168632 5
168627 5
168631 5
168636 5
168640 5
168635 5
168639 5
168644 5
168648 5
168643 5
168647 5
173740 5
173744 5
173739 5
173743 5
173748 5
173752 5
173747 5
173751 5
173756 5
173760 5
173755 5
173759 5
173764 5
173768 5
173763 5
173767 5
173772 5
173776 5
173771 5
173775 5
173780 5
173784 5
173779 5
173783 5
173788 5
173792 5
173787 5
173791 5
173796 5
173800 5
173795 5
173799 5
173804 5
173808 5
173803 5
173807 5
173812 5
173816 5
173811 5
173815 5
173820 5
173824 5
173819 5
173823 5
173828 5
173832 5
173827 5
173831 5
173836 5
173840 5
173835 5
173839 5
173844 5
173848 5
173843 5
173847 5
173852 5
173856 5
173851 5
173855 5
173860 5
173864 5
173859 5
173863 5
173868 5
173872 5
173867 5
173871 5
173876 5
173880 5
173875 5
173879 5
173884 5
173888 5
173883 5
173887 5
173892 5
173896 5
173891 5
173895 5
173900 5
173904 5
173899 5
173903 5
173908 5
173912 5
173907 5
173911 5
173916 5
173920 5
173915 5
173919 5
173924 5
173928 5
173923 5
173927 5
173932 5
173936 5
173931 5
173935 5
173940 5
173944 5
173939 5
173943 5
173948 5
173952 5
173947 5
173951 5
173956 5
173960 5
173955 5
173959 5
173964 5
173968 5
173963 5
173967 5
173972 5
173976 5
173971 5
173975 5
173980 5
173984 5
173979 5
173983 5
173988 5
173992 5
173987 5
173991 5
173996 5
174000 5
173995 5
173999 5
174004 5
174008 5
174003 5
174007 5
174012 5
174016 5
174011 5
174015 5
174020 5
174024 5
174019 5
174023 5
174028 5
174032 5
174027 5
174031 5
174036 5
174040 5
174035 5
174039 5
174044 5
174048 5
174043 5
174047 5
174052 5
174056 5
174051 5
174055 5
174060 5
174064 5
174059 5
174063 5
179156 5
179160 5
179155 5
179159 5
179164 5
179168 5
179163 5
179167 5
179172 5
179176 5
179171 5
179175 5
179180 5
179184 5
179179 5
179183 5
179188 5
179192 5
179187 5
179191 5
179196 5
179200 5
179195 5
179199 5
179204 5
179208 5
179203 5
179207 5
179212 5
179216 5
179211 5
179215 5
179220 5
179224 5
179219 5
179223 5
179228 5
179232 5
179227 5
179231 5
179236 5
179240 5
179235 5
179239 5
179244 5
179248 5
179243 5
179247 5
179252 5
179256 5
179251 5
179255 5
179260 5
179264 5
179259 5
179263 5
179268 5
179272 5
179267 5
179271 5
179276 5
179280 5
179275 5
179279 5
179284 5
179288 5
179283 5
179287 5
179292 5
179296 5
179291 5
179295 5
179300 5
179304 5
179299 5
179303 5
179308 5
179312 5
179307 5
179311 5
179316 5
179320 5
179315 5
179319 5
179324 5
179328 5
179323 5
179327 5
179332 5
179336 5
179331 5
179335 5
179340 5
179344 5
179339 5
179343 5
179348 5
179352 5
179347 5
179351 5
179356 5
179360 5
179355 5
179359 5
179364 5
179368 5
179363 5
179367 5
179372 5
179376 5
179371 5
179375 5
179380 5
179384 5
179379 5
179383 5
179388 5
179392 5
179387 5
179391 5
179396 5
179400 5
179395 5
179399 5
179404 5
179408 5
179403 5
179407 5
179412 5
179416 5
179411 5
179415 5
179420 5
179424 5
179419 5
179423 5
179428 5
179432 5
179427 5
179431 5
179436 5
179440 5
179435 5
179439 5
179444 5
179448 5
179443 5
179447 5
179452 5
179456 5
179451 5
179455 5
179460 5
179464 5
179459 5
179463 5
179468 5
179472 5
179467 5
179471 5
179476 5
179480 5
179475 5
179479 5
184572 5
184576 5
184571 5
184575 5
184580 5
184584 5
184579 5
184583 5
184588 5
184592 5
184587 5
184591 5
184596 5
184600 5
184595 5
184599 5
184604 5
184608 5
184603 5
184607 5
184612 5
184616 5
184611 5
184615 5
184620 5
184624 5
184619 5
184623 5
184628 5
184632 5
184627 5
184631 5
184636 5
184640 5
184635 5
184639 5
184644 5
184648 5
184643 5
184647 5
184652 5
184656 5
184651 5
184655 5
184660 5
184664 5
184659 5
184663 5
184668 5
184672 5
184667 5
184671 5
184676 5
184680 5
184675 5
184679 5
184684 5
184688 5
184683 5
184687 5
184692 5
184696 5
184691 5
184695 5
184700 5
184704 5
184699 5
184703 5
184708 5
184712 5
184707 5
184711 5
184716 5
184720 5
184715 5
184719 5
184724 5
184728 5
184723 5
184727 5
184732 5
184736 5
184731 5
184735 5
184740 5
184744 5
184739 5
184743 5
184748 5
184752 5
184747 5
184751 5
184756 5
184760 5
184755 5
184759 5
184764 5
184768 5
184763 5
184767 5
184772 5
184776 5
184771 5
184775 5
184780 5
184784 5
184779 5
184783 5
184788 5
184792 5
184787 5
184791 5
184796 5
184800 5
184795 5
184799 5
184804 5
184808 5
184803 5
184807 5
184812 5
184816 5
184811 5
184815 5
184820 5
184824 5
184819 5
184823 5
184828 5
184832 5
184827 5
184831 5
184836 5
184840 5
184835 5
184839 5
184844 5
184848 5
184843 5
184847 5
184852 5
184856 5
184851 5
184855 5
184860 5
184864 5
184859 5
184863 5
184868 5
184872 5
184867 5
184871 5
184876 5
184880 5
184875 5
184879 5
184884 5
184888 5
184883 5
184887 5
184892 5
184896 5
184891 5
184895 5
189988 5
189992 5
189987 5
189991 5
189996 5
190000 5
189995 5
189999 5
190004 5
190008 5
190003 5
190007 5
190012 5
190016 5
190011 5
190015 5
190020 5
190024 5
190019 5
190023 5
190028 5
190032 5
190027 5
190031 5
190036 5
190040 5
190035 5
190039 5
190044 5
190048 5
190043 5
190047 5
190052 5
190056 5
190051 5
190055 5
190060 5
190064 5
190059 5
190063 5
190068 5
190072 5
190067 5
190071 5
190076 5
190080 5
190075 5
190079 5
190084 5
190088 5
190083 5
190087 5
190092 5
190096 5
190091 5
190095 5
190100 5
190104 5
190099 5
190103 5
190108 5
190112 5
190107 5
190111 5
190116 5
190120 5
190115 5
190119 5
190124 5
190128 5
190123 5
190127 5
190132 5
190136 5
190131 5
190135 5
190140 5
190144 5
190139 5
190143 5
190148 5
190152 5
190147 5
190151 5
190156 5
190160 5
190155 5
190159 5
190164 5
190168 5
190163 5
190167 5
190172 5
190176 5
190171 5
190175 5
190180 5
190184 5
190179 5
190183 5
190188 5
190192 5
190187 5
190191 5
190196 5
190200 5
190195 5
190199 5
190204 5
190208 5
190203 5
190207 5
190212 5
190216 5
190211 5
190215 5
190220 5
190224 5
190219 5
190223 5
190228 5
190232 5
190227 5
190231 5
190236 5
190240 5
190235 5
190239 5
190244 5
190248 5
190243 5
190247 5
190252 5
190256 5
190251 5
190255 5
190260 5
190264 5
190259 5
190263 5
190268 5
190272 5
190267 5
190271 5
190276 5
190280 5
190275 5
190279 5
190284 5
190288 5
190283 5
190287 5
190292 5
190296 5
190291 5
190295 5
190300 5
190304 5
190299 5
190303 5
190308 5
190312 5
190307 5
190311 5
195404 5
195408 5
195403 5
195407 5
195412 5
195416 5
195411 5
195415 5
195420 5
195424 5
195419 5
195423 5
195428 5
195432 5
195427 5
195431 5
195436 5
195440 5
195435 5
195439 5
195444 5
195448 5
195443 5
195447 5
195452 5
195456 5
195451 5
195455 5
195460 5
195464 5
195459 5
195463 5
195468 5
195472 5
195467 5
195471 5
195476 5
195480 5
195475 5
195479 5
195484 5
195488 5
195483 5
195487 5
195492 5
195496 5
195491 5
195495 5
195500 5
195504 5
195499 5
195503 5
195508 5
195512 5
195507 5
195511 5
195516 5
195520 5
195515 5
195519 5
195524 5
195528 5
195523 5
195527 5
195532 5
195536 5
195531 5
195535 5
195540 5
195544 5
195539 5
195543 5
195548 5
195552 5
195547 5
195551 5
195556 5
195560 5
195555 5
195559 5
195564 5
195568 5
195563 5
195567 5
195572 5
195576 5
195571 5
195575 5
195580 5
195584 5
195579 5
195583 5
195588 5
195592 5
195587 5
195591 5
195596 5
195600 5
195595 5
195599 5
195604 5
195608 5
195603 5
195607 5
195612 5
195616 5
195611 5
195615 5
195620 5
195624 5
195619 5
195623 5
195628 5
195632 5
195627 5
195631 5
195636 5
195640 5
195635 5
195639 5
195644 5
195648 5
195643 5
195647 5
195652 5
195656 5
195651 5
195655 5
195660 5
195664 5
195659 5
195663 5
195668 5
195672 5
195667 5
195671 5
195676 5
195680 5
195675 5
195679 5
195684 5
195688 5
195683 5
195687 5
195692 5
195696 5
195691 5
195695 5
195700 5
195704 5
195699 5
195703 5
195708 5
195712 5
195707 5
195711 5
195716 5
195720 5
195715 5
195719 5
195724 5
195728 5
195723 5
195727 5
200820 5
200824 5
200819 5
200823 5
200828 5
200832 5
200827 5
200831 5
200836 5
200840 5
200835 5
200839 5
200844 5
200848 5
200843 5
200847 5
200852 5
200856 5
200851 5
200855 5
200860 5
200864 5
200859 5
200863 5
200868 5
200872 5
200867 5
200871 5
200876 5
200880 5
200875 5
200879 5
200884 5
200888 5
200883 5
200887 5
200892 5
200896 5
200891 5
200895 5
200900 5
200904 5
200899 5
200903 5
200908 5
200912 5
200907 5
200911 5
200916 5
200920 5
200915 5
200919 5
200924 5
200928 5
200923 5
200927 5
200932 5
200936 5
200931 5
200935 5
200940 5
200944 5
200939 5
200943 5
200948 5
200952 5
200947 5
200951 5
200956 5
200960 5
200955 5
200959 5
200964 5
200968 5
200963 5
200967 5
200972 5
200976 5
200971 5
200975 5
200980 5
200984 5
200979 5
200983 5
200988 5
200992 5
200987 5
200991 5
200996 5
201000 5
200995 5
200999 5
201004 5
201008 5
201003 5
201007 5
201012 5
201016 5
201011 5
201015 5
201020 5
201024 5
201019 5
201023 5
201028 5
201032 5
201027 5
201031 5
201036 5
201040 5
201035 5
201039 5
201044 5
201048 5
201043 5
201047 5
201052 5
201056 5
201051 5
201055 5
201060 5
201064 5
201059 5
201063 5
201068 5
201072 5
201067 5
201071 5
201076 5
201080 5
201075 5
201079 5
201084 5
201088 5
201083 5
201087 5
201092 5
201096 5
201091 5
201095 5
201100 5
201104 5
201099 5
201103 5
201108 5
201112 5
201107 5
201111 5
201116 5
201120 5
201115 5
201119 5
201124 5
201128 5
201123 5
201127 5
201132 5
201136 5
201131 5
201135 5
201140 5
201144 5
201139 5
201143 5
206236 5
206240 5
206235 5
206239 5
206244 5
206248 5
206243 5
206247 5
206252 5
206256 5
206251 5
206255 5
206260 5
206264 5
206259 5
206263 5
206268 5
206272 5
206267 5
206271 5
206276 5
206280 5
206275 5
206279 5
206284 5
206288 5
206283 5
206287 5
206292 5
206296 5
206291 5
206295 5
206300 5
206304 5
206299 5
206303 5
206308 5
206312 5
206307 5
206311 5
206316 5
206320 5
206315 5
206319 5
206324 5
206328 5
206323 5
206327 5
206332 5
206336 5
206331 5
206335 5
206340 5
206344 5
206339 5
206343 5
206348 5
206352 5
206347 5
206351 5
206356 5
206360 5
206355 5
206359 5
206364 5
206368 5
206363 5
206367 5
206372 5
206376 5
206371 5
206375 5
206380 5
206384 5
206379 5
206383 5
206388 5
206392 5
206387 5
206391 5
206396 5
206400 5
206395 5
206399 5
206404 5
206408 5
206403 5
206407 5
206412 5
206416 5
206411 5
206415 5
206420 5
206424 5
206419 5
206423 5
206428 5
206432 5
206427 5
206431 5
206436 5
206440 5
206435 5
206439 5
206444 5
206448 5
206443 5
206447 5
206452 5
206456 5
206451 5
206455 5
206460 5
206464 5
206459 5
206463 5
206468 5
206472 5
206467 5
206471 5
206476 5
206480 5
206475 5
206479 5
206484 5
206488 5
206483 5
206487 5
206492 5
206496 5
206491 5
206495 5
206500 5
206504 5
206499 5
206503 5
206508 5
206512 5
206507 5
206511 5
206516 5
206520 5
206515 5
206519 5
206524 5
206528 5
206523 5
206527 5
206532 5
206536 5
206531 5
206535 5
206540 5
206544 5
206539 5
206543 5
206548 5
206552 5
206547 5
206551 5
206556 5
206560 5
206555 5
206559 5
211652 5
211656 5
211651 5
211655 5
211660 5
211664 5
211659 5
211663 5
211668 5
211672 5
211667 5
211671 5
211676 5
211680 5
211675 5
211679 5
211684 5
211688 5
211683 5
211687 5
211692 5
211696 5
211691 5
211695 5
211700 5
211704 5
211699 5
211703 5
211708 5
211712 5
211707 5
211711 5
211716 5
211720 5
211715 5
211719 5
211724 5
211728 5
211723 5
211727 5
211732 5
211736 5
211731 5
211735 5
211740 5
211744 5
211739 5
211743 5
211748 5
211752 5
211747 5
211751 5
211756 5
211760 5
211755 5
211759 5
211764 5
211768 5
211763 5
211767 5
211772 5
211776 5
211771 5
211775 5
211780 5
211784 5
211779 5
211783 5
211788 5
211792 5
211787 5
211791 5
211796 5
211800 5
211795 5
211799 5
211804 5
211808 5
211803 5
211807 5
211812 5
211816 5
211811 5
211815 5
211820 5
211824 5
211819 5
211823 5
211828 5
211832 5
211827 5
211831 5
211836 5
211840 5
211835 5
211839 5
211844 5
211848 5
211843 5
211847 5
211852 5
211856 5
211851 5
211855 5
211860 5
211864 5
211859 5
211863 5
211868 5
211872 5
211867 5
211871 5
211876 5
211880 5
211875 5
211879 5
211884 5
211888 5
211883 5
211887 5
211892 5
211896 5
211891 5
211895 5
211900 5
211904 5
211899 5
211903 5
211908 5
211912 5
211907 5
211911 5
211916 5
211920 5
211915 5
211919 5
211924 5
211928 5
211923 5
211927 5
211932 5
211936 5
211931 5
211935 5
211940 5
211944 5
211939 5
211943 5
211948 5
211952 5
211947 5
211951 5
211956 5
211960 5
211955 5
211959 5
211964 5
211968 5
211963 5
211967 5
211972 5
211976 5
211971 5
211975 5
217068 5
217072 5
217067 5
217071 5
217076 5
217080 5
217075 5
217079 5
217084 5
217088 5
217083 5
217087 5
217092 5
217096 5
217091 5
217095 5
217100 5
217104 5
217099 5
217103 5
217108 5
217112 5
217107 5
217111 5
217116 5
217120 5
217115 5
217119 5
217124 5
217128 5
217123 5
217127 5
217132 5
217136 5
217131 5
217135 5
217140 5
217144 5
217139 5
217143 5
217148 5
217152 5
217147 5
217151 5
217156 5
217160 5
217155 5
217159 5
217164 5
217168 5
217163 5
217167 5
217172 5
217176 5
217171 5
217175 5
217180 5
217184 5
217179 5
217183 5
217188 5
217192 5
217187 5
217191 5
217196 5
217200 5
217195 5
217199 5
217204 5
217208 5
217203 5
217207 5
217212 5
217216 5
217211 5
217215 5
217220 5
217224 5
217219 5
217223 5
217228 5
217232 5
217227 5
217231 5
217236 5
217240 5
217235 5
217239 5
217244 5
217248 5
217243 5
217247 5
217252 5
217256 5
217251 5
217255 5
217260 5
217264 5
217259 5
217263 5
217268 5
217272 5
217267 5
217271 5
217276 5
217280 5
217275 5
217279 5
217284 5
217288 5
217283 5
217287 5
217292 5
217296 5
217291 5
217295 5
217300 5
217304 5
217299 5
217303 5
217308 5
217312 5
217307 5
217311 5
217316 5
217320 5
217315 5
217319 5
217324 5
217328 5
217323 5
217327 5
217332 5
217336 5
217331 5
217335 5
217340 5
217344 5
217339 5
217343 5
217348 5
217352 5
217347 5
217351 5
217356 5
217360 5
217355 5
217359 5
217364 5
217368 5
217363 5
217367 5
217372 5
217376 5
217371 5
217375 5
217380 5
217384 5
217379 5
217383 5
217388 5
217392 5
217387 5
217391 5
222484 5
222488 5
222483 5
222487 5
222492 5
222496 5
222491 5
222495 5
222500 5
222504 5
222499 5
222503 5
222508 5
222512 5
222507 5
222511 5
222516 5
222520 5
222515 5
222519 5
222524 5
222528 5
222523 5
222527 5
222532 5
222536 5
222531 5
222535 5
222540 5
222544 5
222539 5
222543 5
222548 5
222552 5
222547 5
222551 5
222556 5
222560 5
222555 5
222559 5
222564 5
222568 5
222563 5
222567 5
222572 5
222576 5
222571 5
222575 5
222580 5
222584 5
222579 5
222583 5
222588 5
222592 5
222587 5
222591 5
222596 5
222600 5
222595 5
222599 5
222604 5
222608 5
222603 5
222607 5
222612 5
222616 5
222611 5
222615 5
222620 5
222624 5
222619 5
222623 5
222628 5
222632 5
222627 5
222631 5
222636 5
222640 5
222635 5
222639 5
222644 5
222648 5
222643 5
222647 5
222652 5
222656 5
222651 5
222655 5
222660 5
222664 5
222659 5
222663 5
222668 5
222672 5
222667 5
222671 5
222676 5
222680 5
222675 5
222679 5
222684 5
222688 5
222683 5
222687 5
222692 5
222696 5
222691 5
222695 5
222700 5
222704 5
222699 5
222703 5
222708 5
222712 5
222707 5
222711 5
222716 5
222720 5
222715 5
222719 5
222724 5
222728 5
222723 5
222727 5
222732 5
222736 5
222731 5
222735 5
222740 5
222744 5
222739 5
222743 5
222748 5
222752 5
222747 5
222751 5
222756 5
222760 5
222755 5
222759 5
222764 5
222768 5
222763 5
222767 5
222772 5
222776 5
222771 5
222775 5
222780 5
222784 5
222779 5
222783 5
222788 5
222792 5
222787 5
222791 5
222796 5
222800 5
222795 5
222799 5
222804 5
222808 5
222803 5
222807 5
227900 5
227904 5
227899 5
227903 5
227908 5
227912 5
227907 5
227911 5
227916 5
227920 5
227915 5
227919 5
227924 5
227928 5
227923 5
227927 5
227932 5
227936 5
227931 5
227935 5
227940 5
227944 5
227939 5
227943 5
227948 5
227952 5
227947 5
227951 5
227956 5
227960 5
227955 5
227959 5
227964 5
227968 5
227963 5
227967 5
227972 5
227976 5
227971 5
227975 5
227980 5
227984 5
227979 5
227983 5
227988 5
227992 5
227987 5
227991 5
227996 5
228000 5
227995 5
227999 5
228004 5
228008 5
228003 5
228007 5
228012 5
228016 5
228011 5
228015 5
228020 5
228024 5
228019 5
228023 5
228028 5
228032 5
228027 5
228031 5
228036 5
228040 5
228035 5
228039 5
228044 5
228048 5
228043 5
228047 5
228052 5
228056 5
228051 5
228055 5
228060 5
228064 5
228059 5
228063 5
228068 5
228072 5
228067 5
228071 5
228076 5
228080 5
228075 5
228079 5
228084 5
228088 5
228083 5
228087 5
228092 5
228096 5
228091 5
228095 5
228100 5
228104 5
228099 5
228103 5
228108 5
228112 5
228107 5
228111 5
228116 5
228120 5
228115 5
228119 5
228124 5
228128 5
228123 5
228127 5
228132 5
228136 5
228131 5
228135 5
228140 5
228144 5
228139 5
228143 5
228148 5
228152 5
228147 5
228151 5
228156 5
228160 5
228155 5
228159 5
228164 5
228168 5
228163 5
228167 5
228172 5
228176 5
228171 5
228175 5
228180 5
228184 5
228179 5
228183 5
228188 5
228192 5
228187 5
228191 5
228196 5
228200 5
228195 5
228199 5
228204 5
228208 5
228203 5
228207 5
228212 5
228216 5
228211 5
228215 5
228220 5
228224 5
228219 5
228223 5
233316 5
233320 5
233315 5
233319 5
233324 5
233328 5
233323 5
233327 5
233332 5
233336 5
233331 5
233335 5
233340 5
233344 5
233339 5
233343 5
233348 5
233352 5
233347 5
233351 5
233356 5
233360 5
233355 5
233359 5
233364 5
233368 5
233363 5
233367 5
233372 5
233376 5
233371 5
233375 5
233380 5
233384 5
233379 5
233383 5
233388 5
233392 5
233387 5
233391 5
233396 5
233400 5
233395 5
233399 5
233404 5
233408 5
233403 5
233407 5
233412 5
233416 5
233411 5
233415 5
233420 5
233424 5
233419 5
233423 5
233428 5
233432 5
233427 5
233431 5
233436 5
233440 5
233435 5
233439 5
233444 5
233448 5
233443 5
233447 5
233452 5
233456 5
233451 5
233455 5
233460 5
233464 5
233459 5
233463 5
233468 5
233472 5
233467 5
233471 5
233476 5
233480 5
233475 5
233479 5
233484 5
233488 5
233483 5
233487 5
233492 5
233496 5
233491 5
233495 5
233500 5
233504 5
233499 5
233503 5
233508 5
233512 5
233507 5
233511 5
233516 5
233520 5
233515 5
233519 5
233524 5
233528 5
233523 5
233527 5
233532 5
233536 5
233531 5
233535 5
233540 5
233544 5
233539 5
233543 5
233548 5
233552 5
233547 5
233551 5
233556 5
233560 5
233555 5
233559 5
233564 5
233568 5
233563 5
233567 5
233572 5
233576 5
233571 5
233575 5
233580 5
233584 5
233579 5
233583 5
233588 5
233592 5
233587 5
233591 5
233596 5
233600 5
233595 5
233599 5
233604 5
233608 5
233603 5
233607 5
233612 5
233616 5
233611 5
233615 5
233620 5
233624 5
233619 5
233623 5
233628 5
233632 5
233627 5
233631 5
233636 5
233640 5
233635 5
233639 5
261047 5
261043 5
261048 5
261044 5
261039 5
261035 5
261040 5
261036 5
261031 5
261027 5
261032 5
261028 5
261023 5
261019 5
261024 5
261020 5
261015 5
261011 5
261016 5
261012 5
261007 5
261003 5
261008 5
261004 5
260999 5
260995 5
261000 5
260996 5
260991 5
260987 5
260992 5
260988 5
260983 5
260979 5
260984 5
260980 5
260975 5
260971 5
260976 5
260972 5
260967 5
260963 5
260968 5
260964 5
260959 5
260955 5
260960 5
260956 5
260951 5
260947 5
260952 5
260948 5
260943 5
260939 5
260944 5
260940 5
260935 5
260931 5
260936 5
260932 5
260927 5
260923 5
260928 5
260924 5
260919 5
260915 5
260920 5
260916 5
260911 5
260907 5
260912 5
260908 5
260903 5
260899 5
260904 5
260900 5
260895 5
260891 5
260896 5
260892 5
260887 5
260883 5
260888 5
260884 5
260879 5
260875 5
260880 5
260876 5
260871 5
260867 5
260872 5
260868 5
260863 5
260859 5
260864 5
260860 5
260855 5
260851 5
260856 5
260852 5
260847 5
260843 5
260848 5
260844 5
260839 5
260835 5
260840 5
260836 5
260831 5
260827 5
260832 5
260828 5
260823 5
260819 5
260824 5
260820 5
260815 5
260811 5
260816 5
260812 5
260807 5
260803 5
260808 5
260804 5
260799 5
260795 5
260800 5
260796 5
260791 5
260787 5
260792 5
260788 5
260783 5
260779 5
260784 5
260780 5
260775 5
260771 5
260776 5
260772 5
260767 5
260763 5
260768 5
260764 5
260759 5
260755 5
260760 5
260756 5
260751 5
260747 5
260752 5
260748 5
260743 5
260739 5
260744 5
260740 5
260735 5
260731 5
260736 5
260732 5
260727 5
260723 5
260728 5
260724 5
266463 5
266459 5
266464 5
266460 5
266455 5
266451 5
266456 5
266452 5
266447 5
266443 5
266448 5
266444 5
266439 5
266435 5
266440 5
266436 5
266431 5
266427 5
266432 5
266428 5
266423 5
266419 5
266424 5
266420 5
266415 5
266411 5
266416 5
266412 5
266407 5
266403 5
266408 5
266404 5
266399 5
266395 5
266400 5
266396 5
266391 5
266387 5
266392 5
266388 5
266383 5
266379 5
266384 5
266380 5
266375 5
266371 5
266376 5
266372 5
266367 5
266363 5
266368 5
266364 5
266359 5
266355 5
266360 5
266356 5
266351 5
266347 5
266352 5
266348 5
266343 5
266339 5
266344 5
266340 5
266335 5
266331 5
266336 5
266332 5
266327 5
266323 5
266328 5
266324 5
266319 5
266315 5
266320 5
266316 5
266311 5
266307 5
266312 5
266308 5
266303 5
266299 5
266304 5
266300 5
266295 5
266291 5
266296 5
266292 5
266287 5
266283 5
266288 5
266284 5
266279 5
266275 5
266280 5
266276 5
266271 5
266267 5
266272 5
266268 5
266263 5
266259 5
266264 5
266260 5
266255 5
266251 5
266256 5
266252 5
266247 5
266243 5
266248 5
266244 5
266239 5
266235 5
266240 5
266236 5
266231 5
266227 5
266232 5
266228 5
266223 5
266219 5
266224 5
266220 5
266215 5
266211 5
266216 5
266212 5
266207 5
266203 5
266208 5
266204 5
266199 5
266195 5
266200 5
266196 5
266191 5
266187 5
266192 5
266188 5
266183 5
266179 5
266184 5
266180 5
266175 5
266171 5
266176 5
266172 5
266167 5
266163 5
266168 5
266164 5
266159 5
266155 5
266160 5
266156 5
266151 5
266147 5
266152 5
266148 5
266143 5
266139 5
266144 5
266140 5
271879 5
271875 5
271880 5
271876 5
271871 5
271867 5
271872 5
271868 5
271863 5
271859 5
271864 5
271860 5
271855 5
271851 5
271856 5
271852 5
271847 5
271843 5
271848 5
271844 5
271839 5
271835 5
271840 5
271836 5
271831 5
271827 5
271832 5
271828 5
271823 5
271819 5
271824 5
271820 5
271815 5
271811 5
271816 5
271812 5
271807 5
271803 5
271808 5
271804 5
271799 5
271795 5
271800 5
271796 5
271791 5
271787 5
271792 5
271788 5
271783 5
271779 5
271784 5
271780 5
271775 5
271771 5
271776 5
271772 5
271767 5
271763 5
271768 5
271764 5
271759 5
271755 5
271760 5
271756 5
271751 5
271747 5
271752 5
271748 5
271743 5
271739 5
271744 5
271740 5
271735 5
271731 5
271736 5
271732 5
271727 5
271723 5
271728 5
271724 5
271719 5
271715 5
309468 5
309472 5
309467 5
309471 5
309476 5
309480 5
309475 5
309479 5
309484 5
309488 5
309483 5
309487 5
309492 5
309496 5
309491 5
309495 5
309500 5
309504 5
309499 5
309503 5
309508 5
309512 5
309507 5
309511 5
309516 5
309520 5
309515 5
309519 5
309524 5
309528 5
309523 5
309527 5
309532 5
309536 5
309531 5
309535 5
309540 5
309544 5
309539 5
309543 5
309548 5
309552 5
309547 5
309551 5
309556 5
309560 5
309555 5
309559 5
309564 5
309568 5
309563 5
309567 5
309572 5
309576 5
309571 5
309575 5
309580 5
309584 5
309579 5
309583 5
309588 5
309592 5
309587 5
309591 5
309596 5
309600 5
309595 5
309599 5
309604 5
309608 5
309603 5
309607 5
309612 5
309616 5
309611 5
309615 5
309620 5
309624 5
309619 5
309623 5
309628 5
309632 5
309627 5
309631 5
309636 5
309640 5
309635 5
309639 5
309644 5
309648 5
309643 5
309647 5
309652 5
309656 5
309651 5
309655 5
309660 5
309664 5
309659 5
309663 5
309668 5
309672 5
309667 5
309671 5
309676 5
309680 5
309675 5
309679 5
309684 5
309688 5
309683 5
309687 5
309692 5
309696 5
309691 5
309695 5
309700 5
309704 5
309699 5
309703 5
309708 5
309712 5
309707 5
309711 5
309716 5
309720 5
309715 5
309719 5
309724 5
309728 5
309723 5
309727 5
309732 5
309736 5
309731 5
309735 5
309740 5
309744 5
309739 5
309743 5
309748 5
309752 5
309747 5
309751 5
309756 5
309760 5
309755 5
309759 5
309764 5
309768 5
309763 5
309767 5
309772 5
309776 5
309771 5
309775 5
309780 5
309784 5
309779 5
309783 5
309788 5
309792 5
309787 5
309791 5
304052 5
304056 5
304051 5
304055 5
304060 5
304064 5
304059 5
304063 5
304068 5
304072 5
304067 5
304071 5
304076 5
304080 5
304075 5
304079 5
304084 5
304088 5
304083 5
304087 5
304092 5
304096 5
304091 5
304095 5
304100 5
304104 5
304099 5
304103 5
304108 5
304112 5
304107 5
304111 5
304116 5
304120 5
304115 5
304119 5
304124 5
304128 5
304123 5
304127 5
304132 5
304136 5
304131 5
304135 5
304140 5
304144 5
304139 5
304143 5
304148 5
304152 5
304147 5
304151 5
304156 5
304160 5
304155 5
304159 5
304164 5
304168 5
304163 5
304167 5
304172 5
304176 5
304171 5
304175 5
304180 5
304184 5
304179 5
304183 5
304188 5
304192 5
304187 5
304191 5
304196 5
304200 5
304195 5
304199 5
304204 5
304208 5
304203 5
304207 5
304212 5
304216 5
304211 5
304215 5
304220 5
304224 5
304219 5
304223 5
304228 5
304232 5
304227 5
304231 5
304236 5
304240 5
304235 5
304239 5
304244 5
304248 5
304243 5
304247 5
304252 5
304256 5
304251 5
304255 5
304260 5
304264 5
304259 5
304263 5
304268 5
304272 5
304267 5
304271 5
304276 5
304280 5
304275 5
304279 5
304284 5
304288 5
304283 5
304287 5
304292 5
304296 5
304291 5
304295 5
304300 5
304304 5
304299 5
304303 5
304308 5
304312 5
304307 5
304311 5
304316 5
304320 5
304315 5
304319 5
304324 5
304328 5
304323 5
304327 5
304332 5
304336 5
304331 5
304335 5
304340 5
304344 5
304339 5
304343 5
304348 5
304352 5
304347 5
304351 5
304356 5
304360 5
304355 5
304359 5
304364 5
304368 5
304363 5
304367 5
304372 5
304376 5
304371 5
304375 5
298636 5
298640 5
298635 5
298639 5
298644 5
298648 5
298643 5
298647 5
298652 5
298656 5
298651 5
298655 5
298660 5
298664 5
298659 5
298663 5
298668 5
298672 5
298667 5
298671 5
298676 5
298680 5
298675 5
298679 5
298684 5
298688 5
298683 5
298687 5
298692 5
298696 5
298691 5
298695 5
298700 5
298704 5
298699 5
298703 5
298708 5
298712 5
298707 5
298711 5
298716 5
298720 5
298715 5
298719 5
298724 5
298728 5
298723 5
298727 5
298732 5
298736 5
298731 5
298735 5
298740 5
298744 5
298739 5
298743 5
298748 5
298752 5
298747 5
298751 5
298756 5
298760 5
298755 5
298759 5
298764 5
298768 5
298763 5
298767 5
298772 5
298776 5
298771 5
298775 5
298780 5
298784 5
298779 5
298783 5
298788 5
298792 5
298787 5
298791 5
298796 5
298800 5
298795 5
298799 5
298804 5
298808 5
298803 5
298807 5
298812 5
298816 5
298811 5
298815 5
298820 5
298824 5
298819 5
298823 5
298828 5
298832 5
298827 5
298831 5
298836 5
298840 5
298835 5
298839 5
298844 5
298848 5
298843 5
298847 5
298852 5
298856 5
298851 5
298855 5
298860 5
298864 5
298859 5
298863 5
298868 5
298872 5
298867 5
298871 5
298876 5
298880 5
298875 5
298879 5
298884 5
298888 5
298883 5
298887 5
298892 5
298896 5
298891 5
298895 5
298900 5
298904 5
298899 5
298903 5
298908 5
298912 5
298907 5
298911 5
298916 5
298920 5
298915 5
298919 5
298924 5
298928 5
298923 5
298927 5
298932 5
298936 5
298931 5
298935 5
298940 5
298944 5
298939 5
298943 5
298948 5
298952 5
298947 5
298951 5
298956 5
298960 5
298955 5
298959 5
293220 5
293224 5
293219 5
293223 5
293228 5
293232 5
293227 5
293231 5
293236 5
293240 5
293235 5
293239 5
293244 5
293248 5
293243 5
293247 5
293252 5
293256 5
293251 5
293255 5
293260 5
293264 5
293259 5
293263 5
293268 5
293272 5
293267 5
293271 5
293276 5
293280 5
293275 5
293279 5
293284 5
293288 5
293283 5
293287 5
293292 5
293296 5
293291 5
293295 5
293300 5
293304 5
293299 5
293303 5
293308 5
293312 5
293307 5
293311 5
293316 5
293320 5
293315 5
293319 5
293324 5
293328 5
293323 5
293327 5
293332 5
293336 5
293331 5
293335 5
293340 5
293344 5
293339 5
293343 5
293348 5
293352 5
293347 5
293351 5
293356 5
293360 5
293355 5
293359 5
293364 5
293368 5
293363 5
293367 5
293372 5
293376 5
293371 5
293375 5
293380 5
293384 5
293379 5
293383 5
293388 5
293392 5
293387 5
293391 5
293396 5
293400 5
293395 5
293399 5
293404 5
293408 5
293403 5
293407 5
293412 5
293416 5
293411 5
293415 5
293420 5
293424 5
293419 5
293423 5
293428 5
293432 5
293427 5
293431 5
293436 5
293440 5
293435 5
293439 5
293444 5
293448 5
293443 5
293447 5
293452 5
293456 5
293451 5
293455 5
293460 5
293464 5
293459 5
293463 5
293468 5
293472 5
293467 5
293471 5
293476 5
293480 5
293475 5
293479 5
293484 5
293488 5
293483 5
293487 5
293492 5
293496 5
293491 5
293495 5
293500 5
293504 5
293499 5
293503 5
293508 5
293512 5
293507 5
293511 5
293516 5
293520 5
293515 5
293519 5
293524 5
293528 5
293523 5
293527 5
293532 5
293536 5
293531 5
293535 5
293540 5
293544 5
293539 5
293543 5
287804 5
287808 5
287803 5
287807 5
287812 5
287816 5
287811 5
287815 5
287820 5
287824 5
287819 5
287823 5
287828 5
287832 5
287827 5
287831 5
287836 5
287840 5
287835 5
287839 5
287844 5
287848 5
287843 5
287847 5
287852 5
287856 5
287851 5
287855 5
287860 5
287864 5
287859 5
287863 5
287868 5
287872 5
287867 5
287871 5
287876 5
287880 5
287875 5
287879 5
287884 5
287888 5
287883 5
287887 5
287892 5
287896 5
287891 5
287895 5
287900 5
287904 5
287899 5
287903 5
287908 5
287912 5
287907 5
287911 5
287916 5
287920 5
287915 5
287919 5
287924 5
287928 5
287923 5
287927 5
287932 5
287936 5
287931 5
287935 5
287940 5
287944 5
287939 5
287943 5
287948 5
287952 5
287947 5
287951 5
287956 5
287960 5
287955 5
287959 5
287964 5
287968 5
287963 5
287967 5
287972 5
287976 5
287971 5
287975 5
287980 5
287984 5
287979 5
287983 5
287988 5
287992 5
287987 5
287991 5
287996 5
288000 5
287995 5
287999 5
288004 5
288008 5
288003 5
288007 5
288012 5
288016 5
288011 5
288015 5
288020 5
288024 5
288019 5
288023 5
288028 5
288032 5
288027 5
288031 5
288036 5
288040 5
288035 5
288039 5
288044 5
288048 5
288043 5
288047 5
288052 5
288056 5
288051 5
288055 5
288060 5
288064 5
288059 5
288063 5
288068 5
288072 5
288067 5
288071 5
288076 5
288080 5
288075 5
288079 5
288084 5
288088 5
288083 5
288087 5
288092 5
288096 5
288091 5
288095 5
288100 5
288104 5
288099 5
288103 5
288108 5
288112 5
288107 5
288111 5
288116 5
288120 5
288115 5
288119 5
288124 5
288128 5
288123 5
288127 5
282388 5
282392 5
282387 5
282391 5
282396 5
282400 5
282395 5
282399 5
282404 5
282408 5
282403 5
282407 5
282412 5
282416 5
282411 5
282415 5
282420 5
282424 5
282419 5
282423 5
282428 5
282432 5
282427 5
282431 5
282436 5
282440 5
282435 5
282439 5
282444 5
282448 5
282443 5
282447 5
282452 5
282456 5
282451 5
282455 5
282460 5
282464 5
282459 5
282463 5
282468 5
282472 5
282467 5
282471 5
282476 5
282480 5
282475 5
282479 5
282484 5
282488 5
282483 5
282487 5
282492 5
282496 5
282491 5
282495 5
282500 5
282504 5
282499 5
282503 5
282508 5
282512 5
282507 5
282511 5
282516 5
282520 5
282515 5
282519 5
282524 5
282528 5
282523 5
282527 5
282532 5
282536 5
282531 5
282535 5
282540 5
282544 5
282539 5
282543 5
282548 5
282552 5
282547 5
282551 5
282556 5
282560 5
282555 5
282559 5
282564 5
282568 5
282563 5
282567 5
282572 5
282576 5
282571 5
282575 5
282580 5
282584 5
282579 5
282583 5
282588 5
282592 5
282587 5
282591 5
282596 5
282600 5
282595 5
282599 5
282604 5
282608 5
282603 5
282607 5
282612 5
282616 5
282611 5
282615 5
282620 5
282624 5
282619 5
282623 5
282628 5
282632 5
282627 5
282631 5
282636 5
282640 5
282635 5
282639 5
282644 5
282648 5
282643 5
282647 5
282652 5
282656 5
282651 5
282655 5
282660 5
282664 5
282659 5
282663 5
282668 5
282672 5
282667 5
282671 5
282676 5
282680 5
282675 5
282679 5
282684 5
282688 5
282683 5
282687 5
282692 5
282696 5
282691 5
282695 5
282700 5
282704 5
282699 5
282703 5
282708 5
282712 5
282707 5
282711 5
276972 5
276976 5
276971 5
276975 5
276980 5
276984 5
276979 5
276983 5
276988 5
276992 5
276987 5
276991 5
276996 5
277000 5
276995 5
276999 5
277004 5
277008 5
277003 5
277007 5
277012 5
277016 5
277011 5
277015 5
277020 5
277024 5
277019 5
277023 5
277028 5
277032 5
277027 5
277031 5
277036 5
277040 5
277035 5
277039 5
277044 5
277048 5
277043 5
277047 5
277052 5
277056 5
277051 5
277055 5
277060 5
277064 5
277059 5
277063 5
277068 5
277072 5
277067 5
277071 5
277076 5
277080 5
277075 5
277079 5
277084 5
277088 5
277083 5
277087 5
277092 5
277096 5
277091 5
277095 5
277100 5
277104 5
277099 5
277103 5
277108 5
277112 5
277107 5
277111 5
277116 5
277120 5
277115 5
277119 5
277124 5
277128 5
277123 5
277127 5
277132 5
277136 5
277131 5
277135 5
277140 5
277144 5
277139 5
277143 5
277148 5
277152 5
277147 5
277151 5
277156 5
277160 5
277155 5
277159 5
277164 5
277168 5
277163 5
277167 5
277172 5
277176 5
277171 5
277175 5
277180 5
277184 5
277179 5
277183 5
277188 5
277192 5
277187 5
277191 5
277196 5
277200 5
277195 5
277199 5
277204 5
277208 5
277203 5
277207 5
277212 5
277216 5
277211 5
277215 5
277220 5
277224 5
277219 5
277223 5
277228 5
277232 5
277227 5
277231 5
277236 5
277240 5
277235 5
277239 5
277244 5
277248 5
277243 5
277247 5
277252 5
277256 5
277251 5
277255 5
277260 5
277264 5
277259 5
277263 5
277268 5
277272 5
277267 5
277271 5
277276 5
277280 5
277275 5
277279 5
277284 5
277288 5
277283 5
277287 5
277292 5
277296 5
277291 5
277295 5
271556 5
271560 5
271555 5
271559 5
271564 5
271568 5
271563 5
271567 5
271572 5
271576 5
271571 5
271575 5
271580 5
271584 5
271579 5
271583 5
271588 5
271592 5
271587 5
271591 5
271596 5
271600 5
271595 5
271599 5
271604 5
271608 5
271603 5
271607 5
271612 5
271616 5
271611 5
271615 5
271620 5
271624 5
271619 5
271623 5
271628 5
271632 5
271627 5
271631 5
271636 5
271640 5
271635 5
271639 5
271644 5
271648 5
271643 5
271647 5
271652 5
271656 5
271651 5
271655 5
271660 5
271664 5
271659 5
271663 5
271668 5
271672 5
271667 5
271671 5
271676 5
271680 5
271675 5
271679 5
271684 5
271688 5
271683 5
271687 5
271692 5
271696 5
271691 5
271695 5
271700 5
271704 5
271699 5
271703 5
271708 5
271712 5
271707 5
271711 5
271716 5
271720 5
319972 5
319976 5
319971 5
319975 5
319980 5
319984 5
319979 5
319983 5
319988 5
319992 5
319987 5
319991 5
319996 5
320000 5
319995 5
319999 5
320004 5
320008 5
320003 5
320007 5
320012 5
320016 5
320011 5
320015 5
320020 5
320024 5
320019 5
320023 5
320028 5
320032 5
320027 5
320031 5
320036 5
320040 5
320035 5
320039 5
320044 5
320048 5
320043 5
320047 5
320052 5
320056 5
320051 5
320055 5
320060 5
320064 5
320059 5
320063 5
320068 5
320072 5
320067 5
320071 5
320076 5
320080 5
320075 5
320079 5
320084 5
320088 5
320083 5
320087 5
320092 5
320096 5
320091 5
320095 5
320100 5
320104 5
320099 5
320103 5
320108 5
320112 5
320107 5
320111 5
320116 5
320120 5
320115 5
320119 5
320124 5
320128 5
320123 5
320127 5
320132 5
320136 5
320131 5
320135 5
320140 5
320144 5
320139 5
320143 5
320148 5
320152 5
320147 5
320151 5
320156 5
320160 5
320155 5
320159 5
320164 5
320168 5
320163 5
320167 5
320172 5
320176 5
320171 5
320175 5
320180 5
320184 5
320179 5
320183 5
320188 5
320192 5
320187 5
320191 5
320196 5
320200 5
320195 5
320199 5
320204 5
320208 5
320203 5
320207 5
320212 5
320216 5
320211 5
320215 5
320220 5
320224 5
320219 5
320223 5
320228 5
320232 5
320227 5
320231 5
320236 5
320240 5
320235 5
320239 5
320244 5
320248 5
320243 5
320247 5
320252 5
320256 5
320251 5
320255 5
320260 5
320264 5
320259 5
320263 5
320268 5
320272 5
320267 5
320271 5
320276 5
320280 5
320275 5
320279 5
320284 5
320288 5
320283 5
320287 5
320292 5
320296 5
320291 5
320295 5
325388 5
325392 5
325387 5
325391 5
325396 5
325400 5
325395 5
325399 5
325404 5
325408 5
325403 5
325407 5
325412 5
325416 5
325411 5
325415 5
325420 5
325424 5
325419 5
325423 5
325428 5
325432 5
325427 5
325431 5
325436 5
325440 5
325435 5
325439 5
325444 5
325448 5
325443 5
325447 5
325452 5
325456 5
325451 5
325455 5
325460 5
325464 5
325459 5
325463 5
325468 5
325472 5
325467 5
325471 5
325476 5
325480 5
325475 5
325479 5
325484 5
325488 5
325483 5
325487 5
325492 5
325496 5
325491 5
325495 5
325500 5
325504 5
325499 5
325503 5
325508 5
325512 5
325507 5
325511 5
325516 5
325520 5
325515 5
325519 5
325524 5
325528 5
325523 5
325527 5
325532 5
325536 5
325531 5
325535 5
325540 5
325544 5
325539 5
325543 5
325548 5
325552 5
325547 5
325551 5
325556 5
325560 5
325555 5
325559 5
325564 5
325568 5
325563 5
325567 5
325572 5
325576 5
325571 5
325575 5
325580 5
325584 5
325579 5
325583 5
325588 5
325592 5
325587 5
325591 5
325596 5
325600 5
325595 5
325599 5
325604 5
325608 5
325603 5
325607 5
325612 5
325616 5
325611 5
325615 5
325620 5
325624 5
325619 5
325623 5
325628 5
325632 5
325627 5
325631 5
325636 5
325640 5
325635 5
325639 5
325644 5
325648 5
325643 5
325647 5
325652 5
325656 5
325651 5
325655 5
325660 5
325664 5
325659 5
325663 5
325668 5
325672 5
325667 5
325671 5
325676 5
325680 5
325675 5
325679 5
325684 5
325688 5
325683 5
325687 5
325692 5
325696 5
325691 5
325695 5
325700 5
325704 5
325699 5
325703 5
325708 5
325712 5
325707 5
325711 5
330804 5
330808 5
330803 5
330807 5
330812 5
330816 5
330811 5
330815 5
330820 5
330824 5
330819 5
330823 5
330828 5
330832 5
330827 5
330831 5
330836 5
330840 5
330835 5
330839 5
330844 5
330848 5
330843 5
330847 5
330852 5
330856 5
330851 5
330855 5
330860 5
330864 5
330859 5
330863 5
330868 5
330872 5
330867 5
330871 5
330876 5
330880 5
330875 5
330879 5
330884 5
330888 5
330883 5
330887 5
330892 5
330896 5
330891 5
330895 5
330900 5
330904 5
330899 5
330903 5
330908 5
330912 5
330907 5
330911 5
330916 5
330920 5
330915 5
330919 5
330924 5
330928 5
330923 5
330927 5
330932 5
330936 5
330931 5
330935 5
330940 5
330944 5
330939 5
330943 5
330948 5
330952 5
330947 5
330951 5
330956 5
330960 5
330955 5
330959 5
330964 5
330968 5
330963 5
330967 5
330972 5
330976 5
330971 5
330975 5
330980 5
330984 5
330979 5
330983 5
330988 5
330992 5
330987 5
330991 5
330996 5
331000 5
330995 5
330999 5
331004 5
331008 5
331003 5
331007 5
331012 5
331016 5
331011 5
331015 5
331020 5
331024 5
331019 5
331023 5
331028 5
331032 5
331027 5
331031 5
331036 5
331040 5
331035 5
331039 5
331044 5
331048 5
331043 5
331047 5
331052 5
331056 5
331051 5
331055 5
331060 5
331064 5
331059 5
331063 5
331068 5
331072 5
331067 5
331071 5
331076 5
331080 5
331075 5
331079 5
331084 5
331088 5
331083 5
331087 5
331092 5
331096 5
331091 5
331095 5
331100 5
331104 5
331099 5
331103 5
331108 5
331112 5
331107 5
331111 5
331116 5
331120 5
331115 5
331119 5
331124 5
331128 5
331123 5
331127 5
336220 5
336224 5
336219 5
336223 5
336228 5
336232 5
336227 5
336231 5
336236 5
336240 5
336235 5
336239 5
336244 5
336248 5
336243 5
336247 5
336252 5
336256 5
336251 5
336255 5
336260 5
336264 5
336259 5
336263 5
336268 5
336272 5
336267 5
336271 5
336276 5
336280 5
336275 5
336279 5
336284 5
336288 5
336283 5
336287 5
336292 5
336296 5
336291 5
336295 5
336300 5
336304 5
336299 5
336303 5
336308 5
336312 5
336307 5
336311 5
336316 5
336320 5
336315 5
336319 5
336324 5
336328 5
336323 5
336327 5
336332 5
336336 5
336331 5
336335 5
336340 5
336344 5
336339 5
336343 5
336348 5
336352 5
336347 5
336351 5
336356 5
336360 5
336355 5
336359 5
336364 5
336368 5
336363 5
336367 5
336372 5
336376 5
336371 5
336375 5
336380 5
336384 5
336379 5
336383 5
336388 5
336392 5
336387 5
336391 5
336396 5
336400 5
336395 5
336399 5
336404 5
336408 5
336403 5
336407 5
336412 5
336416 5
336411 5
336415 5
336420 5
336424 5
336419 5
336423 5
336428 5
336432 5
336427 5
336431 5
336436 5
336440 5
336435 5
336439 5
336444 5
336448 5
336443 5
336447 5
336452 5
336456 5
336451 5
336455 5
336460 5
336464 5
336459 5
336463 5
336468 5
336472 5
336467 5
336471 5
336476 5
336480 5
336475 5
336479 5
336484 5
336488 5
336483 5
336487 5
336492 5
336496 5
336491 5
336495 5
336500 5
336504 5
336499 5
336503 5
336508 5
336512 5
336507 5
336511 5
336516 5
336520 5
336515 5
336519 5
336524 5
336528 5
336523 5
336527 5
336532 5
336536 5
336531 5
336535 5
336540 5
336544 5
336539 5
336543 5
341636 5
341640 5
341635 5
341639 5
341644 5
341648 5
341643 5
341647 5
341652 5
341656 5
341651 5
341655 5
341660 5
341664 5
341659 5
341663 5
341668 5
341672 5
341667 5
341671 5
341676 5
341680 5
341675 5
341679 5
341684 5
341688 5
341683 5
341687 5
341692 5
341696 5
341691 5
341695 5
341700 5
341704 5
341699 5
341703 5
341708 5
341712 5
341707 5
341711 5
341716 5
341720 5
341715 5
341719 5
341724 5
341728 5
341723 5
341727 5
341732 5
341736 5
341731 5
341735 5
341740 5
341744 5
341739 5
341743 5
341748 5
341752 5
341747 5
341751 5
341756 5
341760 5
341755 5
341759 5
341764 5
341768 5
341763 5
341767 5
341772 5
341776 5
341771 5
341775 5
341780 5
341784 5
341779 5
341783 5
341788 5
341792 5
341787 5
341791 5
341796 5
341800 5
341795 5
341799 5
341804 5
341808 5
341803 5
341807 5
341812 5
341816 5
341811 5
341815 5
341820 5
341824 5
341819 5
341823 5
341828 5
341832 5
341827 5
341831 5
341836 5
341840 5
341835 5
341839 5
341844 5
341848 5
341843 5
341847 5
341852 5
341856 5
341851 5
341855 5
341860 5
341864 5
341859 5
341863 5
341868 5
341872 5
341867 5
341871 5
341876 5
341880 5
341875 5
341879 5
341884 5
341888 5
341883 5
341887 5
341892 5
341896 5
341891 5
341895 5
341900 5
341904 5
341899 5
341903 5
341908 5
341912 5
341907 5
341911 5
341916 5
341920 5
341915 5
341919 5
341924 5
341928 5
341923 5
341927 5
341932 5
341936 5
341931 5
341935 5
341940 5
341944 5
341939 5
341943 5
341948 5
341952 5
341947 5
341951 5
341956 5
341960 5
341955 5
341959 5
423199 5
423195 5
423200 5
423196 5
423191 5
423187 5
423192 5
423188 5
423183 5
423179 5
423184 5
423180 5
423175 5
423171 5
423176 5
423172 5
423167 5
423163 5
423168 5
423164 5
423159 5
423155 5
423160 5
423156 5
423151 5
423147 5
423152 5
423148 5
423143 5
423139 5
423144 5
423140 5
423135 5
423131 5
423136 5
423132 5
423127 5
423123 5
423128 5
423124 5
423119 5
423115 5
423120 5
423116 5
423111 5
423107 5
423112 5
423108 5
423103 5
423099 5
423104 5
423100 5
423095 5
423091 5
423096 5
423092 5
423087 5
423083 5
423088 5
423084 5
423079 5
423075 5
423080 5
423076 5
423071 5
423067 5
423072 5
423068 5
423063 5
423059 5
423064 5
423060 5
423055 5
423051 5
423056 5
423052 5
423047 5
423043 5
423048 5
423044 5
423039 5
423035 5
423040 5
423036 5
423031 5
423027 5
423032 5
423028 5
423023 5
423019 5
423024 5
423020 5
423015 5
423011 5
423016 5
423012 5
423007 5
423003 5
423008 5
423004 5
422999 5
422995 5
423000 5
422996 5
422991 5
422987 5
422992 5
422988 5
422983 5
422979 5
422984 5
422980 5
422975 5
422971 5
422976 5
422972 5
422967 5
422963 5
422968 5
422964 5
422959 5
422955 5
422960 5
422956 5
422951 5
422947 5
422952 5
422948 5
422943 5
422939 5
422944 5
422940 5
422935 5
422931 5
422936 5
422932 5
422927 5
422923 5
422928 5
422924 5
422919 5
422915 5
422920 5
422916 5
422911 5
422907 5
422912 5
422908 5
422903 5
422899 5
422904 5
422900 5
422895 5
422891 5
422896 5
422892 5
422887 5
422883 5
422888 5
422884 5
422879 5
422875 5
422880 5
422876 5
417783 5
417779 5
417784 5
417780 5
417775 5
417771 5
417776 5
417772 5
417767 5
417763 5
417768 5
417764 5
417759 5
417755 5
417760 5
417756 5
417751 5
417747 5
417752 5
417748 5
417743 5
417739 5
417744 5
417740 5
417735 5
417731 5
417736 5
417732 5
417727 5
417723 5
417728 5
417724 5
417719 5
417715 5
417720 5
417716 5
417711 5
417707 5
417712 5
417708 5
417703 5
417699 5
417704 5
417700 5
417695 5
417691 5
417696 5
417692 5
417687 5
417683 5
417688 5
417684 5
417679 5
417675 5
417680 5
417676 5
417671 5
417667 5
417672 5
417668 5
417663 5
417659 5
417664 5
417660 5
417655 5
417651 5
417656 5
417652 5
417647 5
417643 5
417648 5
417644 5
417639 5
417635 5
417640 5
417636 5
417631 5
417627 5
417632 5
417628 5
417623 5
417619 5
417624 5
417620 5
417615 5
417611 5
417616 5
417612 5
417607 5
417603 5
417608 5
417604 5
417599 5
417595 5
417600 5
417596 5
417591 5
417587 5
417592 5
417588 5
417583 5
417579 5
417584 5
417580 5
417575 5
417571 5
417576 5
417572 5
417567 5
417563 5
417568 5
417564 5
417559 5
417555 5
417560 5
417556 5
417551 5
417547 5
417552 5
417548 5
417543 5
417539 5
417544 5
417540 5
417535 5
417531 5
417536 5
417532 5
417527 5
417523 5
417528 5
417524 5
417519 5
417515 5
417520 5
417516 5
417511 5
417507 5
417512 5
417508 5
417503 5
417499 5
417504 5
417500 5
417495 5
417491 5
417496 5
417492 5
417487 5
417483 5
417488 5
417484 5
417479 5
417475 5
417480 5
417476 5
417471 5
417467 5
417472 5
417468 5
417463 5
417459 5
417464 5
417460 5
412367 5
412363 5
412368 5
412364 5
412359 5
412355 5
412360 5
412356 5
412351 5
412347 5
412352 5
412348 5
412343 5
412339 5
412344 5
412340 5
412335 5
412331 5
412336 5
412332 5
412327 5
412323 5
412328 5
412324 5
412319 5
412315 5
412320 5
412316 5
412311 5
412307 5
412312 5
412308 5
412303 5
412299 5
412304 5
412300 5
412295 5
412291 5
412296 5
412292 5
412287 5
412283 5
412288 5
412284 5
412279 5
412275 5
412280 5
412276 5
412271 5
412267 5
412272 5
412268 5
412263 5
412259 5
412264 5
412260 5
412255 5
412251 5
412256 5
412252 5
412247 5
412243 5
412248 5
412244 5
412239 5
412235 5
412240 5
412236 5
412231 5
412227 5
412232 5
412228 5
412223 5
412219 5
412224 5
412220 5
412215 5
412211 5
412216 5
412212 5
412207 5
412203 5
412208 5
412204 5
412199 5
412195 5
412200 5
412196 5
412191 5
412187 5
412192 5
412188 5
412183 5
412179 5
412184 5
412180 5
412175 5
412171 5
412176 5
412172 5
412167 5
412163 5
412168 5
412164 5
412159 5
412155 5
412160 5
412156 5
412151 5
412147 5
412152 5
412148 5
412143 5
412139 5
412144 5
412140 5
412135 5
412131 5
412136 5
412132 5
412127 5
412123 5
412128 5
412124 5
412119 5
412115 5
412120 5
412116 5
412111 5
412107 5
412112 5
412108 5
412103 5
412099 5
412104 5
412100 5
412095 5
412091 5
412096 5
412092 5
412087 5
412083 5
412088 5
412084 5
412079 5
412075 5
412080 5
412076 5
412071 5
412067 5
412072 5
412068 5
412063 5
412059 5
412064 5
412060 5
412055 5
412051 5
412056 5
412052 5
412047 5
412043 5
412048 5
412044 5
406951 5
406947 5
406952 5
406948 5
406943 5
406939 5
406944 5
406940 5
406935 5
406931 5
406936 5
406932 5
406927 5
406923 5
406928 5
406924 5
406919 5
406915 5
406920 5
406916 5
406911 5
406907 5
406912 5
406908 5
406903 5
406899 5
406904 5
406900 5
406895 5
406891 5
406896 5
406892 5
406887 5
406883 5
406888 5
406884 5
406879 5
406875 5
406880 5
406876 5
406871 5
406867 5
406872 5
406868 5
406863 5
406859 5
406864 5
406860 5
406855 5
406851 5
406856 5
406852 5
406847 5
406843 5
406848 5
406844 5
406839 5
406835 5
406840 5
406836 5
406831 5
406827 5
406832 5
406828 5
406823 5
406819 5
406824 5
406820 5
406815 5
406811 5
406816 5
406812 5
406807 5
406803 5
406808 5
406804 5
406799 5
406795 5
406800 5
406796 5
406791 5
406787 5
406792 5
406788 5
406783 5
406779 5
406784 5
406780 5
406775 5
406771 5
406776 5
406772 5
406767 5
406763 5
406768 5
406764 5
406759 5
406755 5
406760 5
406756 5
406751 5
406747 5
406752 5
406748 5
406743 5
406739 5
406744 5
406740 5
406735 5
406731 5
406736 5
406732 5
406727 5
406723 5
406728 5
406724 5
406719 5
406715 5
406720 5
406716 5
406711 5
406707 5
406712 5
406708 5
406703 5
406699 5
406704 5
406700 5
406695 5
406691 5
406696 5
406692 5
406687 5
406683 5
406688 5
406684 5
406679 5
406675 5
406680 5
406676 5
406671 5
406667 5
406672 5
406668 5
406663 5
406659 5
406664 5
406660 5
406655 5
406651 5
406656 5
406652 5
406647 5
406643 5
406648 5
406644 5
406639 5
406635 5
406640 5
406636 5
406631 5
406627 5
406632 5
406628 5
401535 5
401531 5
401536 5
401532 5
401527 5
401523 5
401528 5
401524 5
401519 5
401515 5
401520 5
401516 5
401511 5
401507 5
401512 5
401508 5
401503 5
401499 5
401504 5
401500 5
401495 5
401491 5
401496 5
401492 5
401487 5
401483 5
401488 5
401484 5
401479 5
401475 5
401480 5
401476 5
401471 5
401467 5
401472 5
401468 5
401463 5
401459 5
401464 5
401460 5
401455 5
401451 5
401456 5
401452 5
401447 5
401443 5
401448 5
401444 5
401439 5
401435 5
401440 5
401436 5
401431 5
401427 5
401432 5
401428 5
401423 5
401419 5
401424 5
401420 5
401415 5
401411 5
401416 5
401412 5
401407 5
401403 5
401408 5
401404 5
401399 5
401395 5
401400 5
401396 5
401391 5
401387 5
401392 5
401388 5
401383 5
401379 5
401384 5
401380 5
401375 5
401371 5
401376 5
401372 5
401367 5
401363 5
401368 5
401364 5
401359 5
401355 5
401360 5
401356 5
401351 5
401347 5
401352 5
401348 5
401343 5
401339 5
401344 5
401340 5
401335 5
401331 5
401336 5
401332 5
401327 5
401323 5
401328 5
401324 5
401319 5
401315 5
401320 5
401316 5
401311 5
401307 5
401312 5
401308 5
401303 5
401299 5
401304 5
401300 5
401295 5
401291 5
401296 5
401292 5
401287 5
401283 5
401288 5
401284 5
401279 5
401275 5
401280 5
401276 5
401271 5
401267 5
401272 5
401268 5
401263 5
401259 5
401264 5
401260 5
401255 5
401251 5
401256 5
401252 5
401247 5
401243 5
401248 5
401244 5
401239 5
401235 5
401240 5
401236 5
401231 5
401227 5
401232 5
401228 5
401223 5
401219 5
401224 5
401220 5
401215 5
401211 5
401216 5
401212 5
396119 5
396115 5
396120 5
396116 5
396111 5
396107 5
396112 5
396108 5
396103 5
396099 5
396104 5
396100 5
396095 5
396091 5
396096 5
396092 5
396087 5
396083 5
396088 5
396084 5
396079 5
396075 5
396080 5
396076 5
396071 5
396067 5
396072 5
396068 5
396063 5
396059 5
396064 5
396060 5
396055 5
396051 5
396056 5
396052 5
396047 5
396043 5
396048 5
396044 5
396039 5
396035 5
396040 5
396036 5
396031 5
396027 5
396032 5
396028 5
396023 5
396019 5
396024 5
396020 5
396015 5
396011 5
396016 5
396012 5
396007 5
396003 5
396008 5
396004 5
395999 5
395995 5
396000 5
395996 5
395991 5
395987 5
395992 5
395988 5
395983 5
395979 5
395984 5
395980 5
395975 5
395971 5
395976 5
395972 5
395967 5
395963 5
395968 5
395964 5
395959 5
395955 5
395960 5
395956 5
395951 5
395947 5
395952 5
395948 5
395943 5
395939 5
395944 5
395940 5
395935 5
395931 5
395936 5
395932 5
395927 5
395923 5
395928 5
395924 5
395919 5
395915 5
395920 5
395916 5
395911 5
395907 5
395912 5
395908 5
395903 5
395899 5
395904 5
395900 5
395895 5
395891 5
395896 5
395892 5
395887 5
395883 5
395888 5
395884 5
395879 5
395875 5
395880 5
395876 5
395871 5
395867 5
395872 5
395868 5
395863 5
395859 5
395864 5
395860 5
395855 5
395851 5
395856 5
395852 5
395847 5
395843 5
395848 5
395844 5
395839 5
395835 5
395840 5
395836 5
395831 5
395827 5
395832 5
395828 5
395823 5
395819 5
395824 5
395820 5
395815 5
395811 5
395816 5
395812 5
395807 5
395803 5
395808 5
395804 5
395799 5
395795 5
395800 5
395796 5
390703 5
390699 5
390704 5
390700 5
390695 5
390691 5
390696 5
390692 5
390687 5
390683 5
390688 5
390684 5
390679 5
390675 5
390680 5
390676 5
390671 5
390667 5
390672 5
390668 5
390663 5
390659 5
390664 5
390660 5
390655 5
390651 5
390656 5
390652 5
390647 5
390643 5
390648 5
390644 5
390639 5
390635 5
390640 5
390636 5
390631 5
390627 5
390632 5
390628 5
390623 5
390619 5
390624 5
390620 5
390615 5
390611 5
390616 5
390612 5
390607 5
390603 5
390608 5
390604 5
390599 5
390595 5
390600 5
390596 5
390591 5
390587 5
390592 5
390588 5
390583 5
390579 5
390584 5
390580 5
390575 5
390571 5
390576 5
390572 5
390567 5
390563 5
390568 5
390564 5
390559 5
390555 5
390560 5
390556 5
390551 5
390547 5
390552 5
390548 5
390543 5
390539 5
390544 5
390540 5
390535 5
390531 5
390536 5
390532 5
390527 5
390523 5
390528 5
390524 5
390519 5
390515 5
390520 5
390516 5
390511 5
390507 5
390512 5
390508 5
390503 5
390499 5
390504 5
390500 5
390495 5
390491 5
390496 5
390492 5
390487 5
390483 5
390488 5
390484 5
390479 5
390475 5
390480 5
390476 5
390471 5
390467 5
390472 5
390468 5
390463 5
390459 5
390464 5
390460 5
390455 5
390451 5
390456 5
390452 5
390447 5
390443 5
390448 5
390444 5
390439 5
390435 5
390440 5
390436 5
390431 5
390427 5
390432 5
390428 5
390423 5
390419 5
390424 5
390420 5
390415 5
390411 5
390416 5
390412 5
390407 5
390403 5
390408 5
390404 5
390399 5
390395 5
390400 5
390396 5
390391 5
390387 5
390392 5
390388 5
390383 5
390379 5
390384 5
390380 5
385287 5
385283 5
385288 5
385284 5
385279 5
385275 5
385280 5
385276 5
385271 5
385267 5
385272 5
385268 5
385263 5
385259 5
385264 5
385260 5
385255 5
385251 5
385256 5
385252 5
385247 5
385243 5
385248 5
385244 5
385239 5
385235 5
385240 5
385236 5
385231 5
385227 5
385232 5
385228 5
385223 5
385219 5
385224 5
385220 5
385215 5
385211 5
385216 5
385212 5
385207 5
385203 5
385208 5
385204 5
385199 5
385195 5
385200 5
385196 5
385191 5
385187 5
385192 5
385188 5
385183 5
385179 5
385184 5
385180 5
385175 5
385171 5
385176 5
385172 5
385167 5
385163 5
385168 5
385164 5
385159 5
385155 5
385160 5
385156 5
385151 5
385147 5
385152 5
385148 5
385143 5
385139 5
385144 5
385140 5
385135 5
385131 5
385136 5
385132 5
385127 5
385123 5
385128 5
385124 5
385119 5
385115 5
385120 5
385116 5
385111 5
385107 5
385112 5
385108 5
385103 5
385099 5
385104 5
385100 5
385095 5
385091 5
385096 5
385092 5
385087 5
385083 5
385088 5
385084 5
385079 5
385075 5
385080 5
385076 5
385071 5
385067 5
385072 5
385068 5
385063 5
385059 5
385064 5
385060 5
385055 5
385051 5
385056 5
385052 5
385047 5
385043 5
385048 5
385044 5
385039 5
385035 5
385040 5
385036 5
385031 5
385027 5
385032 5
385028 5
385023 5
385019 5
385024 5
385020 5
385015 5
385011 5
385016 5
385012 5
385007 5
385003 5
385008 5
385004 5
384999 5
384995 5
385000 5
384996 5
384991 5
384987 5
384992 5
384988 5
384983 5
384979 5
384984 5
384980 5
384975 5
384971 5
384976 5
384972 5
384967 5
384963 5
384968 5
384964 5
379871 5
379867 5
379872 5
379868 5
379863 5
379859 5
379864 5
379860 5
379855 5
379851 5
379856 5
379852 5
379847 5
379843 5
379848 5
379844 5
379839 5
379835 5
379840 5
379836 5
379831 5
379827 5
379832 5
379828 5
379823 5
379819 5
379824 5
379820 5
379815 5
379811 5
379816 5
379812 5
379807 5
379803 5
379808 5
379804 5
379799 5
379795 5
379800 5
379796 5
379791 5
379787 5
379792 5
379788 5
379783 5
379779 5
379784 5
379780 5
379775 5
379771 5
379776 5
379772 5
379767 5
379763 5
379768 5
379764 5
379759 5
379755 5
379760 5
379756 5
379751 5
379747 5
379752 5
379748 5
379743 5
379739 5
379744 5
379740 5
379735 5
379731 5
379736 5
379732 5
379727 5
379723 5
379728 5
379724 5
379719 5
379715 5
379720 5
379716 5
379711 5
379707 5
379712 5
379708 5
379703 5
379699 5
379704 5
379700 5
379695 5
379691 5
379696 5
379692 5
379687 5
379683 5
379688 5
379684 5
379679 5
379675 5
379680 5
379676 5
379671 5
379667 5
379672 5
379668 5
379663 5
379659 5
379664 5
379660 5
379655 5
379651 5
379656 5
379652 5
379647 5
379643 5
379648 5
379644 5
379639 5
379635 5
379640 5
379636 5
379631 5
379627 5
379632 5
379628 5
379623 5
379619 5
379624 5
379620 5
379615 5
379611 5
379616 5
379612 5
379607 5
379603 5
379608 5
379604 5
379599 5
379595 5
379600 5
379596 5
379591 5
379587 5
379592 5
379588 5
379583 5
379579 5
379584 5
379580 5
379575 5
379571 5
379576 5
379572 5
379567 5
379563 5
379568 5
379564 5
379559 5
379555 5
379560 5
379556 5
379551 5
379547 5
379552 5
379548 5
374455 5
374451 5
374456 5
374452 5
374447 5
374443 5
374448 5
374444 5
374439 5
374435 5
374440 5
374436 5
374431 5
374427 5
374432 5
374428 5
374423 5
374419 5
374424 5
374420 5
374415 5
374411 5
374416 5
374412 5
374407 5
374403 5
374408 5
374404 5
374399 5
374395 5
374400 5
374396 5
374391 5
374387 5
374392 5
374388 5
374383 5
374379 5
374384 5
374380 5
374375 5
374371 5
374376 5
374372 5
374367 5
374363 5
374368 5
374364 5
374359 5
374355 5
374360 5
374356 5
374351 5
374347 5
374352 5
374348 5
374343 5
374339 5
374344 5
374340 5
374335 5
374331 5
374336 5
374332 5
374327 5
374323 5
374328 5
374324 5
374319 5
374315 5
374320 5
374316 5
374311 5
374307 5
374312 5
374308 5
374303 5
374299 5
374304 5
374300 5
374295 5
374291 5
374296 5
374292 5
374287 5
374283 5
374288 5
374284 5
374279 5
374275 5
374280 5
374276 5
374271 5
374267 5
374272 5
374268 5
374263 5
374259 5
374264 5
374260 5
374255 5
374251 5
374256 5
374252 5
374247 5
374243 5
374248 5
374244 5
374239 5
374235 5
374240 5
374236 5
374231 5
374227 5
374232 5
374228 5
374223 5
374219 5
374224 5
374220 5
374215 5
374211 5
374216 5
374212 5
374207 5
374203 5
374208 5
374204 5
374199 5
374195 5
374200 5
374196 5
374191 5
374187 5
374192 5
374188 5
374183 5
374179 5
374184 5
374180 5
374175 5
374171 5
374176 5
374172 5
374167 5
374163 5
374168 5
374164 5
374159 5
374155 5
374160 5
374156 5
374151 5
374147 5
374152 5
374148 5
374143 5
374139 5
374144 5
374140 5
374135 5
374131 5
374136 5
374132 5
369039 5
369035 5
369040 5
369036 5
369031 5
369027 5
369032 5
369028 5
369023 5
369019 5
369024 5
369020 5
369015 5
369011 5
369016 5
369012 5
369007 5
369003 5
369008 5
369004 5
368999 5
368995 5
369000 5
368996 5
368991 5
368987 5
368992 5
368988 5
368983 5
368979 5
368984 5
368980 5
368975 5
368971 5
368976 5
368972 5
368967 5
368963 5
368968 5
368964 5
368959 5
368955 5
368960 5
368956 5
368951 5
368947 5
368952 5
368948 5
368943 5
368939 5
368944 5
368940 5
368935 5
368931 5
368936 5
368932 5
368927 5
368923 5
368928 5
368924 5
368919 5
368915 5
368920 5
368916 5
368911 5
368907 5
368912 5
368908 5
368903 5
368899 5
368904 5
368900 5
368895 5
368891 5
368896 5
368892 5
368887 5
368883 5
368888 5
368884 5
368879 5
368875 5
368880 5
368876 5
368871 5
368867 5
368872 5
368868 5
368863 5
368859 5
368864 5
368860 5
368855 5
368851 5
368856 5
368852 5
368847 5
368843 5
368848 5
368844 5
368839 5
368835 5
368840 5
368836 5
368831 5
368827 5
368832 5
368828 5
368823 5
368819 5
368824 5
368820 5
368815 5
368811 5
368816 5
368812 5
368807 5
368803 5
368808 5
368804 5
368799 5
368795 5
368800 5
368796 5
368791 5
368787 5
368792 5
368788 5
368783 5
368779 5
368784 5
368780 5
368775 5
368771 5
368776 5
368772 5
368767 5
368763 5
368768 5
368764 5
368759 5
368755 5
368760 5
368756 5
368751 5
368747 5
368752 5
368748 5
368743 5
368739 5
368744 5
368740 5
368735 5
368731 5
368736 5
368732 5
368727 5
368723 5
368728 5
368724 5
368719 5
368715 5
368720 5
368716 5
363623 5
363619 5
363624 5
363620 5
363615 5
363611 5
363616 5
363612 5
363607 5
363603 5
363608 5
363604 5
363599 5
363595 5
363600 5
363596 5
363591 5
363587 5
363592 5
363588 5
363583 5
363579 5
363584 5
363580 5
363575 5
363571 5
363576 5
363572 5
363567 5
363563 5
363568 5
363564 5
363559 5
363555 5
363560 5
363556 5
363551 5
363547 5
363552 5
363548 5
363543 5
363539 5
363544 5
363540 5
363535 5
363531 5
363536 5
363532 5
363527 5
363523 5
363528 5
363524 5
363519 5
363515 5
363520 5
363516 5
363511 5
363507 5
363512 5
363508 5
363503 5
363499 5
363504 5
363500 5
363495 5
363491 5
363496 5
363492 5
363487 5
363483 5
363488 5
363484 5
363479 5
363475 5
363480 5
363476 5
363471 5
363467 5
363472 5
363468 5
363463 5
363459 5
363464 5
363460 5
363455 5
363451 5
363456 5
363452 5
363447 5
363443 5
363448 5
363444 5
363439 5
363435 5
363440 5
363436 5
363431 5
363427 5
363432 5
363428 5
363423 5
363419 5
363424 5
363420 5
363415 5
363411 5
363416 5
363412 5
363407 5
363403 5
363408 5
363404 5
363399 5
363395 5
363400 5
363396 5
363391 5
363387 5
363392 5
363388 5
363383 5
363379 5
363384 5
363380 5
363375 5
363371 5
363376 5
363372 5
363367 5
363363 5
363368 5
363364 5
363359 5
363355 5
363360 5
363356 5
363351 5
363347 5
363352 5
363348 5
363343 5
363339 5
363344 5
363340 5
363335 5
363331 5
363336 5
363332 5
363327 5
363323 5
363328 5
363324 5
363319 5
363315 5
363320 5
363316 5
363311 5
363307 5
363312 5
363308 5
363303 5
363299 5
363304 5
363300 5
358207 5
358203 5
358208 5
358204 5
358199 5
358195 5
358200 5
358196 5
358191 5
358187 5
358192 5
358188 5
358183 5
358179 5
358184 5
358180 5
358175 5
358171 5
358176 5
358172 5
358167 5
358163 5
358168 5
358164 5
358159 5
358155 5
358160 5
358156 5
358151 5
358147 5
358152 5
358148 5
358143 5
358139 5
358144 5
358140 5
358135 5
358131 5
358136 5
358132 5
358127 5
358123 5
358128 5
358124 5
358119 5
358115 5
358120 5
358116 5
358111 5
358107 5
358112 5
358108 5
358103 5
358099 5
358104 5
358100 5
358095 5
358091 5
358096 5
358092 5
358087 5
358083 5
358088 5
358084 5
358079 5
358075 5
358080 5
358076 5
358071 5
358067 5
358072 5
358068 5
358063 5
358059 5
358064 5
358060 5
358055 5
358051 5
358056 5
358052 5
358047 5
358043 5
358048 5
358044 5
358039 5
358035 5
358040 5
358036 5
358031 5
358027 5
358032 5
358028 5
358023 5
358019 5
358024 5
358020 5
358015 5
358011 5
358016 5
358012 5
358007 5
358003 5
358008 5
358004 5
357999 5
357995 5
358000 5
357996 5
357991 5
357987 5
357992 5
357988 5
357983 5
357979 5
357984 5
357980 5
357975 5
357971 5
357976 5
357972 5
357967 5
357963 5
357968 5
357964 5
357959 5
357955 5
357960 5
357956 5
357951 5
357947 5
357952 5
357948 5
357943 5
357939 5
357944 5
357940 5
357935 5
357931 5
357936 5
357932 5
357927 5
357923 5
357928 5
357924 5
357919 5
357915 5
357920 5
357916 5
357911 5
357907 5
357912 5
357908 5
357903 5
357899 5
357904 5
357900 5
357895 5
357891 5
357896 5
357892 5
357887 5
357883 5
357888 5
357884 5
352791 5
352787 5
352792 5
352788 5
352783 5
352779 5
352784 5
352780 5
352775 5
352771 5
352776 5
352772 5
352767 5
352763 5
352768 5
352764 5
352759 5
352755 5
352760 5
352756 5
352751 5
352747 5
352752 5
352748 5
352743 5
352739 5
352744 5
352740 5
352735 5
352731 5
352736 5
352732 5
352727 5
352723 5
352728 5
352724 5
352719 5
352715 5
352720 5
352716 5
352711 5
352707 5
352712 5
352708 5
352703 5
352699 5
352704 5
352700 5
352695 5
352691 5
352696 5
352692 5
352687 5
352683 5
352688 5
352684 5
352679 5
352675 5
352680 5
352676 5
352671 5
352667 5
352672 5
352668 5
352663 5
352659 5
352664 5
352660 5
352655 5
352651 5
352656 5
352652 5
352647 5
352643 5
352648 5
352644 5
352639 5
352635 5
352640 5
352636 5
352631 5
352627 5
352632 5
352628 5
352623 5
352619 5
352624 5
352620 5
352615 5
352611 5
352616 5
352612 5
352607 5
352603 5
352608 5
352604 5
352599 5
352595 5
352600 5
352596 5
352591 5
352587 5
352592 5
352588 5
352583 5
352579 5
352584 5
352580 5
352575 5
352571 5
352576 5
352572 5
352567 5
352563 5
352568 5
352564 5
352559 5
352555 5
352560 5
352556 5
352551 5
352547 5
352552 5
352548 5
352543 5
352539 5
352544 5
352540 5
352535 5
352531 5
352536 5
352532 5
352527 5
352523 5
352528 5
352524 5
352519 5
352515 5
352520 5
352516 5
352511 5
352507 5
352512 5
352508 5
352503 5
352499 5
352504 5
352500 5
352495 5
352491 5
352496 5
352492 5
352487 5
352483 5
352488 5
352484 5
352479 5
352475 5
352480 5
352476 5
352471 5
352467 5
352472 5
352468 5
347375 5
347371 5
347376 5
347372 5
347367 5
347363 5
347368 5
347364 5
347359 5
347355 5
347360 5
347356 5
347351 5
347347 5
347352 5
347348 5
347343 5
347339 5
347344 5
347340 5
347335 5
347331 5
347336 5
347332 5
347327 5
347323 5
347328 5
347324 5
347319 5
347315 5
347320 5
347316 5
347311 5
347307 5
347312 5
347308 5
347303 5
347299 5
347304 5
347300 5
347295 5
347291 5
347296 5
347292 5
347287 5
347283 5
347288 5
347284 5
347279 5
347275 5
347280 5
347276 5
347271 5
347267 5
347272 5
347268 5
347263 5
347259 5
347264 5
347260 5
347255 5
347251 5
347256 5
347252 5
347247 5
347243 5
347248 5
347244 5
347239 5
347235 5
347240 5
347236 5
347231 5
347227 5
347232 5
347228 5
347223 5
347219 5
347224 5
347220 5
347215 5
347211 5
347216 5
347212 5
347207 5
347203 5
347208 5
347204 5
347199 5
347195 5
347200 5
347196 5
347191 5
347187 5
347192 5
347188 5
347183 5
347179 5
347184 5
347180 5
347175 5
347171 5
347176 5
347172 5
347167 5
347163 5
347168 5
347164 5
347159 5
347155 5
347160 5
347156 5
347151 5
347147 5
347152 5
347148 5
347143 5
347139 5
347144 5
347140 5
347135 5
347131 5
347136 5
347132 5
347127 5
347123 5
347128 5
347124 5
347119 5
347115 5
347120 5
347116 5
347111 5
347107 5
347112 5
347108 5
347103 5
347099 5
347104 5
347100 5
347095 5
347091 5
347096 5
347092 5
347087 5
347083 5
347088 5
347084 5
347079 5
347075 5
347080 5
347076 5
347071 5
347067 5
347072 5
347068 5
347063 5
347059 5
347064 5
347060 5
347055 5
347051 5
347056 5
347052 5
