   5.00000000000000       -2.12132034000000       0.707106780000000     
          50
 876  1  1  0  0  1
 904  1  0  0  0  1
 932  1  0  0  0  1
 960  1  0  0  0  1
 988  1  0  0  0  1
1016  1  0  0  0  1
1044  1  0  0  0  1
1072  1  0  0  0  1
1100  1  0  0  0  1
1128  1  0  0  1  1
 875  1  1  0  0  0
 903  1  0  0  0  0
 931  1  0  0  0  0
 959  1  0  0  0  0
 987  1  0  0  0  0
1015  1  0  0  0  0
1043  1  0  0  0  0
1071  1  0  0  0  0
1099  1  0  0  0  0
1127  1  0  0  1  0
 874  1  1  0  0  0
 902  1  0  0  0  0
 930  1  0  0  0  0
 958  1  0  0  0  0
 986  1  0  0  0  0
1014  1  0  0  0  0
1042  1  0  0  0  0
1070  1  0  0  0  0
1098  1  0  0  0  0
1126  1  0  0  1  0
 873  1  1  0  0  0
 901  1  0  0  0  0
 929  1  0  0  0  0
 957  1  0  0  0  0
 985  1  0  0  0  0
1013  1  0  0  0  0
1041  1  0  0  0  0
1069  1  0  0  0  0
1097  1  0  0  0  0
1125  1  0  0  1  0
 872  4  1  0  0  1
 900  4  0  0  0  1
 928  4  0  0  0  1
 956  4  0  0  0  1
 984  4  0  0  0  1
1012  4  0  0  0  1
1040  4  0  0  0  1
1068  4  0  0  0  1
1096  4  0  0  0  1
1124  4  0  0  1  1
