6816
13987 6
13986 6
13985 6
13984 6
13983 6
13982 6
13981 6
13980 6
13979 6
13978 6
13977 6
13976 6
13975 6
13974 6
13973 6
13972 6
13971 6
13970 6
13969 6
13968 6
13967 6
13966 6
13965 6
13964 6
13963 6
13962 6
13961 6
13960 6
13959 6
13958 6
13957 6
13956 6
13955 6
13954 6
13953 6
13952 6
13951 6
49 6
48 6
47 6
46 6
45 6
44 6
43 6
42 6
41 6
40 6
39 6
38 6
37 6
36 6
35 6
34 6
33 6
32 6
31 6
30 6
29 6
28 6
27 6
26 6
25 6
24 6
23 6
22 6
21 6
20 6
19 6
18 6
17 6
16 6
15 6
14 6
13 6
12 6
11 6
10 6
9 6
8 6
7 6
6 6
5 6
4 6
3 6
2 6
1 6
17815 6
17814 6
17813 6
17812 6
17811 6
17810 6
17809 6
17808 6
17807 6
17806 6
17805 6
17804 6
17803 6
17802 6
17801 6
17800 6
17799 6
17798 6
17797 6
17796 6
17795 6
17794 6
17793 6
17792 6
17791 6
17790 6
17789 6
17788 6
17787 6
17786 6
17785 6
17784 6
17783 6
17782 6
17781 6
17780 6
17779 6
17778 6
17777 6
17776 6
17775 6
17774 6
17773 6
17772 6
17771 6
17770 6
17769 6
17768 6
17767 6
17766 6
17765 6
17764 6
17763 6
17762 6
17761 6
17760 6
17759 6
17758 6
17757 6
17756 6
17755 6
17754 6
17753 6
17752 6
17751 6
2516 6
2515 6
2514 6
2513 6
2512 6
2511 6
2510 6
2509 6
2508 6
2507 6
2506 6
2505 6
2504 6
2503 6
2502 6
2501 6
2500 6
2499 6
2498 6
2497 6
2496 6
2495 6
2494 6
2493 6
2492 6
2491 6
2490 6
2489 6
2488 6
2487 6
2486 6
2485 6
2484 6
2483 6
2482 6
2481 6
2480 6
2479 6
2478 6
2477 6
2476 6
2475 6
2474 6
2473 6
2472 6
2471 6
2470 6
2469 6
2468 6
2467 6
2466 6
2465 6
2464 6
2463 6
2462 6
2461 6
2460 6
2459 6
2458 6
2457 6
2456 6
2455 6
2454 6
2453 6
2452 6
2451 6
40037 6
40036 6
40035 6
40034 6
40033 6
40032 6
40031 6
40030 6
40029 6
40028 6
40027 6
40026 6
40025 6
40024 6
40023 6
40022 6
40021 6
40020 6
40019 6
40018 6
40017 6
40016 6
40015 6
40014 6
40013 6
40012 6
40011 6
40010 6
40009 6
40008 6
40007 6
40006 6
40005 6
40004 6
40003 6
40002 6
40001 6
40000 6
39999 6
39998 6
39997 6
39996 6
39995 6
39994 6
39993 6
39992 6
39991 6
39990 6
39989 6
39988 6
39987 6
39986 6
39985 6
39984 6
39983 6
39982 6
39981 6
39980 6
39979 6
39978 6
39977 6
39976 6
39975 6
39974 6
39973 6
39972 6
39971 6
39970 6
39969 6
39968 6
39967 6
39966 6
39965 6
39964 6
39963 6
39962 6
39961 6
39960 6
39959 6
39958 6
39957 6
39956 6
39955 6
39954 6
39953 6
39952 6
39951 6
39950 6
39949 6
39948 6
39947 6
39946 6
39945 6
39944 6
39943 6
39942 6
39941 6
39940 6
39939 6
39938 6
39937 6
39936 6
39935 6
39934 6
39933 6
39932 6
39931 6
39930 6
39929 6
39928 6
39927 6
39926 6
39925 6
39924 6
39923 6
39922 6
39921 6
39920 6
39919 6
39918 6
39917 6
39916 6
39915 6
39914 6
39913 6
39912 6
39911 6
39910 6
39909 6
39908 6
39907 6
39906 6
39905 6
39904 6
39903 6
39902 6
39901 6
39900 6
39899 6
39898 6
39897 6
39896 6
39895 6
39894 6
39893 6
39892 6
39891 6
39890 6
39889 6
39888 6
39887 6
39886 6
39885 6
39884 6
39883 6
39882 6
39881 6
39880 6
39879 6
39878 6
39877 6
39876 6
39875 6
39874 6
39873 6
39872 6
39871 6
39870 6
39869 6
39868 6
39867 6
39866 6
39865 6
39864 6
39863 6
39862 6
39861 6
39860 6
39859 6
39858 6
39857 6
39856 6
39855 6
39854 6
39853 6
39852 6
39851 6
39850 6
39849 6
39848 6
39847 6
39846 6
39845 6
39844 6
39843 6
39842 6
39841 6
39840 6
39839 6
39838 6
39837 6
39836 6
39835 6
39834 6
39833 6
39832 6
39831 6
39830 6
39829 6
39828 6
39827 6
39826 6
39825 6
39824 6
39823 6
39822 6
39821 6
39820 6
39819 6
39818 6
39817 6
39816 6
39815 6
39814 6
39813 6
39812 6
39811 6
39810 6
39809 6
39808 6
39807 6
39806 6
39805 6
39804 6
39803 6
39802 6
39801 6
39800 6
39799 6
39798 6
39797 6
39796 6
39795 6
39794 6
39793 6
39792 6
39791 6
39790 6
39789 6
39788 6
39787 6
39786 6
39785 6
39784 6
39783 6
39782 6
39781 6
39780 6
39779 6
39778 6
39777 6
39776 6
39775 6
39774 6
39773 6
39772 6
39771 6
39770 6
39769 6
39768 6
39767 6
39766 6
39765 6
39764 6
39763 6
39762 6
39761 6
39760 6
39759 6
39758 6
39757 6
39756 6
39755 6
39754 6
39753 6
39752 6
39751 6
39750 6
39749 6
39748 6
39747 6
39746 6
39745 6
39744 6
39743 6
39742 6
39741 6
39740 6
39739 6
39738 6
39737 6
39736 6
39735 6
39734 6
39733 6
39732 6
39731 6
39730 6
39729 6
39728 6
39727 6
39726 6
39725 6
39724 6
39723 6
39722 6
39721 6
39720 6
39719 6
39718 6
39717 6
39716 6
39715 6
39714 6
39713 6
39712 6
39711 6
39710 6
39709 6
39708 6
39707 6
39706 6
39705 6
39704 6
39703 6
39702 6
39701 6
39700 6
39699 6
39698 6
39697 6
39696 6
39695 6
39694 6
39693 6
39692 6
39691 6
39690 6
39689 6
39688 6
39687 6
39686 6
39685 6
39684 6
39683 6
39682 6
39681 6
39680 6
39679 6
39678 6
39677 6
39676 6
39675 6
39674 6
39673 6
39672 6
39671 6
39670 6
39669 6
39668 6
39667 6
39666 6
39665 6
39664 6
39663 6
39662 6
39661 6
39660 6
39659 6
39658 6
39657 6
39656 6
39655 6
39654 6
39653 6
39652 6
39651 6
39650 6
39649 6
39648 6
39647 6
39646 6
39645 6
39644 6
39643 6
39642 6
39641 6
39640 6
39639 6
39638 6
39637 6
39636 6
39635 6
39634 6
39633 6
39632 6
39631 6
39630 6
39629 6
39628 6
39627 6
39626 6
39625 6
39624 6
39623 6
39622 6
39621 6
39620 6
39619 6
39618 6
39617 6
39616 6
39615 6
39614 6
39613 6
39612 6
39611 6
39610 6
39609 6
39608 6
39607 6
39606 6
39605 6
39604 6
39603 6
39602 6
39601 6
39600 6
39599 6
39598 6
39597 6
39596 6
39595 6
39594 6
39593 6
39592 6
39591 6
39590 6
39589 6
39588 6
39587 6
39586 6
39585 6
39584 6
39583 6
39582 6
39581 6
39580 6
39579 6
39578 6
39577 6
39576 6
39575 6
39574 6
39573 6
39572 6
39571 6
39570 6
39569 6
39568 6
39567 6
39566 6
39565 6
39564 6
39563 6
39562 6
39561 6
39560 6
39559 6
39558 6
39557 6
39556 6
39555 6
39554 6
39553 6
39552 6
39551 6
39550 6
39549 6
39548 6
39547 6
39546 6
39545 6
39544 6
39543 6
39542 6
39541 6
39540 6
39539 6
39538 6
39537 6
39536 6
39535 6
39534 6
39533 6
39532 6
39531 6
39530 6
39529 6
39528 6
39527 6
39526 6
39525 6
39524 6
39523 6
39522 6
39521 6
39520 6
39519 6
39518 6
39517 6
39516 6
39515 6
39514 6
39513 6
39512 6
39511 6
39510 6
39509 6
39508 6
39507 6
39506 6
39505 6
39504 6
39503 6
39502 6
39501 6
39500 6
39499 6
39498 6
39497 6
39496 6
39495 6
39494 6
39493 6
39492 6
39491 6
39490 6
39489 6
39488 6
39487 6
39486 6
39485 6
39484 6
39483 6
39482 6
39481 6
39480 6
39479 6
39478 6
39477 6
39476 6
39475 6
39474 6
39473 6
39472 6
39471 6
39470 6
39469 6
39468 6
39467 6
39466 6
39465 6
39464 6
39463 6
39462 6
39461 6
39460 6
39459 6
39458 6
39457 6
39456 6
39455 6
39454 6
39453 6
39452 6
39451 6
39450 6
39449 6
39448 6
39447 6
39446 6
39445 6
39444 6
39443 6
39442 6
39441 6
39440 6
39439 6
39438 6
39437 6
39436 6
39435 6
39434 6
39433 6
39432 6
39431 6
39430 6
39429 6
39428 6
39427 6
39426 6
39425 6
39424 6
39423 6
39422 6
39421 6
39420 6
39419 6
39418 6
39417 6
39416 6
39415 6
39414 6
39413 6
39412 6
39411 6
39410 6
39409 6
39408 6
39407 6
39406 6
39405 6
39404 6
39403 6
39402 6
39401 6
39400 6
39399 6
39398 6
39397 6
39396 6
39395 6
39394 6
39393 6
39392 6
39391 6
39390 6
39389 6
39388 6
39387 6
39386 6
39385 6
39384 6
39383 6
39382 6
39381 6
39380 6
39379 6
39378 6
39377 6
39376 6
39375 6
39374 6
39373 6
39372 6
39371 6
39370 6
39369 6
39368 6
39367 6
39366 6
39365 6
39364 6
39363 6
39362 6
39361 6
5914 6
5913 6
5912 6
5911 6
5910 6
5909 6
5908 6
5907 6
5906 6
5905 6
5904 6
5903 6
5902 6
5901 6
5900 6
5899 6
5898 6
5897 6
5896 6
5895 6
5894 6
5893 6
5892 6
5891 6
5890 6
5889 6
5888 6
5887 6
5886 6
5885 6
5884 6
5883 6
5882 6
5881 6
5880 6
5879 6
5878 6
5877 6
5876 6
5875 6
5874 6
5873 6
5872 6
5871 6
5870 6
5869 6
5868 6
5867 6
5866 6
5865 6
5864 6
5863 6
5862 6
5861 6
5860 6
5859 6
5858 6
5857 6
5856 6
5855 6
5854 6
5853 6
5852 6
5851 6
5850 6
5849 6
5848 6
5847 6
5846 6
5845 6
5844 6
5843 6
5842 6
5841 6
5840 6
5839 6
5838 6
5837 6
5836 6
5835 6
5834 6
5833 6
5832 6
5831 6
5830 6
5829 6
5828 6
5827 6
5826 6
5825 6
5824 6
5823 6
5822 6
5821 6
5820 6
5819 6
5818 6
5817 6
5816 6
5815 6
5814 6
5813 6
5812 6
5811 6
5810 6
5809 6
5808 6
5807 6
5806 6
5805 6
5804 6
5803 6
5802 6
5801 6
5800 6
5799 6
5798 6
5797 6
5796 6
5795 6
5794 6
5793 6
5792 6
5791 6
5790 6
5789 6
5788 6
5787 6
5786 6
5785 6
5784 6
5783 6
5782 6
5781 6
5780 6
5779 6
5778 6
5777 6
5776 6
5775 6
5774 6
5773 6
5772 6
5771 6
5770 6
5769 6
5768 6
5767 6
5766 6
5765 6
5764 6
5763 6
5762 6
5761 6
5760 6
5759 6
5758 6
5757 6
5756 6
5755 6
5754 6
5753 6
5752 6
5751 6
26 2
75 2
124 2
173 2
222 2
271 2
320 2
369 2
418 2
467 2
516 2
565 2
614 2
663 2
712 2
761 2
810 2
859 2
908 2
957 2
25 1
74 1
123 1
172 1
221 1
270 1
319 1
368 1
417 1
466 1
515 1
564 1
613 1
662 1
711 1
760 1
809 1
858 1
907 1
956 1
1004 4
1053 4
1102 4
1151 4
1200 4
1249 4
1298 4
1347 4
1396 4
1445 4
1005 1
1054 1
1103 1
1152 1
1201 1
1250 1
1299 1
1348 1
1397 1
1446 1
1496 2
1545 2
1594 2
1643 2
1692 2
1741 2
1790 2
1839 2
1888 2
1937 2
1986 2
2035 2
2084 2
2133 2
2182 2
2231 2
2280 2
2329 2
2378 2
2427 2
1495 1
1544 1
1593 1
1642 1
1691 1
1740 1
1789 1
1838 1
1887 1
1936 1
1985 1
2034 1
2083 1
2132 1
2181 1
2230 1
2279 1
2328 1
2377 1
2426 1
3762 1
3696 1
3630 1
3564 1
3498 1
3432 1
3366 1
3300 1
3234 1
3168 1
3102 1
3036 1
2970 1
2904 1
2838 1
2772 1
2706 1
2640 1
2574 1
2508 1
3763 1
3697 1
3631 1
3565 1
3499 1
3433 1
3367 1
3301 1
3235 1
3169 1
3103 1
3037 1
2971 1
2905 1
2839 1
2773 1
2707 1
2641 1
2575 1
2509 1
3764 1
3698 1
3632 1
3566 1
3500 1
3434 1
3368 1
3302 1
3236 1
3170 1
3104 1
3038 1
2972 1
2906 1
2840 1
2774 1
2708 1
2642 1
2576 1
2510 1
3765 1
3699 1
3633 1
3567 1
3501 1
3435 1
3369 1
3303 1
3237 1
3171 1
3105 1
3039 1
2973 1
2907 1
2841 1
2775 1
2709 1
2643 1
2577 1
2511 1
4373 1
4307 1
4241 1
4175 1
4109 1
4043 1
3977 1
3911 1
3845 1
3779 1
4372 1
4306 1
4240 1
4174 1
4108 1
4042 1
3976 1
3910 1
3844 1
3778 1
4371 1
4305 1
4239 1
4173 1
4107 1
4041 1
3975 1
3909 1
3843 1
3777 1
4370 1
4304 1
4238 1
4172 1
4106 1
4040 1
3974 1
3908 1
3842 1
3776 1
5742 1
5676 1
5610 1
5544 1
5478 1
5412 1
5346 1
5280 1
5214 1
5148 1
5082 1
5016 1
4950 1
4884 1
4818 1
4752 1
4686 1
4620 1
4554 1
4488 1
5743 1
5677 1
5611 1
5545 1
5479 1
5413 1
5347 1
5281 1
5215 1
5149 1
5083 1
5017 1
4951 1
4885 1
4819 1
4753 1
4687 1
4621 1
4555 1
4489 1
5744 1
5678 1
5612 1
5546 1
5480 1
5414 1
5348 1
5282 1
5216 1
5150 1
5084 1
5018 1
4952 1
4886 1
4820 1
4754 1
4688 1
4622 1
4556 1
4490 1
5745 1
5679 1
5613 1
5547 1
5481 1
5415 1
5349 1
5283 1
5217 1
5151 1
5085 1
5019 1
4953 1
4887 1
4821 1
4755 1
4689 1
4623 1
4557 1
4491 1
9000 4
8836 4
8672 4
8508 4
8344 4
8180 4
8016 4
7852 4
7688 4
7524 4
7360 4
7196 4
7032 4
6868 4
6704 4
6540 4
6376 4
6212 4
6048 4
5884 4
8972 1
8808 1
8644 1
8480 1
8316 1
8152 1
7988 1
7824 1
7660 1
7496 1
7332 1
7168 1
7004 1
6840 1
6676 1
6512 1
6348 1
6184 1
6020 1
5856 1
8973 1
8809 1
8645 1
8481 1
8317 1
8153 1
7989 1
7825 1
7661 1
7497 1
7333 1
7169 1
7005 1
6841 1
6677 1
6513 1
6349 1
6185 1
6021 1
5857 1
8974 1
8810 1
8646 1
8482 1
8318 1
8154 1
7990 1
7826 1
7662 1
7498 1
7334 1
7170 1
7006 1
6842 1
6678 1
6514 1
6350 1
6186 1
6022 1
5858 1
8975 1
8811 1
8647 1
8483 1
8319 1
8155 1
7991 1
7827 1
7663 1
7499 1
7335 1
7171 1
7007 1
6843 1
6679 1
6515 1
6351 1
6187 1
6023 1
5859 1
8976 1
8812 1
8648 1
8484 1
8320 1
8156 1
7992 1
7828 1
7664 1
7500 1
7336 1
7172 1
7008 1
6844 1
6680 1
6516 1
6352 1
6188 1
6024 1
5860 1
8977 1
8813 1
8649 1
8485 1
8321 1
8157 1
7993 1
7829 1
7665 1
7501 1
7337 1
7173 1
7009 1
6845 1
6681 1
6517 1
6353 1
6189 1
6025 1
5861 1
8978 1
8814 1
8650 1
8486 1
8322 1
8158 1
7994 1
7830 1
7666 1
7502 1
7338 1
7174 1
7010 1
6846 1
6682 1
6518 1
6354 1
6190 1
6026 1
5862 1
8979 1
8815 1
8651 1
8487 1
8323 1
8159 1
7995 1
7831 1
7667 1
7503 1
7339 1
7175 1
7011 1
6847 1
6683 1
6519 1
6355 1
6191 1
6027 1
5863 1
8980 1
8816 1
8652 1
8488 1
8324 1
8160 1
7996 1
7832 1
7668 1
7504 1
7340 1
7176 1
7012 1
6848 1
6684 1
6520 1
6356 1
6192 1
6028 1
5864 1
8981 1
8817 1
8653 1
8489 1
8325 1
8161 1
7997 1
7833 1
7669 1
7505 1
7341 1
7177 1
7013 1
6849 1
6685 1
6521 1
6357 1
6193 1
6029 1
5865 1
8982 1
8818 1
8654 1
8490 1
8326 1
8162 1
7998 1
7834 1
7670 1
7506 1
7342 1
7178 1
7014 1
6850 1
6686 1
6522 1
6358 1
6194 1
6030 1
5866 1
8983 1
8819 1
8655 1
8491 1
8327 1
8163 1
7999 1
7835 1
7671 1
7507 1
7343 1
7179 1
7015 1
6851 1
6687 1
6523 1
6359 1
6195 1
6031 1
5867 1
8984 1
8820 1
8656 1
8492 1
8328 1
8164 1
8000 1
7836 1
7672 1
7508 1
7344 1
7180 1
7016 1
6852 1
6688 1
6524 1
6360 1
6196 1
6032 1
5868 1
8985 1
8821 1
8657 1
8493 1
8329 1
8165 1
8001 1
7837 1
7673 1
7509 1
7345 1
7181 1
7017 1
6853 1
6689 1
6525 1
6361 1
6197 1
6033 1
5869 1
9023 2
8859 2
8695 2
8531 2
8367 2
8203 2
8039 2
7875 2
7711 2
7547 2
7383 2
7219 2
7055 2
6891 2
6727 2
6563 2
6399 2
6235 2
6071 2
5907 2
9025 3
8861 3
8697 3
8533 3
8369 3
8205 3
8041 3
7877 3
7713 3
7549 3
7385 3
7221 3
7057 3
6893 3
6729 3
6565 3
6401 3
6237 3
6073 3
5909 3
9027 3
8863 3
8699 3
8535 3
8371 3
8207 3
8043 3
7879 3
7715 3
7551 3
7387 3
7223 3
7059 3
6895 3
6731 3
6567 3
6403 3
6239 3
6075 3
5911 3
10537 2
10373 2
10209 2
10045 2
9881 2
9717 2
9553 2
9389 2
9225 2
9061 2
10565 1
10401 1
10237 1
10073 1
9909 1
9745 1
9581 1
9417 1
9253 1
9089 1
10564 1
10400 1
10236 1
10072 1
9908 1
9744 1
9580 1
9416 1
9252 1
9088 1
10563 1
10399 1
10235 1
10071 1
9907 1
9743 1
9579 1
9415 1
9251 1
9087 1
10562 1
10398 1
10234 1
10070 1
9906 1
9742 1
9578 1
9414 1
9250 1
9086 1
10561 1
10397 1
10233 1
10069 1
9905 1
9741 1
9577 1
9413 1
9249 1
9085 1
10560 1
10396 1
10232 1
10068 1
9904 1
9740 1
9576 1
9412 1
9248 1
9084 1
10559 1
10395 1
10231 1
10067 1
9903 1
9739 1
9575 1
9411 1
9247 1
9083 1
10558 1
10394 1
10230 1
10066 1
9902 1
9738 1
9574 1
9410 1
9246 1
9082 1
10557 1
10393 1
10229 1
10065 1
9901 1
9737 1
9573 1
9409 1
9245 1
9081 1
10556 1
10392 1
10228 1
10064 1
9900 1
9736 1
9572 1
9408 1
9244 1
9080 1
10555 1
10391 1
10227 1
10063 1
9899 1
9735 1
9571 1
9407 1
9243 1
9079 1
10554 1
10390 1
10226 1
10062 1
9898 1
9734 1
9570 1
9406 1
9242 1
9078 1
10553 1
10389 1
10225 1
10061 1
9897 1
9733 1
9569 1
9405 1
9241 1
9077 1
10552 1
10388 1
10224 1
10060 1
9896 1
9732 1
9568 1
9404 1
9240 1
9076 1
10514 4
10350 4
10186 4
10022 4
9858 4
9694 4
9530 4
9366 4
9202 4
9038 4
10512 3
10348 3
10184 3
10020 3
9856 3
9692 3
9528 3
9364 3
9200 3
9036 3
10510 3
10346 3
10182 3
10018 3
9854 3
9690 3
9526 3
9362 3
9198 3
9034 3
13920 4
13756 4
13592 4
13428 4
13264 4
13100 4
12936 4
12772 4
12608 4
12444 4
12280 4
12116 4
11952 4
11788 4
11624 4
11460 4
11296 4
11132 4
10968 4
10804 4
13892 1
13728 1
13564 1
13400 1
13236 1
13072 1
12908 1
12744 1
12580 1
12416 1
12252 1
12088 1
11924 1
11760 1
11596 1
11432 1
11268 1
11104 1
10940 1
10776 1
13893 1
13729 1
13565 1
13401 1
13237 1
13073 1
12909 1
12745 1
12581 1
12417 1
12253 1
12089 1
11925 1
11761 1
11597 1
11433 1
11269 1
11105 1
10941 1
10777 1
13894 1
13730 1
13566 1
13402 1
13238 1
13074 1
12910 1
12746 1
12582 1
12418 1
12254 1
12090 1
11926 1
11762 1
11598 1
11434 1
11270 1
11106 1
10942 1
10778 1
13895 1
13731 1
13567 1
13403 1
13239 1
13075 1
12911 1
12747 1
12583 1
12419 1
12255 1
12091 1
11927 1
11763 1
11599 1
11435 1
11271 1
11107 1
10943 1
10779 1
13896 1
13732 1
13568 1
13404 1
13240 1
13076 1
12912 1
12748 1
12584 1
12420 1
12256 1
12092 1
11928 1
11764 1
11600 1
11436 1
11272 1
11108 1
10944 1
10780 1
13897 1
13733 1
13569 1
13405 1
13241 1
13077 1
12913 1
12749 1
12585 1
12421 1
12257 1
12093 1
11929 1
11765 1
11601 1
11437 1
11273 1
11109 1
10945 1
10781 1
13898 1
13734 1
13570 1
13406 1
13242 1
13078 1
12914 1
12750 1
12586 1
12422 1
12258 1
12094 1
11930 1
11766 1
11602 1
11438 1
11274 1
11110 1
10946 1
10782 1
13899 1
13735 1
13571 1
13407 1
13243 1
13079 1
12915 1
12751 1
12587 1
12423 1
12259 1
12095 1
11931 1
11767 1
11603 1
11439 1
11275 1
11111 1
10947 1
10783 1
13900 1
13736 1
13572 1
13408 1
13244 1
13080 1
12916 1
12752 1
12588 1
12424 1
12260 1
12096 1
11932 1
11768 1
11604 1
11440 1
11276 1
11112 1
10948 1
10784 1
13901 1
13737 1
13573 1
13409 1
13245 1
13081 1
12917 1
12753 1
12589 1
12425 1
12261 1
12097 1
11933 1
11769 1
11605 1
11441 1
11277 1
11113 1
10949 1
10785 1
13902 1
13738 1
13574 1
13410 1
13246 1
13082 1
12918 1
12754 1
12590 1
12426 1
12262 1
12098 1
11934 1
11770 1
11606 1
11442 1
11278 1
11114 1
10950 1
10786 1
13903 1
13739 1
13575 1
13411 1
13247 1
13083 1
12919 1
12755 1
12591 1
12427 1
12263 1
12099 1
11935 1
11771 1
11607 1
11443 1
11279 1
11115 1
10951 1
10787 1
13904 1
13740 1
13576 1
13412 1
13248 1
13084 1
12920 1
12756 1
12592 1
12428 1
12264 1
12100 1
11936 1
11772 1
11608 1
11444 1
11280 1
11116 1
10952 1
10788 1
13905 1
13741 1
13577 1
13413 1
13249 1
13085 1
12921 1
12757 1
12593 1
12429 1
12265 1
12101 1
11937 1
11773 1
11609 1
11445 1
11281 1
11117 1
10953 1
10789 1
13943 2
13779 2
13615 2
13451 2
13287 2
13123 2
12959 2
12795 2
12631 2
12467 2
12303 2
12139 2
11975 2
11811 2
11647 2
11483 2
11319 2
11155 2
10991 2
10827 2
13945 3
13781 3
13617 3
13453 3
13289 3
13125 3
12961 3
12797 3
12633 3
12469 3
12305 3
12141 3
11977 3
11813 3
11649 3
11485 3
11321 3
11157 3
10993 3
10829 3
13947 3
13783 3
13619 3
13455 3
13291 3
13127 3
12963 3
12799 3
12635 3
12471 3
12307 3
12143 3
11979 3
11815 3
11651 3
11487 3
11323 3
11159 3
10995 3
10831 3
52860 2
52839 1
52183 2
52162 1
51506 2
51485 1
50829 2
50808 1
50152 2
50131 1
49475 2
49454 1
48798 2
48777 1
48121 2
48100 1
47444 2
47423 1
46767 2
46746 1
46090 2
46069 1
45413 2
45392 1
44736 2
44715 1
44059 2
44038 1
43382 2
43361 1
42705 2
42684 1
42028 2
42007 1
41351 2
41330 1
40674 2
40653 1
39997 2
39976 1
38724 4
38745 1
38047 4
38068 1
37370 4
37391 1
36693 4
36714 1
36016 4
36037 1
35339 4
35360 1
34662 4
34683 1
33985 4
34006 1
33308 4
33329 1
32631 4
32652 1
19666 1
19687 2
20343 1
20364 2
21020 1
21041 2
21697 1
21718 2
22374 1
22395 2
23051 1
23072 2
23728 1
23749 2
24405 1
24426 2
25082 1
25103 2
25759 1
25780 2
26436 1
26457 2
27113 1
27134 2
27790 1
27811 2
28467 1
28488 2
29144 1
29165 2
29821 1
29842 2
30498 1
30519 2
31175 1
31196 2
31852 1
31873 2
32529 1
32550 2
2402 5
2403 5
2404 5
2405 5
2406 5
2407 5
2408 5
2409 5
2410 5
2411 5
2412 5
2413 5
2414 5
2415 5
2416 5
2417 5
2418 5
2419 5
2420 5
2421 5
2422 5
2423 5
2424 5
2425 5
2426 5
2427 5
2428 5
2429 5
2430 5
2431 5
2432 5
2433 5
2434 5
2435 5
2436 5
2437 5
2438 5
2439 5
2440 5
2441 5
2442 5
2443 5
2444 5
2445 5
2446 5
2447 5
2448 5
2449 5
2450 5
15764 5
15765 5
15766 5
15767 5
15768 5
15769 5
15770 5
15771 5
15772 5
15773 5
15774 5
15775 5
15776 5
15777 5
15778 5
15779 5
15780 5
15781 5
15782 5
15783 5
15784 5
15785 5
15786 5
15787 5
15788 5
15789 5
15790 5
15791 5
15792 5
15793 5
15794 5
15795 5
15796 5
15797 5
15798 5
15799 5
15800 5
5685 5
5686 5
5687 5
5688 5
5689 5
5690 5
5691 5
5692 5
5693 5
5694 5
5695 5
5696 5
5697 5
5698 5
5699 5
5700 5
5701 5
5702 5
5703 5
5704 5
5705 5
5706 5
5707 5
5708 5
5709 5
5710 5
5711 5
5712 5
5713 5
5714 5
5715 5
5716 5
5717 5
5718 5
5719 5
5720 5
5721 5
5722 5
5723 5
5724 5
5725 5
5726 5
5727 5
5728 5
5729 5
5730 5
5731 5
5732 5
5733 5
5734 5
5735 5
5736 5
5737 5
5738 5
5739 5
5740 5
5741 5
5742 5
5743 5
5744 5
5745 5
5746 5
5747 5
5748 5
5749 5
5750 5
17036 5
17037 5
17038 5
17039 5
17040 5
17041 5
17042 5
17043 5
17044 5
17045 5
17046 5
17047 5
17048 5
17049 5
17050 5
17051 5
17052 5
17053 5
17054 5
17055 5
17056 5
17057 5
17058 5
17059 5
17060 5
17061 5
17062 5
17063 5
17064 5
17065 5
17066 5
17067 5
17068 5
17069 5
17070 5
17071 5
17072 5
17073 5
17074 5
17075 5
17076 5
17077 5
17078 5
17079 5
17080 5
17081 5
17082 5
17083 5
17084 5
17085 5
17086 5
17087 5
17088 5
17089 5
17090 5
17091 5
17092 5
17093 5
17094 5
17095 5
17096 5
17097 5
17098 5
17099 5
17100 5
13787 5
13788 5
13789 5
13790 5
13791 5
13792 5
13793 5
13794 5
13795 5
13796 5
13797 5
13798 5
13799 5
13800 5
13801 5
13802 5
13803 5
13804 5
13805 5
13806 5
13807 5
13808 5
13809 5
13810 5
13811 5
13812 5
13813 5
13814 5
13815 5
13816 5
13817 5
13818 5
13819 5
13820 5
13821 5
13822 5
13823 5
13824 5
13825 5
13826 5
13827 5
13828 5
13829 5
13830 5
13831 5
13832 5
13833 5
13834 5
13835 5
13836 5
13837 5
13838 5
13839 5
13840 5
13841 5
13842 5
13843 5
13844 5
13845 5
13846 5
13847 5
13848 5
13849 5
13850 5
13851 5
13852 5
13853 5
13854 5
13855 5
13856 5
13857 5
13858 5
13859 5
13860 5
13861 5
13862 5
13863 5
13864 5
13865 5
13866 5
13867 5
13868 5
13869 5
13870 5
13871 5
13872 5
13873 5
13874 5
13875 5
13876 5
13877 5
13878 5
13879 5
13880 5
13881 5
13882 5
13883 5
13884 5
13885 5
13886 5
13887 5
13888 5
13889 5
13890 5
13891 5
13892 5
13893 5
13894 5
13895 5
13896 5
13897 5
13898 5
13899 5
13900 5
13901 5
13902 5
13903 5
13904 5
13905 5
13906 5
13907 5
13908 5
13909 5
13910 5
13911 5
13912 5
13913 5
13914 5
13915 5
13916 5
13917 5
13918 5
13919 5
13920 5
13921 5
13922 5
13923 5
13924 5
13925 5
13926 5
13927 5
13928 5
13929 5
13930 5
13931 5
13932 5
13933 5
13934 5
13935 5
13936 5
13937 5
13938 5
13939 5
13940 5
13941 5
13942 5
13943 5
13944 5
13945 5
13946 5
13947 5
13948 5
13949 5
13950 5
31914 5
31915 5
31916 5
31917 5
31918 5
31919 5
31920 5
31921 5
31922 5
31923 5
31924 5
31925 5
31926 5
31927 5
31928 5
31929 5
31930 5
31931 5
31932 5
31933 5
31934 5
31935 5
31936 5
31937 5
31938 5
31939 5
31940 5
31941 5
31942 5
31943 5
31944 5
31945 5
31946 5
31947 5
31948 5
31949 5
31950 5
31951 5
31952 5
31953 5
31954 5
31955 5
31956 5
31957 5
31958 5
31959 5
31960 5
31961 5
31962 5
31963 5
31964 5
31965 5
31966 5
31967 5
31968 5
31969 5
31970 5
31971 5
31972 5
31973 5
31974 5
31975 5
31976 5
31977 5
31978 5
31979 5
31980 5
31981 5
31982 5
31983 5
31984 5
31985 5
31986 5
31987 5
31988 5
31989 5
31990 5
31991 5
31992 5
31993 5
31994 5
31995 5
31996 5
31997 5
31998 5
31999 5
32000 5
32001 5
32002 5
32003 5
32004 5
32005 5
32006 5
32007 5
32008 5
32009 5
32010 5
32011 5
32012 5
32013 5
32014 5
32015 5
32016 5
32017 5
32018 5
32019 5
32020 5
32021 5
32022 5
32023 5
32024 5
32025 5
32026 5
32027 5
32028 5
32029 5
32030 5
32031 5
32032 5
32033 5
32034 5
32035 5
32036 5
32037 5
32038 5
32039 5
32040 5
32041 5
32042 5
32043 5
32044 5
32045 5
32046 5
32047 5
32048 5
32049 5
32050 5
32051 5
32052 5
32053 5
32054 5
32055 5
32056 5
32057 5
32058 5
32059 5
32060 5
32061 5
32062 5
32063 5
32064 5
32065 5
32066 5
32067 5
32068 5
32069 5
32070 5
32071 5
32072 5
32073 5
32074 5
32075 5
32076 5
32077 5
32078 5
32079 5
32080 5
32081 5
32082 5
32083 5
32084 5
32085 5
32086 5
32087 5
32088 5
32089 5
32090 5
32091 5
32092 5
32093 5
32094 5
32095 5
32096 5
32097 5
32098 5
32099 5
32100 5
32101 5
32102 5
32103 5
32104 5
32105 5
32106 5
32107 5
32108 5
32109 5
32110 5
32111 5
32112 5
32113 5
32114 5
32115 5
32116 5
32117 5
32118 5
32119 5
32120 5
32121 5
32122 5
32123 5
32124 5
32125 5
32126 5
32127 5
32128 5
32129 5
32130 5
32131 5
32132 5
32133 5
32134 5
32135 5
32136 5
32137 5
32138 5
32139 5
32140 5
32141 5
32142 5
32143 5
32144 5
32145 5
32146 5
32147 5
32148 5
32149 5
32150 5
32151 5
32152 5
32153 5
32154 5
32155 5
32156 5
32157 5
32158 5
32159 5
32160 5
32161 5
32162 5
32163 5
32164 5
32165 5
32166 5
32167 5
32168 5
32169 5
32170 5
32171 5
32172 5
32173 5
32174 5
32175 5
32176 5
32177 5
32178 5
32179 5
32180 5
32181 5
32182 5
32183 5
32184 5
32185 5
32186 5
32187 5
32188 5
32189 5
32190 5
32191 5
32192 5
32193 5
32194 5
32195 5
32196 5
32197 5
32198 5
32199 5
32200 5
32201 5
32202 5
32203 5
32204 5
32205 5
32206 5
32207 5
32208 5
32209 5
32210 5
32211 5
32212 5
32213 5
32214 5
32215 5
32216 5
32217 5
32218 5
32219 5
32220 5
32221 5
32222 5
32223 5
32224 5
32225 5
32226 5
32227 5
32228 5
32229 5
32230 5
32231 5
32232 5
32233 5
32234 5
32235 5
32236 5
32237 5
32238 5
32239 5
32240 5
32241 5
32242 5
32243 5
32244 5
32245 5
32246 5
32247 5
32248 5
32249 5
32250 5
32251 5
32252 5
32253 5
32254 5
32255 5
32256 5
32257 5
32258 5
32259 5
32260 5
32261 5
32262 5
32263 5
32264 5
32265 5
32266 5
32267 5
32268 5
32269 5
32270 5
32271 5
32272 5
32273 5
32274 5
32275 5
32276 5
32277 5
32278 5
32279 5
32280 5
32281 5
32282 5
32283 5
32284 5
32285 5
32286 5
32287 5
32288 5
32289 5
32290 5
32291 5
32292 5
32293 5
32294 5
32295 5
32296 5
32297 5
32298 5
32299 5
32300 5
32301 5
32302 5
32303 5
32304 5
32305 5
32306 5
32307 5
32308 5
32309 5
32310 5
32311 5
32312 5
32313 5
32314 5
32315 5
32316 5
32317 5
32318 5
32319 5
32320 5
32321 5
32322 5
32323 5
32324 5
32325 5
32326 5
32327 5
32328 5
32329 5
32330 5
32331 5
32332 5
32333 5
32334 5
32335 5
32336 5
32337 5
32338 5
32339 5
32340 5
32341 5
32342 5
32343 5
32344 5
32345 5
32346 5
32347 5
32348 5
32349 5
32350 5
32351 5
32352 5
32353 5
32354 5
32355 5
32356 5
32357 5
32358 5
32359 5
32360 5
32361 5
32362 5
32363 5
32364 5
32365 5
32366 5
32367 5
32368 5
32369 5
32370 5
32371 5
32372 5
32373 5
32374 5
32375 5
32376 5
32377 5
32378 5
32379 5
32380 5
32381 5
32382 5
32383 5
32384 5
32385 5
32386 5
32387 5
32388 5
32389 5
32390 5
32391 5
32392 5
32393 5
32394 5
32395 5
32396 5
32397 5
32398 5
32399 5
32400 5
32401 5
32402 5
32403 5
32404 5
32405 5
32406 5
32407 5
32408 5
32409 5
32410 5
32411 5
32412 5
32413 5
32414 5
32415 5
32416 5
32417 5
32418 5
32419 5
32420 5
32421 5
32422 5
32423 5
32424 5
32425 5
32426 5
32427 5
32428 5
32429 5
32430 5
32431 5
32432 5
32433 5
32434 5
32435 5
32436 5
32437 5
32438 5
32439 5
32440 5
32441 5
32442 5
32443 5
32444 5
32445 5
32446 5
32447 5
32448 5
32449 5
32450 5
32451 5
32452 5
32453 5
32454 5
32455 5
32456 5
32457 5
32458 5
32459 5
32460 5
32461 5
32462 5
32463 5
32464 5
32465 5
32466 5
32467 5
32468 5
32469 5
32470 5
32471 5
32472 5
32473 5
32474 5
32475 5
32476 5
32477 5
32478 5
32479 5
32480 5
32481 5
32482 5
32483 5
32484 5
32485 5
32486 5
32487 5
32488 5
32489 5
32490 5
32491 5
32492 5
32493 5
32494 5
32495 5
32496 5
32497 5
32498 5
32499 5
32500 5
32501 5
32502 5
32503 5
32504 5
32505 5
32506 5
32507 5
32508 5
32509 5
32510 5
32511 5
32512 5
32513 5
32514 5
32515 5
32516 5
32517 5
32518 5
32519 5
32520 5
32521 5
32522 5
32523 5
32524 5
32525 5
32526 5
32527 5
32528 5
32529 5
32530 5
32531 5
32532 5
32533 5
32534 5
32535 5
32536 5
32537 5
32538 5
32539 5
32540 5
32541 5
32542 5
32543 5
32544 5
32545 5
32546 5
32547 5
32548 5
32549 5
32550 5
32551 5
32552 5
32553 5
32554 5
32555 5
32556 5
32557 5
32558 5
32559 5
32560 5
32561 5
32562 5
32563 5
32564 5
32565 5
32566 5
32567 5
32568 5
32569 5
32570 5
32571 5
32572 5
32573 5
32574 5
32575 5
32576 5
32577 5
32578 5
32579 5
32580 5
32581 5
32582 5
32583 5
32584 5
32585 5
32586 5
32587 5
32588 5
32589 5
32590 5
15764 1
15727 1
15690 1
15653 1
15616 1
15579 1
15542 1
15505 1
15468 1
15431 1
15394 1
15357 1
15320 1
15283 1
15246 1
15209 1
15172 1
15135 1
15098 1
15061 1
15765 3
15728 3
15691 3
15654 3
15617 3
15580 3
15543 3
15506 3
15469 3
15432 3
15395 3
15358 3
15321 3
15284 3
15247 3
15210 3
15173 3
15136 3
15099 3
15062 3
15060 1
15023 1
14986 1
14949 1
14912 1
14875 1
14838 1
14801 1
14764 1
14727 1
15059 3
15022 3
14985 3
14948 3
14911 3
14874 3
14837 3
14800 3
14763 3
14726 3
14654 1
14617 1
14580 1
14543 1
14506 1
14469 1
14432 1
14395 1
14358 1
14321 1
14284 1
14247 1
14210 1
14173 1
14136 1
14099 1
14062 1
14025 1
13988 1
13951 1
14655 3
14618 3
14581 3
14544 3
14507 3
14470 3
14433 3
14396 3
14359 3
14322 3
14285 3
14248 3
14211 3
14174 3
14137 3
14100 3
14063 3
14026 3
13989 3
13952 3
15860 1
15925 1
15990 1
16055 1
16120 1
16185 1
16250 1
16315 1
16380 1
16445 1
16510 1
16575 1
16640 1
16705 1
16770 1
16835 1
16900 1
16965 1
17030 1
17095 1
15859 1
15924 1
15989 1
16054 1
16119 1
16184 1
16249 1
16314 1
16379 1
16444 1
16509 1
16574 1
16639 1
16704 1
16769 1
16834 1
16899 1
16964 1
17029 1
17094 1
15858 1
15923 1
15988 1
16053 1
16118 1
16183 1
16248 1
16313 1
16378 1
16443 1
16508 1
16573 1
16638 1
16703 1
16768 1
16833 1
16898 1
16963 1
17028 1
17093 1
15857 1
15922 1
15987 1
16052 1
16117 1
16182 1
16247 1
16312 1
16377 1
16442 1
16507 1
16572 1
16637 1
16702 1
16767 1
16832 1
16897 1
16962 1
17027 1
17092 1
17106 1
17171 1
17236 1
17301 1
17366 1
17431 1
17496 1
17561 1
17626 1
17691 1
17107 1
17172 1
17237 1
17302 1
17367 1
17432 1
17497 1
17562 1
17627 1
17692 1
17108 1
17173 1
17238 1
17303 1
17368 1
17433 1
17498 1
17563 1
17628 1
17693 1
17109 1
17174 1
17239 1
17304 1
17369 1
17434 1
17499 1
17564 1
17629 1
17694 1
17810 1
17875 1
17940 1
18005 1
18070 1
18135 1
18200 1
18265 1
18330 1
18395 1
18460 1
18525 1
18590 1
18655 1
18720 1
18785 1
18850 1
18915 1
18980 1
19045 1
17809 1
17874 1
17939 1
18004 1
18069 1
18134 1
18199 1
18264 1
18329 1
18394 1
18459 1
18524 1
18589 1
18654 1
18719 1
18784 1
18849 1
18914 1
18979 1
19044 1
17808 1
17873 1
17938 1
18003 1
18068 1
18133 1
18198 1
18263 1
18328 1
18393 1
18458 1
18523 1
18588 1
18653 1
18718 1
18783 1
18848 1
18913 1
18978 1
19043 1
17807 1
17872 1
17937 1
18002 1
18067 1
18132 1
18197 1
18262 1
18327 1
18392 1
18457 1
18522 1
18587 1
18652 1
18717 1
18782 1
18847 1
18912 1
18977 1
19042 1
19686 1
20363 1
21040 1
21717 1
22394 1
23071 1
23748 1
24425 1
25102 1
25779 1
26456 1
27133 1
27810 1
28487 1
29164 1
29841 1
30518 1
31195 1
31872 1
32549 1
19685 1
20362 1
21039 1
21716 1
22393 1
23070 1
23747 1
24424 1
25101 1
25778 1
26455 1
27132 1
27809 1
28486 1
29163 1
29840 1
30517 1
31194 1
31871 1
32548 1
19684 1
20361 1
21038 1
21715 1
22392 1
23069 1
23746 1
24423 1
25100 1
25777 1
26454 1
27131 1
27808 1
28485 1
29162 1
29839 1
30516 1
31193 1
31870 1
32547 1
19683 1
20360 1
21037 1
21714 1
22391 1
23068 1
23745 1
24422 1
25099 1
25776 1
26453 1
27130 1
27807 1
28484 1
29161 1
29838 1
30515 1
31192 1
31869 1
32546 1
19682 1
20359 1
21036 1
21713 1
22390 1
23067 1
23744 1
24421 1
25098 1
25775 1
26452 1
27129 1
27806 1
28483 1
29160 1
29837 1
30514 1
31191 1
31868 1
32545 1
19681 1
20358 1
21035 1
21712 1
22389 1
23066 1
23743 1
24420 1
25097 1
25774 1
26451 1
27128 1
27805 1
28482 1
29159 1
29836 1
30513 1
31190 1
31867 1
32544 1
19680 1
20357 1
21034 1
21711 1
22388 1
23065 1
23742 1
24419 1
25096 1
25773 1
26450 1
27127 1
27804 1
28481 1
29158 1
29835 1
30512 1
31189 1
31866 1
32543 1
19679 1
20356 1
21033 1
21710 1
22387 1
23064 1
23741 1
24418 1
25095 1
25772 1
26449 1
27126 1
27803 1
28480 1
29157 1
29834 1
30511 1
31188 1
31865 1
32542 1
19678 1
20355 1
21032 1
21709 1
22386 1
23063 1
23740 1
24417 1
25094 1
25771 1
26448 1
27125 1
27802 1
28479 1
29156 1
29833 1
30510 1
31187 1
31864 1
32541 1
19677 1
20354 1
21031 1
21708 1
22385 1
23062 1
23739 1
24416 1
25093 1
25770 1
26447 1
27124 1
27801 1
28478 1
29155 1
29832 1
30509 1
31186 1
31863 1
32540 1
19676 1
20353 1
21030 1
21707 1
22384 1
23061 1
23738 1
24415 1
25092 1
25769 1
26446 1
27123 1
27800 1
28477 1
29154 1
29831 1
30508 1
31185 1
31862 1
32539 1
19675 1
20352 1
21029 1
21706 1
22383 1
23060 1
23737 1
24414 1
25091 1
25768 1
26445 1
27122 1
27799 1
28476 1
29153 1
29830 1
30507 1
31184 1
31861 1
32538 1
19674 1
20351 1
21028 1
21705 1
22382 1
23059 1
23736 1
24413 1
25090 1
25767 1
26444 1
27121 1
27798 1
28475 1
29152 1
29829 1
30506 1
31183 1
31860 1
32537 1
19673 1
20350 1
21027 1
21704 1
22381 1
23058 1
23735 1
24412 1
25089 1
25766 1
26443 1
27120 1
27797 1
28474 1
29151 1
29828 1
30505 1
31182 1
31859 1
32536 1
19672 1
20349 1
21026 1
21703 1
22380 1
23057 1
23734 1
24411 1
25088 1
25765 1
26442 1
27119 1
27796 1
28473 1
29150 1
29827 1
30504 1
31181 1
31858 1
32535 1
19671 1
20348 1
21025 1
21702 1
22379 1
23056 1
23733 1
24410 1
25087 1
25764 1
26441 1
27118 1
27795 1
28472 1
29149 1
29826 1
30503 1
31180 1
31857 1
32534 1
19670 1
20347 1
21024 1
21701 1
22378 1
23055 1
23732 1
24409 1
25086 1
25763 1
26440 1
27117 1
27794 1
28471 1
29148 1
29825 1
30502 1
31179 1
31856 1
32533 1
19669 1
20346 1
21023 1
21700 1
22377 1
23054 1
23731 1
24408 1
25085 1
25762 1
26439 1
27116 1
27793 1
28470 1
29147 1
29824 1
30501 1
31178 1
31855 1
32532 1
19668 1
20345 1
21022 1
21699 1
22376 1
23053 1
23730 1
24407 1
25084 1
25761 1
26438 1
27115 1
27792 1
28469 1
29146 1
29823 1
30500 1
31177 1
31854 1
32531 1
19667 1
20344 1
21021 1
21698 1
22375 1
23052 1
23729 1
24406 1
25083 1
25760 1
26437 1
27114 1
27791 1
28468 1
29145 1
29822 1
30499 1
31176 1
31853 1
32530 1
19727 4
20404 4
21081 4
21758 4
22435 4
23112 4
23789 4
24466 4
25143 4
25820 4
26497 4
27174 4
27851 4
28528 4
29205 4
29882 4
30559 4
31236 4
31913 4
32590 4
32632 1
33309 1
33986 1
34663 1
35340 1
36017 1
36694 1
37371 1
38048 1
38725 1
32633 1
33310 1
33987 1
34664 1
35341 1
36018 1
36695 1
37372 1
38049 1
38726 1
32634 1
33311 1
33988 1
34665 1
35342 1
36019 1
36696 1
37373 1
38050 1
38727 1
32635 1
33312 1
33989 1
34666 1
35343 1
36020 1
36697 1
37374 1
38051 1
38728 1
32636 1
33313 1
33990 1
34667 1
35344 1
36021 1
36698 1
37375 1
38052 1
38729 1
32637 1
33314 1
33991 1
34668 1
35345 1
36022 1
36699 1
37376 1
38053 1
38730 1
32638 1
33315 1
33992 1
34669 1
35346 1
36023 1
36700 1
37377 1
38054 1
38731 1
32639 1
33316 1
33993 1
34670 1
35347 1
36024 1
36701 1
37378 1
38055 1
38732 1
32640 1
33317 1
33994 1
34671 1
35348 1
36025 1
36702 1
37379 1
38056 1
38733 1
32641 1
33318 1
33995 1
34672 1
35349 1
36026 1
36703 1
37380 1
38057 1
38734 1
32642 1
33319 1
33996 1
34673 1
35350 1
36027 1
36704 1
37381 1
38058 1
38735 1
32643 1
33320 1
33997 1
34674 1
35351 1
36028 1
36705 1
37382 1
38059 1
38736 1
32644 1
33321 1
33998 1
34675 1
35352 1
36029 1
36706 1
37383 1
38060 1
38737 1
32645 1
33322 1
33999 1
34676 1
35353 1
36030 1
36707 1
37384 1
38061 1
38738 1
32646 1
33323 1
34000 1
34677 1
35354 1
36031 1
36708 1
37385 1
38062 1
38739 1
32647 1
33324 1
34001 1
34678 1
35355 1
36032 1
36709 1
37386 1
38063 1
38740 1
32648 1
33325 1
34002 1
34679 1
35356 1
36033 1
36710 1
37387 1
38064 1
38741 1
32649 1
33326 1
34003 1
34680 1
35357 1
36034 1
36711 1
37388 1
38065 1
38742 1
32650 1
33327 1
34004 1
34681 1
35358 1
36035 1
36712 1
37389 1
38066 1
38743 1
32651 1
33328 1
34005 1
34682 1
35359 1
36036 1
36713 1
37390 1
38067 1
38744 1
32591 2
33268 2
33945 2
34622 2
35299 2
35976 2
36653 2
37330 2
38007 2
38684 2
39996 1
40673 1
41350 1
42027 1
42704 1
43381 1
44058 1
44735 1
45412 1
46089 1
46766 1
47443 1
48120 1
48797 1
49474 1
50151 1
50828 1
51505 1
52182 1
52859 1
39995 1
40672 1
41349 1
42026 1
42703 1
43380 1
44057 1
44734 1
45411 1
46088 1
46765 1
47442 1
48119 1
48796 1
49473 1
50150 1
50827 1
51504 1
52181 1
52858 1
39994 1
40671 1
41348 1
42025 1
42702 1
43379 1
44056 1
44733 1
45410 1
46087 1
46764 1
47441 1
48118 1
48795 1
49472 1
50149 1
50826 1
51503 1
52180 1
52857 1
39993 1
40670 1
41347 1
42024 1
42701 1
43378 1
44055 1
44732 1
45409 1
46086 1
46763 1
47440 1
48117 1
48794 1
49471 1
50148 1
50825 1
51502 1
52179 1
52856 1
39992 1
40669 1
41346 1
42023 1
42700 1
43377 1
44054 1
44731 1
45408 1
46085 1
46762 1
47439 1
48116 1
48793 1
49470 1
50147 1
50824 1
51501 1
52178 1
52855 1
39991 1
40668 1
41345 1
42022 1
42699 1
43376 1
44053 1
44730 1
45407 1
46084 1
46761 1
47438 1
48115 1
48792 1
49469 1
50146 1
50823 1
51500 1
52177 1
52854 1
39990 1
40667 1
41344 1
42021 1
42698 1
43375 1
44052 1
44729 1
45406 1
46083 1
46760 1
47437 1
48114 1
48791 1
49468 1
50145 1
50822 1
51499 1
52176 1
52853 1
39989 1
40666 1
41343 1
42020 1
42697 1
43374 1
44051 1
44728 1
45405 1
46082 1
46759 1
47436 1
48113 1
48790 1
49467 1
50144 1
50821 1
51498 1
52175 1
52852 1
39988 1
40665 1
41342 1
42019 1
42696 1
43373 1
44050 1
44727 1
45404 1
46081 1
46758 1
47435 1
48112 1
48789 1
49466 1
50143 1
50820 1
51497 1
52174 1
52851 1
39987 1
40664 1
41341 1
42018 1
42695 1
43372 1
44049 1
44726 1
45403 1
46080 1
46757 1
47434 1
48111 1
48788 1
49465 1
50142 1
50819 1
51496 1
52173 1
52850 1
39986 1
40663 1
41340 1
42017 1
42694 1
43371 1
44048 1
44725 1
45402 1
46079 1
46756 1
47433 1
48110 1
48787 1
49464 1
50141 1
50818 1
51495 1
52172 1
52849 1
39985 1
40662 1
41339 1
42016 1
42693 1
43370 1
44047 1
44724 1
45401 1
46078 1
46755 1
47432 1
48109 1
48786 1
49463 1
50140 1
50817 1
51494 1
52171 1
52848 1
39984 1
40661 1
41338 1
42015 1
42692 1
43369 1
44046 1
44723 1
45400 1
46077 1
46754 1
47431 1
48108 1
48785 1
49462 1
50139 1
50816 1
51493 1
52170 1
52847 1
39983 1
40660 1
41337 1
42014 1
42691 1
43368 1
44045 1
44722 1
45399 1
46076 1
46753 1
47430 1
48107 1
48784 1
49461 1
50138 1
50815 1
51492 1
52169 1
52846 1
39982 1
40659 1
41336 1
42013 1
42690 1
43367 1
44044 1
44721 1
45398 1
46075 1
46752 1
47429 1
48106 1
48783 1
49460 1
50137 1
50814 1
51491 1
52168 1
52845 1
39981 1
40658 1
41335 1
42012 1
42689 1
43366 1
44043 1
44720 1
45397 1
46074 1
46751 1
47428 1
48105 1
48782 1
49459 1
50136 1
50813 1
51490 1
52167 1
52844 1
39980 1
40657 1
41334 1
42011 1
42688 1
43365 1
44042 1
44719 1
45396 1
46073 1
46750 1
47427 1
48104 1
48781 1
49458 1
50135 1
50812 1
51489 1
52166 1
52843 1
39979 1
40656 1
41333 1
42010 1
42687 1
43364 1
44041 1
44718 1
45395 1
46072 1
46749 1
47426 1
48103 1
48780 1
49457 1
50134 1
50811 1
51488 1
52165 1
52842 1
39978 1
40655 1
41332 1
42009 1
42686 1
43363 1
44040 1
44717 1
45394 1
46071 1
46748 1
47425 1
48102 1
48779 1
49456 1
50133 1
50810 1
51487 1
52164 1
52841 1
39977 1
40654 1
41331 1
42008 1
42685 1
43362 1
44039 1
44716 1
45393 1
46070 1
46747 1
47424 1
48101 1
48778 1
49455 1
50132 1
50809 1
51486 1
52163 1
52840 1
40037 4
40714 4
41391 4
42068 4
42745 4
43422 4
44099 4
44776 4
45453 4
46130 4
46807 4
47484 4
48161 4
48838 4
49515 4
50192 4
50869 4
51546 4
52223 4
52900 4
19687 1
19688 1
19689 1
19690 1
19691 1
19692 1
19693 1
19694 1
19695 1
19696 1
19697 1
19698 1
19699 1
19700 1
19701 1
19702 1
19703 1
19704 1
19705 1
19706 1
19707 1
19708 1
19709 1
19710 1
19711 1
19712 1
19713 1
19714 1
19715 1
19716 1
19717 1
19718 1
19719 1
19720 1
19721 1
19722 1
19723 1
19724 1
19725 1
19726 1
19727 1
20364 1
20365 1
20366 1
20367 1
20368 1
20369 1
20370 1
20371 1
20372 1
20373 1
20374 1
20375 1
20376 1
20377 1
20378 1
20379 1
20380 1
20381 1
20382 1
20383 1
20384 1
20385 1
20386 1
20387 1
20388 1
20389 1
20390 1
20391 1
20392 1
20393 1
20394 1
20395 1
20396 1
20397 1
20398 1
20399 1
20400 1
20401 1
20402 1
20403 1
20404 1
21041 1
21042 1
21043 1
21044 1
21045 1
21046 1
21047 1
21048 1
21049 1
21050 1
21051 1
21052 1
21053 1
21054 1
21055 1
21056 1
21057 1
21058 1
21059 1
21060 1
21061 1
21062 1
21063 1
21064 1
21065 1
21066 1
21067 1
21068 1
21069 1
21070 1
21071 1
21072 1
21073 1
21074 1
21075 1
21076 1
21077 1
21078 1
21079 1
21080 1
21081 1
21718 1
21719 1
21720 1
21721 1
21722 1
21723 1
21724 1
21725 1
21726 1
21727 1
21728 1
21729 1
21730 1
21731 1
21732 1
21733 1
21734 1
21735 1
21736 1
21737 1
21738 1
21739 1
21740 1
21741 1
21742 1
21743 1
21744 1
21745 1
21746 1
21747 1
21748 1
21749 1
21750 1
21751 1
21752 1
21753 1
21754 1
21755 1
21756 1
21757 1
21758 1
22395 1
22396 1
22397 1
22398 1
22399 1
22400 1
22401 1
22402 1
22403 1
22404 1
22405 1
22406 1
22407 1
22408 1
22409 1
22410 1
22411 1
22412 1
22413 1
22414 1
22415 1
22416 1
22417 1
22418 1
22419 1
22420 1
22421 1
22422 1
22423 1
22424 1
22425 1
22426 1
22427 1
22428 1
22429 1
22430 1
22431 1
22432 1
22433 1
22434 1
22435 1
23072 1
23073 1
23074 1
23075 1
23076 1
23077 1
23078 1
23079 1
23080 1
23081 1
23082 1
23083 1
23084 1
23085 1
23086 1
23087 1
23088 1
23089 1
23090 1
23091 1
23092 1
23093 1
23094 1
23095 1
23096 1
23097 1
23098 1
23099 1
23100 1
23101 1
23102 1
23103 1
23104 1
23105 1
23106 1
23107 1
23108 1
23109 1
23110 1
23111 1
23112 1
23749 1
23750 1
23751 1
23752 1
23753 1
23754 1
23755 1
23756 1
23757 1
23758 1
23759 1
23760 1
23761 1
23762 1
23763 1
23764 1
23765 1
23766 1
23767 1
23768 1
23769 1
23770 1
23771 1
23772 1
23773 1
23774 1
23775 1
23776 1
23777 1
23778 1
23779 1
23780 1
23781 1
23782 1
23783 1
23784 1
23785 1
23786 1
23787 1
23788 1
23789 1
24426 1
24427 1
24428 1
24429 1
24430 1
24431 1
24432 1
24433 1
24434 1
24435 1
24436 1
24437 1
24438 1
24439 1
24440 1
24441 1
24442 1
24443 1
24444 1
24445 1
24446 1
24447 1
24448 1
24449 1
24450 1
24451 1
24452 1
24453 1
24454 1
24455 1
24456 1
24457 1
24458 1
24459 1
24460 1
24461 1
24462 1
24463 1
24464 1
24465 1
24466 1
25103 1
25104 1
25105 1
25106 1
25107 1
25108 1
25109 1
25110 1
25111 1
25112 1
25113 1
25114 1
25115 1
25116 1
25117 1
25118 1
25119 1
25120 1
25121 1
25122 1
25123 1
25124 1
25125 1
25126 1
25127 1
25128 1
25129 1
25130 1
25131 1
25132 1
25133 1
25134 1
25135 1
25136 1
25137 1
25138 1
25139 1
25140 1
25141 1
25142 1
25143 1
25780 1
25781 1
25782 1
25783 1
25784 1
25785 1
25786 1
25787 1
25788 1
25789 1
25790 1
25791 1
25792 1
25793 1
25794 1
25795 1
25796 1
25797 1
25798 1
25799 1
25800 1
25801 1
25802 1
25803 1
25804 1
25805 1
25806 1
25807 1
25808 1
25809 1
25810 1
25811 1
25812 1
25813 1
25814 1
25815 1
25816 1
25817 1
25818 1
25819 1
25820 1
26457 1
26458 1
26459 1
26460 1
26461 1
26462 1
26463 1
26464 1
26465 1
26466 1
26467 1
26468 1
26469 1
26470 1
26471 1
26472 1
26473 1
26474 1
26475 1
26476 1
26477 1
26478 1
26479 1
26480 1
26481 1
26482 1
26483 1
26484 1
26485 1
26486 1
26487 1
26488 1
26489 1
26490 1
26491 1
26492 1
26493 1
26494 1
26495 1
26496 1
26497 1
27134 1
27135 1
27136 1
27137 1
27138 1
27139 1
27140 1
27141 1
27142 1
27143 1
27144 1
27145 1
27146 1
27147 1
27148 1
27149 1
27150 1
27151 1
27152 1
27153 1
27154 1
27155 1
27156 1
27157 1
27158 1
27159 1
27160 1
27161 1
27162 1
27163 1
27164 1
27165 1
27166 1
27167 1
27168 1
27169 1
27170 1
27171 1
27172 1
27173 1
27174 1
27811 1
27812 1
27813 1
27814 1
27815 1
27816 1
27817 1
27818 1
27819 1
27820 1
27821 1
27822 1
27823 1
27824 1
27825 1
27826 1
27827 1
27828 1
27829 1
27830 1
27831 1
27832 1
27833 1
27834 1
27835 1
27836 1
27837 1
27838 1
27839 1
27840 1
27841 1
27842 1
27843 1
27844 1
27845 1
27846 1
27847 1
27848 1
27849 1
27850 1
27851 1
28488 1
28489 1
28490 1
28491 1
28492 1
28493 1
28494 1
28495 1
28496 1
28497 1
28498 1
28499 1
28500 1
28501 1
28502 1
28503 1
28504 1
28505 1
28506 1
28507 1
28508 1
28509 1
28510 1
28511 1
28512 1
28513 1
28514 1
28515 1
28516 1
28517 1
28518 1
28519 1
28520 1
28521 1
28522 1
28523 1
28524 1
28525 1
28526 1
28527 1
28528 1
29165 1
29166 1
29167 1
29168 1
29169 1
29170 1
29171 1
29172 1
29173 1
29174 1
29175 1
29176 1
29177 1
29178 1
29179 1
29180 1
29181 1
29182 1
29183 1
29184 1
29185 1
29186 1
29187 1
29188 1
29189 1
29190 1
29191 1
29192 1
29193 1
29194 1
29195 1
29196 1
29197 1
29198 1
29199 1
29200 1
29201 1
29202 1
29203 1
29204 1
29205 1
29842 1
29843 1
29844 1
29845 1
29846 1
29847 1
29848 1
29849 1
29850 1
29851 1
29852 1
29853 1
29854 1
29855 1
29856 1
29857 1
29858 1
29859 1
29860 1
29861 1
29862 1
29863 1
29864 1
29865 1
29866 1
29867 1
29868 1
29869 1
29870 1
29871 1
29872 1
29873 1
29874 1
29875 1
29876 1
29877 1
29878 1
29879 1
29880 1
29881 1
29882 1
30519 1
30520 1
30521 1
30522 1
30523 1
30524 1
30525 1
30526 1
30527 1
30528 1
30529 1
30530 1
30531 1
30532 1
30533 1
30534 1
30535 1
30536 1
30537 1
30538 1
30539 1
30540 1
30541 1
30542 1
30543 1
30544 1
30545 1
30546 1
30547 1
30548 1
30549 1
30550 1
30551 1
30552 1
30553 1
30554 1
30555 1
30556 1
30557 1
30558 1
30559 1
31196 1
31197 1
31198 1
31199 1
31200 1
31201 1
31202 1
31203 1
31204 1
31205 1
31206 1
31207 1
31208 1
31209 1
31210 1
31211 1
31212 1
31213 1
31214 1
31215 1
31216 1
31217 1
31218 1
31219 1
31220 1
31221 1
31222 1
31223 1
31224 1
31225 1
31226 1
31227 1
31228 1
31229 1
31230 1
31231 1
31232 1
31233 1
31234 1
31235 1
31236 1
31873 1
31874 1
31875 1
31876 1
31877 1
31878 1
31879 1
31880 1
31881 1
31882 1
31883 1
31884 1
31885 1
31886 1
31887 1
31888 1
31889 1
31890 1
31891 1
31892 1
31893 1
31894 1
31895 1
31896 1
31897 1
31898 1
31899 1
31900 1
31901 1
31902 1
31903 1
31904 1
31905 1
31906 1
31907 1
31908 1
31909 1
31910 1
31911 1
31912 1
31913 1
32550 1
32551 1
32552 1
32553 1
32554 1
32555 1
32556 1
32557 1
32558 1
32559 1
32560 1
32561 1
32562 1
32563 1
32564 1
32565 1
32566 1
32567 1
32568 1
32569 1
32570 1
32571 1
32572 1
32573 1
32574 1
32575 1
32576 1
32577 1
32578 1
32579 1
32580 1
32581 1
32582 1
32583 1
32584 1
32585 1
32586 1
32587 1
32588 1
32589 1
32590 1
38684 1
38685 1
38686 1
38687 1
38688 1
38689 1
38690 1
38691 1
38692 1
38693 1
38694 1
38695 1
38696 1
38697 1
38698 1
38699 1
38700 1
38701 1
38702 1
38703 1
38704 1
38705 1
38706 1
38707 1
38708 1
38709 1
38710 1
38711 1
38712 1
38713 1
38714 1
38715 1
38716 1
38717 1
38718 1
38719 1
38720 1
38721 1
38722 1
38723 1
38724 1
38007 1
38008 1
38009 1
38010 1
38011 1
38012 1
38013 1
38014 1
38015 1
38016 1
38017 1
38018 1
38019 1
38020 1
38021 1
38022 1
38023 1
38024 1
38025 1
38026 1
38027 1
38028 1
38029 1
38030 1
38031 1
38032 1
38033 1
38034 1
38035 1
38036 1
38037 1
38038 1
38039 1
38040 1
38041 1
38042 1
38043 1
38044 1
38045 1
38046 1
38047 1
37330 1
37331 1
37332 1
37333 1
37334 1
37335 1
37336 1
37337 1
37338 1
37339 1
37340 1
37341 1
37342 1
37343 1
37344 1
37345 1
37346 1
37347 1
37348 1
37349 1
37350 1
37351 1
37352 1
37353 1
37354 1
37355 1
37356 1
37357 1
37358 1
37359 1
37360 1
37361 1
37362 1
37363 1
37364 1
37365 1
37366 1
37367 1
37368 1
37369 1
37370 1
36653 1
36654 1
36655 1
36656 1
36657 1
36658 1
36659 1
36660 1
36661 1
36662 1
36663 1
36664 1
36665 1
36666 1
36667 1
36668 1
36669 1
36670 1
36671 1
36672 1
36673 1
36674 1
36675 1
36676 1
36677 1
36678 1
36679 1
36680 1
36681 1
36682 1
36683 1
36684 1
36685 1
36686 1
36687 1
36688 1
36689 1
36690 1
36691 1
36692 1
36693 1
35976 1
35977 1
35978 1
35979 1
35980 1
35981 1
35982 1
35983 1
35984 1
35985 1
35986 1
35987 1
35988 1
35989 1
35990 1
35991 1
35992 1
35993 1
35994 1
35995 1
35996 1
35997 1
35998 1
35999 1
36000 1
36001 1
36002 1
36003 1
36004 1
36005 1
36006 1
36007 1
36008 1
36009 1
36010 1
36011 1
36012 1
36013 1
36014 1
36015 1
36016 1
35299 1
35300 1
35301 1
35302 1
35303 1
35304 1
35305 1
35306 1
35307 1
35308 1
35309 1
35310 1
35311 1
35312 1
35313 1
35314 1
35315 1
35316 1
35317 1
35318 1
35319 1
35320 1
35321 1
35322 1
35323 1
35324 1
35325 1
35326 1
35327 1
35328 1
35329 1
35330 1
35331 1
35332 1
35333 1
35334 1
35335 1
35336 1
35337 1
35338 1
35339 1
34622 1
34623 1
34624 1
34625 1
34626 1
34627 1
34628 1
34629 1
34630 1
34631 1
34632 1
34633 1
34634 1
34635 1
34636 1
34637 1
34638 1
34639 1
34640 1
34641 1
34642 1
34643 1
34644 1
34645 1
34646 1
34647 1
34648 1
34649 1
34650 1
34651 1
34652 1
34653 1
34654 1
34655 1
34656 1
34657 1
34658 1
34659 1
34660 1
34661 1
34662 1
33945 1
33946 1
33947 1
33948 1
33949 1
33950 1
33951 1
33952 1
33953 1
33954 1
33955 1
33956 1
33957 1
33958 1
33959 1
33960 1
33961 1
33962 1
33963 1
33964 1
33965 1
33966 1
33967 1
33968 1
33969 1
33970 1
33971 1
33972 1
33973 1
33974 1
33975 1
33976 1
33977 1
33978 1
33979 1
33980 1
33981 1
33982 1
33983 1
33984 1
33985 1
33268 1
33269 1
33270 1
33271 1
33272 1
33273 1
33274 1
33275 1
33276 1
33277 1
33278 1
33279 1
33280 1
33281 1
33282 1
33283 1
33284 1
33285 1
33286 1
33287 1
33288 1
33289 1
33290 1
33291 1
33292 1
33293 1
33294 1
33295 1
33296 1
33297 1
33298 1
33299 1
33300 1
33301 1
33302 1
33303 1
33304 1
33305 1
33306 1
33307 1
33308 1
32591 1
32592 1
32593 1
32594 1
32595 1
32596 1
32597 1
32598 1
32599 1
32600 1
32601 1
32602 1
32603 1
32604 1
32605 1
32606 1
32607 1
32608 1
32609 1
32610 1
32611 1
32612 1
32613 1
32614 1
32615 1
32616 1
32617 1
32618 1
32619 1
32620 1
32621 1
32622 1
32623 1
32624 1
32625 1
32626 1
32627 1
32628 1
32629 1
32630 1
32631 1
52900 1
52899 1
52898 1
52897 1
52896 1
52895 1
52894 1
52893 1
52892 1
52891 1
52890 1
52889 1
52888 1
52887 1
52886 1
52885 1
52884 1
52883 1
52882 1
52881 1
52880 1
52879 1
52878 1
52877 1
52876 1
52875 1
52874 1
52873 1
52872 1
52871 1
52870 1
52869 1
52868 1
52867 1
52866 1
52865 1
52864 1
52863 1
52862 1
52861 1
52860 1
52223 1
52222 1
52221 1
52220 1
52219 1
52218 1
52217 1
52216 1
52215 1
52214 1
52213 1
52212 1
52211 1
52210 1
52209 1
52208 1
52207 1
52206 1
52205 1
52204 1
52203 1
52202 1
52201 1
52200 1
52199 1
52198 1
52197 1
52196 1
52195 1
52194 1
52193 1
52192 1
52191 1
52190 1
52189 1
52188 1
52187 1
52186 1
52185 1
52184 1
52183 1
51546 1
51545 1
51544 1
51543 1
51542 1
51541 1
51540 1
51539 1
51538 1
51537 1
51536 1
51535 1
51534 1
51533 1
51532 1
51531 1
51530 1
51529 1
51528 1
51527 1
51526 1
51525 1
51524 1
51523 1
51522 1
51521 1
51520 1
51519 1
51518 1
51517 1
51516 1
51515 1
51514 1
51513 1
51512 1
51511 1
51510 1
51509 1
51508 1
51507 1
51506 1
50869 1
50868 1
50867 1
50866 1
50865 1
50864 1
50863 1
50862 1
50861 1
50860 1
50859 1
50858 1
50857 1
50856 1
50855 1
50854 1
50853 1
50852 1
50851 1
50850 1
50849 1
50848 1
50847 1
50846 1
50845 1
50844 1
50843 1
50842 1
50841 1
50840 1
50839 1
50838 1
50837 1
50836 1
50835 1
50834 1
50833 1
50832 1
50831 1
50830 1
50829 1
50192 1
50191 1
50190 1
50189 1
50188 1
50187 1
50186 1
50185 1
50184 1
50183 1
50182 1
50181 1
50180 1
50179 1
50178 1
50177 1
50176 1
50175 1
50174 1
50173 1
50172 1
50171 1
50170 1
50169 1
50168 1
50167 1
50166 1
50165 1
50164 1
50163 1
50162 1
50161 1
50160 1
50159 1
50158 1
50157 1
50156 1
50155 1
50154 1
50153 1
50152 1
49515 1
49514 1
49513 1
49512 1
49511 1
49510 1
49509 1
49508 1
49507 1
49506 1
49505 1
49504 1
49503 1
49502 1
49501 1
49500 1
49499 1
49498 1
49497 1
49496 1
49495 1
49494 1
49493 1
49492 1
49491 1
49490 1
49489 1
49488 1
49487 1
49486 1
49485 1
49484 1
49483 1
49482 1
49481 1
49480 1
49479 1
49478 1
49477 1
49476 1
49475 1
48838 1
48837 1
48836 1
48835 1
48834 1
48833 1
48832 1
48831 1
48830 1
48829 1
48828 1
48827 1
48826 1
48825 1
48824 1
48823 1
48822 1
48821 1
48820 1
48819 1
48818 1
48817 1
48816 1
48815 1
48814 1
48813 1
48812 1
48811 1
48810 1
48809 1
48808 1
48807 1
48806 1
48805 1
48804 1
48803 1
48802 1
48801 1
48800 1
48799 1
48798 1
48161 1
48160 1
48159 1
48158 1
48157 1
48156 1
48155 1
48154 1
48153 1
48152 1
48151 1
48150 1
48149 1
48148 1
48147 1
48146 1
48145 1
48144 1
48143 1
48142 1
48141 1
48140 1
48139 1
48138 1
48137 1
48136 1
48135 1
48134 1
48133 1
48132 1
48131 1
48130 1
48129 1
48128 1
48127 1
48126 1
48125 1
48124 1
48123 1
48122 1
48121 1
47484 1
47483 1
47482 1
47481 1
47480 1
47479 1
47478 1
47477 1
47476 1
47475 1
47474 1
47473 1
47472 1
47471 1
47470 1
47469 1
47468 1
47467 1
47466 1
47465 1
47464 1
47463 1
47462 1
47461 1
47460 1
47459 1
47458 1
47457 1
47456 1
47455 1
47454 1
47453 1
47452 1
47451 1
47450 1
47449 1
47448 1
47447 1
47446 1
47445 1
47444 1
46807 1
46806 1
46805 1
46804 1
46803 1
46802 1
46801 1
46800 1
46799 1
46798 1
46797 1
46796 1
46795 1
46794 1
46793 1
46792 1
46791 1
46790 1
46789 1
46788 1
46787 1
46786 1
46785 1
46784 1
46783 1
46782 1
46781 1
46780 1
46779 1
46778 1
46777 1
46776 1
46775 1
46774 1
46773 1
46772 1
46771 1
46770 1
46769 1
46768 1
46767 1
46130 1
46129 1
46128 1
46127 1
46126 1
46125 1
46124 1
46123 1
46122 1
46121 1
46120 1
46119 1
46118 1
46117 1
46116 1
46115 1
46114 1
46113 1
46112 1
46111 1
46110 1
46109 1
46108 1
46107 1
46106 1
46105 1
46104 1
46103 1
46102 1
46101 1
46100 1
46099 1
46098 1
46097 1
46096 1
46095 1
46094 1
46093 1
46092 1
46091 1
46090 1
45453 1
45452 1
45451 1
45450 1
45449 1
45448 1
45447 1
45446 1
45445 1
45444 1
45443 1
45442 1
45441 1
45440 1
45439 1
45438 1
45437 1
45436 1
45435 1
45434 1
45433 1
45432 1
45431 1
45430 1
45429 1
45428 1
45427 1
45426 1
45425 1
45424 1
45423 1
45422 1
45421 1
45420 1
45419 1
45418 1
45417 1
45416 1
45415 1
45414 1
45413 1
44776 1
44775 1
44774 1
44773 1
44772 1
44771 1
44770 1
44769 1
44768 1
44767 1
44766 1
44765 1
44764 1
44763 1
44762 1
44761 1
44760 1
44759 1
44758 1
44757 1
44756 1
44755 1
44754 1
44753 1
44752 1
44751 1
44750 1
44749 1
44748 1
44747 1
44746 1
44745 1
44744 1
44743 1
44742 1
44741 1
44740 1
44739 1
44738 1
44737 1
44736 1
44099 1
44098 1
44097 1
44096 1
44095 1
44094 1
44093 1
44092 1
44091 1
44090 1
44089 1
44088 1
44087 1
44086 1
44085 1
44084 1
44083 1
44082 1
44081 1
44080 1
44079 1
44078 1
44077 1
44076 1
44075 1
44074 1
44073 1
44072 1
44071 1
44070 1
44069 1
44068 1
44067 1
44066 1
44065 1
44064 1
44063 1
44062 1
44061 1
44060 1
44059 1
43422 1
43421 1
43420 1
43419 1
43418 1
43417 1
43416 1
43415 1
43414 1
43413 1
43412 1
43411 1
43410 1
43409 1
43408 1
43407 1
43406 1
43405 1
43404 1
43403 1
43402 1
43401 1
43400 1
43399 1
43398 1
43397 1
43396 1
43395 1
43394 1
43393 1
43392 1
43391 1
43390 1
43389 1
43388 1
43387 1
43386 1
43385 1
43384 1
43383 1
43382 1
42745 1
42744 1
42743 1
42742 1
42741 1
42740 1
42739 1
42738 1
42737 1
42736 1
42735 1
42734 1
42733 1
42732 1
42731 1
42730 1
42729 1
42728 1
42727 1
42726 1
42725 1
42724 1
42723 1
42722 1
42721 1
42720 1
42719 1
42718 1
42717 1
42716 1
42715 1
42714 1
42713 1
42712 1
42711 1
42710 1
42709 1
42708 1
42707 1
42706 1
42705 1
42068 1
42067 1
42066 1
42065 1
42064 1
42063 1
42062 1
42061 1
42060 1
42059 1
42058 1
42057 1
42056 1
42055 1
42054 1
42053 1
42052 1
42051 1
42050 1
42049 1
42048 1
42047 1
42046 1
42045 1
42044 1
42043 1
42042 1
42041 1
42040 1
42039 1
42038 1
42037 1
42036 1
42035 1
42034 1
42033 1
42032 1
42031 1
42030 1
42029 1
42028 1
41391 1
41390 1
41389 1
41388 1
41387 1
41386 1
41385 1
41384 1
41383 1
41382 1
41381 1
41380 1
41379 1
41378 1
41377 1
41376 1
41375 1
41374 1
41373 1
41372 1
41371 1
41370 1
41369 1
41368 1
41367 1
41366 1
41365 1
41364 1
41363 1
41362 1
41361 1
41360 1
41359 1
41358 1
41357 1
41356 1
41355 1
41354 1
41353 1
41352 1
41351 1
40714 1
40713 1
40712 1
40711 1
40710 1
40709 1
40708 1
40707 1
40706 1
40705 1
40704 1
40703 1
40702 1
40701 1
40700 1
40699 1
40698 1
40697 1
40696 1
40695 1
40694 1
40693 1
40692 1
40691 1
40690 1
40689 1
40688 1
40687 1
40686 1
40685 1
40684 1
40683 1
40682 1
40681 1
40680 1
40679 1
40678 1
40677 1
40676 1
40675 1
40674 1
40037 1
40036 1
40035 1
40034 1
40033 1
40032 1
40031 1
40030 1
40029 1
40028 1
40027 1
40026 1
40025 1
40024 1
40023 1
40022 1
40021 1
40020 1
40019 1
40018 1
40017 1
40016 1
40015 1
40014 1
40013 1
40012 1
40011 1
40010 1
40009 1
40008 1
40007 1
40006 1
40005 1
40004 1
40003 1
40002 1
40001 1
40000 1
39999 1
39998 1
39997 1
