  -5.00000000000000       0.000000000000000E+000  0.000000000000000E+000
         200
136805  6  0  0  0  0
136806  6  1  0  0  0
136801  6  0  1  0  0
136802  6  1  1  0  0
137325  6  0  0  0  0
137326  6  0  0  0  0
137321  6  0  1  0  0
137322  6  0  1  0  0
137845  6  0  0  0  0
137846  6  0  0  0  0
137841  6  0  1  0  0
137842  6  0  1  0  0
138365  6  0  0  0  0
138366  6  0  0  0  0
138361  6  0  1  0  0
138362  6  0  1  0  0
138885  6  0  0  0  0
138886  6  0  0  0  0
138881  6  0  1  0  0
138882  6  0  1  0  0
139405  6  0  0  0  0
139406  6  0  0  0  0
139401  6  0  1  0  0
139402  6  0  1  0  0
139925  6  0  0  0  0
139926  6  0  0  0  0
139921  6  0  1  0  0
139922  6  0  1  0  0
140445  6  0  0  0  0
140446  6  0  0  0  0
140441  6  0  1  0  0
140442  6  0  1  0  0
140965  6  0  0  0  0
140966  6  0  0  0  0
140961  6  0  1  0  0
140962  6  0  1  0  0
141485  6  0  0  1  0
141486  6  0  0  0  0
141481  6  0  1  1  0
141482  6  0  1  0  0
136821  6  0  0  0  0
136822  6  1  0  0  0
136817  6  0  0  0  0
136818  6  1  0  0  0
137341  6  0  0  0  0
137342  6  0  0  0  0
137337  6  0  0  0  0
137338  6  0  0  0  0
137861  6  0  0  0  0
137862  6  0  0  0  0
141568  5  0  0  0  0
141567  5  0  0  1  0
141564  5  0  1  0  0
141563  5  0  1  1  0
141048  5  0  0  0  0
141047  5  0  0  0  0
141044  5  0  1  0  0
141043  5  0  1  0  0
140528  5  0  0  0  0
140527  5  0  0  0  0
140524  5  0  1  0  0
140523  5  0  1  0  0
140008  5  0  0  0  0
140007  5  0  0  0  0
140004  5  0  1  0  0
140003  5  0  1  0  0
139488  5  0  0  0  0
139487  5  0  0  0  0
139484  5  0  1  0  0
139483  5  0  1  0  0
138968  5  0  0  0  0
138967  5  0  0  0  0
138964  5  0  1  0  0
138963  5  0  1  0  0
138448  5  0  0  0  0
138447  5  0  0  0  0
138444  5  0  1  0  0
138443  5  0  1  0  0
137928  5  0  0  0  0
137927  5  0  0  0  0
137924  5  0  1  0  0
137923  5  0  1  0  0
137408  5  0  0  0  0
137407  5  0  0  0  0
137404  5  0  1  0  0
137403  5  0  1  0  0
136888  5  1  0  0  0
136887  5  0  0  0  0
136884  5  1  1  0  0
136883  5  0  1  0  0
141560  5  0  0  0  0
141559  5  0  0  1  0
141556  5  0  0  0  0
141555  5  0  0  1  0
141040  5  0  0  0  0
141039  5  0  0  0  0
141036  5  0  0  0  0
141035  5  0  0  0  0
140520  5  0  0  0  0
140519  5  0  0  0  0
140516  5  0  0  0  0
140515  5  0  0  0  0
140000  5  0  0  0  0
139999  5  0  0  0  0
139996  5  0  0  0  0
139995  5  0  0  0  0
139480  5  0  0  0  0
139479  5  0  0  0  0
139476  5  0  0  0  0
139475  5  0  0  0  0
138960  5  0  0  0  0
138959  5  0  0  0  0
138956  5  0  0  0  0
138955  5  0  0  0  0
138440  5  0  0  0  0
138439  5  0  0  0  0
138436  5  0  0  0  0
138435  5  0  0  0  0
137920  5  0  0  0  0
137919  5  0  0  0  0
137916  5  0  0  0  0
137915  5  0  0  0  0
137400  5  0  0  0  0
137399  5  0  0  0  0
137396  5  0  0  0  0
137395  5  0  0  0  0
136880  5  1  0  0  0
136879  5  0  0  0  0
136876  5  1  0  0  0
136875  5  0  0  0  0
141516  2  0  0  0  0
141515  2  0  1  0  0
141514  2  0  0  0  0
141513  2  0  1  0  0
140996  2  0  0  0  0
140995  2  0  0  0  0
140994  2  0  0  0  0
140993  2  0  0  0  0
140476  2  0  0  0  0
140475  2  0  0  0  0
140474  2  0  0  0  0
140473  2  0  0  0  0
139956  2  0  0  0  0
139955  2  0  0  0  0
139954  2  0  0  0  0
139953  2  0  0  0  0
139436  2  0  0  0  0
139435  2  0  0  0  0
139434  2  0  0  0  0
139433  2  0  0  0  0
138916  2  0  0  0  0
138915  2  0  0  0  0
138914  2  0  0  0  0
138913  2  0  0  0  0
138396  2  0  0  0  0
138395  2  0  0  0  0
138394  2  0  0  0  0
138393  2  0  0  0  0
137876  2  0  0  0  0
137875  2  0  0  0  0
137874  2  0  0  0  0
137873  2  0  0  0  0
137356  2  0  0  0  0
137355  2  0  0  0  0
137354  2  0  0  0  0
137353  2  0  0  0  0
136836  2  0  0  0  1
136835  2  0  0  0  0
136834  2  0  0  0  1
136833  2  0  0  0  0
141498  6  0  0  0  0
141497  6  0  0  1  0
141502  6  0  0  0  0
141501  6  0  0  1  0
140978  6  0  0  0  0
140977  6  0  0  0  0
140982  6  0  0  0  0
140981  6  0  0  0  0
140458  6  0  0  0  0
140457  6  0  0  0  0
140462  6  0  0  0  0
140461  6  0  0  0  0
139938  6  0  0  0  0
139937  6  0  0  0  0
139942  6  0  0  0  0
139941  6  0  0  0  0
139418  6  0  0  0  0
139417  6  0  0  0  0
139422  6  0  0  0  0
139421  6  0  0  0  0
138898  6  0  0  0  0
138897  6  0  0  0  0
138902  6  0  0  0  0
138901  6  0  0  0  0
138378  6  0  0  0  0
138377  6  0  0  0  0
138382  6  0  0  0  0
138381  6  0  0  0  0
137858  6  0  0  0  0
137857  6  0  0  0  0
