2050
5737 1
5738 1
5739 1
5740 1
5741 1
5742 1
5743 1
5744 1
5745 1
5746 1
5747 1
5748 1
5749 1
5750 1
5751 1
5752 1
5753 1
5754 1
5755 1
5756 1
5757 1
5758 1
5759 1
5760 1
5761 1
5762 1
5763 1
5764 1
5765 1
5766 1
5767 1
5768 1
5769 1
5770 1
5771 1
5772 1
5773 1
5774 1
5775 1
5776 1
5777 1
6414 1
6415 1
6416 1
6417 1
6418 1
6419 1
6420 1
6421 1
6422 1
6423 1
6424 1
6425 1
6426 1
6427 1
6428 1
6429 1
6430 1
6431 1
6432 1
6433 1
6434 1
6435 1
6436 1
6437 1
6438 1
6439 1
6440 1
6441 1
6442 1
6443 1
6444 1
6445 1
6446 1
6447 1
6448 1
6449 1
6450 1
6451 1
6452 1
6453 1
6454 1
7091 1
7092 1
7093 1
7094 1
7095 1
7096 1
7097 1
7098 1
7099 1
7100 1
7101 1
7102 1
7103 1
7104 1
7105 1
7106 1
7107 1
7108 1
7109 1
7110 1
7111 1
7112 1
7113 1
7114 1
7115 1
7116 1
7117 1
7118 1
7119 1
7120 1
7121 1
7122 1
7123 1
7124 1
7125 1
7126 1
7127 1
7128 1
7129 1
7130 1
7131 1
7768 1
7769 1
7770 1
7771 1
7772 1
7773 1
7774 1
7775 1
7776 1
7777 1
7778 1
7779 1
7780 1
7781 1
7782 1
7783 1
7784 1
7785 1
7786 1
7787 1
7788 1
7789 1
7790 1
7791 1
7792 1
7793 1
7794 1
7795 1
7796 1
7797 1
7798 1
7799 1
7800 1
7801 1
7802 1
7803 1
7804 1
7805 1
7806 1
7807 1
7808 1
8445 1
8446 1
8447 1
8448 1
8449 1
8450 1
8451 1
8452 1
8453 1
8454 1
8455 1
8456 1
8457 1
8458 1
8459 1
8460 1
8461 1
8462 1
8463 1
8464 1
8465 1
8466 1
8467 1
8468 1
8469 1
8470 1
8471 1
8472 1
8473 1
8474 1
8475 1
8476 1
8477 1
8478 1
8479 1
8480 1
8481 1
8482 1
8483 1
8484 1
8485 1
9122 1
9123 1
9124 1
9125 1
9126 1
9127 1
9128 1
9129 1
9130 1
9131 1
9132 1
9133 1
9134 1
9135 1
9136 1
9137 1
9138 1
9139 1
9140 1
9141 1
9142 1
9143 1
9144 1
9145 1
9146 1
9147 1
9148 1
9149 1
9150 1
9151 1
9152 1
9153 1
9154 1
9155 1
9156 1
9157 1
9158 1
9159 1
9160 1
9161 1
9162 1
9799 1
9800 1
9801 1
9802 1
9803 1
9804 1
9805 1
9806 1
9807 1
9808 1
9809 1
9810 1
9811 1
9812 1
9813 1
9814 1
9815 1
9816 1
9817 1
9818 1
9819 1
9820 1
9821 1
9822 1
9823 1
9824 1
9825 1
9826 1
9827 1
9828 1
9829 1
9830 1
9831 1
9832 1
9833 1
9834 1
9835 1
9836 1
9837 1
9838 1
9839 1
10476 1
10477 1
10478 1
10479 1
10480 1
10481 1
10482 1
10483 1
10484 1
10485 1
10486 1
10487 1
10488 1
10489 1
10490 1
10491 1
10492 1
10493 1
10494 1
10495 1
10496 1
10497 1
10498 1
10499 1
10500 1
10501 1
10502 1
10503 1
10504 1
10505 1
10506 1
10507 1
10508 1
10509 1
10510 1
10511 1
10512 1
10513 1
10514 1
10515 1
10516 1
11153 1
11154 1
11155 1
11156 1
11157 1
11158 1
11159 1
11160 1
11161 1
11162 1
11163 1
11164 1
11165 1
11166 1
11167 1
11168 1
11169 1
11170 1
11171 1
11172 1
11173 1
11174 1
11175 1
11176 1
11177 1
11178 1
11179 1
11180 1
11181 1
11182 1
11183 1
11184 1
11185 1
11186 1
11187 1
11188 1
11189 1
11190 1
11191 1
11192 1
11193 1
11830 1
11831 1
11832 1
11833 1
11834 1
11835 1
11836 1
11837 1
11838 1
11839 1
11840 1
11841 1
11842 1
11843 1
11844 1
11845 1
11846 1
11847 1
11848 1
11849 1
11850 1
11851 1
11852 1
11853 1
11854 1
11855 1
11856 1
11857 1
11858 1
11859 1
11860 1
11861 1
11862 1
11863 1
11864 1
11865 1
11866 1
11867 1
11868 1
11869 1
11870 1
12507 1
12508 1
12509 1
12510 1
12511 1
12512 1
12513 1
12514 1
12515 1
12516 1
12517 1
12518 1
12519 1
12520 1
12521 1
12522 1
12523 1
12524 1
12525 1
12526 1
12527 1
12528 1
12529 1
12530 1
12531 1
12532 1
12533 1
12534 1
12535 1
12536 1
12537 1
12538 1
12539 1
12540 1
12541 1
12542 1
12543 1
12544 1
12545 1
12546 1
12547 1
13184 1
13185 1
13186 1
13187 1
13188 1
13189 1
13190 1
13191 1
13192 1
13193 1
13194 1
13195 1
13196 1
13197 1
13198 1
13199 1
13200 1
13201 1
13202 1
13203 1
13204 1
13205 1
13206 1
13207 1
13208 1
13209 1
13210 1
13211 1
13212 1
13213 1
13214 1
13215 1
13216 1
13217 1
13218 1
13219 1
13220 1
13221 1
13222 1
13223 1
13224 1
13861 1
13862 1
13863 1
13864 1
13865 1
13866 1
13867 1
13868 1
13869 1
13870 1
13871 1
13872 1
13873 1
13874 1
13875 1
13876 1
13877 1
13878 1
13879 1
13880 1
13881 1
13882 1
13883 1
13884 1
13885 1
13886 1
13887 1
13888 1
13889 1
13890 1
13891 1
13892 1
13893 1
13894 1
13895 1
13896 1
13897 1
13898 1
13899 1
13900 1
13901 1
14538 1
14539 1
14540 1
14541 1
14542 1
14543 1
14544 1
14545 1
14546 1
14547 1
14548 1
14549 1
14550 1
14551 1
14552 1
14553 1
14554 1
14555 1
14556 1
14557 1
14558 1
14559 1
14560 1
14561 1
14562 1
14563 1
14564 1
14565 1
14566 1
14567 1
14568 1
14569 1
14570 1
14571 1
14572 1
14573 1
14574 1
14575 1
14576 1
14577 1
14578 1
15215 1
15216 1
15217 1
15218 1
15219 1
15220 1
15221 1
15222 1
15223 1
15224 1
15225 1
15226 1
15227 1
15228 1
15229 1
15230 1
15231 1
15232 1
15233 1
15234 1
15235 1
15236 1
15237 1
15238 1
15239 1
15240 1
15241 1
15242 1
15243 1
15244 1
15245 1
15246 1
15247 1
15248 1
15249 1
15250 1
15251 1
15252 1
15253 1
15254 1
15255 1
15892 1
15893 1
15894 1
15895 1
15896 1
15897 1
15898 1
15899 1
15900 1
15901 1
15902 1
15903 1
15904 1
15905 1
15906 1
15907 1
15908 1
15909 1
15910 1
15911 1
15912 1
15913 1
15914 1
15915 1
15916 1
15917 1
15918 1
15919 1
15920 1
15921 1
15922 1
15923 1
15924 1
15925 1
15926 1
15927 1
15928 1
15929 1
15930 1
15931 1
15932 1
16569 1
16570 1
16571 1
16572 1
16573 1
16574 1
16575 1
16576 1
16577 1
16578 1
16579 1
16580 1
16581 1
16582 1
16583 1
16584 1
16585 1
16586 1
16587 1
16588 1
16589 1
16590 1
16591 1
16592 1
16593 1
16594 1
16595 1
16596 1
16597 1
16598 1
16599 1
16600 1
16601 1
16602 1
16603 1
16604 1
16605 1
16606 1
16607 1
16608 1
16609 1
17246 1
17247 1
17248 1
17249 1
17250 1
17251 1
17252 1
17253 1
17254 1
17255 1
17256 1
17257 1
17258 1
17259 1
17260 1
17261 1
17262 1
17263 1
17264 1
17265 1
17266 1
17267 1
17268 1
17269 1
17270 1
17271 1
17272 1
17273 1
17274 1
17275 1
17276 1
17277 1
17278 1
17279 1
17280 1
17281 1
17282 1
17283 1
17284 1
17285 1
17286 1
17923 1
17924 1
17925 1
17926 1
17927 1
17928 1
17929 1
17930 1
17931 1
17932 1
17933 1
17934 1
17935 1
17936 1
17937 1
17938 1
17939 1
17940 1
17941 1
17942 1
17943 1
17944 1
17945 1
17946 1
17947 1
17948 1
17949 1
17950 1
17951 1
17952 1
17953 1
17954 1
17955 1
17956 1
17957 1
17958 1
17959 1
17960 1
17961 1
17962 1
17963 1
18600 1
18601 1
18602 1
18603 1
18604 1
18605 1
18606 1
18607 1
18608 1
18609 1
18610 1
18611 1
18612 1
18613 1
18614 1
18615 1
18616 1
18617 1
18618 1
18619 1
18620 1
18621 1
18622 1
18623 1
18624 1
18625 1
18626 1
18627 1
18628 1
18629 1
18630 1
18631 1
18632 1
18633 1
18634 1
18635 1
18636 1
18637 1
18638 1
18639 1
18640 1
24734 1
24735 1
24736 1
24737 1
24738 1
24739 1
24740 1
24741 1
24742 1
24743 1
24744 1
24745 1
24746 1
24747 1
24748 1
24749 1
24750 1
24751 1
24752 1
24753 1
24754 1
24755 1
24756 1
24757 1
24758 1
24759 1
24760 1
24761 1
24762 1
24763 1
24764 1
24765 1
24766 1
24767 1
24768 1
24769 1
24770 1
24771 1
24772 1
24773 1
24774 1
24057 1
24058 1
24059 1
24060 1
24061 1
24062 1
24063 1
24064 1
24065 1
24066 1
24067 1
24068 1
24069 1
24070 1
24071 1
24072 1
24073 1
24074 1
24075 1
24076 1
24077 1
24078 1
24079 1
24080 1
24081 1
24082 1
24083 1
24084 1
24085 1
24086 1
24087 1
24088 1
24089 1
24090 1
24091 1
24092 1
24093 1
24094 1
24095 1
24096 1
24097 1
23380 1
23381 1
23382 1
23383 1
23384 1
23385 1
23386 1
23387 1
23388 1
23389 1
23390 1
23391 1
23392 1
23393 1
23394 1
23395 1
23396 1
23397 1
23398 1
23399 1
23400 1
23401 1
23402 1
23403 1
23404 1
23405 1
23406 1
23407 1
23408 1
23409 1
23410 1
23411 1
23412 1
23413 1
23414 1
23415 1
23416 1
23417 1
23418 1
23419 1
23420 1
22703 1
22704 1
22705 1
22706 1
22707 1
22708 1
22709 1
22710 1
22711 1
22712 1
22713 1
22714 1
22715 1
22716 1
22717 1
22718 1
22719 1
22720 1
22721 1
22722 1
22723 1
22724 1
22725 1
22726 1
22727 1
22728 1
22729 1
22730 1
22731 1
22732 1
22733 1
22734 1
22735 1
22736 1
22737 1
22738 1
22739 1
22740 1
22741 1
22742 1
22743 1
22026 1
22027 1
22028 1
22029 1
22030 1
22031 1
22032 1
22033 1
22034 1
22035 1
22036 1
22037 1
22038 1
22039 1
22040 1
22041 1
22042 1
22043 1
22044 1
22045 1
22046 1
22047 1
22048 1
22049 1
22050 1
22051 1
22052 1
22053 1
22054 1
22055 1
22056 1
22057 1
22058 1
22059 1
22060 1
22061 1
22062 1
22063 1
22064 1
22065 1
22066 1
21349 1
21350 1
21351 1
21352 1
21353 1
21354 1
21355 1
21356 1
21357 1
21358 1
21359 1
21360 1
21361 1
21362 1
21363 1
21364 1
21365 1
21366 1
21367 1
21368 1
21369 1
21370 1
21371 1
21372 1
21373 1
21374 1
21375 1
21376 1
21377 1
21378 1
21379 1
21380 1
21381 1
21382 1
21383 1
21384 1
21385 1
21386 1
21387 1
21388 1
21389 1
20672 1
20673 1
20674 1
20675 1
20676 1
20677 1
20678 1
20679 1
20680 1
20681 1
20682 1
20683 1
20684 1
20685 1
20686 1
20687 1
20688 1
20689 1
20690 1
20691 1
20692 1
20693 1
20694 1
20695 1
20696 1
20697 1
20698 1
20699 1
20700 1
20701 1
20702 1
20703 1
20704 1
20705 1
20706 1
20707 1
20708 1
20709 1
20710 1
20711 1
20712 1
19995 1
19996 1
19997 1
19998 1
19999 1
20000 1
20001 1
20002 1
20003 1
20004 1
20005 1
20006 1
20007 1
20008 1
20009 1
20010 1
20011 1
20012 1
20013 1
20014 1
20015 1
20016 1
20017 1
20018 1
20019 1
20020 1
20021 1
20022 1
20023 1
20024 1
20025 1
20026 1
20027 1
20028 1
20029 1
20030 1
20031 1
20032 1
20033 1
20034 1
20035 1
19318 1
19319 1
19320 1
19321 1
19322 1
19323 1
19324 1
19325 1
19326 1
19327 1
19328 1
19329 1
19330 1
19331 1
19332 1
19333 1
19334 1
19335 1
19336 1
19337 1
19338 1
19339 1
19340 1
19341 1
19342 1
19343 1
19344 1
19345 1
19346 1
19347 1
19348 1
19349 1
19350 1
19351 1
19352 1
19353 1
19354 1
19355 1
19356 1
19357 1
19358 1
18641 1
18642 1
18643 1
18644 1
18645 1
18646 1
18647 1
18648 1
18649 1
18650 1
18651 1
18652 1
18653 1
18654 1
18655 1
18656 1
18657 1
18658 1
18659 1
18660 1
18661 1
18662 1
18663 1
18664 1
18665 1
18666 1
18667 1
18668 1
18669 1
18670 1
18671 1
18672 1
18673 1
18674 1
18675 1
18676 1
18677 1
18678 1
18679 1
18680 1
18681 1
38950 1
38949 1
38948 1
38947 1
38946 1
38945 1
38944 1
38943 1
38942 1
38941 1
38940 1
38939 1
38938 1
38937 1
38936 1
38935 1
38934 1
38933 1
38932 1
38931 1
38930 1
38929 1
38928 1
38927 1
38926 1
38925 1
38924 1
38923 1
38922 1
38921 1
38920 1
38919 1
38918 1
38917 1
38916 1
38915 1
38914 1
38913 1
38912 1
38911 1
38910 1
38273 1
38272 1
38271 1
38270 1
38269 1
38268 1
38267 1
38266 1
38265 1
38264 1
38263 1
38262 1
38261 1
38260 1
38259 1
38258 1
38257 1
38256 1
38255 1
38254 1
38253 1
38252 1
38251 1
38250 1
38249 1
38248 1
38247 1
38246 1
38245 1
38244 1
38243 1
38242 1
38241 1
38240 1
38239 1
38238 1
38237 1
38236 1
38235 1
38234 1
38233 1
37596 1
37595 1
37594 1
37593 1
37592 1
37591 1
37590 1
37589 1
37588 1
37587 1
37586 1
37585 1
37584 1
37583 1
37582 1
37581 1
37580 1
37579 1
37578 1
37577 1
37576 1
37575 1
37574 1
37573 1
37572 1
37571 1
37570 1
37569 1
37568 1
37567 1
37566 1
37565 1
37564 1
37563 1
37562 1
37561 1
37560 1
37559 1
37558 1
37557 1
37556 1
36919 1
36918 1
36917 1
36916 1
36915 1
36914 1
36913 1
36912 1
36911 1
36910 1
36909 1
36908 1
36907 1
36906 1
36905 1
36904 1
36903 1
36902 1
36901 1
36900 1
36899 1
36898 1
36897 1
36896 1
36895 1
36894 1
36893 1
36892 1
36891 1
36890 1
36889 1
36888 1
36887 1
36886 1
36885 1
36884 1
36883 1
36882 1
36881 1
36880 1
36879 1
36242 1
36241 1
36240 1
36239 1
36238 1
36237 1
36236 1
36235 1
36234 1
36233 1
36232 1
36231 1
36230 1
36229 1
36228 1
36227 1
36226 1
36225 1
36224 1
36223 1
36222 1
36221 1
36220 1
36219 1
36218 1
36217 1
36216 1
36215 1
36214 1
36213 1
36212 1
36211 1
36210 1
36209 1
36208 1
36207 1
36206 1
36205 1
36204 1
36203 1
36202 1
35565 1
35564 1
35563 1
35562 1
35561 1
35560 1
35559 1
35558 1
35557 1
35556 1
35555 1
35554 1
35553 1
35552 1
35551 1
35550 1
35549 1
35548 1
35547 1
35546 1
35545 1
35544 1
35543 1
35542 1
35541 1
35540 1
35539 1
35538 1
35537 1
35536 1
35535 1
35534 1
35533 1
35532 1
35531 1
35530 1
35529 1
35528 1
35527 1
35526 1
35525 1
34888 1
34887 1
34886 1
34885 1
34884 1
34883 1
34882 1
34881 1
34880 1
34879 1
34878 1
34877 1
34876 1
34875 1
34874 1
34873 1
34872 1
34871 1
34870 1
34869 1
34868 1
34867 1
34866 1
34865 1
34864 1
34863 1
34862 1
34861 1
34860 1
34859 1
34858 1
34857 1
34856 1
34855 1
34854 1
34853 1
34852 1
34851 1
34850 1
34849 1
34848 1
34211 1
34210 1
34209 1
34208 1
34207 1
34206 1
34205 1
34204 1
34203 1
34202 1
34201 1
34200 1
34199 1
34198 1
34197 1
34196 1
34195 1
34194 1
34193 1
34192 1
34191 1
34190 1
34189 1
34188 1
34187 1
34186 1
34185 1
34184 1
34183 1
34182 1
34181 1
34180 1
34179 1
34178 1
34177 1
34176 1
34175 1
34174 1
34173 1
34172 1
34171 1
33534 1
33533 1
33532 1
33531 1
33530 1
33529 1
33528 1
33527 1
33526 1
33525 1
33524 1
33523 1
33522 1
33521 1
33520 1
33519 1
33518 1
33517 1
33516 1
33515 1
33514 1
33513 1
33512 1
33511 1
33510 1
33509 1
33508 1
33507 1
33506 1
33505 1
33504 1
33503 1
33502 1
33501 1
33500 1
33499 1
33498 1
33497 1
33496 1
33495 1
33494 1
32857 1
32856 1
32855 1
32854 1
32853 1
32852 1
32851 1
32850 1
32849 1
32848 1
32847 1
32846 1
32845 1
32844 1
32843 1
32842 1
32841 1
32840 1
32839 1
32838 1
32837 1
32836 1
32835 1
32834 1
32833 1
32832 1
32831 1
32830 1
32829 1
32828 1
32827 1
32826 1
32825 1
32824 1
32823 1
32822 1
32821 1
32820 1
32819 1
32818 1
32817 1
32180 1
32179 1
32178 1
32177 1
32176 1
32175 1
32174 1
32173 1
32172 1
32171 1
32170 1
32169 1
32168 1
32167 1
32166 1
32165 1
32164 1
32163 1
32162 1
32161 1
32160 1
32159 1
32158 1
32157 1
32156 1
32155 1
32154 1
32153 1
32152 1
32151 1
32150 1
32149 1
32148 1
32147 1
32146 1
32145 1
32144 1
32143 1
32142 1
32141 1
32140 1
31503 1
31502 1
31501 1
31500 1
31499 1
31498 1
31497 1
31496 1
31495 1
31494 1
31493 1
31492 1
31491 1
31490 1
31489 1
31488 1
31487 1
31486 1
31485 1
31484 1
31483 1
31482 1
31481 1
31480 1
31479 1
31478 1
31477 1
31476 1
31475 1
31474 1
31473 1
31472 1
31471 1
31470 1
31469 1
31468 1
31467 1
31466 1
31465 1
31464 1
31463 1
30826 1
30825 1
30824 1
30823 1
30822 1
30821 1
30820 1
30819 1
30818 1
30817 1
30816 1
30815 1
30814 1
30813 1
30812 1
30811 1
30810 1
30809 1
30808 1
30807 1
30806 1
30805 1
30804 1
30803 1
30802 1
30801 1
30800 1
30799 1
30798 1
30797 1
30796 1
30795 1
30794 1
30793 1
30792 1
30791 1
30790 1
30789 1
30788 1
30787 1
30786 1
30149 1
30148 1
30147 1
30146 1
30145 1
30144 1
30143 1
30142 1
30141 1
30140 1
30139 1
30138 1
30137 1
30136 1
30135 1
30134 1
30133 1
30132 1
30131 1
30130 1
30129 1
30128 1
30127 1
30126 1
30125 1
30124 1
30123 1
30122 1
30121 1
30120 1
30119 1
30118 1
30117 1
30116 1
30115 1
30114 1
30113 1
30112 1
30111 1
30110 1
30109 1
29472 1
29471 1
29470 1
29469 1
29468 1
29467 1
29466 1
29465 1
29464 1
29463 1
29462 1
29461 1
29460 1
29459 1
29458 1
29457 1
29456 1
29455 1
29454 1
29453 1
29452 1
29451 1
29450 1
29449 1
29448 1
29447 1
29446 1
29445 1
29444 1
29443 1
29442 1
29441 1
29440 1
29439 1
29438 1
29437 1
29436 1
29435 1
29434 1
29433 1
29432 1
28795 1
28794 1
28793 1
28792 1
28791 1
28790 1
28789 1
28788 1
28787 1
28786 1
28785 1
28784 1
28783 1
28782 1
28781 1
28780 1
28779 1
28778 1
28777 1
28776 1
28775 1
28774 1
28773 1
28772 1
28771 1
28770 1
28769 1
28768 1
28767 1
28766 1
28765 1
28764 1
28763 1
28762 1
28761 1
28760 1
28759 1
28758 1
28757 1
28756 1
28755 1
28118 1
28117 1
28116 1
28115 1
28114 1
28113 1
28112 1
28111 1
28110 1
28109 1
28108 1
28107 1
28106 1
28105 1
28104 1
28103 1
28102 1
28101 1
28100 1
28099 1
28098 1
28097 1
28096 1
28095 1
28094 1
28093 1
28092 1
28091 1
28090 1
28089 1
28088 1
28087 1
28086 1
28085 1
28084 1
28083 1
28082 1
28081 1
28080 1
28079 1
28078 1
27441 1
27440 1
27439 1
27438 1
27437 1
27436 1
27435 1
27434 1
27433 1
27432 1
27431 1
27430 1
27429 1
27428 1
27427 1
27426 1
27425 1
27424 1
27423 1
27422 1
27421 1
27420 1
27419 1
27418 1
27417 1
27416 1
27415 1
27414 1
27413 1
27412 1
27411 1
27410 1
27409 1
27408 1
27407 1
27406 1
27405 1
27404 1
27403 1
27402 1
27401 1
26764 1
26763 1
26762 1
26761 1
26760 1
26759 1
26758 1
26757 1
26756 1
26755 1
26754 1
26753 1
26752 1
26751 1
26750 1
26749 1
26748 1
26747 1
26746 1
26745 1
26744 1
26743 1
26742 1
26741 1
26740 1
26739 1
26738 1
26737 1
26736 1
26735 1
26734 1
26733 1
26732 1
26731 1
26730 1
26729 1
26728 1
26727 1
26726 1
26725 1
26724 1
26087 1
26086 1
26085 1
26084 1
26083 1
26082 1
26081 1
26080 1
26079 1
26078 1
26077 1
26076 1
26075 1
26074 1
26073 1
26072 1
26071 1
26070 1
26069 1
26068 1
26067 1
26066 1
26065 1
26064 1
26063 1
26062 1
26061 1
26060 1
26059 1
26058 1
26057 1
26056 1
26055 1
26054 1
26053 1
26052 1
26051 1
26050 1
26049 1
26048 1
26047 1
