# material properties (id,domain,type,gamma,ym,nu,phi,coh,psi)
8
1, 11, 0, 2670.00,   5.680000E+10, .250000, .00000, .00000, .00000
2, 11, 0, 2670.00,   5.680000E+10, .250000, .00000, .00000, .00000
3, 100, 0, .00000,   0.000000E+00, .00000, .00000, .00000, .00000
4, 1000, 0, .00000,   0.000000E+00, .00000, .00000, .00000, .00000
5, 11000, 0, 2670.00,   5.680000E+10, .250000, .00000, .00000, .00000
6, 11000, 0, 2670.00,   5.680000E+10, .250000, .00000, .00000, .00000
7, 11000, 0, 2670.00,   5.680000E+10, .250000, .00000, .00000, .00000
8, 1000, 0, .00000,   0.000000E+00, .00000, .00000, .00000, .00000
Maxwell
1, 1.00000,   7.100000+200
2, 1.00000,   7.100460E+19
5, 1.00000,   7.100460E+19
6, 1.00000,   7.100000+200
7, 1.00000,   7.100460E+19
