  -5.00000000000000       0.000000000000000E+000  0.000000000000000E+000
          50
21208  4  1  0  0  1
21263  4  0  0  0  1
21318  4  0  0  0  1
21373  4  0  0  0  1
21428  4  0  0  0  1
21483  4  0  0  0  1
21538  4  0  0  0  1
21593  4  0  0  0  1
21648  4  0  0  0  1
21703  4  0  0  1  1
21209  1  1  0  0  0
21264  1  0  0  0  0
21319  1  0  0  0  0
21374  1  0  0  0  0
21429  1  0  0  0  0
21484  1  0  0  0  0
21539  1  0  0  0  0
21594  1  0  0  0  0
21649  1  0  0  0  0
21704  1  0  0  1  0
21210  1  1  0  0  0
21265  1  0  0  0  0
21320  1  0  0  0  0
21375  1  0  0  0  0
21430  1  0  0  0  0
21485  1  0  0  0  0
21540  1  0  0  0  0
21595  1  0  0  0  0
21650  1  0  0  0  0
21705  1  0  0  1  0
21211  1  1  0  0  0
21266  1  0  0  0  0
21321  1  0  0  0  0
21376  1  0  0  0  0
21431  1  0  0  0  0
21486  1  0  0  0  0
21541  1  0  0  0  0
21596  1  0  0  0  0
21651  1  0  0  0  0
21706  1  0  0  1  0
21212  1  1  0  0  1
21267  1  0  0  0  1
21322  1  0  0  0  1
21377  1  0  0  0  1
21432  1  0  0  0  1
21487  1  0  0  0  1
21542  1  0  0  0  1
21597  1  0  0  0  1
21652  1  0  0  0  1
21707  1  0  0  1  1
