0.0 2.0 0.0
64
90901 4
90976 4
91051 4
91126 4
90601 4
90676 4
90751 4
90826 4
90301 4
90376 4
90451 4
90526 4
90001 4
90076 4
90151 4
90226 4
89701 4
89776 4
89851 4
89926 4
89401 4
89476 4
89551 4
89626 4
89101 4
89176 4
89251 4
89326 4
88801 4
88876 4
88951 4
89026 4
88501 4
88576 4
88651 4
88726 4
88201 4
88276 4
88351 4
88426 4
87901 4
87976 4
88051 4
88126 4
87601 4
87676 4
87751 4
87826 4
87301 4
87376 4
87451 4
87526 4
87001 4
87076 4
87151 4
87226 4
86701 4
86776 4
86851 4
86926 4
86401 4
86476 4
86551 4
86626 4
