  0.000000000000000E+000   2.00000000000000       0.000000000000000E+000
          64
90901  4  0  0  1  1
90976  4  0  0  1  0
91051  4  0  0  1  0
91126  4  0  1  1  0
90601  4  0  0  0  1
90676  4  0  0  0  0
90751  4  0  0  0  0
90826  4  0  1  0  0
90301  4  0  0  0  1
90376  4  0  0  0  0
90451  4  0  0  0  0
90526  4  0  1  0  0
90001  4  0  0  0  1
90076  4  0  0  0  0
90151  4  0  0  0  0
90226  4  0  1  0  0
89701  4  0  0  0  1
89776  4  0  0  0  0
89851  4  0  0  0  0
89926  4  0  1  0  0
89401  4  0  0  0  1
89476  4  0  0  0  0
89551  4  0  0  0  0
89626  4  0  1  0  0
89101  4  0  0  0  1
89176  4  0  0  0  0
89251  4  0  0  0  0
89326  4  0  1  0  0
88801  4  0  0  0  1
88876  4  0  0  0  0
88951  4  0  0  0  0
89026  4  0  1  0  0
88501  4  0  0  0  1
88576  4  0  0  0  0
88651  4  0  0  0  0
88726  4  0  1  0  0
88201  4  0  0  0  1
88276  4  0  0  0  0
88351  4  0  0  0  0
88426  4  0  1  0  0
87901  4  0  0  0  1
87976  4  0  0  0  0
88051  4  0  0  0  0
88126  4  0  1  0  0
87601  4  0  0  0  1
87676  4  0  0  0  0
87751  4  0  0  0  0
87826  4  0  1  0  0
87301  4  0  0  0  1
87376  4  0  0  0  0
87451  4  0  0  0  0
87526  4  0  1  0  0
87001  4  0  0  0  1
87076  4  0  0  0  0
87151  4  0  0  0  0
87226  4  0  1  0  0
86701  4  0  0  0  1
86776  4  0  0  0  0
86851  4  0  0  0  0
86926  4  0  1  0  0
86401  4  1  0  0  1
86476  4  1  0  0  0
86551  4  1  0  0  0
86626  4  1  1  0  0
