108
152889 1
152890 1
152891 1
152898 1
152899 1
152900 1
152907 1
152908 1
152909 1
152916 1
152917 1
152918 1
152925 1
152926 1
152927 1
152934 1
152935 1
152936 1
154401 1
154402 1
154403 1
154410 1
154411 1
154412 1
154419 1
154420 1
154421 1
154428 1
154429 1
154430 1
154437 1
154438 1
154439 1
154446 1
154447 1
154448 1
155913 1
155914 1
155915 1
155922 1
155923 1
155924 1
155931 1
155932 1
155933 1
155940 1
155941 1
155942 1
155949 1
155950 1
155951 1
155958 1
155959 1
155960 1
157425 1
157426 1
157427 1
157434 1
157435 1
157436 1
157443 1
157444 1
157445 1
157452 1
157453 1
157454 1
157461 1
157462 1
157463 1
157470 1
157471 1
157472 1
158937 1
158938 1
158939 1
158946 1
158947 1
158948 1
158955 1
158956 1
158957 1
158964 1
158965 1
158966 1
158973 1
158974 1
158975 1
158982 1
158983 1
158984 1
160449 1
160450 1
160451 1
160458 1
160459 1
160460 1
160467 1
160468 1
160469 1
160476 1
160477 1
160478 1
160485 1
160486 1
160487 1
160494 1
160495 1
160496 1
