  5.000000000000000E-003  0.000000000000000E+000  0.000000000000000E+000
          32
47497  3  0  0  1  1
47498  3  0  0  1  0
47499  3  0  0  1  0
47500  3  0  1  1  0
47297  3  0  0  0  1
47298  3  0  0  0  0
47299  3  0  0  0  0
47300  3  0  1  0  0
47097  3  0  0  0  1
47098  3  0  0  0  0
47099  3  0  0  0  0
47100  3  0  1  0  0
46897  3  0  0  0  1
46898  3  0  0  0  0
46899  3  0  0  0  0
46900  3  0  1  0  0
46697  3  0  0  0  1
46698  3  0  0  0  0
46699  3  0  0  0  0
46700  3  0  1  0  0
46497  3  0  0  0  1
46498  3  0  0  0  0
46499  3  0  0  0  0
46500  3  0  1  0  0
46297  3  0  0  0  1
46298  3  0  0  0  0
46299  3  0  0  0  0
46300  3  0  1  0  0
46097  3  1  0  0  1
46098  3  1  0  0  0
46099  3  1  0  0  0
46100  3  1  1  0  0
