2 0.0
9296
184233 3
184234 3
184235 3
184458 3
184459 3
184460 3
184683 3
184684 3
184685 3
184908 3
184909 3
184910 3
185133 3
185134 3
185135 3
185358 3
185359 3
185360 3
185583 3
185584 3
185585 3
185808 3
185809 3
185810 3
186033 3
186034 3
186035 3
186258 3
186259 3
186260 3
186483 3
186484 3
186485 3
186708 3
186709 3
186710 3
186933 3
186934 3
186935 3
187158 3
187159 3
187160 3
187383 3
187384 3
187385 3
187608 3
187609 3
187610 3
187833 3
187834 3
187835 3
188058 3
188059 3
188060 3
188283 3
188284 3
188285 3
188508 3
188509 3
188510 3
188733 3
188734 3
188735 3
188958 3
188959 3
188960 3
189183 3
189184 3
189185 3
189408 3
189409 3
189410 3
189633 3
189634 3
189635 3
189858 3
189859 3
189860 3
190083 3
190084 3
190085 3
190308 3
190309 3
190310 3
190323 1
190324 1
190325 1
190328 6
190331 6
190334 6
190337 6
190340 6
190343 6
190346 6
190349 6
190352 6
190355 6
190358 6
190361 6
190364 6
190367 6
190370 6
190373 6
190376 6
190379 6
190382 6
190385 6
190388 6
190391 6
190394 6
190397 6
190400 6
190403 6
190406 6
190409 6
190412 6
190415 6
190418 6
190421 6
190424 6
190427 6
190430 6
190433 6
190436 6
190439 6
190442 6
190445 6
190448 6
190451 6
190454 6
190457 6
190460 6
190463 6
190466 6
190469 6
190472 6
190475 6
190478 6
190481 6
190484 6
190487 6
190490 6
190493 6
190496 6
190499 6
190502 6
190505 6
190508 6
190511 6
190514 6
190517 6
190520 6
190523 6
190526 6
190529 6
190532 6
190535 6
190538 6
190541 6
190544 6
190547 6
190550 6
190553 6
190556 6
190559 6
190566 1
190567 1
190568 1
235719 1
235720 1
235721 1
235728 1
235729 1
235730 1
235737 1
235738 1
235739 1
235746 1
235747 1
235748 1
235755 1
235756 1
235757 1
235764 1
235765 1
235766 1
237063 5
237066 5
237069 5
237072 5
237075 5
237078 5
237081 5
237084 5
237087 5
237090 5
237093 5
237096 5
237099 5
237102 5
237105 5
237108 5
237111 5
237114 5
238413 5
238416 5
238419 5
238422 5
238425 5
238428 5
238431 5
238434 5
238437 5
238440 5
238443 5
238446 5
238449 5
238452 5
238455 5
238458 5
238461 5
238464 5
239763 5
239766 5
239769 5
239772 5
239775 5
239778 5
239781 5
239784 5
239787 5
239790 5
239793 5
239796 5
239799 5
239802 5
239805 5
239808 5
239811 5
239814 5
241113 5
241116 5
241119 5
241122 5
241125 5
241128 5
241131 5
241134 5
241137 5
241140 5
241143 5
241146 5
241149 5
241152 5
241155 5
241158 5
241161 5
241164 5
242463 5
242466 5
242469 5
242472 5
242475 5
242478 5
242481 5
242484 5
242487 5
242490 5
242493 5
242496 5
242499 5
242502 5
242505 5
242508 5
242511 5
242514 5
243813 5
243816 5
243819 5
243822 5
243825 5
243828 5
243831 5
243834 5
243837 5
243840 5
243843 5
243846 5
243849 5
243852 5
243855 5
243858 5
243861 5
243864 5
245163 5
245166 5
245169 5
245172 5
245175 5
245178 5
245181 5
245184 5
245187 5
245190 5
245193 5
245196 5
245199 5
245202 5
245205 5
245208 5
245211 5
245214 5
246513 5
246516 5
246519 5
246522 5
246525 5
246528 5
246531 5
246534 5
246537 5
246540 5
246543 5
246546 5
246549 5
246552 5
246555 5
246558 5
246561 5
246564 5
247863 5
247866 5
247869 5
247872 5
247875 5
247878 5
247881 5
247884 5
247887 5
247890 5
247893 5
247896 5
247899 5
247902 5
247905 5
247908 5
247911 5
247914 5
249213 5
249216 5
249219 5
249222 5
249225 5
249228 5
249231 5
249234 5
249237 5
249240 5
249243 5
249246 5
249249 5
249252 5
249255 5
249258 5
249261 5
249264 5
250563 5
250566 5
250569 5
250572 5
250575 5
250578 5
250581 5
250584 5
250587 5
250590 5
250593 5
250596 5
250599 5
250602 5
250605 5
250608 5
250611 5
250614 5
251913 5
251916 5
251919 5
251922 5
251925 5
251928 5
251931 5
251934 5
251937 5
251940 5
251943 5
251946 5
251949 5
251952 5
251955 5
251958 5
251961 5
251964 5
253263 5
253266 5
253269 5
253272 5
253275 5
253278 5
253281 5
253284 5
253287 5
253290 5
253293 5
253296 5
253299 5
253302 5
253305 5
253308 5
253311 5
253314 5
254613 5
254616 5
254619 5
254622 5
254625 5
254628 5
254631 5
254634 5
254637 5
254640 5
254643 5
254646 5
254649 5
254652 5
254655 5
254658 5
254661 5
254664 5
255963 5
255966 5
255969 5
255972 5
255975 5
255978 5
255981 5
255984 5
255987 5
255990 5
255993 5
255996 5
255999 5
256002 5
256005 5
256008 5
256011 5
256014 5
257313 5
257316 5
257319 5
257322 5
257325 5
257328 5
257331 5
257334 5
257337 5
257340 5
257343 5
257346 5
257349 5
257352 5
257355 5
257358 5
257361 5
257364 5
258663 5
258666 5
258669 5
258672 5
258675 5
258678 5
258681 5
258684 5
258687 5
258690 5
258693 5
258696 5
258699 5
258702 5
258705 5
258708 5
258711 5
258714 5
260013 5
260016 5
260019 5
260022 5
260025 5
260028 5
260031 5
260034 5
260037 5
260040 5
260043 5
260046 5
260049 5
260052 5
260055 5
260058 5
260061 5
260064 5
261363 5
261366 5
261369 5
261372 5
261375 5
261378 5
261381 5
261384 5
261387 5
261390 5
261393 5
261396 5
261399 5
261402 5
261405 5
261408 5
261411 5
261414 5
262713 5
262716 5
262719 5
262722 5
262725 5
262728 5
262731 5
262734 5
262737 5
262740 5
262743 5
262746 5
262749 5
262752 5
262755 5
262758 5
262761 5
262764 5
264063 5
264066 5
264069 5
264072 5
264075 5
264078 5
264081 5
264084 5
264087 5
264090 5
264093 5
264096 5
264099 5
264102 5
264105 5
264108 5
264111 5
264114 5
265413 5
265416 5
265419 5
265422 5
265425 5
265428 5
265431 5
265434 5
265437 5
265440 5
265443 5
265446 5
265449 5
265452 5
265455 5
265458 5
265461 5
265464 5
266763 5
266766 5
266769 5
266772 5
266775 5
266778 5
266781 5
266784 5
266787 5
266790 5
266793 5
266796 5
266799 5
266802 5
266805 5
266808 5
266811 5
266814 5
268113 5
268116 5
268119 5
268122 5
268125 5
268128 5
268131 5
268134 5
268137 5
268140 5
268143 5
268146 5
268149 5
268152 5
268155 5
268158 5
268161 5
268164 5
269463 5
269466 5
269469 5
269472 5
269475 5
269478 5
269481 5
269484 5
269487 5
269490 5
269493 5
269496 5
269499 5
269502 5
269505 5
269508 5
269511 5
269514 5
270813 5
270816 5
270819 5
270822 5
270825 5
270828 5
270831 5
270834 5
270837 5
270840 5
270843 5
270846 5
270849 5
270852 5
270855 5
270858 5
270861 5
270864 5
272169 1
272170 1
272171 1
272178 1
272179 1
272180 1
272187 1
272188 1
272189 1
272196 1
272197 1
272198 1
272205 1
272206 1
272207 1
272214 1
272215 1
272216 1
196833 3
196834 3
196835 3
197058 3
197059 3
197060 3
197283 3
197284 3
197285 3
197508 3
197509 3
197510 3
197733 3
197734 3
197735 3
197958 3
197959 3
197960 3
198183 3
198184 3
198185 3
198408 3
198409 3
198410 3
198633 3
198634 3
198635 3
198858 3
198859 3
198860 3
199083 3
199084 3
199085 3
199308 3
199309 3
199310 3
199533 3
199534 3
199535 3
199758 3
199759 3
199760 3
199983 3
199984 3
199985 3
200208 3
200209 3
200210 3
200433 3
200434 3
200435 3
200658 3
200659 3
200660 3
200883 3
200884 3
200885 3
201108 3
201109 3
201110 3
201333 3
201334 3
201335 3
201558 3
201559 3
201560 3
201783 3
201784 3
201785 3
202008 3
202009 3
202010 3
202233 3
202234 3
202235 3
202458 3
202459 3
202460 3
202683 3
202684 3
202685 3
202908 3
202909 3
202910 3
203133 3
203134 3
203135 3
203358 3
203359 3
203360 3
203583 3
203584 3
203585 3
203808 3
203809 3
203810 3
204033 3
204034 3
204035 3
204258 3
204259 3
204260 3
204483 3
204484 3
204485 3
204708 3
204709 3
204710 3
204933 3
204934 3
204935 3
205158 3
205159 3
205160 3
205383 3
205384 3
205385 3
205608 3
205609 3
205610 3
205833 3
205834 3
205835 3
206058 3
206059 3
206060 3
206283 3
206284 3
206285 3
206508 3
206509 3
206510 3
206733 3
206734 3
206735 3
206958 3
206959 3
206960 3
207183 3
207184 3
207185 3
207408 3
207409 3
207410 3
207633 3
207634 3
207635 3
207858 3
207859 3
207860 3
208083 3
208084 3
208085 3
208308 3
208309 3
208310 3
208533 3
208534 3
208535 3
208758 3
208759 3
208760 3
208983 3
208984 3
208985 3
209208 3
209209 3
209210 3
209433 3
209434 3
209435 3
209658 3
209659 3
209660 3
209883 3
209884 3
209885 3
210108 3
210109 3
210110 3
210333 3
210334 3
210335 3
210558 3
210559 3
210560 3
210783 3
210784 3
210785 3
211008 3
211009 3
211010 3
211233 3
211234 3
211235 3
211458 3
211459 3
211460 3
211683 3
211684 3
211685 3
211908 3
211909 3
211910 3
212133 3
212134 3
212135 3
212358 3
212359 3
212360 3
212583 3
212584 3
212585 3
212808 3
212809 3
212810 3
213033 3
213034 3
213035 3
213258 3
213259 3
213260 3
213483 3
213484 3
213485 3
213708 3
213709 3
213710 3
213933 3
213934 3
213935 3
214158 3
214159 3
214160 3
214383 3
214384 3
214385 3
214608 3
214609 3
214610 3
214833 3
214834 3
214835 3
215058 3
215059 3
215060 3
215283 3
215284 3
215285 3
215508 3
215509 3
215510 3
215733 3
215734 3
215735 3
215958 3
215959 3
215960 3
216183 3
216184 3
216185 3
216408 3
216409 3
216410 3
216633 3
216634 3
216635 3
216858 3
216859 3
216860 3
217083 3
217084 3
217085 3
217308 3
217309 3
217310 3
217533 3
217534 3
217535 3
217758 3
217759 3
217760 3
217983 3
217984 3
217985 3
218208 3
218209 3
218210 3
218433 3
218434 3
218435 3
218658 3
218659 3
218660 3
218883 3
218884 3
218885 3
219108 3
219109 3
219110 3
219333 3
219334 3
219335 3
219558 3
219559 3
219560 3
219783 3
219784 3
219785 3
220008 3
220009 3
220010 3
220233 3
220234 3
220235 3
220458 3
220459 3
220460 3
220683 3
220684 3
220685 3
220908 3
220909 3
220910 3
221133 3
221134 3
221135 3
221358 3
221359 3
221360 3
221583 3
221584 3
221585 3
221808 3
221809 3
221810 3
222033 3
222034 3
222035 3
222258 3
222259 3
222260 3
222483 3
222484 3
222485 3
222708 3
222709 3
222710 3
222933 3
222934 3
222935 3
223158 3
223159 3
223160 3
223383 3
223384 3
223385 3
223608 3
223609 3
223610 3
223833 3
223834 3
223835 3
224058 3
224059 3
224060 3
224283 3
224284 3
224285 3
224508 3
224509 3
224510 3
224733 3
224734 3
224735 3
224958 3
224959 3
224960 3
225183 3
225184 3
225185 3
225408 3
225409 3
225410 3
225633 3
225634 3
225635 3
225858 3
225859 3
225860 3
226083 3
226084 3
226085 3
226308 3
226309 3
226310 3
226533 3
226534 3
226535 3
226758 3
226759 3
226760 3
226983 3
226984 3
226985 3
227208 3
227209 3
227210 3
227433 3
227434 3
227435 3
227658 3
227659 3
227660 3
227883 3
227884 3
227885 3
228108 3
228109 3
228110 3
228333 3
228334 3
228335 3
228558 3
228559 3
228560 3
228783 3
228784 3
228785 3
229008 3
229009 3
229010 3
229233 3
229234 3
229235 3
229458 3
229459 3
229460 3
229683 3
229684 3
229685 3
229908 3
229909 3
229910 3
230133 3
230134 3
230135 3
230358 3
230359 3
230360 3
230583 3
230584 3
230585 3
230808 3
230809 3
230810 3
231033 3
231034 3
231035 3
231258 3
231259 3
231260 3
231483 3
231484 3
231485 3
231708 3
231709 3
231710 3
231933 3
231934 3
231935 3
232158 3
232159 3
232160 3
232383 3
232384 3
232385 3
232608 3
232609 3
232610 3
232833 3
232834 3
232835 3
233058 3
233059 3
233060 3
233283 3
233284 3
233285 3
233508 3
233509 3
233510 3
233733 3
233734 3
233735 3
233958 3
233959 3
233960 3
234183 3
234184 3
234185 3
234408 3
234409 3
234410 3
272218 5
272219 5
272220 5
272221 5
272222 5
272223 5
272224 5
272225 5
272226 5
272227 5
272228 5
272229 5
272230 5
272231 5
272232 5
272233 5
272234 5
272235 5
272236 5
272237 5
272238 5
272239 5
272240 5
272241 5
272242 5
272243 5
272244 5
272245 5
272246 5
272247 5
272249 5
272250 5
272251 5
272252 5
272253 5
272254 5
272255 5
272256 5
272257 5
272258 5
272259 5
272260 5
272261 5
272262 5
272263 5
272264 5
272265 5
272266 5
272267 5
272268 5
272269 5
272270 5
272271 5
272272 5
272273 5
272274 5
272275 5
272276 5
272277 5
272278 5
272280 5
272281 5
272282 5
272283 5
272284 5
272285 5
272286 5
272287 5
272288 5
272289 5
272290 5
272291 5
272292 5
272293 5
272294 5
272295 5
272296 5
272297 5
272298 5
272299 5
272300 5
272301 5
272302 5
272303 5
272304 5
272305 5
272306 5
272307 5
272308 5
272309 5
272311 5
272312 5
272313 5
272314 5
272315 5
272316 5
272317 5
272318 5
272319 5
272320 5
272321 5
272322 5
272323 5
272324 5
272325 5
272326 5
272327 5
272328 5
272329 5
272330 5
272331 5
272332 5
272333 5
272334 5
272335 5
272336 5
272337 5
272338 5
272339 5
272340 5
272342 5
272343 5
272344 5
272345 5
272346 5
272347 5
272348 5
272349 5
272350 5
272351 5
272352 5
272353 5
272354 5
272355 5
272356 5
272357 5
272358 5
272359 5
272360 5
272361 5
272362 5
272363 5
272364 5
272365 5
272366 5
272367 5
272368 5
272369 5
272370 5
272371 5
272373 5
272374 5
272375 5
272376 5
272377 5
272378 5
272379 5
272380 5
272381 5
272382 5
272383 5
272384 5
272385 5
272386 5
272387 5
272388 5
272389 5
272390 5
272391 5
272392 5
272393 5
272394 5
272395 5
272396 5
272397 5
272398 5
272399 5
272400 5
272401 5
272402 5
272404 5
272405 5
272406 5
272407 5
272408 5
272409 5
272410 5
272411 5
272412 5
272413 5
272414 5
272415 5
272416 5
272417 5
272418 5
272419 5
272420 5
272421 5
272422 5
272423 5
272424 5
272425 5
272426 5
272427 5
272428 5
272429 5
272430 5
272431 5
272432 5
272433 5
272435 5
272436 5
272437 5
272438 5
272439 5
272440 5
272441 5
272442 5
272443 5
272444 5
272445 5
272446 5
272447 5
272448 5
272449 5
272450 5
272451 5
272452 5
272453 5
272454 5
272455 5
272456 5
272457 5
272458 5
272459 5
272460 5
272461 5
272462 5
272463 5
272464 5
272466 5
272467 5
272468 5
272469 5
272470 5
272471 5
272472 5
272473 5
272474 5
272475 5
272476 5
272477 5
272478 5
272479 5
272480 5
272481 5
272482 5
272483 5
272484 5
272485 5
272486 5
272487 5
272488 5
272489 5
272490 5
272491 5
272492 5
272493 5
272494 5
272495 5
272497 5
272498 5
272499 5
272500 5
272501 5
272502 5
272503 5
272504 5
272505 5
272506 5
272507 5
272508 5
272509 5
272510 5
272511 5
272512 5
272513 5
272514 5
272515 5
272516 5
272517 5
272518 5
272519 5
272520 5
272521 5
272522 5
272523 5
272524 5
272525 5
272526 5
272528 5
272529 5
272530 5
272531 5
272532 5
272533 5
272534 5
272535 5
272536 5
272537 5
272538 5
272539 5
272540 5
272541 5
272542 5
272543 5
272544 5
272545 5
272546 5
272547 5
272548 5
272549 5
272550 5
272551 5
272552 5
272553 5
272554 5
272555 5
272556 5
272557 5
272559 5
272560 5
272561 5
272562 5
272563 5
272564 5
272565 5
272566 5
272567 5
272568 5
272569 5
272570 5
272571 5
272572 5
272573 5
272574 5
272575 5
272576 5
272577 5
272578 5
272579 5
272580 5
272581 5
272582 5
272583 5
272584 5
272585 5
272586 5
272587 5
272588 5
272590 5
272591 5
272592 5
272593 5
272594 5
272595 5
272596 5
272597 5
272598 5
272599 5
272600 5
272601 5
272602 5
272603 5
272604 5
272605 5
272606 5
272607 5
272608 5
272609 5
272610 5
272611 5
272612 5
272613 5
272614 5
272615 5
272616 5
272617 5
272618 5
272619 5
272621 5
272622 5
272623 5
272624 5
272625 5
272626 5
272627 5
272628 5
272629 5
272630 5
272631 5
272632 5
272633 5
272634 5
272635 5
272636 5
272637 5
272638 5
272639 5
272640 5
272641 5
272642 5
272643 5
272644 5
272645 5
272646 5
272647 5
272648 5
272649 5
272650 5
272652 5
272653 5
272654 5
272655 5
272656 5
272657 5
272658 5
272659 5
272660 5
272661 5
272662 5
272663 5
272664 5
272665 5
272666 5
272667 5
272668 5
272669 5
272670 5
272671 5
272672 5
272673 5
272674 5
272675 5
272676 5
272677 5
272678 5
272679 5
272680 5
272681 5
272683 5
272684 5
272685 5
272686 5
272687 5
272688 5
272689 5
272690 5
272691 5
272692 5
272693 5
272694 5
272695 5
272696 5
272697 5
272698 5
272699 5
272700 5
272701 5
272702 5
272703 5
272704 5
272705 5
272706 5
272707 5
272708 5
272709 5
272710 5
272711 5
272712 5
272714 5
272715 5
272716 5
272717 5
272718 5
272719 5
272720 5
272721 5
272722 5
272723 5
272724 5
272725 5
272726 5
272727 5
272728 5
272729 5
272730 5
272731 5
272732 5
272733 5
272734 5
272735 5
272736 5
272737 5
272738 5
272739 5
272740 5
272741 5
272742 5
272743 5
272745 5
272746 5
272747 5
272748 5
272749 5
272750 5
272751 5
272752 5
272753 5
272754 5
272755 5
272756 5
272757 5
272758 5
272759 5
272760 5
272761 5
272762 5
272763 5
272764 5
272765 5
272766 5
272767 5
272768 5
272769 5
272770 5
272771 5
272772 5
272773 5
272774 5
272776 5
272777 5
272778 5
272779 5
272780 5
272781 5
272782 5
272783 5
272784 5
272785 5
272786 5
272787 5
272788 5
272789 5
272790 5
272791 5
272792 5
272793 5
272794 5
272795 5
272796 5
272797 5
272798 5
272799 5
272800 5
272801 5
272802 5
272803 5
272804 5
272805 5
272807 5
272808 5
272809 5
272810 5
272811 5
272812 5
272813 5
272814 5
272815 5
272816 5
272817 5
272818 5
272819 5
272820 5
272821 5
272822 5
272823 5
272824 5
272825 5
272826 5
272827 5
272828 5
272829 5
272830 5
272831 5
272832 5
272833 5
272834 5
272835 5
272836 5
272838 5
272839 5
272840 5
272841 5
272842 5
272843 5
272844 5
272845 5
272846 5
272847 5
272848 5
272849 5
272850 5
272851 5
272852 5
272853 5
272854 5
272855 5
272856 5
272857 5
272858 5
272859 5
272860 5
272861 5
272862 5
272863 5
272864 5
272865 5
272866 5
272867 5
272869 5
272870 5
272871 5
272872 5
272873 5
272874 5
272875 5
272876 5
272877 5
272878 5
272879 5
272880 5
272881 5
272882 5
272883 5
272884 5
272885 5
272886 5
272887 5
272888 5
272889 5
272890 5
272891 5
272892 5
272893 5
272894 5
272895 5
272896 5
272897 5
272898 5
272900 5
272901 5
272902 5
272903 5
272904 5
272905 5
272906 5
272907 5
272908 5
272909 5
272910 5
272911 5
272912 5
272913 5
272914 5
272915 5
272916 5
272917 5
272918 5
272919 5
272920 5
272921 5
272922 5
272923 5
272924 5
272925 5
272926 5
272927 5
272928 5
272929 5
272931 5
272932 5
272933 5
272934 5
272935 5
272936 5
272937 5
272938 5
272939 5
272940 5
272941 5
272942 5
272943 5
272944 5
272945 5
272946 5
272947 5
272948 5
272949 5
272950 5
272951 5
272952 5
272953 5
272954 5
272955 5
272956 5
272957 5
272958 5
272959 5
272960 5
272962 5
272963 5
272964 5
272965 5
272966 5
272967 5
272968 5
272969 5
272970 5
272971 5
272972 5
272973 5
272974 5
272975 5
272976 5
272977 5
272978 5
272979 5
272980 5
272981 5
272982 5
272983 5
272984 5
272985 5
272986 5
272987 5
272988 5
272989 5
272990 5
272991 5
272993 5
272994 5
272995 5
272996 5
272997 5
272998 5
272999 5
273000 5
273001 5
273002 5
273003 5
273004 5
273005 5
273006 5
273007 5
273008 5
273009 5
273010 5
273011 5
273012 5
273013 5
273014 5
273015 5
273016 5
273017 5
273018 5
273019 5
273020 5
273021 5
273022 5
273024 5
273025 5
273026 5
273027 5
273028 5
273029 5
273030 5
273031 5
273032 5
273033 5
273034 5
273035 5
273036 5
273037 5
273038 5
273039 5
273040 5
273041 5
273042 5
273043 5
273044 5
273045 5
273046 5
273047 5
273048 5
273049 5
273050 5
273051 5
273052 5
273053 5
273055 5
273056 5
273057 5
273058 5
273059 5
273060 5
273061 5
273062 5
273063 5
273064 5
273065 5
273066 5
273067 5
273068 5
273069 5
273070 5
273071 5
273072 5
273073 5
273074 5
273075 5
273076 5
273077 5
273078 5
273079 5
273080 5
273081 5
273082 5
273083 5
273084 5
293590 2
293591 2
293592 2
293593 2
293603 2
293604 2
293605 2
293606 2
294214 2
294215 2
294216 2
294217 2
294227 2
294228 2
294229 2
294230 2
294240 2
294241 2
294242 2
294243 2
294253 2
294254 2
294255 2
294256 2
294266 2
294267 2
294268 2
294269 2
294279 2
294280 2
294281 2
294282 2
294292 2
294293 2
294294 2
294295 2
294305 2
294306 2
294307 2
294308 2
294318 2
294319 2
294320 2
294321 2
294331 2
294332 2
294333 2
294334 2
294344 2
294345 2
294346 2
294347 2
294357 2
294358 2
294359 2
294360 2
294370 2
294371 2
294372 2
294373 2
294383 2
294384 2
294385 2
294386 2
294396 2
294397 2
294398 2
294399 2
294409 2
294410 2
294411 2
294412 2
294422 2
294423 2
294424 2
294425 2
294435 2
294436 2
294437 2
294438 2
294448 2
294449 2
294450 2
294451 2
294461 2
294462 2
294463 2
294464 2
294474 2
294475 2
294476 2
294477 2
294487 2
294488 2
294489 2
294490 2
294500 2
294501 2
294502 2
294503 2
294513 2
294514 2
294515 2
294516 2
294526 2
294527 2
294528 2
294529 2
294539 2
294540 2
294541 2
294542 2
302339 2
302366 2
302391 2
302416 2
302441 2
302466 2
302491 2
302516 2
302541 2
302566 2
302591 2
302616 2
302641 2
302666 2
302691 2
302716 2
302741 2
302766 2
302791 2
302816 2
302841 2
302866 2
302891 2
302916 2
302941 2
302966 2
302991 2
303016 2
303041 2
303066 2
303091 2
303115 2
303141 2
303166 2
303191 2
303216 2
303241 2
303266 2
303291 2
303316 2
303341 2
303366 2
303391 2
303416 2
303441 2
303466 2
303491 2
303516 2
303541 2
303566 2
303591 2
303616 2
303641 2
303666 2
303691 2
303716 2
303741 2
303766 2
303791 2
303816 2
303841 2
303866 2
303888 2
303916 2
303941 2
303966 2
303991 2
304016 2
304041 2
304066 2
304091 2
304116 2
304141 2
304166 2
304191 2
304216 2
304241 2
304266 2
304291 2
304316 2
304341 2
304366 2
304391 2
304416 2
304441 2
304466 2
304491 2
304516 2
304541 2
304566 2
304591 2
304616 2
304641 2
304661 2
304691 2
304716 2
304741 2
304766 2
304791 2
304816 2
304841 2
304866 2
304891 2
304916 2
304941 2
304966 2
304991 2
305016 2
305041 2
305066 2
305091 2
305116 2
305141 2
305166 2
305191 2
305216 2
305241 2
305266 2
305291 2
305316 2
305341 2
305366 2
305391 2
305416 2
305417 2
305434 2
305466 2
305491 2
305516 2
305541 2
305566 2
305591 2
305616 2
305641 2
305666 2
305691 2
305716 2
305741 2
305766 2
305791 2
305816 2
305841 2
305866 2
305891 2
305916 2
305941 2
305966 2
305991 2
306016 2
306041 2
306066 2
306091 2
306116 2
306141 2
306166 2
306191 2
306207 2
306241 2
306266 2
306291 2
306316 2
306341 2
306366 2
306391 2
306416 2
306441 2
306466 2
306491 2
306516 2
306541 2
306566 2
306591 2
306616 2
306641 2
306666 2
306691 2
306716 2
306741 2
306766 2
306791 2
306816 2
306841 2
306866 2
306891 2
306916 2
306941 2
306966 2
306980 2
307016 2
307041 2
307066 2
307091 2
307116 2
307141 2
307166 2
307191 2
307216 2
307241 2
307266 2
307291 2
307316 2
307341 2
307366 2
307391 2
307416 2
307441 2
307466 2
307491 2
307516 2
307541 2
307566 2
307591 2
307616 2
307641 2
307666 2
307691 2
307716 2
307741 2
307753 2
307791 2
307816 2
307841 2
307866 2
307891 2
307916 2
307941 2
307966 2
307991 2
308016 2
308041 2
308066 2
308091 2
308116 2
308141 2
308166 2
308191 2
308216 2
308241 2
308266 2
308291 2
308316 2
308341 2
308366 2
308391 2
308416 2
308441 2
308466 2
308491 2
308516 2
308526 2
308566 2
308591 2
308616 2
308641 2
308666 2
308691 2
308716 2
308741 2
308766 2
308791 2
308816 2
308841 2
308866 2
308891 2
308916 2
308941 2
308966 2
308991 2
309016 2
309041 2
309066 2
309091 2
309116 2
309141 2
309166 2
309191 2
309216 2
309241 2
309266 2
309291 2
309299 2
309341 2
309366 2
309391 2
309416 2
309441 2
309466 2
309491 2
309516 2
309541 2
309566 2
309591 2
309616 2
309641 2
309666 2
309691 2
309716 2
309741 2
309766 2
309791 2
309816 2
309841 2
309866 2
309891 2
309916 2
309941 2
309966 2
309991 2
310016 2
310041 2
310066 2
310072 2
310116 2
310141 2
310166 2
310191 2
310216 2
310241 2
310266 2
310291 2
310316 2
310341 2
310366 2
310391 2
310416 2
310441 2
310466 2
310491 2
310516 2
310541 2
310566 2
310591 2
310616 2
310641 2
310666 2
310691 2
310716 2
310741 2
310766 2
310791 2
310816 2
310841 2
310845 2
310891 2
310916 2
310941 2
310966 2
310991 2
311016 2
311041 2
311066 2
311091 2
311116 2
311141 2
311166 2
311191 2
311216 2
311241 2
311266 2
311291 2
311316 2
311341 2
311366 2
311391 2
311416 2
311441 2
311466 2
311491 2
311516 2
311541 2
311566 2
311591 2
311616 2
311618 2
311666 2
311691 2
311716 2
311741 2
311766 2
311791 2
311816 2
311841 2
311866 2
311891 2
311916 2
311941 2
311966 2
311991 2
312016 2
312041 2
312066 2
312091 2
312116 2
312141 2
312166 2
312191 2
312216 2
312241 2
312266 2
312291 2
312316 2
312341 2
312366 2
312391 2
312441 2
312466 2
312491 2
312516 2
312541 2
312566 2
312591 2
312616 2
312641 2
312666 2
312691 2
312716 2
312741 2
312766 2
312791 2
312816 2
312841 2
312866 2
312891 2
312916 2
312941 2
312966 2
312991 2
313016 2
313041 2
313066 2
313091 2
313116 2
313141 2
313166 2
313189 2
313216 2
313241 2
313266 2
313291 2
313316 2
313341 2
313366 2
313391 2
313416 2
313441 2
313466 2
313491 2
313516 2
313541 2
313566 2
313591 2
313616 2
313641 2
313666 2
313691 2
313716 2
313741 2
313766 2
313791 2
313816 2
313841 2
313866 2
313891 2
313916 2
313941 2
313962 2
313991 2
314016 2
314041 2
314066 2
314091 2
314116 2
314141 2
314166 2
314191 2
314216 2
314241 2
314266 2
314291 2
314316 2
314341 2
314366 2
314391 2
314416 2
314441 2
314466 2
314491 2
314516 2
314541 2
314566 2
314591 2
314616 2
314641 2
314666 2
314691 2
314716 2
314735 2
314766 2
314791 2
314816 2
314841 2
314866 2
314891 2
314916 2
314941 2
314966 2
314991 2
315016 2
315041 2
315066 2
315091 2
315116 2
315141 2
315166 2
315191 2
315216 2
315241 2
315266 2
315291 2
315316 2
315341 2
315366 2
315391 2
315416 2
315441 2
315466 2
315491 2
315508 2
315541 2
315566 2
315591 2
315616 2
315641 2
315666 2
315691 2
315716 2
315741 2
315766 2
315791 2
315816 2
315841 2
315866 2
315891 2
315916 2
315941 2
315966 2
315991 2
316016 2
316041 2
316066 2
316091 2
316116 2
316141 2
316166 2
316191 2
316216 2
316241 2
316266 2
316281 2
316316 2
316341 2
316366 2
316391 2
316416 2
316441 2
316466 2
316491 2
316516 2
316541 2
316566 2
316591 2
316616 2
316641 2
316666 2
316691 2
316716 2
316741 2
316766 2
316791 2
316816 2
316841 2
316866 2
316891 2
316916 2
316941 2
316966 2
316991 2
317016 2
317041 2
317054 2
317091 2
317116 2
317141 2
317166 2
317191 2
317216 2
317241 2
317266 2
317291 2
317316 2
317341 2
317366 2
317391 2
317416 2
317441 2
317466 2
317491 2
317516 2
317541 2
317566 2
317591 2
317616 2
317641 2
317666 2
317691 2
317716 2
317741 2
317766 2
317791 2
317816 2
317827 2
317866 2
317891 2
317916 2
317941 2
317966 2
317991 2
318016 2
318041 2
318066 2
318091 2
318116 2
318141 2
318166 2
318191 2
318216 2
318241 2
318266 2
318291 2
318316 2
318341 2
318366 2
318391 2
318416 2
318441 2
318466 2
318491 2
318516 2
318541 2
318566 2
318591 2
318600 2
318641 2
318666 2
318691 2
318716 2
318741 2
318766 2
318791 2
318816 2
318841 2
318866 2
318891 2
318916 2
318941 2
318966 2
318991 2
319016 2
319041 2
319066 2
319091 2
319116 2
319141 2
319166 2
319191 2
319216 2
319241 2
319266 2
319291 2
319316 2
319341 2
319366 2
319373 2
319416 2
319441 2
319466 2
319491 2
319516 2
319541 2
319566 2
319591 2
319616 2
319641 2
319666 2
319691 2
319716 2
319741 2
319766 2
319791 2
319816 2
319841 2
319866 2
319891 2
319916 2
319941 2
319966 2
319991 2
320016 2
320041 2
320066 2
320091 2
320116 2
320141 2
320146 2
320191 2
320216 2
320241 2
320266 2
320291 2
320316 2
320341 2
320366 2
320391 2
320416 2
320441 2
320466 2
320491 2
320516 2
320541 2
320566 2
320591 2
320616 2
320641 2
320666 2
320691 2
320716 2
320741 2
320766 2
320791 2
320816 2
320841 2
320866 2
320891 2
320916 2
320919 2
320941 2
320966 2
320991 2
321016 2
321041 2
321066 2
321091 2
321116 2
321141 2
321166 2
321191 2
321216 2
321241 2
321266 2
321291 2
321316 2
321341 2
321366 2
321391 2
321416 2
321441 2
321466 2
321491 2
321516 2
321541 2
321566 2
321591 2
321616 2
321641 2
321666 2
321691 2
321741 2
321766 2
321791 2
321816 2
321841 2
321866 2
321891 2
321916 2
321941 2
321966 2
321991 2
322016 2
322041 2
322066 2
322091 2
322116 2
322141 2
322166 2
322191 2
322216 2
322241 2
322266 2
322291 2
322316 2
322341 2
322366 2
322391 2
322416 2
322441 2
322466 2
322490 2
322516 2
322541 2
322566 2
322591 2
322616 2
322641 2
322666 2
322691 2
322716 2
322741 2
322766 2
322791 2
322816 2
322841 2
322866 2
322891 2
322916 2
322941 2
322966 2
322991 2
323016 2
323041 2
323066 2
323091 2
323116 2
323141 2
323166 2
323191 2
323216 2
323241 2
323265 2
323291 2
323316 2
323331 4
323332 4
323333 4
323334 4
323656 4
323657 4
323658 4
323659 4
324305 2
324308 6
324312 6
324316 6
324318 2
324321 6
324325 6
324329 6
324331 2
324334 6
324338 6
324342 6
324344 2
324347 6
324351 6
324355 6
324357 2
324360 6
324364 6
324368 6
324370 2
324373 6
324377 6
324381 6
324383 2
324386 6
324390 6
324394 6
324396 2
324399 6
324403 6
324407 6
324409 2
324412 6
324416 6
324420 6
324422 2
324425 6
324429 6
324433 6
324435 2
324438 6
324442 6
324446 6
324448 2
324451 6
324455 6
324459 6
324461 2
324464 6
324468 6
324472 6
324474 2
324477 6
324481 6
324485 6
324487 2
324490 6
324494 6
324498 6
324500 2
324503 6
324507 6
324511 6
324513 2
324516 6
324520 6
324524 6
324526 2
324529 6
324533 6
324537 6
324539 2
324542 6
324546 6
324550 6
324552 2
324555 6
324559 6
324563 6
324565 2
324568 6
324572 6
324576 6
324578 2
324581 6
324585 6
324589 6
324591 2
324594 6
324598 6
324602 6
324604 2
324607 6
324611 6
324615 6
324617 2
324620 6
324624 6
324628 6
324630 2
324633 6
324637 6
324641 6
6519 6
6522 6
6525 6
6744 6
6747 6
6750 6
6969 6
6972 6
6975 6
7194 6
7197 6
7200 6
7419 6
7422 6
7425 6
7644 6
7647 6
7650 6
7869 6
7872 6
7875 6
8094 6
8097 6
8100 6
8319 6
8322 6
8325 6
8544 6
8547 6
8550 6
8769 6
8772 6
8775 6
8994 6
8997 6
9000 6
9219 6
9222 6
9225 6
9444 6
9447 6
9450 6
9669 6
9672 6
9675 6
9894 6
9897 6
9900 6
10119 6
10122 6
10125 6
10344 6
10347 6
10350 6
10569 6
10572 6
10575 6
10794 6
10797 6
10800 6
11019 6
11022 6
11025 6
11244 6
11247 6
11250 6
11469 6
11472 6
11475 6
11694 6
11697 6
11700 6
11919 6
11922 6
11925 6
12144 6
12147 6
12150 6
12369 6
12372 6
12375 6
12594 6
12597 6
12600 6
12819 6
12822 6
12825 6
13044 6
13047 6
13050 6
13269 6
13272 6
13275 6
13494 6
13497 6
13500 6
13719 6
13722 6
13725 6
13944 6
13947 6
13950 6
14169 6
14172 6
14175 6
14394 6
14397 6
14400 6
14619 6
14622 6
14625 6
14844 6
14847 6
14850 6
15069 6
15072 6
15075 6
15294 6
15297 6
15300 6
15519 6
15522 6
15525 6
15744 6
15747 6
15750 6
15969 6
15972 6
15975 6
16194 6
16197 6
16200 6
16419 6
16422 6
16425 6
16644 6
16647 6
16650 6
16869 6
16872 6
16875 6
17094 6
17097 6
17100 6
17319 6
17322 6
17325 6
17544 6
17547 6
17550 6
17769 6
17772 6
17775 6
17994 6
17997 6
18000 6
18219 6
18222 6
18225 6
18444 6
18447 6
18450 6
18669 6
18672 6
18675 6
18894 6
18897 6
18900 6
19119 6
19122 6
19125 6
19344 6
19347 6
19350 6
19569 6
19572 6
19575 6
19794 6
19797 6
19800 6
20019 6
20022 6
20025 6
20244 6
20247 6
20250 6
20469 6
20472 6
20475 6
20694 6
20697 6
20700 6
20919 6
20922 6
20925 6
21144 6
21147 6
21150 6
21369 6
21372 6
21375 6
21594 6
21597 6
21600 6
21819 6
21822 6
21825 6
22044 6
22047 6
22050 6
22269 6
22272 6
22275 6
22494 6
22497 6
22500 6
22719 6
22722 6
22725 6
22944 6
22947 6
22950 6
23169 6
23172 6
23175 6
23394 6
23397 6
23400 6
23619 6
23622 6
23625 6
23844 6
23847 6
23850 6
24069 6
24072 6
24075 6
24294 6
24297 6
24300 6
24519 6
24522 6
24525 6
24744 6
24747 6
24750 6
24969 6
24972 6
24975 6
25194 6
25197 6
25200 6
25419 6
25422 6
25425 6
25644 6
25647 6
25650 6
25869 6
25872 6
25875 6
26094 6
26097 6
26100 6
26319 6
26322 6
26325 6
26544 6
26547 6
26550 6
26769 6
26772 6
26775 6
26994 6
26997 6
27000 6
27219 6
27222 6
27225 6
27444 6
27447 6
27450 6
27669 6
27672 6
27675 6
27894 6
27897 6
27900 6
28119 6
28122 6
28125 6
28344 6
28347 6
28350 6
28569 6
28572 6
28575 6
28794 6
28797 6
28800 6
29019 6
29022 6
29025 6
29244 6
29247 6
29250 6
29469 6
29472 6
29475 6
29694 6
29697 6
29700 6
29919 6
29922 6
29925 6
30144 6
30147 6
30150 6
30369 6
30372 6
30375 6
30594 6
30597 6
30600 6
30819 6
30822 6
30825 6
31044 6
31047 6
31050 6
31269 6
31272 6
31275 6
31494 6
31497 6
31500 6
31719 6
31722 6
31725 6
31944 6
31947 6
31950 6
32169 6
32172 6
32175 6
32394 6
32397 6
32400 6
32619 6
32622 6
32625 6
32844 6
32847 6
32850 6
33069 6
33072 6
33075 6
33294 6
33297 6
33300 6
33519 6
33522 6
33525 6
33744 6
33747 6
33750 6
33969 6
33972 6
33975 6
34194 6
34197 6
34200 6
34419 6
34422 6
34425 6
34644 6
34647 6
34650 6
34869 6
34872 6
34875 6
35094 6
35097 6
35100 6
35319 6
35322 6
35325 6
35544 6
35547 6
35550 6
35769 6
35772 6
35775 6
35994 6
35997 6
36000 6
36219 6
36222 6
36225 6
36444 6
36447 6
36450 6
36669 6
36672 6
36675 6
36894 6
36897 6
36900 6
37119 6
37122 6
37125 6
37344 6
37347 6
37350 6
37569 6
37572 6
37575 6
37794 6
37797 6
37800 6
38019 6
38022 6
38025 6
38244 6
38247 6
38250 6
38469 6
38472 6
38475 6
38694 6
38697 6
38700 6
38919 6
38922 6
38925 6
39144 6
39147 6
39150 6
39369 6
39372 6
39375 6
39594 6
39597 6
39600 6
39819 6
39822 6
39825 6
40044 6
40047 6
40050 6
40269 6
40272 6
40275 6
40494 6
40497 6
40500 6
40719 6
40722 6
40725 6
40944 6
40947 6
40950 6
41169 6
41172 6
41175 6
41394 6
41397 6
41400 6
41619 6
41622 6
41625 6
41844 6
41847 6
41850 6
42069 6
42072 6
42075 6
42294 6
42297 6
42300 6
42519 6
42522 6
42525 6
42744 6
42747 6
42750 6
42969 6
42972 6
42975 6
43194 6
43197 6
43200 6
43419 6
43422 6
43425 6
43644 6
43647 6
43650 6
43869 6
43872 6
43875 6
44094 6
44097 6
44100 6
44319 6
44322 6
44325 6
44544 6
44547 6
44550 6
44769 6
44772 6
44775 6
44994 6
44997 6
45000 6
45219 6
45222 6
45225 6
45444 6
45447 6
45450 6
45669 6
45672 6
45675 6
45894 6
45897 6
45900 6
46119 6
46122 6
46125 6
46344 6
46347 6
46350 6
46569 6
46572 6
46575 6
46794 6
46797 6
46800 6
47019 6
47022 6
47025 6
47244 6
47247 6
47250 6
47469 6
47472 6
47475 6
47694 6
47697 6
47700 6
47919 6
47922 6
47925 6
48144 6
48147 6
48150 6
48369 6
48372 6
48375 6
48594 6
48597 6
48600 6
48819 6
48822 6
48825 6
49044 6
49047 6
49050 6
49269 6
49272 6
49275 6
49494 6
49497 6
49500 6
49719 6
49722 6
49725 6
49944 6
49947 6
49950 6
50169 6
50172 6
50175 6
50394 6
50397 6
50400 6
3 6
6 6
9 6
12 6
15 6
18 6
21 6
24 6
27 6
30 6
33 6
36 6
39 6
42 6
45 6
48 6
51 6
54 6
57 6
60 6
63 6
66 6
69 6
72 6
75 6
78 6
81 6
84 6
87 6
90 6
93 6
96 6
99 6
102 6
105 6
108 6
111 6
114 6
117 6
120 6
123 6
126 6
129 6
132 6
135 6
138 6
141 6
144 6
147 6
150 6
153 6
156 6
159 6
162 6
165 6
168 6
171 6
174 6
177 6
180 6
183 6
186 6
189 6
192 6
195 6
198 6
201 6
204 6
207 6
210 6
213 6
216 6
219 6
222 6
225 6
228 6
231 6
234 6
237 6
240 6
243 6
246 6
249 6
252 6
56451 6
56454 6
56457 6
56460 6
56463 6
56466 6
56469 6
56472 6
56475 6
56478 6
56481 6
56484 6
56487 6
56490 6
56493 6
56496 6
56499 6
56502 6
56505 6
56508 6
56511 6
56514 6
56517 6
56520 6
56523 6
56526 6
56529 6
56532 6
56535 6
56538 6
56541 6
56544 6
56547 6
56550 6
56553 6
56556 6
56559 6
56562 6
56565 6
56568 6
56571 6
56574 6
56577 6
56580 6
56583 6
56586 6
56589 6
56592 6
56595 6
56598 6
56601 6
56604 6
56607 6
56610 6
56613 6
56616 6
56619 6
56622 6
56625 6
56628 6
56631 6
56634 6
56637 6
56640 6
56643 6
56646 6
56649 6
56652 6
56655 6
56658 6
56661 6
56664 6
56667 6
56670 6
56673 6
56676 6
56679 6
56682 6
56685 6
56688 6
56691 6
56694 6
56697 6
56700 6
62751 6
62754 6
62757 6
62760 6
62763 6
62766 6
62769 6
62772 6
62775 6
62778 6
62781 6
62784 6
62787 6
62790 6
62793 6
62796 6
62799 6
62802 6
62805 6
62808 6
62811 6
62814 6
62817 6
62820 6
62823 6
62826 6
62829 6
62832 6
62835 6
62838 6
62841 6
62844 6
62847 6
62850 6
62853 6
62856 6
62859 6
62862 6
62865 6
62868 6
62871 6
62874 6
62877 6
62880 6
62883 6
62886 6
62889 6
62892 6
62895 6
62898 6
62901 6
62904 6
62907 6
62910 6
62913 6
62916 6
62919 6
62922 6
62925 6
62928 6
62931 6
62934 6
62937 6
62940 6
62943 6
62946 6
62949 6
62952 6
62955 6
62958 6
62961 6
62964 6
62967 6
62970 6
62973 6
62976 6
62979 6
62982 6
62985 6
62988 6
62991 6
62994 6
62997 6
63000 6
69051 6
69054 6
69057 6
69060 6
69063 6
69066 6
69069 6
69072 6
69075 6
69078 6
69081 6
69084 6
69087 6
69090 6
69093 6
69096 6
69099 6
69102 6
69105 6
69108 6
69111 6
69114 6
69117 6
69120 6
69123 6
69126 6
69129 6
69132 6
69135 6
69138 6
69141 6
69144 6
69147 6
69150 6
69153 6
69156 6
69159 6
69162 6
69165 6
69168 6
69171 6
69174 6
69177 6
69180 6
69183 6
69186 6
69189 6
69192 6
69195 6
69198 6
69201 6
69204 6
69207 6
69210 6
69213 6
69216 6
69219 6
69222 6
69225 6
69228 6
69231 6
69234 6
69237 6
69240 6
69243 6
69246 6
69249 6
69252 6
69255 6
69258 6
69261 6
69264 6
69267 6
69270 6
69273 6
69276 6
69279 6
69282 6
69285 6
69288 6
69291 6
69294 6
69297 6
69300 6
75351 6
75354 6
75357 6
75360 6
75363 6
75366 6
75369 6
75372 6
75375 6
75378 6
75381 6
75384 6
75387 6
75390 6
75393 6
75396 6
75399 6
75402 6
75405 6
75408 6
75411 6
75414 6
75417 6
75420 6
75423 6
75426 6
75429 6
75432 6
75435 6
75438 6
75441 6
75444 6
75447 6
75450 6
75453 6
75456 6
75459 6
75462 6
75465 6
75468 6
75471 6
75474 6
75477 6
75480 6
75483 6
75486 6
75489 6
75492 6
75495 6
75498 6
75501 6
75504 6
75507 6
75510 6
75513 6
75516 6
75519 6
75522 6
75525 6
75528 6
75531 6
75534 6
75537 6
75540 6
75543 6
75546 6
75549 6
75552 6
75555 6
75558 6
75561 6
75564 6
75567 6
75570 6
75573 6
75576 6
75579 6
75582 6
75585 6
75588 6
75591 6
75594 6
75597 6
75600 6
81651 6
81654 6
81657 6
81660 6
81663 6
81666 6
81669 6
81672 6
81675 6
81678 6
81681 6
81684 6
81687 6
81690 6
81693 6
81696 6
81699 6
81702 6
81705 6
81708 6
81711 6
81714 6
81717 6
81720 6
81723 6
81726 6
81729 6
81732 6
81735 6
81738 6
81741 6
81744 6
81747 6
81750 6
81753 6
81756 6
81759 6
81762 6
81765 6
81768 6
81771 6
81774 6
81777 6
81780 6
81783 6
81786 6
81789 6
81792 6
81795 6
81798 6
81801 6
81804 6
81807 6
81810 6
81813 6
81816 6
81819 6
81822 6
81825 6
81828 6
81831 6
81834 6
81837 6
81840 6
81843 6
81846 6
81849 6
81852 6
81855 6
81858 6
81861 6
81864 6
81867 6
81870 6
81873 6
81876 6
81879 6
81882 6
81885 6
81888 6
81891 6
81894 6
81897 6
81900 6
87951 6
87954 6
87957 6
87960 6
87963 6
87966 6
87969 6
87972 6
87975 6
87978 6
87981 6
87984 6
87987 6
87990 6
87993 6
87996 6
87999 6
88002 6
88005 6
88008 6
88011 6
88014 6
88017 6
88020 6
88023 6
88026 6
88029 6
88032 6
88035 6
88038 6
88041 6
88044 6
88047 6
88050 6
88053 6
88056 6
88059 6
88062 6
88065 6
88068 6
88071 6
88074 6
88077 6
88080 6
88083 6
88086 6
88089 6
88092 6
88095 6
88098 6
88101 6
88104 6
88107 6
88110 6
88113 6
88116 6
88119 6
88122 6
88125 6
88128 6
88131 6
88134 6
88137 6
88140 6
88143 6
88146 6
88149 6
88152 6
88155 6
88158 6
88161 6
88164 6
88167 6
88170 6
88173 6
88176 6
88179 6
88182 6
88185 6
88188 6
88191 6
88194 6
88197 6
88200 6
118301 5
118302 5
118303 5
118304 5
118305 5
118306 5
118307 5
118308 5
118309 5
118310 5
118311 5
118312 5
118313 5
118314 5
118315 5
118316 5
118317 5
118318 5
118319 5
118320 5
118321 5
118322 5
118323 5
118324 5
118325 5
118326 5
118327 5
118328 5
118329 5
118330 5
118331 5
118332 5
118333 5
118334 5
118335 5
118336 5
118337 5
118338 5
118339 5
118340 5
118341 5
118342 5
118343 5
118344 5
118345 5
118346 5
118347 5
118348 5
118349 5
118350 5
118351 5
118352 5
118353 5
118354 5
118355 5
118356 5
118357 5
118358 5
118359 5
118360 5
118361 5
118362 5
118363 5
118364 5
118365 5
118366 5
118367 5
118368 5
118369 5
118370 5
118371 5
118372 5
118373 5
118374 5
118375 5
118376 5
118377 5
118378 5
118379 5
118380 5
118381 5
118382 5
118383 5
118384 5
118385 5
118386 5
118387 5
118388 5
118389 5
118390 5
118391 5
118392 5
118393 5
118394 5
118395 5
118396 5
118397 5
118398 5
118399 5
118400 5
118401 5
118402 5
118403 5
118404 5
118405 5
118406 5
118407 5
118408 5
118409 5
118410 5
118411 5
118412 5
118413 5
118414 5
118415 5
118416 5
118417 5
118418 5
118419 5
118420 5
118421 5
118422 5
118423 5
118424 5
118425 5
118426 5
118427 5
118428 5
118429 5
118430 5
118431 5
118432 5
118433 5
118434 5
118435 5
118436 5
118437 5
118438 5
118439 5
118440 5
118441 5
118442 5
118443 5
118444 5
118445 5
118446 5
118447 5
118448 5
118449 5
118450 5
118451 5
118452 5
118453 5
118454 5
118455 5
118456 5
118457 5
118458 5
118459 5
118460 5
118461 5
118462 5
118463 5
118464 5
118465 5
118466 5
118467 5
118468 5
118469 5
118470 5
118471 5
118472 5
118473 5
118474 5
118475 5
118476 5
118477 5
118478 5
118479 5
118480 5
118481 5
118482 5
118483 5
118484 5
118485 5
118486 5
118487 5
118488 5
118489 5
118490 5
118491 5
118492 5
118493 5
118494 5
118495 5
118496 5
118497 5
118498 5
118499 5
118500 5
118501 5
118502 5
118503 5
118504 5
118505 5
118506 5
118507 5
118508 5
118509 5
118510 5
118511 5
118512 5
118513 5
118514 5
118515 5
118516 5
118517 5
118518 5
118519 5
118520 5
118521 5
118522 5
118523 5
118524 5
118525 5
118526 5
118527 5
118528 5
118529 5
118530 5
118531 5
118532 5
118533 5
118534 5
118535 5
118536 5
118537 5
118538 5
118539 5
118540 5
118541 5
118542 5
118543 5
118544 5
118545 5
118546 5
118547 5
118548 5
118549 5
118550 5
118551 5
118552 5
118553 5
118554 5
118555 5
118556 5
118557 5
118558 5
118559 5
118560 5
118561 5
118562 5
118563 5
118564 5
118565 5
118566 5
118567 5
118568 5
118569 5
118570 5
118571 5
118572 5
118573 5
118574 5
118575 5
118576 5
118577 5
118578 5
118579 5
118580 5
118581 5
118582 5
118583 5
118584 5
118585 5
118586 5
118587 5
118588 5
118589 5
118590 5
118591 5
118592 5
118593 5
118594 5
118595 5
118596 5
118597 5
118598 5
118599 5
118600 5
118601 5
118602 5
118603 5
118604 5
118605 5
118606 5
118607 5
118608 5
118609 5
118610 5
118611 5
118612 5
118613 5
118614 5
118615 5
118616 5
118617 5
118618 5
118619 5
118620 5
118621 5
118622 5
118623 5
118624 5
118625 5
118626 5
118627 5
118628 5
118629 5
118630 5
118631 5
118632 5
118633 5
118634 5
118635 5
118636 5
118637 5
118638 5
118639 5
118640 5
118641 5
118642 5
118643 5
118644 5
118645 5
118646 5
118647 5
118648 5
118649 5
118650 5
118651 5
118652 5
118653 5
118654 5
118655 5
118656 5
118657 5
118658 5
118659 5
118660 5
118661 5
118662 5
118663 5
118664 5
118665 5
118666 5
118667 5
118668 5
118669 5
118670 5
118671 5
118672 5
118673 5
118674 5
118675 5
118676 5
118677 5
118678 5
118679 5
118680 5
118681 5
118682 5
118683 5
118684 5
118685 5
118686 5
118687 5
118688 5
118689 5
118690 5
118691 5
118692 5
118693 5
118694 5
118695 5
118696 5
118697 5
118698 5
118699 5
118700 5
118701 5
118702 5
118703 5
118704 5
118705 5
118706 5
118707 5
118708 5
118709 5
118710 5
118711 5
118712 5
118713 5
118714 5
118715 5
118716 5
118717 5
118718 5
118719 5
118720 5
118721 5
118722 5
118723 5
118724 5
118725 5
118726 5
118727 5
118728 5
118729 5
118730 5
118731 5
118732 5
118733 5
118734 5
118735 5
118736 5
118737 5
118738 5
118739 5
118740 5
118741 5
118742 5
118743 5
118744 5
118745 5
118746 5
118747 5
118748 5
118749 5
118750 5
118751 5
118752 5
118753 5
118754 5
118755 5
118756 5
118757 5
118758 5
118759 5
118760 5
118761 5
118762 5
118763 5
118764 5
118765 5
118766 5
118767 5
118768 5
118769 5
118770 5
118771 5
118772 5
118773 5
118774 5
118775 5
118776 5
118777 5
118778 5
118779 5
118780 5
118781 5
118782 5
118783 5
118784 5
118785 5
118786 5
118787 5
118788 5
118789 5
118790 5
118791 5
118792 5
118793 5
118794 5
118795 5
118796 5
118797 5
118798 5
118799 5
118800 5
118801 5
118802 5
118803 5
118804 5
118805 5
118806 5
118807 5
118808 5
118809 5
118810 5
118811 5
118812 5
118813 5
118814 5
118815 5
118816 5
118817 5
118818 5
118819 5
118820 5
118821 5
118822 5
118823 5
118824 5
118825 5
118826 5
118827 5
118828 5
118829 5
118830 5
118831 5
118832 5
118833 5
118834 5
118835 5
118836 5
118837 5
118838 5
118839 5
118840 5
118841 5
118842 5
118843 5
118844 5
118845 5
118846 5
118847 5
118848 5
118849 5
118850 5
118851 5
118852 5
118853 5
118854 5
118855 5
118856 5
118857 5
118858 5
118859 5
118860 5
118861 5
118862 5
118863 5
118864 5
118865 5
118866 5
118867 5
118868 5
118869 5
118870 5
118871 5
118872 5
118873 5
118874 5
118875 5
118876 5
118877 5
118878 5
118879 5
118880 5
118881 5
118882 5
118883 5
118884 5
118885 5
118886 5
118887 5
118888 5
118889 5
118890 5
118891 5
118892 5
118893 5
118894 5
118895 5
118896 5
118897 5
118898 5
118899 5
118900 5
118901 5
118902 5
118903 5
118904 5
118905 5
118906 5
118907 5
118908 5
118909 5
118910 5
118911 5
118912 5
118913 5
118914 5
118915 5
118916 5
118917 5
118918 5
118919 5
118920 5
118921 5
118922 5
118923 5
118924 5
118925 5
118926 5
118927 5
118928 5
118929 5
118930 5
118931 5
118932 5
118933 5
118934 5
118935 5
118936 5
118937 5
118938 5
118939 5
118940 5
118941 5
118942 5
118943 5
118944 5
118945 5
118946 5
118947 5
118948 5
118949 5
118950 5
118951 5
118952 5
118953 5
118954 5
118955 5
118956 5
118957 5
118958 5
118959 5
118960 5
118961 5
118962 5
118963 5
118964 5
118965 5
118966 5
118967 5
118968 5
118969 5
118970 5
118971 5
118972 5
118973 5
118974 5
118975 5
118976 5
118977 5
118978 5
118979 5
118980 5
118981 5
118982 5
118983 5
118984 5
118985 5
118986 5
118987 5
118988 5
118989 5
118990 5
118991 5
118992 5
118993 5
118994 5
118995 5
118996 5
118997 5
118998 5
118999 5
119000 5
119001 5
119002 5
119003 5
119004 5
119005 5
119006 5
119007 5
119008 5
119009 5
119010 5
119011 5
119012 5
119013 5
119014 5
119015 5
119016 5
119017 5
119018 5
119019 5
119020 5
119021 5
119022 5
119023 5
119024 5
119025 5
119026 5
119027 5
119028 5
119029 5
119030 5
119031 5
119032 5
119033 5
119034 5
119035 5
119036 5
119037 5
119038 5
119039 5
119040 5
119041 5
119042 5
119043 5
119044 5
119045 5
119046 5
119047 5
119048 5
119049 5
119050 5
119051 5
119052 5
119053 5
119054 5
119055 5
119056 5
119057 5
119058 5
119059 5
119060 5
119061 5
119062 5
119063 5
119064 5
119065 5
119066 5
119067 5
119068 5
119069 5
119070 5
119071 5
119072 5
119073 5
119074 5
119075 5
119076 5
119077 5
119078 5
119079 5
119080 5
119081 5
119082 5
119083 5
119084 5
119085 5
119086 5
119087 5
119088 5
119089 5
119090 5
119091 5
119092 5
119093 5
119094 5
119095 5
119096 5
119097 5
119098 5
119099 5
119100 5
119101 5
119102 5
119103 5
119104 5
119105 5
119106 5
119107 5
119108 5
119109 5
119110 5
119111 5
119112 5
119113 5
119114 5
119115 5
119116 5
119117 5
119118 5
119119 5
119120 5
119121 5
119122 5
119123 5
119124 5
119125 5
119126 5
119127 5
119128 5
119129 5
119130 5
119131 5
119132 5
119133 5
119134 5
119135 5
119136 5
119137 5
119138 5
119139 5
119140 5
139314 4
139315 5
139319 5
139323 5
139977 4
139978 5
139982 5
139986 5
140289 4
140290 5
140294 5
140298 5
140302 4
140303 5
140307 5
140311 5
140315 4
140316 5
140320 5
140324 5
140328 4
140329 5
140333 5
140337 5
140341 4
140342 5
140346 5
140350 5
140354 4
140355 5
140359 5
140363 5
140367 4
140368 5
140372 5
140376 5
140380 4
140381 5
140385 5
140389 5
140393 4
140394 5
140398 5
140402 5
140406 4
140407 5
140411 5
140415 5
140419 4
140420 5
140424 5
140428 5
140432 4
140433 5
140437 5
140441 5
140445 4
140446 5
140450 5
140454 5
140458 4
140459 5
140463 5
140467 5
140471 4
140472 5
140476 5
140480 5
140484 4
140485 5
140489 5
140493 5
140497 4
140498 5
140502 5
140506 5
140510 4
140511 5
140515 5
140519 5
140523 4
140524 5
140528 5
140532 5
140536 4
140537 5
140541 5
140545 5
140549 4
140550 5
140554 5
140558 5
140562 4
140563 5
140567 5
140571 5
140575 4
140576 5
140580 5
140584 5
140588 4
140589 5
140593 5
140597 5
140601 4
140602 5
140606 5
140610 5
140614 4
140615 5
140619 5
140623 5
88201 5
88202 5
88203 5
88204 5
88205 5
88206 5
88207 5
88208 5
88209 5
88210 5
88211 5
88212 5
88213 5
88214 5
88215 5
88216 5
88217 5
88218 5
88219 5
88220 5
88221 5
88222 5
88223 5
88224 5
88225 5
88226 5
88227 5
88228 5
88229 5
88230 5
88231 5
88232 5
88233 5
88234 5
88235 5
88236 5
88237 5
88238 5
88239 5
88240 5
88241 5
88242 5
88243 5
88244 5
88245 5
88246 5
88247 5
88248 5
88249 5
88250 5
88251 5
88252 5
88253 5
88254 5
88255 5
88256 5
88257 5
88258 5
88259 5
88260 5
88261 5
88262 5
88263 5
88264 5
88265 5
88266 5
88267 5
88268 5
88269 5
88270 5
88271 5
88272 5
88273 5
88274 5
88275 5
88276 5
88277 5
88278 5
88279 5
88280 5
88281 5
88282 5
88283 5
88284 5
88285 5
88286 5
88287 5
88288 5
88289 5
88290 5
88291 5
88292 5
88293 5
88294 5
88295 5
88296 5
88297 5
88298 5
88299 5
88300 5
88301 5
88302 5
88303 5
88304 5
88305 5
88306 5
88307 5
88308 5
88309 5
88310 5
88311 5
88312 5
88313 5
88314 5
88315 5
88316 5
88317 5
88318 5
88319 5
88320 5
88321 5
88322 5
88323 5
88324 5
88325 5
88326 5
88327 5
88328 5
88329 5
88330 5
88331 5
88332 5
88333 5
88334 5
88335 5
88336 5
88337 5
88338 5
88339 5
88340 5
88341 5
88342 5
88343 5
88344 5
88345 5
88346 5
88347 5
88348 5
88349 5
88350 5
88351 5
88352 5
88353 5
88354 5
88355 5
88356 5
88357 5
88358 5
88359 5
88360 5
88361 5
88362 5
88363 5
88364 5
88365 5
88366 5
88367 5
88368 5
88369 5
88370 5
88371 5
88372 5
88373 5
88374 5
88375 5
88376 5
88377 5
88378 5
88379 5
88380 5
88381 5
88382 5
88383 5
88384 5
88385 5
88386 5
88387 5
88388 5
88389 5
88390 5
88391 5
88392 5
88393 5
88394 5
88395 5
88396 5
88397 5
88398 5
88399 5
88400 5
88401 5
88402 5
88403 5
88404 5
88405 5
88406 5
88407 5
88408 5
88409 5
88410 5
88411 5
88412 5
88413 5
88414 5
88415 5
88416 5
88417 5
88418 5
88419 5
88420 5
88421 5
88422 5
88423 5
88424 5
88425 5
88426 5
88427 5
88428 5
88429 5
88430 5
88431 5
88432 5
88433 5
88434 5
88435 5
88436 5
88437 5
88438 5
88439 5
88440 5
88441 5
88442 5
88443 5
88444 5
88445 5
88446 5
88447 5
88448 5
88449 5
88450 5
88451 5
88452 5
88453 5
88454 5
88455 5
88456 5
88457 5
88458 5
88459 5
88460 5
88461 5
88462 5
88463 5
88464 5
88465 5
88466 5
88467 5
88468 5
88469 5
88470 5
88471 5
88472 5
88473 5
88474 5
88475 5
88476 5
88477 5
88478 5
88479 5
88480 5
88481 5
88482 5
88483 5
88484 5
88485 5
88486 5
88487 5
88488 5
88489 5
88490 5
88491 5
88492 5
88493 5
88494 5
88495 5
88496 5
88497 5
88498 5
88499 5
88500 5
88501 5
88502 5
88503 5
88504 5
88505 5
88506 5
88507 5
88508 5
88509 5
88510 5
88511 5
88512 5
88513 5
88514 5
88515 5
88516 5
88517 5
88518 5
88519 5
88520 5
88521 5
88522 5
88523 5
88524 5
88525 5
88526 5
88527 5
88528 5
88529 5
88530 5
88531 5
88532 5
88533 5
88534 5
88535 5
88536 5
88537 5
88538 5
88539 5
88540 5
88541 5
88542 5
88543 5
88544 5
88545 5
88546 5
88547 5
88548 5
88549 5
88550 5
88551 5
88552 5
88553 5
88554 5
88555 5
88556 5
88557 5
88558 5
88559 5
88560 5
88561 5
88562 5
88563 5
88564 5
88565 5
88566 5
88567 5
88568 5
88569 5
88570 5
88571 5
88572 5
88573 5
88574 5
88575 5
88576 5
88577 5
88578 5
88579 5
88580 5
88581 5
88582 5
88583 5
88584 5
88585 5
88586 5
88587 5
88588 5
88589 5
88590 5
88591 5
88592 5
88593 5
88594 5
88595 5
88596 5
88597 5
88598 5
88599 5
88600 5
88601 5
88602 5
88603 5
88604 5
88605 5
88606 5
88607 5
88608 5
88609 5
88610 5
88611 5
88612 5
88613 5
88614 5
88615 5
88616 5
88617 5
88618 5
88619 5
88620 5
88621 5
88622 5
88623 5
88624 5
88625 5
88626 5
88627 5
88628 5
88629 5
88630 5
88631 5
88632 5
88633 5
88634 5
88635 5
88636 5
88637 5
88638 5
88639 5
88640 5
88641 5
88642 5
88643 5
88644 5
88645 5
88646 5
88647 5
88648 5
88649 5
88650 5
88651 5
88652 5
88653 5
88654 5
88655 5
88656 5
88657 5
88658 5
88659 5
88660 5
88661 5
88662 5
88663 5
88664 5
88665 5
88666 5
88667 5
88668 5
88669 5
88670 5
88671 5
88672 5
88673 5
88674 5
88675 5
88676 5
88677 5
88678 5
88679 5
88680 5
88681 5
88682 5
88683 5
88684 5
88685 5
88686 5
88687 5
88688 5
88689 5
88690 5
88691 5
88692 5
88693 5
88694 5
88695 5
88696 5
88697 5
88698 5
88699 5
88700 5
88701 5
88702 5
88703 5
88704 5
88705 5
88706 5
88707 5
88708 5
88709 5
88710 5
88711 5
88712 5
88713 5
88714 5
88715 5
88716 5
88717 5
88718 5
88719 5
88720 5
88721 5
88722 5
88723 5
88724 5
88725 5
88726 5
88727 5
88728 5
88729 5
88730 5
88731 5
88732 5
88733 5
88734 5
88735 5
88736 5
88737 5
88738 5
88739 5
88740 5
88741 5
88742 5
88743 5
88744 5
88745 5
88746 5
88747 5
88748 5
88749 5
88750 5
88751 5
88752 5
88753 5
88754 5
88755 5
88756 5
88757 5
88758 5
88759 5
88760 5
88761 5
88762 5
88763 5
88764 5
88765 5
88766 5
88767 5
88768 5
88769 5
88770 5
88771 5
88772 5
88773 5
88774 5
88775 5
88776 5
88777 5
88778 5
88779 5
88780 5
88781 5
88782 5
88783 5
88784 5
88785 5
88786 5
88787 5
88788 5
88789 5
88790 5
88791 5
88792 5
88793 5
88794 5
88795 5
88796 5
88797 5
88798 5
88799 5
88800 5
88801 5
88802 5
88803 5
88804 5
88805 5
88806 5
88807 5
88808 5
88809 5
88810 5
88811 5
88812 5
88813 5
88814 5
88815 5
88816 5
88817 5
88818 5
88819 5
88820 5
88821 5
88822 5
88823 5
88824 5
88825 5
88826 5
88827 5
88828 5
88829 5
88830 5
88831 5
88832 5
88833 5
88834 5
88835 5
88836 5
88837 5
88838 5
88839 5
88840 5
88841 5
88842 5
88843 5
88844 5
88845 5
88846 5
88847 5
88848 5
88849 5
88850 5
88851 5
88852 5
88853 5
88854 5
88855 5
88856 5
88857 5
88858 5
88859 5
88860 5
88861 5
88862 5
88863 5
88864 5
88865 5
88866 5
88867 5
88868 5
88869 5
88870 5
88871 5
88872 5
88873 5
88874 5
88875 5
88876 5
88877 5
88878 5
88879 5
88880 5
88881 5
88882 5
88883 5
88884 5
88885 5
88886 5
88887 5
88888 5
88889 5
88890 5
88891 5
88892 5
88893 5
88894 5
88895 5
88896 5
88897 5
88898 5
88899 5
88900 5
88901 5
88902 5
88903 5
88904 5
88905 5
88906 5
88907 5
88908 5
88909 5
88910 5
88911 5
88912 5
88913 5
88914 5
88915 5
88916 5
88917 5
88918 5
88919 5
88920 5
88921 5
88922 5
88923 5
88924 5
88925 5
88926 5
88927 5
88928 5
88929 5
88930 5
88931 5
88932 5
88933 5
88934 5
88935 5
88936 5
88937 5
88938 5
88939 5
88940 5
88941 5
88942 5
88943 5
88944 5
88945 5
88946 5
88947 5
88948 5
88949 5
88950 5
88951 5
88952 5
88953 5
88954 5
88955 5
88956 5
88957 5
88958 5
88959 5
88960 5
88961 5
88962 5
88963 5
88964 5
88965 5
88966 5
88967 5
88968 5
88969 5
88970 5
88971 5
88972 5
88973 5
88974 5
88975 5
88976 5
88977 5
88978 5
88979 5
88980 5
88981 5
88982 5
88983 5
88984 5
88985 5
88986 5
88987 5
88988 5
88989 5
88990 5
88991 5
88992 5
88993 5
88994 5
88995 5
88996 5
88997 5
88998 5
88999 5
89000 5
89001 5
89002 5
89003 5
89004 5
89005 5
89006 5
89007 5
89008 5
89009 5
89010 5
89011 5
89012 5
89013 5
89014 5
89015 5
89016 5
89017 5
89018 5
89019 5
89020 5
89021 5
89022 5
89023 5
89024 5
89025 5
89026 5
89027 5
89028 5
89029 5
89030 5
89031 5
89032 5
89033 5
89034 5
89035 5
89036 5
89037 5
89038 5
89039 5
89040 5
109227 4
109228 5
109232 5
109236 5
109240 4
109241 5
109245 5
109249 5
110189 4
110190 5
110194 5
110198 5
110202 4
110203 5
110207 5
110211 5
110215 4
110216 5
110220 5
110224 5
110228 4
110229 5
110233 5
110237 5
110241 4
110242 5
110246 5
110250 5
110254 4
110255 5
110259 5
110263 5
110267 4
110268 5
110272 5
110276 5
110280 4
110281 5
110285 5
110289 5
110293 4
110294 5
110298 5
110302 5
110306 4
110307 5
110311 5
110315 5
110319 4
110320 5
110324 5
110328 5
110332 4
110333 5
110337 5
110341 5
110345 4
110346 5
110350 5
110354 5
110358 4
110359 5
110363 5
110367 5
110371 4
110372 5
110376 5
110380 5
110384 4
110385 5
110389 5
110393 5
110397 4
110398 5
110402 5
110406 5
110410 4
110411 5
110415 5
110419 5
110423 4
110424 5
110428 5
110432 5
110436 4
110437 5
110441 5
110445 5
110449 4
110450 5
110454 5
110458 5
110462 4
110463 5
110467 5
110471 5
110475 4
110476 5
110480 5
110484 5
110488 4
110489 5
110493 5
110497 5
110501 4
110502 5
110506 5
110510 5
110514 4
110515 5
110519 5
110523 5
88201 1
88202 1
88203 1
88204 1
88205 1
88206 1
88207 1
88208 1
88209 1
88210 1
88211 1
88212 1
88213 1
88214 1
88215 1
88216 1
88217 1
88218 1
88219 1
88220 1
88221 1
88222 1
88223 1
88224 1
88225 1
88226 1
88227 1
88228 1
89069 1
89070 1
89071 1
89072 1
89073 1
89074 1
89075 1
89076 1
89077 1
89078 1
89079 1
89080 1
89081 1
89082 1
89083 1
89084 1
89085 1
89086 1
89087 1
89088 1
89089 1
89090 1
89091 1
89092 1
89093 1
89094 1
89095 1
89096 1
89937 1
89938 1
89939 1
89940 1
89941 1
89942 1
89943 1
89944 1
89945 1
89946 1
89947 1
89948 1
89949 1
89950 1
89951 1
89952 1
89953 1
89954 1
89955 1
89956 1
89957 1
89958 1
89959 1
89960 1
89961 1
89962 1
89963 1
89964 1
90805 1
90806 1
90807 1
90808 1
90809 1
90810 1
90811 1
90812 1
90813 1
90814 1
90815 1
90816 1
90817 1
90818 1
90819 1
90820 1
90821 1
90822 1
90823 1
90824 1
90825 1
90826 1
90827 1
90828 1
90829 1
90830 1
90831 1
90832 1
91673 1
91674 1
91675 1
91676 1
91677 1
91678 1
91679 1
91680 1
91681 1
91682 1
91683 1
91684 1
91685 1
91686 1
91687 1
91688 1
91689 1
91690 1
91691 1
91692 1
91693 1
91694 1
91695 1
91696 1
91697 1
91698 1
91699 1
91700 1
92541 1
92542 1
92543 1
92544 1
92545 1
92546 1
92547 1
92548 1
92549 1
92550 1
92551 1
92552 1
92553 1
92554 1
92555 1
92556 1
92557 1
92558 1
92559 1
92560 1
92561 1
92562 1
92563 1
92564 1
92565 1
92566 1
92567 1
92568 1
93409 1
93410 1
93411 1
93412 1
93413 1
93414 1
93415 1
93416 1
93417 1
93418 1
93419 1
93420 1
93421 1
93422 1
93423 1
93424 1
93425 1
93426 1
93427 1
93428 1
93429 1
93430 1
93431 1
93432 1
93433 1
93434 1
93435 1
93436 1
94277 1
94278 1
94279 1
94280 1
94281 1
94282 1
94283 1
94284 1
94285 1
94286 1
94287 1
94288 1
94289 1
94290 1
94291 1
94292 1
94293 1
94294 1
94295 1
94296 1
94297 1
94298 1
94299 1
94300 1
94301 1
94302 1
94303 1
94304 1
95145 1
95146 1
95147 1
95148 1
95149 1
95150 1
95151 1
95152 1
95153 1
95154 1
95155 1
95156 1
95157 1
95158 1
95159 1
95160 1
95161 1
95162 1
95163 1
95164 1
95165 1
95166 1
95167 1
95168 1
95169 1
95170 1
95171 1
95172 1
96013 1
96014 1
96015 1
96016 1
96017 1
96018 1
96019 1
96020 1
96021 1
96022 1
96023 1
96024 1
96025 1
96026 1
96027 1
96028 1
96029 1
96030 1
96031 1
96032 1
96033 1
96034 1
96035 1
96036 1
96037 1
96038 1
96039 1
96040 1
96881 1
96882 1
96883 1
96884 1
96885 1
96886 1
96887 1
96888 1
96889 1
96890 1
96891 1
96892 1
96893 1
96894 1
96895 1
96896 1
96897 1
96898 1
96899 1
96900 1
96901 1
96902 1
96903 1
96904 1
96905 1
96906 1
96907 1
96908 1
97749 1
97750 1
97751 1
97752 1
97753 1
97754 1
97755 1
97756 1
97757 1
97758 1
97759 1
97760 1
97761 1
97762 1
97763 1
97764 1
97765 1
97766 1
97767 1
97768 1
97769 1
97770 1
97771 1
97772 1
97773 1
97774 1
97775 1
97776 1
98617 1
98618 1
98619 1
98620 1
98621 1
98622 1
98623 1
98624 1
98625 1
98626 1
98627 1
98628 1
98629 1
98630 1
98631 1
98632 1
98633 1
98634 1
98635 1
98636 1
98637 1
98638 1
98639 1
98640 1
98641 1
98642 1
98643 1
98644 1
99485 1
99486 1
99487 1
99488 1
99489 1
99490 1
99491 1
99492 1
99493 1
99494 1
99495 1
99496 1
99497 1
99498 1
99499 1
99500 1
99501 1
99502 1
99503 1
99504 1
99505 1
99506 1
99507 1
99508 1
99509 1
99510 1
99511 1
99512 1
100353 1
100354 1
100355 1
100356 1
100357 1
100358 1
100359 1
100360 1
100361 1
100362 1
100363 1
100364 1
100365 1
100366 1
100367 1
100368 1
100369 1
100370 1
100371 1
100372 1
100373 1
100374 1
100375 1
100376 1
100377 1
100378 1
100379 1
100380 1
101221 1
101222 1
101223 1
101224 1
101225 1
101226 1
101227 1
101228 1
101229 1
101230 1
101231 1
101232 1
101233 1
101234 1
101235 1
101236 1
101237 1
101238 1
101239 1
101240 1
101241 1
101242 1
101243 1
101244 1
101245 1
101246 1
101247 1
101248 1
102089 1
102090 1
102091 1
102092 1
102093 1
102094 1
102095 1
102096 1
102097 1
102098 1
102099 1
102100 1
102101 1
102102 1
102103 1
102104 1
102105 1
102106 1
102107 1
102108 1
102109 1
102110 1
102111 1
102112 1
102113 1
102114 1
102115 1
102116 1
102957 1
102958 1
102959 1
102960 1
102961 1
102962 1
102963 1
102964 1
102965 1
102966 1
102967 1
102968 1
102969 1
102970 1
102971 1
102972 1
102973 1
102974 1
102975 1
102976 1
102977 1
102978 1
102979 1
102980 1
102981 1
102982 1
102983 1
102984 1
103825 1
103826 1
103827 1
103828 1
103829 1
103830 1
103831 1
103832 1
103833 1
103834 1
103835 1
103836 1
103837 1
103838 1
103839 1
103840 1
103841 1
103842 1
103843 1
103844 1
103845 1
103846 1
103847 1
103848 1
103849 1
103850 1
103851 1
103852 1
104693 1
104694 1
104695 1
104696 1
104697 1
104698 1
104699 1
104700 1
104701 1
104702 1
104703 1
104704 1
104705 1
104706 1
104707 1
104708 1
104709 1
104710 1
104711 1
104712 1
104713 1
104714 1
104715 1
104716 1
104717 1
104718 1
104719 1
104720 1
105561 1
105562 1
105563 1
105564 1
105565 1
105566 1
105567 1
105568 1
105569 1
105570 1
105571 1
105572 1
105573 1
105574 1
105575 1
105576 1
105577 1
105578 1
105579 1
105580 1
105581 1
105582 1
105583 1
105584 1
105585 1
105586 1
105587 1
105588 1
106429 1
106430 1
106431 1
106432 1
106433 1
106434 1
106435 1
106436 1
106437 1
106438 1
106439 1
106440 1
106441 1
106442 1
106443 1
106444 1
106445 1
106446 1
106447 1
106448 1
106449 1
106450 1
106451 1
106452 1
106453 1
106454 1
106455 1
106456 1
107297 1
107298 1
107299 1
107300 1
107301 1
107302 1
107303 1
107304 1
107305 1
107306 1
107307 1
107308 1
107309 1
107310 1
107311 1
107312 1
107313 1
107314 1
107315 1
107316 1
107317 1
107318 1
107319 1
107320 1
107321 1
107322 1
107323 1
107324 1
108165 1
108166 1
108167 1
108168 1
108169 1
108170 1
108171 1
108172 1
108173 1
108174 1
108175 1
108176 1
108177 1
108178 1
108179 1
108180 1
108181 1
108182 1
108183 1
108184 1
108185 1
108186 1
108187 1
108188 1
108189 1
108190 1
108191 1
108192 1
109033 1
109034 1
109035 1
109036 1
109037 1
109038 1
109039 1
109040 1
109041 1
109042 1
109043 1
109044 1
109045 1
109046 1
109047 1
109048 1
109049 1
109050 1
109051 1
109052 1
109053 1
109054 1
109055 1
109056 1
109057 1
109058 1
109059 1
109060 1
169569 5
169570 5
169571 5
169572 5
169573 5
169574 5
169575 5
169576 5
169577 5
169578 5
169579 5
169580 5
169581 5
169582 5
169583 5
169584 5
169585 5
169586 5
169587 5
169588 5
169589 5
169590 5
169591 5
169592 5
169593 5
169594 5
169595 5
169596 5
169597 5
169598 5
169599 5
169600 5
169601 5
169602 5
169603 5
169604 5
169605 5
169606 5
169607 5
169608 5
169609 5
169610 5
169611 5
169612 5
169613 5
169614 5
169615 5
169616 5
169617 5
169618 5
169619 5
169620 5
169621 5
169622 5
169623 5
169624 5
169625 5
169626 5
169627 5
169628 5
169629 5
169630 5
169631 5
169632 5
169633 5
169634 5
169635 5
169636 5
169637 5
169638 5
169639 5
169640 5
169641 5
169642 5
169643 5
169644 5
169645 5
169646 5
169647 5
169648 5
169649 5
169650 5
169651 5
169652 5
169653 5
169654 5
169655 5
169656 5
169657 5
169658 5
169659 5
169660 5
169661 5
169662 5
169663 5
169664 5
169665 5
169666 5
169667 5
169668 5
169669 5
169670 5
169671 5
169672 5
169673 5
169674 5
169675 5
169676 5
169677 5
169678 5
169679 5
169680 5
169681 5
169682 5
169683 5
169684 5
169685 5
169686 5
169687 5
169688 5
169689 5
169690 5
169691 5
169692 5
169693 5
169694 5
169695 5
169696 5
169697 5
169698 5
169699 5
169700 5
169701 5
169702 5
169703 5
169704 5
169705 5
169706 5
169707 5
169708 5
169709 5
169710 5
169711 5
169712 5
169713 5
169714 5
169715 5
169716 5
169717 5
169718 5
169719 5
169720 5
169721 5
169722 5
169723 5
169724 5
169725 5
169726 5
169727 5
169728 5
169729 5
169730 5
169731 5
169732 5
169733 5
169734 5
169735 5
169736 5
272247 2
272278 2
272309 2
272340 2
272371 2
272402 2
272433 2
272464 2
272495 2
272526 2
272557 2
272588 2
272619 2
272650 2
272681 2
272712 2
272743 2
272774 2
272805 2
272836 2
272867 2
272898 2
272929 2
272930 2
272960 2
272991 2
273022 2
273053 2
273084 2
273115 2
273146 2
273177 2
273208 2
273239 2
273270 2
273301 2
273332 2
273363 2
273394 2
273425 2
273456 2
273487 2
273518 2
273549 2
273580 2
273611 2
273642 2
273673 2
273704 2
273735 2
273766 2
273797 2
273828 2
273859 2
273890 2
273891 2
273921 2
273952 2
273983 2
274014 2
274045 2
274076 2
274107 2
274138 2
274169 2
274200 2
274231 2
274262 2
274293 2
274324 2
274355 2
274386 2
274417 2
274448 2
274479 2
274510 2
274541 2
274572 2
274603 2
274634 2
274635 2
274665 2
274696 2
274727 2
274758 2
274789 2
274820 2
274851 2
274882 2
274913 2
274944 2
274975 2
275006 2
275037 2
275068 2
275099 2
275130 2
275161 2
275192 2
275223 2
275254 2
275285 2
275316 2
275347 2
275378 2
275379 2
275409 2
275440 2
275471 2
275502 2
275533 2
275564 2
275595 2
275626 2
275657 2
275688 2
275719 2
275750 2
275781 2
275812 2
275843 2
275874 2
275905 2
275936 2
275967 2
275998 2
275999 2
276029 2
276060 2
276091 2
276122 2
276123 2
276153 2
276184 2
276215 2
276246 2
276277 2
276308 2
276339 2
276370 2
276401 2
276432 2
276463 2
276494 2
276525 2
276556 2
276587 2
276618 2
276649 2
276680 2
276711 2
276742 2
276773 2
276804 2
276835 2
276866 2
276867 2
276897 2
276928 2
276959 2
276990 2
277021 2
277052 2
277083 2
277114 2
277145 2
277176 2
277207 2
277238 2
277269 2
277300 2
277331 2
277362 2
277393 2
277394 2
277424 2
277455 2
277486 2
277517 2
277548 2
277579 2
277610 2
277611 2
277641 2
277672 2
277703 2
277734 2
277765 2
277796 2
277827 2
277858 2
277889 2
277920 2
277951 2
277982 2
278013 2
278044 2
278075 2
278106 2
278137 2
278168 2
278199 2
278230 2
278261 2
278292 2
278323 2
278354 2
278355 2
278385 2
278416 2
278447 2
278478 2
278509 2
278540 2
278571 2
278602 2
278633 2
278664 2
278695 2
278726 2
278757 2
278788 2
278819 2
278850 2
278881 2
278912 2
278943 2
278974 2
279005 2
279036 2
279067 2
279098 2
279129 2
279160 2
279191 2
279222 2
279253 2
279284 2
279315 2
279346 2
279377 2
279408 2
279439 2
279470 2
279501 2
279532 2
279563 2
279594 2
279625 2
279656 2
279687 2
279718 2
279749 2
279780 2
279811 2
279842 2
279873 2
279904 2
279935 2
279966 2
279997 2
280028 2
280059 2
280090 2
280121 2
280152 2
280183 2
280214 2
280245 2
280276 2
280307 2
280338 2
280369 2
280400 2
280431 2
280462 2
280493 2
280524 2
280555 2
280586 2
280617 2
280648 2
280679 2
280710 2
280741 2
280772 2
280803 2
280804 2
280834 2
280865 2
280896 2
280927 2
280958 2
280989 2
281020 2
281051 2
281082 2
281113 2
281144 2
281175 2
281206 2
281237 2
281268 2
281299 2
281330 2
281361 2
281392 2
281423 2
281454 2
281485 2
281516 2
281547 2
281548 2
281578 2
281609 2
281640 2
281671 2
281702 2
281733 2
281764 2
281795 2
281826 2
281857 2
281888 2
281919 2
281950 2
281981 2
282012 2
282043 2
282074 2
282105 2
282136 2
282167 2
282198 2
282229 2
282260 2
282291 2
282292 2
282322 2
282353 2
282384 2
282415 2
282446 2
282477 2
282508 2
282539 2
282570 2
282601 2
282632 2
282663 2
282694 2
282725 2
282756 2
282787 2
282818 2
282849 2
282880 2
282911 2
282942 2
282973 2
283004 2
283035 2
283036 2
283066 2
283097 2
283128 2
283159 2
283190 2
283221 2
283252 2
283283 2
283314 2
283345 2
283376 2
283407 2
283438 2
283469 2
283500 2
283531 2
283562 2
283593 2
283624 2
283655 2
283686 2
283717 2
283748 2
283779 2
283780 2
283810 2
283841 2
283872 2
283903 2
283934 2
283965 2
283996 2
284027 2
284058 2
284089 2
284120 2
284151 2
284182 2
284213 2
284244 2
284275 2
284306 2
284337 2
284368 2
284399 2
284430 2
284461 2
284492 2
284523 2
284524 2
284554 2
284585 2
284616 2
284647 2
284678 2
284709 2
284740 2
284771 2
284802 2
284833 2
284864 2
284895 2
284926 2
284957 2
284988 2
285019 2
285050 2
285081 2
285112 2
285143 2
285174 2
285205 2
285236 2
285267 2
285268 2
285298 2
285329 2
285360 2
285391 2
285422 2
285453 2
285484 2
285515 2
285546 2
285577 2
285608 2
285639 2
285670 2
285701 2
285732 2
285763 2
285794 2
285825 2
285856 2
285887 2
285918 2
285949 2
285980 2
286011 2
286042 2
286073 2
286104 2
286135 2
286166 2
286197 2
286228 2
286259 2
286290 2
286321 2
286352 2
286383 2
286414 2
286445 2
286476 2
286507 2
286538 2
286569 2
286600 2
286631 2
286662 2
286693 2
286724 2
286755 2
286786 2
286817 2
286848 2
286879 2
286910 2
286941 2
286972 2
287003 2
287034 2
287065 2
287096 2
287127 2
287158 2
287189 2
287220 2
287251 2
287282 2
287313 2
287344 2
287375 2
287406 2
287437 2
287468 2
287499 2
287530 2
287561 2
287592 2
287623 2
287654 2
287685 2
287716 2
287717 2
287747 2
287778 2
287809 2
287840 2
287871 2
287902 2
287933 2
287964 2
287995 2
288026 2
288057 2
288088 2
288119 2
288150 2
288181 2
288212 2
288243 2
288274 2
288305 2
288336 2
288367 2
288398 2
288429 2
288460 2
288461 2
288491 2
288522 2
288553 2
288584 2
288615 2
288646 2
288677 2
288708 2
288739 2
288770 2
288801 2
288832 2
288863 2
288894 2
288925 2
288956 2
288987 2
289018 2
289049 2
289080 2
289111 2
289142 2
289173 2
289204 2
289205 2
289235 2
289266 2
289297 2
289328 2
289359 2
289390 2
289421 2
289452 2
289483 2
289514 2
289545 2
289576 2
289607 2
289638 2
289669 2
289700 2
289731 2
289762 2
289793 2
289824 2
289855 2
289886 2
289917 2
289948 2
289949 2
289979 2
290010 2
290041 2
290072 2
290103 2
290134 2
290165 2
290196 2
290227 2
290258 2
290289 2
290320 2
290351 2
290382 2
290413 2
290444 2
290475 2
290506 2
290537 2
290568 2
290599 2
290630 2
290661 2
290692 2
290693 2
290723 2
290754 2
290785 2
290816 2
290847 2
290878 2
290909 2
290940 2
290971 2
291002 2
291033 2
291064 2
291095 2
291126 2
291157 2
291188 2
291219 2
291250 2
291281 2
291312 2
291343 2
291374 2
291405 2
291436 2
291437 2
291467 2
291498 2
291529 2
291560 2
291591 2
291622 2
291653 2
291684 2
291715 2
291746 2
291777 2
291808 2
291839 2
291870 2
291901 2
291932 2
291963 2
291994 2
292025 2
292056 2
292087 2
292118 2
292149 2
292180 2
292211 2
292242 2
292273 2
292304 2
292335 2
292366 2
292397 2
292428 2
292459 2
292490 2
292521 2
292552 2
292583 2
292614 2
292645 2
292676 2
292707 2
292738 2
292769 2
292800 2
292831 2
292862 2
292893 2
292924 2
292955 2
292986 2
293017 2
293048 2
293079 2
293110 2
293141 2
293172 2
293203 2
303067 3
303068 3
303069 3
303070 3
303071 3
303072 3
303073 3
303074 3
303075 3
303076 3
303077 3
303078 3
303079 3
303080 3
303081 3
303082 3
303083 3
303084 3
303085 3
303086 3
303087 3
303088 3
303089 3
303090 3
303091 3
303093 3
303094 3
303095 3
303096 3
303097 3
303098 3
303099 3
303100 3
303101 3
303102 3
303103 3
303104 3
303105 3
303106 3
303107 3
303108 3
303109 3
303110 3
303111 3
303112 3
303113 3
303114 3
303115 3
303842 3
303843 3
303844 3
303845 3
303846 3
303847 3
303848 3
303849 3
303850 3
303851 3
303852 3
303853 3
303854 3
303855 3
303856 3
303857 3
303858 3
303859 3
303860 3
303861 3
303862 3
303863 3
303864 3
303865 3
303866 3
303889 3
303890 3
304617 3
304618 3
304619 3
304620 3
304621 3
304622 3
304623 3
304624 3
304625 3
304626 3
304627 3
304628 3
304629 3
304630 3
304631 3
304632 3
304633 3
304634 3
304635 3
304636 3
304637 3
304638 3
304639 3
304640 3
304641 3
305392 3
305393 3
305394 3
305395 3
305396 3
305397 3
305398 3
305399 3
305400 3
305401 3
305402 3
305403 3
305404 3
305405 3
305406 3
305407 3
305408 3
305409 3
305410 3
305411 3
305412 3
305413 3
305414 3
305415 3
305416 3
306167 3
306168 3
306169 3
306170 3
306171 3
306172 3
306173 3
306174 3
306175 3
306176 3
306177 3
306178 3
306179 3
306180 3
306181 3
306182 3
306183 3
306184 3
306185 3
306186 3
306187 3
306188 3
306189 3
306190 3
306191 3
306942 3
306943 3
306944 3
306945 3
306946 3
306947 3
306948 3
306949 3
306950 3
306951 3
306952 3
306953 3
306954 3
306955 3
306956 3
306957 3
306958 3
306959 3
306960 3
306961 3
306962 3
306963 3
306964 3
306965 3
306966 3
307717 3
307718 3
307719 3
307720 3
307721 3
307722 3
307723 3
307724 3
307725 3
307726 3
307727 3
307728 3
307729 3
307730 3
307731 3
307732 3
307733 3
307734 3
307735 3
307736 3
307737 3
307738 3
307739 3
307740 3
307741 3
308492 3
308493 3
308494 3
308495 3
308496 3
308497 3
308498 3
308499 3
308500 3
308501 3
308502 3
308503 3
308504 3
308505 3
308506 3
308507 3
308508 3
308509 3
308510 3
308511 3
308512 3
308513 3
308514 3
308515 3
308516 3
309267 3
309268 3
309269 3
309270 3
309271 3
309272 3
309273 3
309274 3
309275 3
309276 3
309277 3
309278 3
309279 3
309280 3
309281 3
309282 3
309283 3
309284 3
309285 3
309286 3
309287 3
309288 3
309289 3
309290 3
309291 3
310042 3
310043 3
310044 3
310045 3
310046 3
310047 3
310048 3
310049 3
310050 3
310051 3
310052 3
310053 3
310054 3
310055 3
310056 3
310057 3
310058 3
310059 3
310060 3
310061 3
310062 3
310063 3
310064 3
310065 3
310066 3
310817 3
310818 3
310819 3
310820 3
310821 3
310822 3
310823 3
310824 3
310825 3
310826 3
310827 3
310828 3
310829 3
310830 3
310831 3
310832 3
310833 3
310834 3
310835 3
310836 3
310837 3
310838 3
310839 3
310840 3
310841 3
311592 3
311593 3
311594 3
311595 3
311596 3
311597 3
311598 3
311599 3
311600 3
311601 3
311602 3
311603 3
311604 3
311605 3
311606 3
311607 3
311608 3
311609 3
311610 3
311611 3
311612 3
311613 3
311614 3
311615 3
311616 3
312367 3
312368 3
312369 3
312370 3
312371 3
312372 3
312373 3
312374 3
312375 3
312376 3
312377 3
312378 3
312379 3
312380 3
312381 3
312382 3
312383 3
312384 3
312385 3
312386 3
312387 3
312388 3
312389 3
312390 3
312391 3
313142 3
313143 3
313144 3
313145 3
313146 3
313147 3
313148 3
313149 3
313150 3
313151 3
313152 3
313153 3
313154 3
313155 3
313156 3
313157 3
313158 3
313159 3
313160 3
313161 3
313162 3
313163 3
313164 3
313165 3
313166 3
313917 3
313918 3
313919 3
313920 3
313921 3
313922 3
313923 3
313924 3
313925 3
313926 3
313927 3
313928 3
313929 3
313930 3
313931 3
313932 3
313933 3
313934 3
313935 3
313936 3
313937 3
313938 3
313939 3
313940 3
313941 3
314692 3
314693 3
314694 3
314695 3
314696 3
314697 3
314698 3
314699 3
314700 3
314701 3
314702 3
314703 3
314704 3
314705 3
314706 3
314707 3
314708 3
314709 3
314710 3
314711 3
314712 3
314713 3
314714 3
314715 3
314716 3
315467 3
315468 3
315469 3
315470 3
315471 3
315472 3
315473 3
315474 3
315475 3
315476 3
315477 3
315478 3
315479 3
315480 3
315481 3
315482 3
315483 3
315484 3
315485 3
315486 3
315487 3
315488 3
315489 3
315490 3
315491 3
316242 3
316243 3
316244 3
316245 3
316246 3
316247 3
316248 3
316249 3
316250 3
316251 3
316252 3
316253 3
316254 3
316255 3
316256 3
316257 3
316258 3
316259 3
316260 3
316261 3
316262 3
316263 3
316264 3
316265 3
316266 3
317017 3
317018 3
317019 3
317020 3
317021 3
317022 3
317023 3
317024 3
317025 3
317026 3
317027 3
317028 3
317029 3
317030 3
317031 3
317032 3
317033 3
317034 3
317035 3
317036 3
317037 3
317038 3
317039 3
317040 3
317041 3
317792 3
317793 3
317794 3
317795 3
317796 3
317797 3
317798 3
317799 3
317800 3
317801 3
317802 3
317803 3
317804 3
317805 3
317806 3
317807 3
317808 3
317809 3
317810 3
317811 3
317812 3
317813 3
317814 3
317815 3
317816 3
318567 3
318568 3
318569 3
318570 3
318571 3
318572 3
318573 3
318574 3
318575 3
318576 3
318577 3
318578 3
318579 3
318580 3
318581 3
318582 3
318583 3
318584 3
318585 3
318586 3
318587 3
318588 3
318589 3
318590 3
318591 3
319342 3
319343 3
319344 3
319345 3
319346 3
319347 3
319348 3
319349 3
319350 3
319351 3
319352 3
319353 3
319354 3
319355 3
319356 3
319357 3
319358 3
319359 3
319360 3
319361 3
319362 3
319363 3
319364 3
319365 3
319366 3
320117 3
320118 3
320119 3
320120 3
320121 3
320122 3
320123 3
320124 3
320125 3
320126 3
320127 3
320128 3
320129 3
320130 3
320131 3
320132 3
320133 3
320134 3
320135 3
320136 3
320137 3
320138 3
320139 3
320140 3
320141 3
320892 3
320893 3
320894 3
320895 3
320896 3
320897 3
320898 3
320899 3
320900 3
320901 3
320902 3
320903 3
320904 3
320905 3
320906 3
320907 3
320908 3
320909 3
320910 3
320911 3
320912 3
320913 3
320914 3
320915 3
320916 3
321667 3
321668 3
321669 3
321670 3
321671 3
321672 3
321673 3
321674 3
321675 3
321676 3
321677 3
321678 3
321679 3
321680 3
321681 3
321682 3
321683 3
321684 3
321685 3
321686 3
321687 3
321688 3
321689 3
321690 3
321691 3
322442 3
322443 3
322444 3
322445 3
322446 3
322447 3
322448 3
322449 3
322450 3
322451 3
322452 3
322453 3
322454 3
322455 3
322456 3
322457 3
322458 3
322459 3
322460 3
322461 3
322462 3
322463 3
322464 3
322465 3
322466 3
323217 3
323218 3
323219 3
323220 3
323221 3
323222 3
323223 3
323224 3
323225 3
323226 3
323227 3
323228 3
323229 3
323230 3
323231 3
323232 3
323233 3
323234 3
323235 3
323236 3
323237 3
323238 3
323239 3
323240 3
323241 3
177633 3
177634 3
177635 3
177636 3
177637 3
177638 3
177639 3
177640 3
177641 3
177642 3
177643 3
177644 3
177645 3
177646 3
177647 3
177648 3
177649 3
177650 3
177651 3
177652 3
177653 3
177654 3
177655 3
177656 3
177657 3
177658 3
177659 3
177660 3
177662 3
177663 3
177664 3
177665 3
177666 3
177667 3
177668 3
178501 3
178502 3
178503 3
178504 3
178505 3
178506 3
178507 3
178508 3
178509 3
178510 3
178511 3
178512 3
178513 3
178514 3
178515 3
178516 3
178517 3
178518 3
178519 3
178520 3
178521 3
178522 3
178523 3
178524 3
178525 3
178526 3
178527 3
178528 3
178530 3
178531 3
178532 3
178533 3
178534 3
178535 3
178536 3
179369 3
179370 3
179371 3
179372 3
179373 3
179374 3
179375 3
179376 3
179377 3
179378 3
179379 3
179380 3
179381 3
179382 3
179383 3
179384 3
179385 3
179386 3
179387 3
179388 3
179389 3
179390 3
179391 3
179392 3
179393 3
179394 3
179395 3
179396 3
179398 3
179399 3
179400 3
179401 3
179402 3
179403 3
179404 3
180237 3
180238 3
180239 3
180240 3
180241 3
180242 3
180243 3
180244 3
180245 3
180246 3
180247 3
180248 3
180249 3
180250 3
180251 3
180252 3
180253 3
180254 3
180255 3
180256 3
180257 3
180258 3
180259 3
180260 3
180261 3
180262 3
180263 3
180264 3
180266 3
180267 3
180268 3
180269 3
180270 3
180271 3
180272 3
181105 3
181106 3
181107 3
181108 3
181109 3
181110 3
181111 3
181112 3
181113 3
181114 3
181115 3
181116 3
181117 3
181118 3
181119 3
181120 3
181121 3
181122 3
181123 3
181124 3
181125 3
181126 3
181127 3
181128 3
181129 3
181130 3
181131 3
181132 3
118301 1
118302 1
118303 1
118304 1
118305 1
118306 1
118307 1
118308 1
118309 1
118310 1
118311 1
118312 1
118313 1
118314 1
118315 1
118316 1
118317 1
118318 1
118319 1
118320 1
118321 1
118322 1
118323 1
118324 1
118325 1
118326 1
118327 1
118328 1
119169 1
119170 1
119171 1
119172 1
119173 1
119174 1
119175 1
119176 1
119177 1
119178 1
119179 1
119180 1
119181 1
119182 1
119183 1
119184 1
119185 1
119186 1
119187 1
119188 1
119189 1
119190 1
119191 1
119192 1
119193 1
119194 1
119195 1
119196 1
120037 1
120038 1
120039 1
120040 1
120041 1
120042 1
120043 1
120044 1
120045 1
120046 1
120047 1
120048 1
120049 1
120050 1
120051 1
120052 1
120053 1
120054 1
120055 1
120056 1
120057 1
120058 1
120059 1
120060 1
120061 1
120062 1
120063 1
120064 1
120905 1
120906 1
120907 1
120908 1
120909 1
120910 1
120911 1
120912 1
120913 1
120914 1
120915 1
120916 1
120917 1
120918 1
120919 1
120920 1
120921 1
120922 1
120923 1
120924 1
120925 1
120926 1
120927 1
120928 1
120929 1
120930 1
120931 1
120932 1
121773 1
121774 1
121775 1
121776 1
121777 1
121778 1
121779 1
121780 1
121781 1
121782 1
121783 1
121784 1
121785 1
121786 1
121787 1
121788 1
121789 1
121790 1
121791 1
121792 1
121793 1
121794 1
121795 1
121796 1
121797 1
121798 1
121799 1
121800 1
122641 1
122642 1
122643 1
122644 1
122645 1
122646 1
122647 1
122648 1
122649 1
122650 1
122651 1
122652 1
122653 1
122654 1
122655 1
122656 1
122657 1
122658 1
122659 1
122660 1
122661 1
122662 1
122663 1
122664 1
122665 1
122666 1
122667 1
122668 1
123509 1
123510 1
123511 1
123512 1
123513 1
123514 1
123515 1
123516 1
123517 1
123518 1
123519 1
123520 1
123521 1
123522 1
123523 1
123524 1
123525 1
123526 1
123527 1
123528 1
123529 1
123530 1
123531 1
123532 1
123533 1
123534 1
123535 1
123536 1
124377 1
124378 1
124379 1
124380 1
124381 1
124382 1
124383 1
124384 1
124385 1
124386 1
124387 1
124388 1
124389 1
124390 1
124391 1
124392 1
124393 1
124394 1
124395 1
124396 1
124397 1
124398 1
124399 1
124400 1
124401 1
124402 1
124403 1
124404 1
125245 1
125246 1
125247 1
125248 1
125249 1
125250 1
125251 1
125252 1
125253 1
125254 1
125255 1
125256 1
125257 1
125258 1
125259 1
125260 1
125261 1
125262 1
125263 1
125264 1
125265 1
125266 1
125267 1
125268 1
125269 1
125270 1
125271 1
125272 1
126113 1
126114 1
126115 1
126116 1
126117 1
126118 1
126119 1
126120 1
126121 1
126122 1
126123 1
126124 1
126125 1
126126 1
126127 1
126128 1
126129 1
126130 1
126131 1
126132 1
126133 1
126134 1
126135 1
126136 1
126137 1
126138 1
126139 1
126140 1
126981 1
126982 1
126983 1
126984 1
126985 1
126986 1
126987 1
126988 1
126989 1
126990 1
126991 1
126992 1
126993 1
126994 1
126995 1
126996 1
126997 1
126998 1
126999 1
127000 1
127001 1
127002 1
127003 1
127004 1
127005 1
127006 1
127007 1
127008 1
127849 1
127850 1
127851 1
127852 1
127853 1
127854 1
127855 1
127856 1
127857 1
127858 1
127859 1
127860 1
127861 1
127862 1
127863 1
127864 1
127865 1
127866 1
127867 1
127868 1
127869 1
127870 1
127871 1
127872 1
127873 1
127874 1
127875 1
127876 1
128717 1
128718 1
128719 1
128720 1
128721 1
128722 1
128723 1
128724 1
128725 1
128726 1
128727 1
128728 1
128729 1
128730 1
128731 1
128732 1
128733 1
128734 1
128735 1
128736 1
128737 1
128738 1
128739 1
128740 1
128741 1
128742 1
128743 1
128744 1
129585 1
129586 1
129587 1
129588 1
129589 1
129590 1
129591 1
129592 1
129593 1
129594 1
129595 1
129596 1
129597 1
129598 1
129599 1
129600 1
129601 1
129602 1
129603 1
129604 1
129605 1
129606 1
129607 1
129608 1
129609 1
129610 1
129611 1
129612 1
130453 1
130454 1
130455 1
130456 1
130457 1
130458 1
130459 1
130460 1
130461 1
130462 1
130463 1
130464 1
130465 1
130466 1
130467 1
130468 1
130469 1
130470 1
130471 1
130472 1
130473 1
130474 1
130475 1
130476 1
130477 1
130478 1
130479 1
130480 1
131321 1
131322 1
131323 1
131324 1
131325 1
131326 1
131327 1
131328 1
131329 1
131330 1
131331 1
131332 1
131333 1
131334 1
131335 1
131336 1
131337 1
131338 1
131339 1
131340 1
131341 1
131342 1
131343 1
131344 1
131345 1
131346 1
131347 1
131348 1
132189 1
132190 1
132191 1
132192 1
132193 1
132194 1
132195 1
132196 1
132197 1
132198 1
132199 1
132200 1
132201 1
132202 1
132203 1
132204 1
132205 1
132206 1
132207 1
132208 1
132209 1
132210 1
132211 1
132212 1
132213 1
132214 1
132215 1
132216 1
133057 1
133058 1
133059 1
133060 1
133061 1
133062 1
133063 1
133064 1
133065 1
133066 1
133067 1
133068 1
133069 1
133070 1
133071 1
133072 1
133073 1
133074 1
133075 1
133076 1
133077 1
133078 1
133079 1
133080 1
133081 1
133082 1
133083 1
133084 1
133925 1
133926 1
133927 1
133928 1
133929 1
133930 1
133931 1
133932 1
133933 1
133934 1
133935 1
133936 1
133937 1
133938 1
133939 1
133940 1
133941 1
133942 1
133943 1
133944 1
133945 1
133946 1
133947 1
133948 1
133949 1
133950 1
133951 1
133952 1
134793 1
134794 1
134795 1
134796 1
134797 1
134798 1
134799 1
134800 1
134801 1
134802 1
134803 1
134804 1
134805 1
134806 1
134807 1
134808 1
134809 1
134810 1
134811 1
134812 1
134813 1
134814 1
134815 1
134816 1
134817 1
134818 1
134819 1
134820 1
135661 1
135662 1
135663 1
135664 1
135665 1
135666 1
135667 1
135668 1
135669 1
135670 1
135671 1
135672 1
135673 1
135674 1
135675 1
135676 1
135677 1
135678 1
135679 1
135680 1
135681 1
135682 1
135683 1
135684 1
135685 1
135686 1
135687 1
135688 1
136529 1
136530 1
136531 1
136532 1
136533 1
136534 1
136535 1
136536 1
136537 1
136538 1
136539 1
136540 1
136541 1
136542 1
136543 1
136544 1
136545 1
136546 1
136547 1
136548 1
136549 1
136550 1
136551 1
136552 1
136553 1
136554 1
136555 1
136556 1
137397 1
137398 1
137399 1
137400 1
137401 1
137402 1
137403 1
137404 1
137405 1
137406 1
137407 1
137408 1
137409 1
137410 1
137411 1
137412 1
137413 1
137414 1
137415 1
137416 1
137417 1
137418 1
137419 1
137420 1
137421 1
137422 1
137423 1
137424 1
138265 1
138266 1
138267 1
138268 1
138269 1
138270 1
138271 1
138272 1
138273 1
138274 1
138275 1
138276 1
138277 1
138278 1
138279 1
138280 1
138281 1
138282 1
138283 1
138284 1
138285 1
138286 1
138287 1
138288 1
138289 1
138290 1
138291 1
138292 1
139133 1
139134 1
139135 1
139136 1
139137 1
139138 1
139139 1
139140 1
139141 1
139142 1
139143 1
139144 1
139145 1
139146 1
139147 1
139148 1
139149 1
139150 1
139151 1
139152 1
139153 1
139154 1
139155 1
139156 1
139157 1
139158 1
139159 1
139160 1
21 0.0025
108
160503 1
160504 1
160505 1
160755 1
160756 1
160757 1
161007 1
161008 1
161009 1
161259 1
161260 1
161261 1
161511 1
161512 1
161513 1
161763 1
161764 1
161765 1
162015 1
162016 1
162017 1
162267 1
162268 1
162269 1
162519 1
162520 1
162521 1
162771 1
162772 1
162773 1
163023 1
163024 1
163025 1
163275 1
163276 1
163277 1
163527 1
163528 1
163529 1
163779 1
163780 1
163781 1
164031 1
164032 1
164033 1
164283 1
164284 1
164285 1
164535 1
164536 1
164537 1
164787 1
164788 1
164789 1
165039 1
165040 1
165041 1
165291 1
165292 1
165293 1
165543 1
165544 1
165545 1
165795 1
165796 1
165797 1
166047 1
166048 1
166049 1
166299 1
166300 1
166301 1
166551 1
166552 1
166553 1
166803 1
166804 1
166805 1
167055 1
167056 1
167057 1
167307 1
167308 1
167309 1
167559 1
167560 1
167561 1
167811 1
167812 1
167813 1
168063 1
168064 1
168065 1
168315 1
168316 1
168317 1
168567 1
168568 1
168569 1
168819 1
168820 1
168821 1
169071 1
169072 1
169073 1
169323 1
169324 1
169325 1
21 -0.0025
108
152889 1
152890 1
152891 1
152898 1
152899 1
152900 1
152907 1
152908 1
152909 1
152916 1
152917 1
152918 1
152925 1
152926 1
152927 1
152934 1
152935 1
152936 1
154401 1
154402 1
154403 1
154410 1
154411 1
154412 1
154419 1
154420 1
154421 1
154428 1
154429 1
154430 1
154437 1
154438 1
154439 1
154446 1
154447 1
154448 1
155913 1
155914 1
155915 1
155922 1
155923 1
155924 1
155931 1
155932 1
155933 1
155940 1
155941 1
155942 1
155949 1
155950 1
155951 1
155958 1
155959 1
155960 1
157425 1
157426 1
157427 1
157434 1
157435 1
157436 1
157443 1
157444 1
157445 1
157452 1
157453 1
157454 1
157461 1
157462 1
157463 1
157470 1
157471 1
157472 1
158937 1
158938 1
158939 1
158946 1
158947 1
158948 1
158955 1
158956 1
158957 1
158964 1
158965 1
158966 1
158973 1
158974 1
158975 1
158982 1
158983 1
158984 1
160449 1
160450 1
160451 1
160458 1
160459 1
160460 1
160467 1
160468 1
160469 1
160476 1
160477 1
160478 1
160485 1
160486 1
160487 1
160494 1
160495 1
160496 1
