108
160503 1
160504 1
160505 1
160755 1
160756 1
160757 1
161007 1
161008 1
161009 1
161259 1
161260 1
161261 1
161511 1
161512 1
161513 1
161763 1
161764 1
161765 1
162015 1
162016 1
162017 1
162267 1
162268 1
162269 1
162519 1
162520 1
162521 1
162771 1
162772 1
162773 1
163023 1
163024 1
163025 1
163275 1
163276 1
163277 1
163527 1
163528 1
163529 1
163779 1
163780 1
163781 1
164031 1
164032 1
164033 1
164283 1
164284 1
164285 1
164535 1
164536 1
164537 1
164787 1
164788 1
164789 1
165039 1
165040 1
165041 1
165291 1
165292 1
165293 1
165543 1
165544 1
165545 1
165795 1
165796 1
165797 1
166047 1
166048 1
166049 1
166299 1
166300 1
166301 1
166551 1
166552 1
166553 1
166803 1
166804 1
166805 1
167055 1
167056 1
167057 1
167307 1
167308 1
167309 1
167559 1
167560 1
167561 1
167811 1
167812 1
167813 1
168063 1
168064 1
168065 1
168315 1
168316 1
168317 1
168567 1
168568 1
168569 1
168819 1
168820 1
168821 1
169071 1
169072 1
169073 1
169323 1
169324 1
169325 1
