2 0.0
3136
88201 1
88202 1
88203 1
88204 1
88205 1
88206 1
88207 1
88208 1
88209 1
88210 1
88211 1
88212 1
88213 1
88214 1
88215 1
88216 1
88217 1
88218 1
88219 1
88220 1
88221 1
88222 1
88223 1
88224 1
88225 1
88226 1
88227 1
88228 1
89069 1
89070 1
89071 1
89072 1
89073 1
89074 1
89075 1
89076 1
89077 1
89078 1
89079 1
89080 1
89081 1
89082 1
89083 1
89084 1
89085 1
89086 1
89087 1
89088 1
89089 1
89090 1
89091 1
89092 1
89093 1
89094 1
89095 1
89096 1
89937 1
89938 1
89939 1
89940 1
89941 1
89942 1
89943 1
89944 1
89945 1
89946 1
89947 1
89948 1
89949 1
89950 1
89951 1
89952 1
89953 1
89954 1
89955 1
89956 1
89957 1
89958 1
89959 1
89960 1
89961 1
89962 1
89963 1
89964 1
90805 1
90806 1
90807 1
90808 1
90809 1
90810 1
90811 1
90812 1
90813 1
90814 1
90815 1
90816 1
90817 1
90818 1
90819 1
90820 1
90821 1
90822 1
90823 1
90824 1
90825 1
90826 1
90827 1
90828 1
90829 1
90830 1
90831 1
90832 1
91673 1
91674 1
91675 1
91676 1
91677 1
91678 1
91679 1
91680 1
91681 1
91682 1
91683 1
91684 1
91685 1
91686 1
91687 1
91688 1
91689 1
91690 1
91691 1
91692 1
91693 1
91694 1
91695 1
91696 1
91697 1
91698 1
91699 1
91700 1
92541 1
92542 1
92543 1
92544 1
92545 1
92546 1
92547 1
92548 1
92549 1
92550 1
92551 1
92552 1
92553 1
92554 1
92555 1
92556 1
92557 1
92558 1
92559 1
92560 1
92561 1
92562 1
92563 1
92564 1
92565 1
92566 1
92567 1
92568 1
93409 1
93410 1
93411 1
93412 1
93413 1
93414 1
93415 1
93416 1
93417 1
93418 1
93419 1
93420 1
93421 1
93422 1
93423 1
93424 1
93425 1
93426 1
93427 1
93428 1
93429 1
93430 1
93431 1
93432 1
93433 1
93434 1
93435 1
93436 1
94277 1
94278 1
94279 1
94280 1
94281 1
94282 1
94283 1
94284 1
94285 1
94286 1
94287 1
94288 1
94289 1
94290 1
94291 1
94292 1
94293 1
94294 1
94295 1
94296 1
94297 1
94298 1
94299 1
94300 1
94301 1
94302 1
94303 1
94304 1
95145 1
95146 1
95147 1
95148 1
95149 1
95150 1
95151 1
95152 1
95153 1
95154 1
95155 1
95156 1
95157 1
95158 1
95159 1
95160 1
95161 1
95162 1
95163 1
95164 1
95165 1
95166 1
95167 1
95168 1
95169 1
95170 1
95171 1
95172 1
96013 1
96014 1
96015 1
96016 1
96017 1
96018 1
96019 1
96020 1
96021 1
96022 1
96023 1
96024 1
96025 1
96026 1
96027 1
96028 1
96029 1
96030 1
96031 1
96032 1
96033 1
96034 1
96035 1
96036 1
96037 1
96038 1
96039 1
96040 1
96881 1
96882 1
96883 1
96884 1
96885 1
96886 1
96887 1
96888 1
96889 1
96890 1
96891 1
96892 1
96893 1
96894 1
96895 1
96896 1
96897 1
96898 1
96899 1
96900 1
96901 1
96902 1
96903 1
96904 1
96905 1
96906 1
96907 1
96908 1
97749 1
97750 1
97751 1
97752 1
97753 1
97754 1
97755 1
97756 1
97757 1
97758 1
97759 1
97760 1
97761 1
97762 1
97763 1
97764 1
97765 1
97766 1
97767 1
97768 1
97769 1
97770 1
97771 1
97772 1
97773 1
97774 1
97775 1
97776 1
98617 1
98618 1
98619 1
98620 1
98621 1
98622 1
98623 1
98624 1
98625 1
98626 1
98627 1
98628 1
98629 1
98630 1
98631 1
98632 1
98633 1
98634 1
98635 1
98636 1
98637 1
98638 1
98639 1
98640 1
98641 1
98642 1
98643 1
98644 1
99485 1
99486 1
99487 1
99488 1
99489 1
99490 1
99491 1
99492 1
99493 1
99494 1
99495 1
99496 1
99497 1
99498 1
99499 1
99500 1
99501 1
99502 1
99503 1
99504 1
99505 1
99506 1
99507 1
99508 1
99509 1
99510 1
99511 1
99512 1
100353 1
100354 1
100355 1
100356 1
100357 1
100358 1
100359 1
100360 1
100361 1
100362 1
100363 1
100364 1
100365 1
100366 1
100367 1
100368 1
100369 1
100370 1
100371 1
100372 1
100373 1
100374 1
100375 1
100376 1
100377 1
100378 1
100379 1
100380 1
101221 1
101222 1
101223 1
101224 1
101225 1
101226 1
101227 1
101228 1
101229 1
101230 1
101231 1
101232 1
101233 1
101234 1
101235 1
101236 1
101237 1
101238 1
101239 1
101240 1
101241 1
101242 1
101243 1
101244 1
101245 1
101246 1
101247 1
101248 1
102089 1
102090 1
102091 1
102092 1
102093 1
102094 1
102095 1
102096 1
102097 1
102098 1
102099 1
102100 1
102101 1
102102 1
102103 1
102104 1
102105 1
102106 1
102107 1
102108 1
102109 1
102110 1
102111 1
102112 1
102113 1
102114 1
102115 1
102116 1
102957 1
102958 1
102959 1
102960 1
102961 1
102962 1
102963 1
102964 1
102965 1
102966 1
102967 1
102968 1
102969 1
102970 1
102971 1
102972 1
102973 1
102974 1
102975 1
102976 1
102977 1
102978 1
102979 1
102980 1
102981 1
102982 1
102983 1
102984 1
103825 1
103826 1
103827 1
103828 1
103829 1
103830 1
103831 1
103832 1
103833 1
103834 1
103835 1
103836 1
103837 1
103838 1
103839 1
103840 1
103841 1
103842 1
103843 1
103844 1
103845 1
103846 1
103847 1
103848 1
103849 1
103850 1
103851 1
103852 1
104693 1
104694 1
104695 1
104696 1
104697 1
104698 1
104699 1
104700 1
104701 1
104702 1
104703 1
104704 1
104705 1
104706 1
104707 1
104708 1
104709 1
104710 1
104711 1
104712 1
104713 1
104714 1
104715 1
104716 1
104717 1
104718 1
104719 1
104720 1
105561 1
105562 1
105563 1
105564 1
105565 1
105566 1
105567 1
105568 1
105569 1
105570 1
105571 1
105572 1
105573 1
105574 1
105575 1
105576 1
105577 1
105578 1
105579 1
105580 1
105581 1
105582 1
105583 1
105584 1
105585 1
105586 1
105587 1
105588 1
106429 1
106430 1
106431 1
106432 1
106433 1
106434 1
106435 1
106436 1
106437 1
106438 1
106439 1
106440 1
106441 1
106442 1
106443 1
106444 1
106445 1
106446 1
106447 1
106448 1
106449 1
106450 1
106451 1
106452 1
106453 1
106454 1
106455 1
106456 1
107297 1
107298 1
107299 1
107300 1
107301 1
107302 1
107303 1
107304 1
107305 1
107306 1
107307 1
107308 1
107309 1
107310 1
107311 1
107312 1
107313 1
107314 1
107315 1
107316 1
107317 1
107318 1
107319 1
107320 1
107321 1
107322 1
107323 1
107324 1
108165 1
108166 1
108167 1
108168 1
108169 1
108170 1
108171 1
108172 1
108173 1
108174 1
108175 1
108176 1
108177 1
108178 1
108179 1
108180 1
108181 1
108182 1
108183 1
108184 1
108185 1
108186 1
108187 1
108188 1
108189 1
108190 1
108191 1
108192 1
109033 1
109034 1
109035 1
109036 1
109037 1
109038 1
109039 1
109040 1
109041 1
109042 1
109043 1
109044 1
109045 1
109046 1
109047 1
109048 1
109049 1
109050 1
109051 1
109052 1
109053 1
109054 1
109055 1
109056 1
109057 1
109058 1
109059 1
109060 1
169569 5
169570 5
169571 5
169572 5
169573 5
169574 5
169575 5
169576 5
169577 5
169578 5
169579 5
169580 5
169581 5
169582 5
169583 5
169584 5
169585 5
169586 5
169587 5
169588 5
169589 5
169590 5
169591 5
169592 5
169593 5
169594 5
169595 5
169596 5
169597 5
169598 5
169599 5
169600 5
169601 5
169602 5
169603 5
169604 5
169605 5
169606 5
169607 5
169608 5
169609 5
169610 5
169611 5
169612 5
169613 5
169614 5
169615 5
169616 5
169617 5
169618 5
169619 5
169620 5
169621 5
169622 5
169623 5
169624 5
169625 5
169626 5
169627 5
169628 5
169629 5
169630 5
169631 5
169632 5
169633 5
169634 5
169635 5
169636 5
169637 5
169638 5
169639 5
169640 5
169641 5
169642 5
169643 5
169644 5
169645 5
169646 5
169647 5
169648 5
169649 5
169650 5
169651 5
169652 5
169653 5
169654 5
169655 5
169656 5
169657 5
169658 5
169659 5
169660 5
169661 5
169662 5
169663 5
169664 5
169665 5
169666 5
169667 5
169668 5
169669 5
169670 5
169671 5
169672 5
169673 5
169674 5
169675 5
169676 5
169677 5
169678 5
169679 5
169680 5
169681 5
169682 5
169683 5
169684 5
169685 5
169686 5
169687 5
169688 5
169689 5
169690 5
169691 5
169692 5
169693 5
169694 5
169695 5
169696 5
169697 5
169698 5
169699 5
169700 5
169701 5
169702 5
169703 5
169704 5
169705 5
169706 5
169707 5
169708 5
169709 5
169710 5
169711 5
169712 5
169713 5
169714 5
169715 5
169716 5
169717 5
169718 5
169719 5
169720 5
169721 5
169722 5
169723 5
169724 5
169725 5
169726 5
169727 5
169728 5
169729 5
169730 5
169731 5
169732 5
169733 5
169734 5
169735 5
169736 5
272247 2
272278 2
272309 2
272340 2
272371 2
272402 2
272433 2
272464 2
272495 2
272526 2
272557 2
272588 2
272619 2
272650 2
272681 2
272712 2
272743 2
272774 2
272805 2
272836 2
272867 2
272898 2
272929 2
272930 2
272960 2
272991 2
273022 2
273053 2
273084 2
273115 2
273146 2
273177 2
273208 2
273239 2
273270 2
273301 2
273332 2
273363 2
273394 2
273425 2
273456 2
273487 2
273518 2
273549 2
273580 2
273611 2
273642 2
273673 2
273704 2
273735 2
273766 2
273797 2
273828 2
273859 2
273890 2
273891 2
273921 2
273952 2
273983 2
274014 2
274045 2
274076 2
274107 2
274138 2
274169 2
274200 2
274231 2
274262 2
274293 2
274324 2
274355 2
274386 2
274417 2
274448 2
274479 2
274510 2
274541 2
274572 2
274603 2
274634 2
274635 2
274665 2
274696 2
274727 2
274758 2
274789 2
274820 2
274851 2
274882 2
274913 2
274944 2
274975 2
275006 2
275037 2
275068 2
275099 2
275130 2
275161 2
275192 2
275223 2
275254 2
275285 2
275316 2
275347 2
275378 2
275379 2
275409 2
275440 2
275471 2
275502 2
275533 2
275564 2
275595 2
275626 2
275657 2
275688 2
275719 2
275750 2
275781 2
275812 2
275843 2
275874 2
275905 2
275936 2
275967 2
275998 2
275999 2
276029 2
276060 2
276091 2
276122 2
276123 2
276153 2
276184 2
276215 2
276246 2
276277 2
276308 2
276339 2
276370 2
276401 2
276432 2
276463 2
276494 2
276525 2
276556 2
276587 2
276618 2
276649 2
276680 2
276711 2
276742 2
276773 2
276804 2
276835 2
276866 2
276867 2
276897 2
276928 2
276959 2
276990 2
277021 2
277052 2
277083 2
277114 2
277145 2
277176 2
277207 2
277238 2
277269 2
277300 2
277331 2
277362 2
277393 2
277394 2
277424 2
277455 2
277486 2
277517 2
277548 2
277579 2
277610 2
277611 2
277641 2
277672 2
277703 2
277734 2
277765 2
277796 2
277827 2
277858 2
277889 2
277920 2
277951 2
277982 2
278013 2
278044 2
278075 2
278106 2
278137 2
278168 2
278199 2
278230 2
278261 2
278292 2
278323 2
278354 2
278355 2
278385 2
278416 2
278447 2
278478 2
278509 2
278540 2
278571 2
278602 2
278633 2
278664 2
278695 2
278726 2
278757 2
278788 2
278819 2
278850 2
278881 2
278912 2
278943 2
278974 2
279005 2
279036 2
279067 2
279098 2
279129 2
279160 2
279191 2
279222 2
279253 2
279284 2
279315 2
279346 2
279377 2
279408 2
279439 2
279470 2
279501 2
279532 2
279563 2
279594 2
279625 2
279656 2
279687 2
279718 2
279749 2
279780 2
279811 2
279842 2
279873 2
279904 2
279935 2
279966 2
279997 2
280028 2
280059 2
280090 2
280121 2
280152 2
280183 2
280214 2
280245 2
280276 2
280307 2
280338 2
280369 2
280400 2
280431 2
280462 2
280493 2
280524 2
280555 2
280586 2
280617 2
280648 2
280679 2
280710 2
280741 2
280772 2
280803 2
280804 2
280834 2
280865 2
280896 2
280927 2
280958 2
280989 2
281020 2
281051 2
281082 2
281113 2
281144 2
281175 2
281206 2
281237 2
281268 2
281299 2
281330 2
281361 2
281392 2
281423 2
281454 2
281485 2
281516 2
281547 2
281548 2
281578 2
281609 2
281640 2
281671 2
281702 2
281733 2
281764 2
281795 2
281826 2
281857 2
281888 2
281919 2
281950 2
281981 2
282012 2
282043 2
282074 2
282105 2
282136 2
282167 2
282198 2
282229 2
282260 2
282291 2
282292 2
282322 2
282353 2
282384 2
282415 2
282446 2
282477 2
282508 2
282539 2
282570 2
282601 2
282632 2
282663 2
282694 2
282725 2
282756 2
282787 2
282818 2
282849 2
282880 2
282911 2
282942 2
282973 2
283004 2
283035 2
283036 2
283066 2
283097 2
283128 2
283159 2
283190 2
283221 2
283252 2
283283 2
283314 2
283345 2
283376 2
283407 2
283438 2
283469 2
283500 2
283531 2
283562 2
283593 2
283624 2
283655 2
283686 2
283717 2
283748 2
283779 2
283780 2
283810 2
283841 2
283872 2
283903 2
283934 2
283965 2
283996 2
284027 2
284058 2
284089 2
284120 2
284151 2
284182 2
284213 2
284244 2
284275 2
284306 2
284337 2
284368 2
284399 2
284430 2
284461 2
284492 2
284523 2
284524 2
284554 2
284585 2
284616 2
284647 2
284678 2
284709 2
284740 2
284771 2
284802 2
284833 2
284864 2
284895 2
284926 2
284957 2
284988 2
285019 2
285050 2
285081 2
285112 2
285143 2
285174 2
285205 2
285236 2
285267 2
285268 2
285298 2
285329 2
285360 2
285391 2
285422 2
285453 2
285484 2
285515 2
285546 2
285577 2
285608 2
285639 2
285670 2
285701 2
285732 2
285763 2
285794 2
285825 2
285856 2
285887 2
285918 2
285949 2
285980 2
286011 2
286042 2
286073 2
286104 2
286135 2
286166 2
286197 2
286228 2
286259 2
286290 2
286321 2
286352 2
286383 2
286414 2
286445 2
286476 2
286507 2
286538 2
286569 2
286600 2
286631 2
286662 2
286693 2
286724 2
286755 2
286786 2
286817 2
286848 2
286879 2
286910 2
286941 2
286972 2
287003 2
287034 2
287065 2
287096 2
287127 2
287158 2
287189 2
287220 2
287251 2
287282 2
287313 2
287344 2
287375 2
287406 2
287437 2
287468 2
287499 2
287530 2
287561 2
287592 2
287623 2
287654 2
287685 2
287716 2
287717 2
287747 2
287778 2
287809 2
287840 2
287871 2
287902 2
287933 2
287964 2
287995 2
288026 2
288057 2
288088 2
288119 2
288150 2
288181 2
288212 2
288243 2
288274 2
288305 2
288336 2
288367 2
288398 2
288429 2
288460 2
288461 2
288491 2
288522 2
288553 2
288584 2
288615 2
288646 2
288677 2
288708 2
288739 2
288770 2
288801 2
288832 2
288863 2
288894 2
288925 2
288956 2
288987 2
289018 2
289049 2
289080 2
289111 2
289142 2
289173 2
289204 2
289205 2
289235 2
289266 2
289297 2
289328 2
289359 2
289390 2
289421 2
289452 2
289483 2
289514 2
289545 2
289576 2
289607 2
289638 2
289669 2
289700 2
289731 2
289762 2
289793 2
289824 2
289855 2
289886 2
289917 2
289948 2
289949 2
289979 2
290010 2
290041 2
290072 2
290103 2
290134 2
290165 2
290196 2
290227 2
290258 2
290289 2
290320 2
290351 2
290382 2
290413 2
290444 2
290475 2
290506 2
290537 2
290568 2
290599 2
290630 2
290661 2
290692 2
290693 2
290723 2
290754 2
290785 2
290816 2
290847 2
290878 2
290909 2
290940 2
290971 2
291002 2
291033 2
291064 2
291095 2
291126 2
291157 2
291188 2
291219 2
291250 2
291281 2
291312 2
291343 2
291374 2
291405 2
291436 2
291437 2
291467 2
291498 2
291529 2
291560 2
291591 2
291622 2
291653 2
291684 2
291715 2
291746 2
291777 2
291808 2
291839 2
291870 2
291901 2
291932 2
291963 2
291994 2
292025 2
292056 2
292087 2
292118 2
292149 2
292180 2
292211 2
292242 2
292273 2
292304 2
292335 2
292366 2
292397 2
292428 2
292459 2
292490 2
292521 2
292552 2
292583 2
292614 2
292645 2
292676 2
292707 2
292738 2
292769 2
292800 2
292831 2
292862 2
292893 2
292924 2
292955 2
292986 2
293017 2
293048 2
293079 2
293110 2
293141 2
293172 2
293203 2
303067 3
303068 3
303069 3
303070 3
303071 3
303072 3
303073 3
303074 3
303075 3
303076 3
303077 3
303078 3
303079 3
303080 3
303081 3
303082 3
303083 3
303084 3
303085 3
303086 3
303087 3
303088 3
303089 3
303090 3
303091 3
303093 3
303094 3
303095 3
303096 3
303097 3
303098 3
303099 3
303100 3
303101 3
303102 3
303103 3
303104 3
303105 3
303106 3
303107 3
303108 3
303109 3
303110 3
303111 3
303112 3
303113 3
303114 3
303115 3
303842 3
303843 3
303844 3
303845 3
303846 3
303847 3
303848 3
303849 3
303850 3
303851 3
303852 3
303853 3
303854 3
303855 3
303856 3
303857 3
303858 3
303859 3
303860 3
303861 3
303862 3
303863 3
303864 3
303865 3
303866 3
303889 3
303890 3
304617 3
304618 3
304619 3
304620 3
304621 3
304622 3
304623 3
304624 3
304625 3
304626 3
304627 3
304628 3
304629 3
304630 3
304631 3
304632 3
304633 3
304634 3
304635 3
304636 3
304637 3
304638 3
304639 3
304640 3
304641 3
305392 3
305393 3
305394 3
305395 3
305396 3
305397 3
305398 3
305399 3
305400 3
305401 3
305402 3
305403 3
305404 3
305405 3
305406 3
305407 3
305408 3
305409 3
305410 3
305411 3
305412 3
305413 3
305414 3
305415 3
305416 3
306167 3
306168 3
306169 3
306170 3
306171 3
306172 3
306173 3
306174 3
306175 3
306176 3
306177 3
306178 3
306179 3
306180 3
306181 3
306182 3
306183 3
306184 3
306185 3
306186 3
306187 3
306188 3
306189 3
306190 3
306191 3
306942 3
306943 3
306944 3
306945 3
306946 3
306947 3
306948 3
306949 3
306950 3
306951 3
306952 3
306953 3
306954 3
306955 3
306956 3
306957 3
306958 3
306959 3
306960 3
306961 3
306962 3
306963 3
306964 3
306965 3
306966 3
307717 3
307718 3
307719 3
307720 3
307721 3
307722 3
307723 3
307724 3
307725 3
307726 3
307727 3
307728 3
307729 3
307730 3
307731 3
307732 3
307733 3
307734 3
307735 3
307736 3
307737 3
307738 3
307739 3
307740 3
307741 3
308492 3
308493 3
308494 3
308495 3
308496 3
308497 3
308498 3
308499 3
308500 3
308501 3
308502 3
308503 3
308504 3
308505 3
308506 3
308507 3
308508 3
308509 3
308510 3
308511 3
308512 3
308513 3
308514 3
308515 3
308516 3
309267 3
309268 3
309269 3
309270 3
309271 3
309272 3
309273 3
309274 3
309275 3
309276 3
309277 3
309278 3
309279 3
309280 3
309281 3
309282 3
309283 3
309284 3
309285 3
309286 3
309287 3
309288 3
309289 3
309290 3
309291 3
310042 3
310043 3
310044 3
310045 3
310046 3
310047 3
310048 3
310049 3
310050 3
310051 3
310052 3
310053 3
310054 3
310055 3
310056 3
310057 3
310058 3
310059 3
310060 3
310061 3
310062 3
310063 3
310064 3
310065 3
310066 3
310817 3
310818 3
310819 3
310820 3
310821 3
310822 3
310823 3
310824 3
310825 3
310826 3
310827 3
310828 3
310829 3
310830 3
310831 3
310832 3
310833 3
310834 3
310835 3
310836 3
310837 3
310838 3
310839 3
310840 3
310841 3
311592 3
311593 3
311594 3
311595 3
311596 3
311597 3
311598 3
311599 3
311600 3
311601 3
311602 3
311603 3
311604 3
311605 3
311606 3
311607 3
311608 3
311609 3
311610 3
311611 3
311612 3
311613 3
311614 3
311615 3
311616 3
312367 3
312368 3
312369 3
312370 3
312371 3
312372 3
312373 3
312374 3
312375 3
312376 3
312377 3
312378 3
312379 3
312380 3
312381 3
312382 3
312383 3
312384 3
312385 3
312386 3
312387 3
312388 3
312389 3
312390 3
312391 3
313142 3
313143 3
313144 3
313145 3
313146 3
313147 3
313148 3
313149 3
313150 3
313151 3
313152 3
313153 3
313154 3
313155 3
313156 3
313157 3
313158 3
313159 3
313160 3
313161 3
313162 3
313163 3
313164 3
313165 3
313166 3
313917 3
313918 3
313919 3
313920 3
313921 3
313922 3
313923 3
313924 3
313925 3
313926 3
313927 3
313928 3
313929 3
313930 3
313931 3
313932 3
313933 3
313934 3
313935 3
313936 3
313937 3
313938 3
313939 3
313940 3
313941 3
314692 3
314693 3
314694 3
314695 3
314696 3
314697 3
314698 3
314699 3
314700 3
314701 3
314702 3
314703 3
314704 3
314705 3
314706 3
314707 3
314708 3
314709 3
314710 3
314711 3
314712 3
314713 3
314714 3
314715 3
314716 3
315467 3
315468 3
315469 3
315470 3
315471 3
315472 3
315473 3
315474 3
315475 3
315476 3
315477 3
315478 3
315479 3
315480 3
315481 3
315482 3
315483 3
315484 3
315485 3
315486 3
315487 3
315488 3
315489 3
315490 3
315491 3
316242 3
316243 3
316244 3
316245 3
316246 3
316247 3
316248 3
316249 3
316250 3
316251 3
316252 3
316253 3
316254 3
316255 3
316256 3
316257 3
316258 3
316259 3
316260 3
316261 3
316262 3
316263 3
316264 3
316265 3
316266 3
317017 3
317018 3
317019 3
317020 3
317021 3
317022 3
317023 3
317024 3
317025 3
317026 3
317027 3
317028 3
317029 3
317030 3
317031 3
317032 3
317033 3
317034 3
317035 3
317036 3
317037 3
317038 3
317039 3
317040 3
317041 3
317792 3
317793 3
317794 3
317795 3
317796 3
317797 3
317798 3
317799 3
317800 3
317801 3
317802 3
317803 3
317804 3
317805 3
317806 3
317807 3
317808 3
317809 3
317810 3
317811 3
317812 3
317813 3
317814 3
317815 3
317816 3
318567 3
318568 3
318569 3
318570 3
318571 3
318572 3
318573 3
318574 3
318575 3
318576 3
318577 3
318578 3
318579 3
318580 3
318581 3
318582 3
318583 3
318584 3
318585 3
318586 3
318587 3
318588 3
318589 3
318590 3
318591 3
319342 3
319343 3
319344 3
319345 3
319346 3
319347 3
319348 3
319349 3
319350 3
319351 3
319352 3
319353 3
319354 3
319355 3
319356 3
319357 3
319358 3
319359 3
319360 3
319361 3
319362 3
319363 3
319364 3
319365 3
319366 3
320117 3
320118 3
320119 3
320120 3
320121 3
320122 3
320123 3
320124 3
320125 3
320126 3
320127 3
320128 3
320129 3
320130 3
320131 3
320132 3
320133 3
320134 3
320135 3
320136 3
320137 3
320138 3
320139 3
320140 3
320141 3
320892 3
320893 3
320894 3
320895 3
320896 3
320897 3
320898 3
320899 3
320900 3
320901 3
320902 3
320903 3
320904 3
320905 3
320906 3
320907 3
320908 3
320909 3
320910 3
320911 3
320912 3
320913 3
320914 3
320915 3
320916 3
321667 3
321668 3
321669 3
321670 3
321671 3
321672 3
321673 3
321674 3
321675 3
321676 3
321677 3
321678 3
321679 3
321680 3
321681 3
321682 3
321683 3
321684 3
321685 3
321686 3
321687 3
321688 3
321689 3
321690 3
321691 3
322442 3
322443 3
322444 3
322445 3
322446 3
322447 3
322448 3
322449 3
322450 3
322451 3
322452 3
322453 3
322454 3
322455 3
322456 3
322457 3
322458 3
322459 3
322460 3
322461 3
322462 3
322463 3
322464 3
322465 3
322466 3
323217 3
323218 3
323219 3
323220 3
323221 3
323222 3
323223 3
323224 3
323225 3
323226 3
323227 3
323228 3
323229 3
323230 3
323231 3
323232 3
323233 3
323234 3
323235 3
323236 3
323237 3
323238 3
323239 3
323240 3
323241 3
177633 3
177634 3
177635 3
177636 3
177637 3
177638 3
177639 3
177640 3
177641 3
177642 3
177643 3
177644 3
177645 3
177646 3
177647 3
177648 3
177649 3
177650 3
177651 3
177652 3
177653 3
177654 3
177655 3
177656 3
177657 3
177658 3
177659 3
177660 3
177662 3
177663 3
177664 3
177665 3
177666 3
177667 3
177668 3
178501 3
178502 3
178503 3
178504 3
178505 3
178506 3
178507 3
178508 3
178509 3
178510 3
178511 3
178512 3
178513 3
178514 3
178515 3
178516 3
178517 3
178518 3
178519 3
178520 3
178521 3
178522 3
178523 3
178524 3
178525 3
178526 3
178527 3
178528 3
178530 3
178531 3
178532 3
178533 3
178534 3
178535 3
178536 3
179369 3
179370 3
179371 3
179372 3
179373 3
179374 3
179375 3
179376 3
179377 3
179378 3
179379 3
179380 3
179381 3
179382 3
179383 3
179384 3
179385 3
179386 3
179387 3
179388 3
179389 3
179390 3
179391 3
179392 3
179393 3
179394 3
179395 3
179396 3
179398 3
179399 3
179400 3
179401 3
179402 3
179403 3
179404 3
180237 3
180238 3
180239 3
180240 3
180241 3
180242 3
180243 3
180244 3
180245 3
180246 3
180247 3
180248 3
180249 3
180250 3
180251 3
180252 3
180253 3
180254 3
180255 3
180256 3
180257 3
180258 3
180259 3
180260 3
180261 3
180262 3
180263 3
180264 3
180266 3
180267 3
180268 3
180269 3
180270 3
180271 3
180272 3
181105 3
181106 3
181107 3
181108 3
181109 3
181110 3
181111 3
181112 3
181113 3
181114 3
181115 3
181116 3
181117 3
181118 3
181119 3
181120 3
181121 3
181122 3
181123 3
181124 3
181125 3
181126 3
181127 3
181128 3
181129 3
181130 3
181131 3
181132 3
118301 1
118302 1
118303 1
118304 1
118305 1
118306 1
118307 1
118308 1
118309 1
118310 1
118311 1
118312 1
118313 1
118314 1
118315 1
118316 1
118317 1
118318 1
118319 1
118320 1
118321 1
118322 1
118323 1
118324 1
118325 1
118326 1
118327 1
118328 1
119169 1
119170 1
119171 1
119172 1
119173 1
119174 1
119175 1
119176 1
119177 1
119178 1
119179 1
119180 1
119181 1
119182 1
119183 1
119184 1
119185 1
119186 1
119187 1
119188 1
119189 1
119190 1
119191 1
119192 1
119193 1
119194 1
119195 1
119196 1
120037 1
120038 1
120039 1
120040 1
120041 1
120042 1
120043 1
120044 1
120045 1
120046 1
120047 1
120048 1
120049 1
120050 1
120051 1
120052 1
120053 1
120054 1
120055 1
120056 1
120057 1
120058 1
120059 1
120060 1
120061 1
120062 1
120063 1
120064 1
120905 1
120906 1
120907 1
120908 1
120909 1
120910 1
120911 1
120912 1
120913 1
120914 1
120915 1
120916 1
120917 1
120918 1
120919 1
120920 1
120921 1
120922 1
120923 1
120924 1
120925 1
120926 1
120927 1
120928 1
120929 1
120930 1
120931 1
120932 1
121773 1
121774 1
121775 1
121776 1
121777 1
121778 1
121779 1
121780 1
121781 1
121782 1
121783 1
121784 1
121785 1
121786 1
121787 1
121788 1
121789 1
121790 1
121791 1
121792 1
121793 1
121794 1
121795 1
121796 1
121797 1
121798 1
121799 1
121800 1
122641 1
122642 1
122643 1
122644 1
122645 1
122646 1
122647 1
122648 1
122649 1
122650 1
122651 1
122652 1
122653 1
122654 1
122655 1
122656 1
122657 1
122658 1
122659 1
122660 1
122661 1
122662 1
122663 1
122664 1
122665 1
122666 1
122667 1
122668 1
123509 1
123510 1
123511 1
123512 1
123513 1
123514 1
123515 1
123516 1
123517 1
123518 1
123519 1
123520 1
123521 1
123522 1
123523 1
123524 1
123525 1
123526 1
123527 1
123528 1
123529 1
123530 1
123531 1
123532 1
123533 1
123534 1
123535 1
123536 1
124377 1
124378 1
124379 1
124380 1
124381 1
124382 1
124383 1
124384 1
124385 1
124386 1
124387 1
124388 1
124389 1
124390 1
124391 1
124392 1
124393 1
124394 1
124395 1
124396 1
124397 1
124398 1
124399 1
124400 1
124401 1
124402 1
124403 1
124404 1
125245 1
125246 1
125247 1
125248 1
125249 1
125250 1
125251 1
125252 1
125253 1
125254 1
125255 1
125256 1
125257 1
125258 1
125259 1
125260 1
125261 1
125262 1
125263 1
125264 1
125265 1
125266 1
125267 1
125268 1
125269 1
125270 1
125271 1
125272 1
126113 1
126114 1
126115 1
126116 1
126117 1
126118 1
126119 1
126120 1
126121 1
126122 1
126123 1
126124 1
126125 1
126126 1
126127 1
126128 1
126129 1
126130 1
126131 1
126132 1
126133 1
126134 1
126135 1
126136 1
126137 1
126138 1
126139 1
126140 1
126981 1
126982 1
126983 1
126984 1
126985 1
126986 1
126987 1
126988 1
126989 1
126990 1
126991 1
126992 1
126993 1
126994 1
126995 1
126996 1
126997 1
126998 1
126999 1
127000 1
127001 1
127002 1
127003 1
127004 1
127005 1
127006 1
127007 1
127008 1
127849 1
127850 1
127851 1
127852 1
127853 1
127854 1
127855 1
127856 1
127857 1
127858 1
127859 1
127860 1
127861 1
127862 1
127863 1
127864 1
127865 1
127866 1
127867 1
127868 1
127869 1
127870 1
127871 1
127872 1
127873 1
127874 1
127875 1
127876 1
128717 1
128718 1
128719 1
128720 1
128721 1
128722 1
128723 1
128724 1
128725 1
128726 1
128727 1
128728 1
128729 1
128730 1
128731 1
128732 1
128733 1
128734 1
128735 1
128736 1
128737 1
128738 1
128739 1
128740 1
128741 1
128742 1
128743 1
128744 1
129585 1
129586 1
129587 1
129588 1
129589 1
129590 1
129591 1
129592 1
129593 1
129594 1
129595 1
129596 1
129597 1
129598 1
129599 1
129600 1
129601 1
129602 1
129603 1
129604 1
129605 1
129606 1
129607 1
129608 1
129609 1
129610 1
129611 1
129612 1
130453 1
130454 1
130455 1
130456 1
130457 1
130458 1
130459 1
130460 1
130461 1
130462 1
130463 1
130464 1
130465 1
130466 1
130467 1
130468 1
130469 1
130470 1
130471 1
130472 1
130473 1
130474 1
130475 1
130476 1
130477 1
130478 1
130479 1
130480 1
131321 1
131322 1
131323 1
131324 1
131325 1
131326 1
131327 1
131328 1
131329 1
131330 1
131331 1
131332 1
131333 1
131334 1
131335 1
131336 1
131337 1
131338 1
131339 1
131340 1
131341 1
131342 1
131343 1
131344 1
131345 1
131346 1
131347 1
131348 1
132189 1
132190 1
132191 1
132192 1
132193 1
132194 1
132195 1
132196 1
132197 1
132198 1
132199 1
132200 1
132201 1
132202 1
132203 1
132204 1
132205 1
132206 1
132207 1
132208 1
132209 1
132210 1
132211 1
132212 1
132213 1
132214 1
132215 1
132216 1
133057 1
133058 1
133059 1
133060 1
133061 1
133062 1
133063 1
133064 1
133065 1
133066 1
133067 1
133068 1
133069 1
133070 1
133071 1
133072 1
133073 1
133074 1
133075 1
133076 1
133077 1
133078 1
133079 1
133080 1
133081 1
133082 1
133083 1
133084 1
133925 1
133926 1
133927 1
133928 1
133929 1
133930 1
133931 1
133932 1
133933 1
133934 1
133935 1
133936 1
133937 1
133938 1
133939 1
133940 1
133941 1
133942 1
133943 1
133944 1
133945 1
133946 1
133947 1
133948 1
133949 1
133950 1
133951 1
133952 1
134793 1
134794 1
134795 1
134796 1
134797 1
134798 1
134799 1
134800 1
134801 1
134802 1
134803 1
134804 1
134805 1
134806 1
134807 1
134808 1
134809 1
134810 1
134811 1
134812 1
134813 1
134814 1
134815 1
134816 1
134817 1
134818 1
134819 1
134820 1
135661 1
135662 1
135663 1
135664 1
135665 1
135666 1
135667 1
135668 1
135669 1
135670 1
135671 1
135672 1
135673 1
135674 1
135675 1
135676 1
135677 1
135678 1
135679 1
135680 1
135681 1
135682 1
135683 1
135684 1
135685 1
135686 1
135687 1
135688 1
136529 1
136530 1
136531 1
136532 1
136533 1
136534 1
136535 1
136536 1
136537 1
136538 1
136539 1
136540 1
136541 1
136542 1
136543 1
136544 1
136545 1
136546 1
136547 1
136548 1
136549 1
136550 1
136551 1
136552 1
136553 1
136554 1
136555 1
136556 1
137397 1
137398 1
137399 1
137400 1
137401 1
137402 1
137403 1
137404 1
137405 1
137406 1
137407 1
137408 1
137409 1
137410 1
137411 1
137412 1
137413 1
137414 1
137415 1
137416 1
137417 1
137418 1
137419 1
137420 1
137421 1
137422 1
137423 1
137424 1
138265 1
138266 1
138267 1
138268 1
138269 1
138270 1
138271 1
138272 1
138273 1
138274 1
138275 1
138276 1
138277 1
138278 1
138279 1
138280 1
138281 1
138282 1
138283 1
138284 1
138285 1
138286 1
138287 1
138288 1
138289 1
138290 1
138291 1
138292 1
139133 1
139134 1
139135 1
139136 1
139137 1
139138 1
139139 1
139140 1
139141 1
139142 1
139143 1
139144 1
139145 1
139146 1
139147 1
139148 1
139149 1
139150 1
139151 1
139152 1
139153 1
139154 1
139155 1
139156 1
139157 1
139158 1
139159 1
139160 1
