2 0.0
9296
12601 2
12602 2
12603 2
12610 2
12611 2
12612 2
12619 2
12620 2
12621 2
12628 2
12629 2
12630 2
12637 2
12638 2
12639 2
12646 2
12647 2
12648 2
12655 2
12656 2
12657 2
12664 2
12665 2
12666 2
12673 2
12674 2
12675 2
12682 2
12683 2
12684 2
12691 2
12692 2
12693 2
12700 2
12701 2
12702 2
12709 2
12710 2
12711 2
12718 2
12719 2
12720 2
12727 2
12728 2
12729 2
12736 2
12737 2
12738 2
12745 2
12746 2
12747 2
12754 2
12755 2
12756 2
12763 2
12764 2
12765 2
12772 2
12773 2
12774 2
12781 2
12782 2
12783 2
12790 2
12791 2
12792 2
12799 2
12800 2
12801 2
12808 2
12809 2
12810 2
12817 2
12818 2
12819 2
18901 2
18902 2
18903 2
18910 2
18911 2
18912 2
18919 2
18920 2
18921 2
18928 2
18929 2
18930 2
18937 2
18938 2
18939 2
18946 2
18947 2
18948 2
18955 2
18956 2
18957 2
18964 2
18965 2
18966 2
18973 2
18974 2
18975 2
18982 2
18983 2
18984 2
18991 2
18992 2
18993 2
19000 2
19001 2
19002 2
19009 2
19010 2
19011 2
19018 2
19019 2
19020 2
19027 2
19028 2
19029 2
19036 2
19037 2
19038 2
19045 2
19046 2
19047 2
19054 2
19055 2
19056 2
19063 2
19064 2
19065 2
19072 2
19073 2
19074 2
19081 2
19082 2
19083 2
19090 2
19091 2
19092 2
19099 2
19100 2
19101 2
19108 2
19109 2
19110 2
19117 2
19118 2
19119 2
25201 2
25202 2
25203 2
25210 2
25211 2
25212 2
25219 2
25220 2
25221 2
25228 2
25229 2
25230 2
25237 2
25238 2
25239 2
25246 2
25247 2
25248 2
25255 2
25256 2
25257 2
25264 2
25265 2
25266 2
25273 2
25274 2
25275 2
25282 2
25283 2
25284 2
25291 2
25292 2
25293 2
25300 2
25301 2
25302 2
25309 2
25310 2
25311 2
25318 2
25319 2
25320 2
25327 2
25328 2
25329 2
25336 2
25337 2
25338 2
25345 2
25346 2
25347 2
25354 2
25355 2
25356 2
25363 2
25364 2
25365 2
25372 2
25373 2
25374 2
25381 2
25382 2
25383 2
25390 2
25391 2
25392 2
25399 2
25400 2
25401 2
25408 2
25409 2
25410 2
25417 2
25418 2
25419 2
31501 2
31502 2
31503 2
31510 2
31511 2
31512 2
31519 2
31520 2
31521 2
31528 2
31529 2
31530 2
31537 2
31538 2
31539 2
31546 2
31547 2
31548 2
31555 2
31556 2
31557 2
31564 2
31565 2
31566 2
31573 2
31574 2
31575 2
31582 2
31583 2
31584 2
31591 2
31592 2
31593 2
31600 2
31601 2
31602 2
31609 2
31610 2
31611 2
31618 2
31619 2
31620 2
31627 2
31628 2
31629 2
31636 2
31637 2
31638 2
31645 2
31646 2
31647 2
31654 2
31655 2
31656 2
31663 2
31664 2
31665 2
31672 2
31673 2
31674 2
31681 2
31682 2
31683 2
31690 2
31691 2
31692 2
31699 2
31700 2
31701 2
31708 2
31709 2
31710 2
31717 2
31718 2
31719 2
37801 2
37802 2
37803 2
37810 2
37811 2
37812 2
37819 2
37820 2
37821 2
37828 2
37829 2
37830 2
37837 2
37838 2
37839 2
37846 2
37847 2
37848 2
37855 2
37856 2
37857 2
37864 2
37865 2
37866 2
37873 2
37874 2
37875 2
37882 2
37883 2
37884 2
37891 2
37892 2
37893 2
37900 2
37901 2
37902 2
37909 2
37910 2
37911 2
37918 2
37919 2
37920 2
37927 2
37928 2
37929 2
37936 2
37937 2
37938 2
37945 2
37946 2
37947 2
37954 2
37955 2
37956 2
37963 2
37964 2
37965 2
37972 2
37973 2
37974 2
37981 2
37982 2
37983 2
37990 2
37991 2
37992 2
37999 2
38000 2
38001 2
38008 2
38009 2
38010 2
38017 2
38018 2
38019 2
44101 2
44102 2
44103 2
44110 2
44111 2
44112 2
44119 2
44120 2
44121 2
44128 2
44129 2
44130 2
44137 2
44138 2
44139 2
44146 2
44147 2
44148 2
44155 2
44156 2
44157 2
44164 2
44165 2
44166 2
44173 2
44174 2
44175 2
44182 2
44183 2
44184 2
44191 2
44192 2
44193 2
44200 2
44201 2
44202 2
44209 2
44210 2
44211 2
44218 2
44219 2
44220 2
44227 2
44228 2
44229 2
44236 2
44237 2
44238 2
44245 2
44246 2
44247 2
44254 2
44255 2
44256 2
44263 2
44264 2
44265 2
44272 2
44273 2
44274 2
44281 2
44282 2
44283 2
44290 2
44291 2
44292 2
44299 2
44300 2
44301 2
44308 2
44309 2
44310 2
44317 2
44318 2
44319 2
7 4
8 4
9 4
259 4
260 4
261 4
511 4
512 4
513 4
763 4
764 4
765 4
1015 4
1016 4
1017 4
1267 4
1268 4
1269 4
1519 4
1520 4
1521 4
1771 4
1772 4
1773 4
2023 4
2024 4
2025 4
2275 4
2276 4
2277 4
2527 4
2528 4
2529 4
2779 4
2780 4
2781 4
3031 4
3032 4
3033 4
3283 4
3284 4
3285 4
3535 4
3536 4
3537 4
3787 4
3788 4
3789 4
4039 4
4040 4
4041 4
4291 4
4292 4
4293 4
4543 4
4544 4
4545 4
4795 4
4796 4
4797 4
5047 4
5048 4
5049 4
5299 4
5300 4
5301 4
5551 4
5552 4
5553 4
5803 4
5804 4
5805 4
6055 4
6056 4
6057 4
148401 3
148402 3
148403 3
148653 3
148654 3
148655 3
148905 3
148906 3
148907 3
149157 3
149158 3
149159 3
149409 3
149410 3
149411 3
149661 3
149662 3
149663 3
184017 5
184020 5
184023 5
184026 5
184029 5
184032 5
184035 5
184038 5
184041 5
184044 5
184047 5
184050 5
184053 5
184056 5
184059 5
184062 5
184065 5
184068 5
184071 5
184074 5
184077 5
184080 5
184083 5
184086 5
184089 5
184092 5
184095 5
184098 5
184101 5
184104 5
184107 5
184110 5
184113 5
184116 5
184119 5
184122 5
184125 5
184128 5
184131 5
184134 5
184137 5
184140 5
184143 5
184146 5
184149 5
184152 5
184155 5
184158 5
184161 5
184164 5
184167 5
184170 5
184173 5
184176 5
184179 5
184182 5
184185 5
184188 5
184191 5
184194 5
184197 5
184200 5
184203 5
184206 5
184209 5
184212 5
184215 5
184218 5
184221 5
184224 5
184227 5
184230 5
184233 5
184236 5
184239 5
196617 5
196620 5
196623 5
196626 5
196629 5
196632 5
196635 5
196638 5
196641 5
196644 5
196647 5
196650 5
196653 5
196656 5
196659 5
196662 5
196665 5
196668 5
196671 5
196674 5
196677 5
196680 5
196683 5
196686 5
196689 5
196692 5
196695 5
196698 5
196701 5
196704 5
196707 5
196710 5
196713 5
196716 5
196719 5
196722 5
196725 5
196728 5
196731 5
196734 5
196737 5
196740 5
196743 5
196746 5
196749 5
196752 5
196755 5
196758 5
196761 5
196764 5
196767 5
196770 5
196773 5
196776 5
196779 5
196782 5
196785 5
196788 5
196791 5
196794 5
196797 5
196800 5
196803 5
196806 5
196809 5
196812 5
196815 5
196818 5
196821 5
196824 5
196827 5
196830 5
196833 5
196836 5
196839 5
202917 5
202920 5
202923 5
202926 5
202929 5
202932 5
202935 5
202938 5
202941 5
202944 5
202947 5
202950 5
202953 5
202956 5
202959 5
202962 5
202965 5
202968 5
202971 5
202974 5
202977 5
202980 5
202983 5
202986 5
202989 5
202992 5
202995 5
202998 5
203001 5
203004 5
203007 5
203010 5
203013 5
203016 5
203019 5
203022 5
203025 5
203028 5
203031 5
203034 5
203037 5
203040 5
203043 5
203046 5
203049 5
203052 5
203055 5
203058 5
203061 5
203064 5
203067 5
203070 5
203073 5
203076 5
203079 5
203082 5
203085 5
203088 5
203091 5
203094 5
203097 5
203100 5
203103 5
203106 5
203109 5
203112 5
203115 5
203118 5
203121 5
203124 5
203127 5
203130 5
203133 5
203136 5
203139 5
209217 5
209220 5
209223 5
209226 5
209229 5
209232 5
209235 5
209238 5
209241 5
209244 5
209247 5
209250 5
209253 5
209256 5
209259 5
209262 5
209265 5
209268 5
209271 5
209274 5
209277 5
209280 5
209283 5
209286 5
209289 5
209292 5
209295 5
209298 5
209301 5
209304 5
209307 5
209310 5
209313 5
209316 5
209319 5
209322 5
209325 5
209328 5
209331 5
209334 5
209337 5
209340 5
209343 5
209346 5
209349 5
209352 5
209355 5
209358 5
209361 5
209364 5
209367 5
209370 5
209373 5
209376 5
209379 5
209382 5
209385 5
209388 5
209391 5
209394 5
209397 5
209400 5
209403 5
209406 5
209409 5
209412 5
209415 5
209418 5
209421 5
209424 5
209427 5
209430 5
209433 5
209436 5
209439 5
215517 5
215520 5
215523 5
215526 5
215529 5
215532 5
215535 5
215538 5
215541 5
215544 5
215547 5
215550 5
215553 5
215556 5
215559 5
215562 5
215565 5
215568 5
215571 5
215574 5
215577 5
215580 5
215583 5
215586 5
215589 5
215592 5
215595 5
215598 5
215601 5
215604 5
215607 5
215610 5
215613 5
215616 5
215619 5
215622 5
215625 5
215628 5
215631 5
215634 5
215637 5
215640 5
215643 5
215646 5
215649 5
215652 5
215655 5
215658 5
215661 5
215664 5
215667 5
215670 5
215673 5
215676 5
215679 5
215682 5
215685 5
215688 5
215691 5
215694 5
215697 5
215700 5
215703 5
215706 5
215709 5
215712 5
215715 5
215718 5
215721 5
215724 5
215727 5
215730 5
215733 5
215736 5
215739 5
221817 5
221820 5
221823 5
221826 5
221829 5
221832 5
221835 5
221838 5
221841 5
221844 5
221847 5
221850 5
221853 5
221856 5
221859 5
221862 5
221865 5
221868 5
221871 5
221874 5
221877 5
221880 5
221883 5
221886 5
221889 5
221892 5
221895 5
221898 5
221901 5
221904 5
221907 5
221910 5
221913 5
221916 5
221919 5
221922 5
221925 5
221928 5
221931 5
221934 5
221937 5
221940 5
221943 5
221946 5
221949 5
221952 5
221955 5
221958 5
221961 5
221964 5
221967 5
221970 5
221973 5
221976 5
221979 5
221982 5
221985 5
221988 5
221991 5
221994 5
221997 5
222000 5
222003 5
222006 5
222009 5
222012 5
222015 5
222018 5
222021 5
222024 5
222027 5
222030 5
222033 5
222036 5
222039 5
228117 5
228120 5
228123 5
228126 5
228129 5
228132 5
228135 5
228138 5
228141 5
228144 5
228147 5
228150 5
228153 5
228156 5
228159 5
228162 5
228165 5
228168 5
228171 5
228174 5
228177 5
228180 5
228183 5
228186 5
228189 5
228192 5
228195 5
228198 5
228201 5
228204 5
228207 5
228210 5
228213 5
228216 5
228219 5
228222 5
228225 5
228228 5
228231 5
228234 5
228237 5
228240 5
228243 5
228246 5
228249 5
228252 5
228255 5
228258 5
228261 5
228264 5
228267 5
228270 5
228273 5
228276 5
228279 5
228282 5
228285 5
228288 5
228291 5
228294 5
228297 5
228300 5
228303 5
228306 5
228309 5
228312 5
228315 5
228318 5
228321 5
228324 5
228327 5
228330 5
228333 5
228336 5
228339 5
151425 3
151426 3
151427 3
151434 3
151435 3
151436 3
151443 3
151444 3
151445 3
151452 3
151453 3
151454 3
151461 3
151462 3
151463 3
151470 3
151471 3
151472 3
152937 3
152938 3
152939 3
152946 3
152947 3
152948 3
152955 3
152956 3
152957 3
152964 3
152965 3
152966 3
152973 3
152974 3
152975 3
152982 3
152983 3
152984 3
154449 3
154450 3
154451 3
154458 3
154459 3
154460 3
154467 3
154468 3
154469 3
154476 3
154477 3
154478 3
154485 3
154486 3
154487 3
154494 3
154495 3
154496 3
155961 3
155962 3
155963 3
155970 3
155971 3
155972 3
155979 3
155980 3
155981 3
155988 3
155989 3
155990 3
155997 3
155998 3
155999 3
156006 3
156007 3
156008 3
157473 3
157474 3
157475 3
157482 3
157483 3
157484 3
157491 3
157492 3
157493 3
157500 3
157501 3
157502 3
157509 3
157510 3
157511 3
157518 3
157519 3
157520 3
158985 3
158986 3
158987 3
158994 3
158995 3
158996 3
159003 3
159004 3
159005 3
159012 3
159013 3
159014 3
159021 3
159022 3
159023 3
159030 3
159031 3
159032 3
169569 1
169570 1
169571 1
169572 1
169573 1
169574 1
169737 1
169738 1
169739 1
169740 1
169741 1
169742 1
169905 1
169906 1
169907 1
169908 1
169909 1
169910 1
170073 1
170074 1
170075 1
170076 1
170077 1
170078 1
170241 1
170242 1
170243 1
170244 1
170245 1
170246 1
170409 1
170410 1
170411 1
170412 1
170413 1
170414 1
170577 1
170578 1
170579 1
170580 1
170581 1
170582 1
170745 1
170746 1
170747 1
170748 1
170749 1
170750 1
170913 1
170914 1
170915 1
170916 1
170917 1
170918 1
171081 1
171082 1
171083 1
171084 1
171085 1
171086 1
171249 1
171250 1
171251 1
171252 1
171253 1
171254 1
171417 1
171418 1
171419 1
171420 1
171421 1
171422 1
171585 1
171586 1
171587 1
171588 1
171589 1
171590 1
171753 1
171754 1
171755 1
171756 1
171757 1
171758 1
171921 1
171922 1
171923 1
171924 1
171925 1
171926 1
172089 1
172090 1
172091 1
172092 1
172093 1
172094 1
172257 1
172258 1
172259 1
172260 1
172261 1
172262 1
172425 1
172426 1
172427 1
172428 1
172429 1
172430 1
172593 1
172594 1
172595 1
172596 1
172597 1
172598 1
172761 1
172762 1
172763 1
172764 1
172765 1
172766 1
172929 1
172930 1
172931 1
172932 1
172933 1
172934 1
173097 1
173098 1
173099 1
173100 1
173101 1
173102 1
173265 1
173266 1
173267 1
173268 1
173269 1
173270 1
173433 1
173434 1
173435 1
173436 1
173437 1
173438 1
173601 1
173602 1
173603 1
173604 1
173605 1
173606 1
173769 1
173770 1
173771 1
173772 1
173773 1
173774 1
173937 1
173938 1
173939 1
173940 1
173941 1
173942 1
174105 1
174106 1
174107 1
174108 1
174109 1
174110 1
174273 1
174274 1
174275 1
174276 1
174277 1
174278 1
174441 1
174442 1
174443 1
174444 1
174445 1
174446 1
174610 4
174611 4
174612 4
174613 4
174974 4
174975 4
174976 4
174977 4
175338 4
175339 4
175340 4
175341 4
175351 4
175352 4
175353 4
175354 4
175364 4
175365 4
175366 4
175367 4
175377 4
175378 4
175379 4
175380 4
88228 2
88256 2
88284 2
88312 2
88340 2
88368 2
88396 2
88424 2
88452 2
88480 2
88508 2
88536 2
88564 2
88592 2
88620 2
88648 2
88676 2
88704 2
88732 2
88760 2
88788 2
88816 2
88844 2
88872 2
88900 2
88928 2
88956 2
88984 2
89012 2
89040 2
89060 2
89096 2
89124 2
89152 2
89180 2
89208 2
89236 2
89264 2
89292 2
89320 2
89348 2
89376 2
89404 2
89432 2
89460 2
89488 2
89516 2
89544 2
89572 2
89600 2
89628 2
89656 2
89684 2
89712 2
89740 2
89768 2
89796 2
89824 2
89852 2
89880 2
89908 2
89964 2
89992 2
90020 2
90048 2
90076 2
90104 2
90132 2
90160 2
90188 2
90216 2
90244 2
90272 2
90300 2
90328 2
90356 2
90384 2
90412 2
90440 2
90468 2
90496 2
90524 2
90552 2
90580 2
90608 2
90636 2
90664 2
90692 2
90720 2
90748 2
90776 2
90786 2
90802 2
90832 2
90860 2
90888 2
90916 2
90944 2
90972 2
91000 2
91028 2
91056 2
91084 2
91112 2
91140 2
91168 2
91196 2
91224 2
91252 2
91280 2
91308 2
91336 2
91364 2
91392 2
91420 2
91448 2
91476 2
91504 2
91532 2
91560 2
91588 2
91616 2
91644 2
91645 2
91665 2
91700 2
91728 2
91756 2
91784 2
91812 2
91840 2
91868 2
91896 2
91924 2
91952 2
91980 2
92008 2
92036 2
92064 2
92092 2
92120 2
92148 2
92176 2
92204 2
92232 2
92260 2
92288 2
92316 2
92344 2
92372 2
92400 2
92428 2
92456 2
92484 2
92512 2
92516 2
92568 2
92596 2
92624 2
92652 2
92680 2
92708 2
92736 2
92764 2
92792 2
92820 2
92848 2
92876 2
92904 2
92932 2
92960 2
92988 2
93016 2
93044 2
93072 2
93100 2
93128 2
93156 2
93184 2
93212 2
93240 2
93268 2
93296 2
93324 2
93352 2
93380 2
93395 2
93436 2
93464 2
93492 2
93520 2
93548 2
93576 2
93604 2
93632 2
93660 2
93688 2
93716 2
93744 2
93772 2
93800 2
93828 2
93856 2
93884 2
93912 2
93940 2
93968 2
93996 2
94024 2
94052 2
94080 2
94108 2
94136 2
94164 2
94192 2
94220 2
94248 2
94274 2
94304 2
94332 2
94360 2
94388 2
94416 2
94444 2
94472 2
94500 2
94528 2
94556 2
94584 2
94612 2
94640 2
94668 2
94696 2
94724 2
94752 2
94780 2
94808 2
94836 2
94864 2
94892 2
94920 2
94948 2
94976 2
95004 2
95032 2
95060 2
95088 2
95116 2
95125 2
95172 2
95200 2
95228 2
95256 2
95284 2
95312 2
95340 2
95368 2
95396 2
95424 2
95452 2
95480 2
95508 2
95536 2
95564 2
95592 2
95620 2
95648 2
95676 2
95704 2
95732 2
95760 2
95788 2
95816 2
95844 2
95872 2
95900 2
95928 2
95956 2
95984 2
96004 2
96040 2
96068 2
96096 2
96124 2
96152 2
96180 2
96208 2
96236 2
96264 2
96292 2
96320 2
96348 2
96376 2
96404 2
96432 2
96460 2
96488 2
96516 2
96544 2
96572 2
96600 2
96628 2
96656 2
96684 2
96712 2
96740 2
96768 2
96796 2
96824 2
96852 2
96855 2
96908 2
96936 2
96964 2
96992 2
97020 2
97048 2
97076 2
97104 2
97132 2
97160 2
97188 2
97216 2
97244 2
97272 2
97300 2
97328 2
97356 2
97384 2
97412 2
97440 2
97468 2
97496 2
97524 2
97552 2
97580 2
97608 2
97636 2
97664 2
97692 2
97720 2
97734 2
97776 2
97804 2
97832 2
97860 2
97888 2
97916 2
97944 2
97972 2
98000 2
98028 2
98056 2
98084 2
98112 2
98140 2
98168 2
98196 2
98224 2
98252 2
98280 2
98308 2
98336 2
98364 2
98392 2
98420 2
98448 2
98476 2
98504 2
98532 2
98560 2
98588 2
98613 2
98644 2
98672 2
98700 2
98728 2
98756 2
98784 2
98812 2
98840 2
98868 2
98896 2
98924 2
98952 2
98980 2
99008 2
99036 2
99064 2
99092 2
99120 2
99148 2
99176 2
99204 2
99232 2
99260 2
99288 2
99316 2
99344 2
99372 2
99400 2
99428 2
99456 2
99464 2
99512 2
99540 2
99568 2
99596 2
99624 2
99652 2
99680 2
99708 2
99736 2
99764 2
99792 2
99820 2
99848 2
99876 2
99904 2
99932 2
99960 2
99988 2
100016 2
100044 2
100072 2
100100 2
100128 2
100156 2
100184 2
100212 2
100240 2
100268 2
100296 2
100324 2
100343 2
100380 2
100408 2
100436 2
100464 2
100492 2
100520 2
100548 2
100576 2
100604 2
100632 2
100660 2
100688 2
100716 2
100744 2
100772 2
100800 2
100828 2
100856 2
100884 2
100912 2
100940 2
100968 2
100996 2
101024 2
101052 2
101080 2
101108 2
101136 2
101164 2
101192 2
101194 2
101248 2
101276 2
101304 2
101332 2
101360 2
101388 2
101416 2
101444 2
101472 2
101500 2
101528 2
101556 2
101584 2
101612 2
101640 2
101668 2
101696 2
101724 2
101752 2
101780 2
101808 2
101836 2
101864 2
101892 2
101920 2
101948 2
101976 2
102004 2
102032 2
102060 2
102073 2
102116 2
102144 2
102172 2
102200 2
102228 2
102256 2
102284 2
102312 2
102340 2
102368 2
102396 2
102424 2
102452 2
102480 2
102508 2
102536 2
102564 2
102592 2
102620 2
102648 2
102676 2
102704 2
102732 2
102760 2
102788 2
102816 2
102844 2
102872 2
102900 2
102928 2
102952 2
102984 2
103012 2
103040 2
103068 2
103096 2
103124 2
103152 2
103180 2
103208 2
103236 2
103264 2
103292 2
103320 2
103348 2
103376 2
103404 2
103432 2
103460 2
103488 2
103516 2
103544 2
103572 2
103600 2
103628 2
103656 2
103684 2
103712 2
103740 2
103768 2
103796 2
103803 2
103852 2
103880 2
103908 2
103936 2
103964 2
103992 2
104020 2
104048 2
104076 2
104104 2
104132 2
104160 2
104188 2
104216 2
104244 2
104272 2
104300 2
104328 2
104356 2
104384 2
104412 2
104440 2
104468 2
104496 2
104524 2
104552 2
104580 2
104608 2
104636 2
104664 2
104682 2
104720 2
104748 2
104776 2
104804 2
104832 2
104860 2
104888 2
104916 2
104944 2
104972 2
105000 2
105028 2
105056 2
105084 2
105112 2
105140 2
105168 2
105196 2
105224 2
105252 2
105280 2
105308 2
105336 2
105364 2
105392 2
105420 2
105448 2
105476 2
105504 2
105532 2
105588 2
105616 2
105644 2
105672 2
105700 2
105728 2
105756 2
105784 2
105812 2
105840 2
105868 2
105896 2
105924 2
105952 2
105980 2
106008 2
106036 2
106064 2
106092 2
106120 2
106148 2
106176 2
106204 2
106232 2
106260 2
106288 2
106316 2
106344 2
106372 2
106400 2
106412 2
106456 2
106484 2
106512 2
106540 2
106568 2
106596 2
106624 2
106652 2
106680 2
106708 2
106736 2
106764 2
106792 2
106820 2
106848 2
106876 2
106904 2
106932 2
106960 2
106988 2
107016 2
107044 2
107072 2
107100 2
107128 2
107156 2
107184 2
107212 2
107240 2
107268 2
107291 2
107324 2
107352 2
107380 2
107408 2
107436 2
107464 2
107492 2
107520 2
107548 2
107576 2
107604 2
107632 2
107660 2
107688 2
107716 2
107744 2
107772 2
107800 2
107828 2
107856 2
107884 2
107912 2
107940 2
107968 2
107996 2
108024 2
108052 2
108080 2
108108 2
108136 2
108142 2
108192 2
108220 2
108248 2
108276 2
108304 2
108332 2
108360 2
108388 2
108416 2
108444 2
108472 2
108500 2
108528 2
108556 2
108584 2
108612 2
108640 2
108668 2
108696 2
108724 2
108752 2
108780 2
108808 2
108836 2
108864 2
108892 2
108920 2
108948 2
108976 2
109004 2
109021 2
109060 2
109088 2
109116 2
109144 2
109172 2
109200 2
109202 4
109203 4
109204 4
109205 4
109228 4
109229 4
109230 4
109231 4
109592 4
109593 4
109594 4
109595 4
109605 4
109606 4
109607 4
109608 4
109618 4
109619 4
109620 4
109621 4
109631 4
109632 4
109633 4
109634 4
109644 4
109645 4
109646 4
109647 4
109657 4
109658 4
109659 4
109660 4
109670 4
109671 4
109672 4
109673 4
109683 4
109684 4
109685 4
109686 4
109696 4
109697 4
109698 4
109699 4
109709 4
109710 4
109711 4
109712 4
109722 4
109723 4
109724 4
109725 4
109735 4
109736 4
109737 4
109738 4
109748 4
109749 4
109750 4
109751 4
109761 4
109762 4
109763 4
109764 4
109774 4
109775 4
109776 4
109777 4
109787 4
109788 4
109789 4
109790 4
109800 4
109801 4
109802 4
109803 4
109813 4
109814 4
109815 4
109816 4
109826 4
109827 4
109828 4
109829 4
109839 4
109840 4
109841 4
109842 4
109852 4
109853 4
109854 4
109855 4
109865 4
109866 4
109867 4
109868 4
109878 4
109879 4
109880 4
109881 4
272218 1
272219 1
272220 1
272221 1
272222 1
272223 1
272224 1
272225 1
272226 1
272227 1
272228 1
272229 1
272230 1
272231 1
272232 1
272233 1
272234 1
272235 1
272236 1
272237 1
272238 1
272239 1
272240 1
272241 1
272242 1
272243 1
272244 1
272245 1
272246 1
272247 1
273086 1
273087 1
273088 1
273089 1
273090 1
273091 1
273092 1
273093 1
273094 1
273095 1
273096 1
273097 1
273098 1
273099 1
273100 1
273101 1
273102 1
273103 1
273104 1
273105 1
273106 1
273107 1
273108 1
273109 1
273110 1
273111 1
273112 1
273113 1
273114 1
273115 1
273954 1
273955 1
273956 1
273957 1
273958 1
273959 1
273960 1
273961 1
273962 1
273963 1
273964 1
273965 1
273966 1
273967 1
273968 1
273969 1
273970 1
273971 1
273972 1
273973 1
273974 1
273975 1
273976 1
273977 1
273978 1
273979 1
273980 1
273981 1
273982 1
273983 1
274822 1
274823 1
274824 1
274825 1
274826 1
274827 1
274828 1
274829 1
274830 1
274831 1
274832 1
274833 1
274834 1
274835 1
274836 1
274837 1
274838 1
274839 1
274840 1
274841 1
274842 1
274843 1
274844 1
274845 1
274846 1
274847 1
274848 1
274849 1
274850 1
274851 1
275690 1
275691 1
275692 1
275693 1
275694 1
275695 1
275696 1
275697 1
275698 1
275699 1
275700 1
275701 1
275702 1
275703 1
275704 1
275705 1
275706 1
275707 1
275708 1
275709 1
275710 1
275711 1
275712 1
275713 1
275714 1
275715 1
275716 1
275717 1
275718 1
275719 1
276558 1
276559 1
276560 1
276561 1
276562 1
276563 1
276564 1
276565 1
276566 1
276567 1
276568 1
276569 1
276570 1
276571 1
276572 1
276573 1
276574 1
276575 1
276576 1
276577 1
276578 1
276579 1
276580 1
276581 1
276582 1
276583 1
276584 1
276585 1
276586 1
276587 1
277426 1
277427 1
277428 1
277429 1
277430 1
277431 1
277432 1
277433 1
277434 1
277435 1
277436 1
277437 1
277438 1
277439 1
277440 1
277441 1
277442 1
277443 1
277444 1
277445 1
277446 1
277447 1
277448 1
277449 1
277450 1
277451 1
277452 1
277453 1
277454 1
277455 1
278294 1
278295 1
278296 1
278297 1
278298 1
278299 1
278300 1
278301 1
278302 1
278303 1
278304 1
278305 1
278306 1
278307 1
278308 1
278309 1
278310 1
278311 1
278312 1
278313 1
278314 1
278315 1
278316 1
278317 1
278318 1
278319 1
278320 1
278321 1
278322 1
278323 1
279162 1
279163 1
279164 1
279165 1
279166 1
279167 1
279168 1
279169 1
279170 1
279171 1
279172 1
279173 1
279174 1
279175 1
279176 1
279177 1
279178 1
279179 1
279180 1
279181 1
279182 1
279183 1
279184 1
279185 1
279186 1
279187 1
279188 1
279189 1
279190 1
279191 1
280030 1
280031 1
280032 1
280033 1
280034 1
280035 1
280036 1
280037 1
280038 1
280039 1
280040 1
280041 1
280042 1
280043 1
280044 1
280045 1
280046 1
280047 1
280048 1
280049 1
280050 1
280051 1
280052 1
280053 1
280054 1
280055 1
280056 1
280057 1
280058 1
280059 1
280898 1
280899 1
280900 1
280901 1
280902 1
280903 1
280904 1
280905 1
280906 1
280907 1
280908 1
280909 1
280910 1
280911 1
280912 1
280913 1
280914 1
280915 1
280916 1
280917 1
280918 1
280919 1
280920 1
280921 1
280922 1
280923 1
280924 1
280925 1
280926 1
280927 1
281766 1
281767 1
281768 1
281769 1
281770 1
281771 1
281772 1
281773 1
281774 1
281775 1
281776 1
281777 1
281778 1
281779 1
281780 1
281781 1
281782 1
281783 1
281784 1
281785 1
281786 1
281787 1
281788 1
281789 1
281790 1
281791 1
281792 1
281793 1
281794 1
281795 1
282634 1
282635 1
282636 1
282637 1
282638 1
282639 1
282640 1
282641 1
282642 1
282643 1
282644 1
282645 1
282646 1
282647 1
282648 1
282649 1
282650 1
282651 1
282652 1
282653 1
282654 1
282655 1
282656 1
282657 1
282658 1
282659 1
282660 1
282661 1
282662 1
282663 1
283502 1
283503 1
283504 1
283505 1
283506 1
283507 1
283508 1
283509 1
283510 1
283511 1
283512 1
283513 1
283514 1
283515 1
283516 1
283517 1
283518 1
283519 1
283520 1
283521 1
283522 1
283523 1
283524 1
283525 1
283526 1
283527 1
283528 1
283529 1
283530 1
283531 1
284370 1
284371 1
284372 1
284373 1
284374 1
284375 1
284376 1
284377 1
284378 1
284379 1
284380 1
284381 1
284382 1
284383 1
284384 1
284385 1
284386 1
284387 1
284388 1
284389 1
284390 1
284391 1
284392 1
284393 1
284394 1
284395 1
284396 1
284397 1
284398 1
284399 1
285238 1
285239 1
285240 1
285241 1
285242 1
285243 1
285244 1
285245 1
285246 1
285247 1
285248 1
285249 1
285250 1
285251 1
285252 1
285253 1
285254 1
285255 1
285256 1
285257 1
285258 1
285259 1
285260 1
285261 1
285262 1
285263 1
285264 1
285265 1
285266 1
285267 1
286106 1
286107 1
286108 1
286109 1
286110 1
286111 1
286112 1
286113 1
286114 1
286115 1
286116 1
286117 1
286118 1
286119 1
286120 1
286121 1
286122 1
286123 1
286124 1
286125 1
286126 1
286127 1
286128 1
286129 1
286130 1
286131 1
286132 1
286133 1
286134 1
286135 1
286974 1
286975 1
286976 1
286977 1
286978 1
286979 1
286980 1
286981 1
286982 1
286983 1
286984 1
286985 1
286986 1
286987 1
286988 1
286989 1
286990 1
286991 1
286992 1
286993 1
286994 1
286995 1
286996 1
286997 1
286998 1
286999 1
287000 1
287001 1
287002 1
287003 1
287842 1
287843 1
287844 1
287845 1
287846 1
287847 1
287848 1
287849 1
287850 1
287851 1
287852 1
287853 1
287854 1
287855 1
287856 1
287857 1
287858 1
287859 1
287860 1
287861 1
287862 1
287863 1
287864 1
287865 1
287866 1
287867 1
287868 1
287869 1
287870 1
287871 1
288710 1
288711 1
288712 1
288713 1
288714 1
288715 1
288716 1
288717 1
288718 1
288719 1
288720 1
288721 1
288722 1
288723 1
288724 1
288725 1
288726 1
288727 1
288728 1
288729 1
288730 1
288731 1
288732 1
288733 1
288734 1
288735 1
288736 1
288737 1
288738 1
288739 1
289578 1
289579 1
289580 1
289581 1
289582 1
289583 1
289584 1
289585 1
289586 1
289587 1
289588 1
289589 1
289590 1
289591 1
289592 1
289593 1
289594 1
289595 1
289596 1
289597 1
289598 1
289599 1
289600 1
289601 1
289602 1
289603 1
289604 1
289605 1
289606 1
289607 1
290446 1
290447 1
290448 1
290449 1
290450 1
290451 1
290452 1
290453 1
290454 1
290455 1
290456 1
290457 1
290458 1
290459 1
290460 1
290461 1
290462 1
290463 1
290464 1
290465 1
290466 1
290467 1
290468 1
290469 1
290470 1
290471 1
290472 1
290473 1
290474 1
290475 1
291314 1
291315 1
291316 1
291317 1
291318 1
291319 1
291320 1
291321 1
291322 1
291323 1
291324 1
291325 1
291326 1
291327 1
291328 1
291329 1
291330 1
291331 1
291332 1
291333 1
291334 1
291335 1
291336 1
291337 1
291338 1
291339 1
291340 1
291341 1
291342 1
291343 1
292182 1
292183 1
292184 1
292185 1
292186 1
292187 1
292188 1
292189 1
292190 1
292191 1
292192 1
292193 1
292194 1
292195 1
292196 1
292197 1
292198 1
292199 1
292200 1
292201 1
292202 1
292203 1
292204 1
292205 1
292206 1
292207 1
292208 1
292209 1
292210 1
292211 1
293050 1
293051 1
293052 1
293053 1
293054 1
293055 1
293056 1
293057 1
293058 1
293059 1
293060 1
293061 1
293062 1
293063 1
293064 1
293065 1
293066 1
293067 1
293068 1
293069 1
293070 1
293071 1
293072 1
293073 1
293074 1
293075 1
293076 1
293077 1
293078 1
293079 1
293217 2
293220 6
293224 6
293228 6
293594 2
293597 6
293601 6
293605 6
293906 2
293909 6
293913 6
293917 6
293919 2
293922 6
293926 6
293930 6
293932 2
293935 6
293939 6
293943 6
293945 2
293948 6
293952 6
293956 6
293958 2
293961 6
293965 6
293969 6
293971 2
293974 6
293978 6
293982 6
293984 2
293987 6
293991 6
293995 6
293997 2
294000 6
294004 6
294008 6
294010 2
294013 6
294017 6
294021 6
294023 2
294026 6
294030 6
294034 6
294036 2
294039 6
294043 6
294047 6
294049 2
294052 6
294056 6
294060 6
294062 2
294065 6
294069 6
294073 6
294075 2
294078 6
294082 6
294086 6
294088 2
294091 6
294095 6
294099 6
294101 2
294104 6
294108 6
294112 6
294114 2
294117 6
294121 6
294125 6
294127 2
294130 6
294134 6
294138 6
294140 2
294143 6
294147 6
294151 6
294153 2
294156 6
294160 6
294164 6
294166 2
294169 6
294173 6
294177 6
294179 2
294182 6
294186 6
294190 6
294192 2
294195 6
294199 6
294203 6
190562 6
190565 6
190568 6
190814 6
190817 6
190820 6
191066 6
191069 6
191072 6
191318 6
191321 6
191324 6
191570 6
191573 6
191576 6
191822 6
191825 6
191828 6
192074 6
192077 6
192080 6
192326 6
192329 6
192332 6
192578 6
192581 6
192584 6
192830 6
192833 6
192836 6
193082 6
193085 6
193088 6
193334 6
193337 6
193340 6
193586 6
193589 6
193592 6
193838 6
193841 6
193844 6
194090 6
194093 6
194096 6
194342 6
194345 6
194348 6
194594 6
194597 6
194600 6
194846 6
194849 6
194852 6
195098 6
195101 6
195104 6
195350 6
195353 6
195356 6
195602 6
195605 6
195608 6
195854 6
195857 6
195860 6
196106 6
196109 6
196112 6
196358 6
196361 6
196364 6
196608 2
196609 2
196610 2
50644 3
50645 3
50646 3
50896 3
50897 3
50898 3
51148 3
51149 3
51150 3
51400 3
51401 3
51402 3
51652 3
51653 3
51654 3
51904 3
51905 3
51906 3
52156 3
52157 3
52158 3
52408 3
52409 3
52410 3
52660 3
52661 3
52662 3
52912 3
52913 3
52914 3
53164 3
53165 3
53166 3
53416 3
53417 3
53418 3
53668 3
53669 3
53670 3
53920 3
53921 3
53922 3
54172 3
54173 3
54174 3
54424 3
54425 3
54426 3
54676 3
54677 3
54678 3
54928 3
54929 3
54930 3
55180 3
55181 3
55182 3
55432 3
55433 3
55434 3
55684 3
55685 3
55686 3
55936 3
55937 3
55938 3
56188 3
56189 3
56190 3
56440 3
56441 3
56442 3
56692 3
56693 3
56694 3
56944 3
56945 3
56946 3
57196 3
57197 3
57198 3
57448 3
57449 3
57450 3
57700 3
57701 3
57702 3
57952 3
57953 3
57954 3
58204 3
58205 3
58206 3
58456 3
58457 3
58458 3
58708 3
58709 3
58710 3
58960 3
58961 3
58962 3
59212 3
59213 3
59214 3
59464 3
59465 3
59466 3
59716 3
59717 3
59718 3
59968 3
59969 3
59970 3
60220 3
60221 3
60222 3
60472 3
60473 3
60474 3
60724 3
60725 3
60726 3
60976 3
60977 3
60978 3
61228 3
61229 3
61230 3
61480 3
61481 3
61482 3
61732 3
61733 3
61734 3
61984 3
61985 3
61986 3
62236 3
62237 3
62238 3
62488 3
62489 3
62490 3
62740 3
62741 3
62742 3
62992 3
62993 3
62994 3
63244 3
63245 3
63246 3
63496 3
63497 3
63498 3
63748 3
63749 3
63750 3
64000 3
64001 3
64002 3
64252 3
64253 3
64254 3
64504 3
64505 3
64506 3
64756 3
64757 3
64758 3
65008 3
65009 3
65010 3
65260 3
65261 3
65262 3
65512 3
65513 3
65514 3
65764 3
65765 3
65766 3
66016 3
66017 3
66018 3
66268 3
66269 3
66270 3
66520 3
66521 3
66522 3
66772 3
66773 3
66774 3
67024 3
67025 3
67026 3
67276 3
67277 3
67278 3
67528 3
67529 3
67530 3
67780 3
67781 3
67782 3
68032 3
68033 3
68034 3
68284 3
68285 3
68286 3
68536 3
68537 3
68538 3
68788 3
68789 3
68790 3
69040 3
69041 3
69042 3
69292 3
69293 3
69294 3
69544 3
69545 3
69546 3
69796 3
69797 3
69798 3
70048 3
70049 3
70050 3
70300 3
70301 3
70302 3
70552 3
70553 3
70554 3
70804 3
70805 3
70806 3
71056 3
71057 3
71058 3
71308 3
71309 3
71310 3
71560 3
71561 3
71562 3
71812 3
71813 3
71814 3
72064 3
72065 3
72066 3
72316 3
72317 3
72318 3
72568 3
72569 3
72570 3
72820 3
72821 3
72822 3
73072 3
73073 3
73074 3
73324 3
73325 3
73326 3
73576 3
73577 3
73578 3
73828 3
73829 3
73830 3
74080 3
74081 3
74082 3
74332 3
74333 3
74334 3
74584 3
74585 3
74586 3
74836 3
74837 3
74838 3
75088 3
75089 3
75090 3
75340 3
75341 3
75342 3
75592 3
75593 3
75594 3
75844 3
75845 3
75846 3
76096 3
76097 3
76098 3
76348 3
76349 3
76350 3
76600 3
76601 3
76602 3
76852 3
76853 3
76854 3
77104 3
77105 3
77106 3
77356 3
77357 3
77358 3
77608 3
77609 3
77610 3
77860 3
77861 3
77862 3
78112 3
78113 3
78114 3
78364 3
78365 3
78366 3
78616 3
78617 3
78618 3
78868 3
78869 3
78870 3
79120 3
79121 3
79122 3
79372 3
79373 3
79374 3
79624 3
79625 3
79626 3
79876 3
79877 3
79878 3
80128 3
80129 3
80130 3
80380 3
80381 3
80382 3
80632 3
80633 3
80634 3
80884 3
80885 3
80886 3
81136 3
81137 3
81138 3
81388 3
81389 3
81390 3
81640 3
81641 3
81642 3
81892 3
81893 3
81894 3
82144 3
82145 3
82146 3
82396 3
82397 3
82398 3
82648 3
82649 3
82650 3
82900 3
82901 3
82902 3
83152 3
83153 3
83154 3
83404 3
83405 3
83406 3
83656 3
83657 3
83658 3
83908 3
83909 3
83910 3
84160 3
84161 3
84162 3
84412 3
84413 3
84414 3
84664 3
84665 3
84666 3
84916 3
84917 3
84918 3
85168 3
85169 3
85170 3
85420 3
85421 3
85422 3
85672 3
85673 3
85674 3
85924 3
85925 3
85926 3
86176 3
86177 3
86178 3
86428 3
86429 3
86430 3
86680 3
86681 3
86682 3
86932 3
86933 3
86934 3
87184 3
87185 3
87186 3
87436 3
87437 3
87438 3
87688 3
87689 3
87690 3
87940 3
87941 3
87942 3
88192 3
88193 3
88194 3
6307 1
6308 1
6309 1
6316 1
6317 1
6318 1
6325 1
6326 1
6327 1
6334 1
6335 1
6336 1
6343 1
6344 1
6345 1
6352 1
6353 1
6354 1
6361 1
6362 1
6363 1
6370 1
6371 1
6372 1
6379 1
6380 1
6381 1
6388 1
6389 1
6390 1
6397 1
6398 1
6399 1
6406 1
6407 1
6408 1
6415 1
6416 1
6417 1
6424 1
6425 1
6426 1
6433 1
6434 1
6435 1
6442 1
6443 1
6444 1
6451 1
6452 1
6453 1
6460 1
6461 1
6462 1
6469 1
6470 1
6471 1
6478 1
6479 1
6480 1
6487 1
6488 1
6489 1
6496 1
6497 1
6498 1
6505 1
6506 1
6507 1
6514 1
6515 1
6516 1
6523 1
6524 1
6525 1
149919 1
149920 1
149921 1
149928 1
149929 1
149930 1
149937 1
149938 1
149939 1
149946 1
149947 1
149948 1
149955 1
149956 1
149957 1
149964 1
149965 1
149966 1
160740 3
160741 3
160742 3
160992 3
160993 3
160994 3
161244 3
161245 3
161246 3
161496 3
161497 3
161498 3
161748 3
161749 3
161750 3
162000 3
162001 3
162002 3
162252 3
162253 3
162254 3
162504 3
162505 3
162506 3
162756 3
162757 3
162758 3
163008 3
163009 3
163010 3
163260 3
163261 3
163262 3
163512 3
163513 3
163514 3
163764 3
163765 3
163766 3
164016 3
164017 3
164018 3
164268 3
164269 3
164270 3
164520 3
164521 3
164522 3
164772 3
164773 3
164774 3
165024 3
165025 3
165026 3
165276 3
165277 3
165278 3
165528 3
165529 3
165530 3
165780 3
165781 3
165782 3
166032 3
166033 3
166034 3
166284 3
166285 3
166286 3
166536 3
166537 3
166538 3
166788 3
166789 3
166790 3
167040 3
167041 3
167042 3
167292 3
167293 3
167294 3
167544 3
167545 3
167546 3
167796 3
167797 3
167798 3
168048 3
168049 3
168050 3
168300 3
168301 3
168302 3
168552 3
168553 3
168554 3
168804 3
168805 3
168806 3
169056 3
169057 3
169058 3
169308 3
169309 3
169310 3
169560 3
169561 3
169562 3
234423 4
234424 4
234425 4
234432 4
234433 4
234434 4
234441 4
234442 4
234443 4
234450 4
234451 4
234452 4
234459 4
234460 4
234461 4
234468 4
234469 4
234470 4
234471 5
234474 5
234477 5
234480 5
234483 5
234486 5
234489 5
234492 5
234495 5
234498 5
234501 5
234504 5
234507 5
234510 5
234513 5
234516 5
234519 5
234522 5
234525 5
234528 5
234531 5
234534 5
234537 5
234540 5
234543 5
234546 5
234549 5
234552 5
234555 5
234558 5
234561 5
234564 5
234567 5
234570 5
234573 5
234576 5
234579 5
234582 5
234585 5
234588 5
234591 5
234594 5
234597 5
234600 5
234603 5
234606 5
234609 5
234612 5
234615 5
234618 5
234621 5
234624 5
234627 5
234630 5
234633 5
234636 5
234639 5
234642 5
234645 5
234648 5
234651 5
234654 5
234657 5
234660 5
234663 5
234666 5
234669 5
234672 5
234675 5
234678 5
234681 5
234684 5
234687 5
234690 5
234693 5
234696 5
234699 5
234702 5
234705 5
234708 5
234711 5
234714 5
234717 5
234720 5
234723 5
234726 5
234729 5
234732 5
234735 5
234738 5
234741 5
234744 5
234747 5
234750 5
234753 5
234756 5
234759 5
234762 5
234765 5
234768 5
234771 5
234774 5
234777 5
234780 5
234783 5
234786 5
234789 5
234792 5
234795 5
234798 5
234801 5
234804 5
234807 5
234810 5
234813 5
234816 5
234819 5
234822 5
234825 5
234828 5
234831 5
234834 5
234837 5
234840 5
234843 5
234846 5
234849 5
234852 5
234855 5
234858 5
234861 5
234864 5
234867 5
234870 5
234873 5
234876 5
234879 5
234882 5
234885 5
234888 5
234891 5
234894 5
234897 5
234900 5
234903 5
234906 5
234909 5
234912 5
234915 5
234918 5
234921 5
234924 5
234927 5
234930 5
234933 5
234936 5
234939 5
234942 5
234945 5
234948 5
234951 5
234954 5
234957 5
234960 5
234963 5
234966 5
234969 5
234972 5
234975 5
234978 5
234981 5
234984 5
234987 5
234990 5
234993 5
234996 5
234999 5
235002 5
235005 5
235008 5
235011 5
235014 5
235017 5
235020 5
235023 5
235026 5
235029 5
235032 5
235035 5
235038 5
235041 5
235044 5
235047 5
235050 5
235053 5
235056 5
235059 5
235062 5
235065 5
235068 5
235071 5
235074 5
235077 5
235080 5
235083 5
235086 5
235089 5
235092 5
235095 5
235098 5
235101 5
235104 5
235107 5
235110 5
235113 5
235116 5
235119 5
235122 5
235125 5
235128 5
235131 5
235134 5
235137 5
235140 5
235143 5
235146 5
235149 5
235152 5
235155 5
235158 5
235161 5
235164 5
235167 5
235170 5
235173 5
235176 5
235179 5
235182 5
235185 5
235188 5
235191 5
235194 5
235197 5
235200 5
235203 5
235206 5
235209 5
235212 5
235215 5
235218 5
235221 5
235224 5
235227 5
235230 5
235233 5
235236 5
235239 5
235242 5
235245 5
235248 5
235251 5
235254 5
235257 5
235260 5
235263 5
235266 5
235269 5
235272 5
235275 5
235278 5
235281 5
235284 5
235287 5
235290 5
235293 5
235296 5
235299 5
235302 5
235305 5
235308 5
235311 5
235314 5
235317 5
235320 5
235323 5
235326 5
235329 5
235332 5
235335 5
235338 5
235341 5
235344 5
235347 5
235350 5
235353 5
235356 5
235359 5
235362 5
235365 5
235368 5
235371 5
235374 5
235377 5
235380 5
235383 5
235386 5
235389 5
235392 5
235395 5
235398 5
235401 5
235404 5
235407 5
235410 5
235413 5
235416 5
235419 5
235422 5
235425 5
235428 5
235431 5
235434 5
235437 5
235440 5
235443 5
235446 5
235449 5
235452 5
235455 5
235458 5
235461 5
235464 5
235467 5
235470 5
235473 5
235476 5
235479 5
235482 5
235485 5
235488 5
235491 5
235494 5
235497 5
235500 5
235503 5
235506 5
235509 5
235512 5
235515 5
235518 5
235521 5
235524 5
235527 5
235530 5
235533 5
235536 5
235539 5
235542 5
235545 5
235548 5
235551 5
235554 5
235557 5
235560 5
235563 5
235566 5
235569 5
235572 5
235575 5
235578 5
235581 5
235584 5
235587 5
235590 5
235593 5
235596 5
235599 5
235602 5
235605 5
235608 5
235611 5
235614 5
235617 5
235620 5
235623 5
235626 5
235629 5
235632 5
235635 5
235638 5
235641 5
235644 5
235647 5
235650 5
235653 5
235656 5
235659 5
235662 5
235665 5
235668 5
235671 5
235674 5
235677 5
235680 5
235683 5
235686 5
235689 5
235692 5
235695 5
235698 5
235701 5
235704 5
235707 5
235710 5
235713 5
235716 5
235719 5
235722 5
235725 5
235728 5
235731 5
235734 5
235737 5
235740 5
235743 5
235746 5
235749 5
235752 5
235755 5
235758 5
235761 5
235764 5
302342 5
302343 5
302344 5
302345 5
302346 5
302347 5
302348 5
302349 5
302350 5
302351 5
302352 5
302353 5
302354 5
302355 5
302356 5
302357 5
302358 5
302359 5
302360 5
302361 5
302362 5
302363 5
302364 5
302365 5
302366 5
302367 5
302368 5
302369 5
302370 5
302371 5
302372 5
302373 5
302374 5
302375 5
302376 5
302377 5
302378 5
302379 5
302380 5
302381 5
302382 5
302383 5
302384 5
302385 5
302386 5
302387 5
302388 5
302389 5
302390 5
302391 5
302392 5
302393 5
302394 5
302395 5
302396 5
302397 5
302398 5
302399 5
302400 5
302401 5
302402 5
302403 5
302404 5
302405 5
302406 5
302407 5
302408 5
302409 5
302410 5
302411 5
302412 5
302413 5
302414 5
302415 5
302416 5
302417 5
302418 5
302419 5
302420 5
302421 5
302422 5
302423 5
302424 5
302425 5
302426 5
302427 5
302428 5
302429 5
302430 5
302431 5
302432 5
302433 5
302434 5
302435 5
302436 5
302437 5
302438 5
302439 5
302440 5
302441 5
302442 5
302443 5
302444 5
302445 5
302446 5
302447 5
302448 5
302449 5
302450 5
302451 5
302452 5
302453 5
302454 5
302455 5
302456 5
302457 5
302458 5
302459 5
302460 5
302461 5
302462 5
302463 5
302464 5
302465 5
302466 5
302467 5
302468 5
302469 5
302470 5
302471 5
302472 5
302473 5
302474 5
302475 5
302476 5
302477 5
302478 5
302479 5
302480 5
302481 5
302482 5
302483 5
302484 5
302485 5
302486 5
302487 5
302488 5
302489 5
302490 5
302491 5
302492 5
302493 5
302494 5
302495 5
302496 5
302497 5
302498 5
302499 5
302500 5
302501 5
302502 5
302503 5
302504 5
302505 5
302506 5
302507 5
302508 5
302509 5
302510 5
302511 5
302512 5
302513 5
302514 5
302515 5
302516 5
302517 5
302518 5
302519 5
302520 5
302521 5
302522 5
302523 5
302524 5
302525 5
302526 5
302527 5
302528 5
302529 5
302530 5
302531 5
302532 5
302533 5
302534 5
302535 5
302536 5
302537 5
302538 5
302539 5
302540 5
302541 5
302542 5
302543 5
302544 5
302545 5
302546 5
302547 5
302548 5
302549 5
302550 5
302551 5
302552 5
302553 5
302554 5
302555 5
302556 5
302557 5
302558 5
302559 5
302560 5
302561 5
302562 5
302563 5
302564 5
302565 5
302566 5
302567 5
302568 5
302569 5
302570 5
302571 5
302572 5
302573 5
302574 5
302575 5
302576 5
302577 5
302578 5
302579 5
302580 5
302581 5
302582 5
302583 5
302584 5
302585 5
302586 5
302587 5
302588 5
302589 5
302590 5
302591 5
302592 5
302593 5
302594 5
302595 5
302596 5
302597 5
302598 5
302599 5
302600 5
302601 5
302602 5
302603 5
302604 5
302605 5
302606 5
302607 5
302608 5
302609 5
302610 5
302611 5
302612 5
302613 5
302614 5
302615 5
302616 5
302617 5
302618 5
302619 5
302620 5
302621 5
302622 5
302623 5
302624 5
302625 5
302626 5
302627 5
302628 5
302629 5
302630 5
302631 5
302632 5
302633 5
302634 5
302635 5
302636 5
302637 5
302638 5
302639 5
302640 5
302641 5
302642 5
302643 5
302644 5
302645 5
302646 5
302647 5
302648 5
302649 5
302650 5
302651 5
302652 5
302653 5
302654 5
302655 5
302656 5
302657 5
302658 5
302659 5
302660 5
302661 5
302662 5
302663 5
302664 5
302665 5
302666 5
302667 5
302668 5
302669 5
302670 5
302671 5
302672 5
302673 5
302674 5
302675 5
302676 5
302677 5
302678 5
302679 5
302680 5
302681 5
302682 5
302683 5
302684 5
302685 5
302686 5
302687 5
302688 5
302689 5
302690 5
302691 5
302692 5
302693 5
302694 5
302695 5
302696 5
302697 5
302698 5
302699 5
302700 5
302701 5
302702 5
302703 5
302704 5
302705 5
302706 5
302707 5
302708 5
302709 5
302710 5
302711 5
302712 5
302713 5
302714 5
302715 5
302716 5
302717 5
302718 5
302719 5
302720 5
302721 5
302722 5
302723 5
302724 5
302725 5
302726 5
302727 5
302728 5
302729 5
302730 5
302731 5
302732 5
302733 5
302734 5
302735 5
302736 5
302737 5
302738 5
302739 5
302740 5
302741 5
302742 5
302743 5
302744 5
302745 5
302746 5
302747 5
302748 5
302749 5
302750 5
302751 5
302752 5
302753 5
302754 5
302755 5
302756 5
302757 5
302758 5
302759 5
302760 5
302761 5
302762 5
302763 5
302764 5
302765 5
302766 5
302767 5
302768 5
302769 5
302770 5
302771 5
302772 5
302773 5
302774 5
302775 5
302776 5
302777 5
302778 5
302779 5
302780 5
302781 5
302782 5
302783 5
302784 5
302785 5
302786 5
302787 5
302788 5
302789 5
302790 5
302791 5
302792 5
302793 5
302794 5
302795 5
302796 5
302797 5
302798 5
302799 5
302800 5
302801 5
302802 5
302803 5
302804 5
302805 5
302806 5
302807 5
302808 5
302809 5
302810 5
302811 5
302812 5
302813 5
302814 5
302815 5
302816 5
302817 5
302818 5
302819 5
302820 5
302821 5
302822 5
302823 5
302824 5
302825 5
302826 5
302827 5
302828 5
302829 5
302830 5
302831 5
302832 5
302833 5
302834 5
302835 5
302836 5
302837 5
302838 5
302839 5
302840 5
302841 5
302842 5
302843 5
302844 5
302845 5
302846 5
302847 5
302848 5
302849 5
302850 5
302851 5
302852 5
302853 5
302854 5
302855 5
302856 5
302857 5
302858 5
302859 5
302860 5
302861 5
302862 5
302863 5
302864 5
302865 5
302866 5
302867 5
302868 5
302869 5
302870 5
302871 5
302872 5
302873 5
302874 5
302875 5
302876 5
302877 5
302878 5
302879 5
302880 5
302881 5
302882 5
302883 5
302884 5
302885 5
302886 5
302887 5
302888 5
302889 5
302890 5
302891 5
302892 5
302893 5
302894 5
302895 5
302896 5
302897 5
302898 5
302899 5
302900 5
302901 5
302902 5
302903 5
302904 5
302905 5
302906 5
302907 5
302908 5
302909 5
302910 5
302911 5
302912 5
302913 5
302914 5
302915 5
302916 5
302917 5
302918 5
302919 5
302920 5
302921 5
302922 5
302923 5
302924 5
302925 5
302926 5
302927 5
302928 5
302929 5
302930 5
302931 5
302932 5
302933 5
302934 5
302935 5
302936 5
302937 5
302938 5
302939 5
302940 5
302941 5
302942 5
302943 5
302944 5
302945 5
302946 5
302947 5
302948 5
302949 5
302950 5
302951 5
302952 5
302953 5
302954 5
302955 5
302956 5
302957 5
302958 5
302959 5
302960 5
302961 5
302962 5
302963 5
302964 5
302965 5
302966 5
302967 5
302968 5
302969 5
302970 5
302971 5
302972 5
302973 5
302974 5
302975 5
302976 5
302977 5
302978 5
302979 5
302980 5
302981 5
302982 5
302983 5
302984 5
302985 5
302986 5
302987 5
302988 5
302989 5
302990 5
302991 5
302992 5
302993 5
302994 5
302995 5
302996 5
302997 5
302998 5
302999 5
303000 5
303001 5
303002 5
303003 5
303004 5
303005 5
303006 5
303007 5
303008 5
303009 5
303010 5
303011 5
303012 5
303013 5
303014 5
303015 5
303016 5
303017 5
303018 5
303019 5
303020 5
303021 5
303022 5
303023 5
303024 5
303025 5
303026 5
303027 5
303028 5
303029 5
303030 5
303031 5
303032 5
303033 5
303034 5
303035 5
303036 5
303037 5
303038 5
303039 5
303040 5
303041 5
303042 5
303043 5
303044 5
303045 5
303046 5
303047 5
303048 5
303049 5
303050 5
303051 5
303052 5
303053 5
303054 5
303055 5
303056 5
303057 5
303058 5
303059 5
303060 5
303061 5
303062 5
303063 5
303064 5
303065 5
303066 5
303067 5
303068 5
303069 5
303070 5
303071 5
303072 5
303073 5
303074 5
303075 5
303076 5
303077 5
303078 5
303079 5
303080 5
303081 5
303082 5
303083 5
303084 5
303085 5
303086 5
303087 5
303088 5
303089 5
303090 5
303091 5
323651 2
323652 2
323653 2
323654 2
323655 2
323658 6
323662 6
323666 6
324006 2
324009 6
324013 6
324017 6
324019 2
324022 6
324026 6
324030 6
324032 2
324035 6
324039 6
324043 6
324045 2
324048 6
324052 6
324056 6
324058 2
324061 6
324065 6
324069 6
324071 2
324074 6
324078 6
324082 6
324084 2
324087 6
324091 6
324095 6
324097 2
324100 6
324104 6
324108 6
324110 2
324113 6
324117 6
324121 6
324123 2
324126 6
324130 6
324134 6
324136 2
324139 6
324143 6
324147 6
324149 2
324152 6
324156 6
324160 6
324162 2
324165 6
324169 6
324173 6
324175 2
324178 6
324182 6
324186 6
324188 2
324191 6
324195 6
324199 6
324201 2
324204 6
324208 6
324212 6
324214 2
324217 6
324221 6
324225 6
324227 2
324230 6
324234 6
324238 6
324240 2
324243 6
324247 6
324251 6
324253 2
324256 6
324260 6
324264 6
324266 2
324269 6
324273 6
324277 6
324279 2
324282 6
324286 6
324290 6
324292 2
324295 6
324299 6
324303 6
176811 2
176848 2
176876 2
176904 2
176932 2
176960 2
176988 2
177016 2
177044 2
177072 2
177100 2
177128 2
177156 2
177184 2
177212 2
177240 2
177268 2
177296 2
177324 2
177352 2
177380 2
177408 2
177436 2
177464 2
177492 2
177520 2
177548 2
177576 2
177604 2
177632 2
177660 2
177662 2
177669 2
177676 2
177683 2
177716 2
177744 2
177772 2
177800 2
177828 2
177856 2
177884 2
177912 2
177940 2
177968 2
177996 2
178024 2
178052 2
178080 2
178108 2
178136 2
178164 2
178192 2
178220 2
178248 2
178276 2
178304 2
178332 2
178360 2
178388 2
178416 2
178444 2
178472 2
178500 2
178528 2
178584 2
178612 2
178640 2
178668 2
178696 2
178724 2
178752 2
178780 2
178808 2
178836 2
178864 2
178892 2
178920 2
178948 2
178976 2
179004 2
179032 2
179060 2
179088 2
179116 2
179144 2
179172 2
179200 2
179228 2
179256 2
179284 2
179312 2
179340 2
179368 2
179396 2
179452 2
179480 2
179508 2
179536 2
179564 2
179592 2
179620 2
179648 2
179676 2
179704 2
179732 2
179760 2
179788 2
179816 2
179844 2
179872 2
179900 2
179928 2
179956 2
179984 2
180012 2
180040 2
180068 2
180096 2
180124 2
180152 2
180180 2
180208 2
180236 2
180264 2
180320 2
180348 2
180376 2
180404 2
180432 2
180460 2
180488 2
180516 2
180544 2
180572 2
180600 2
180628 2
180656 2
180684 2
180712 2
180740 2
180768 2
180796 2
180824 2
180852 2
180880 2
180908 2
180936 2
180964 2
180992 2
181020 2
181048 2
181076 2
181104 2
181132 2
181154 2
181188 2
181216 2
181244 2
181272 2
181300 2
181328 2
181356 2
181384 2
181412 2
181440 2
181468 2
181496 2
181524 2
181552 2
181580 2
181608 2
181636 2
181664 2
181692 2
181720 2
181748 2
181776 2
181804 2
181832 2
181912 4
181913 4
181914 4
181915 4
182263 4
182264 4
182265 4
182266 4
182276 4
182277 4
182278 4
182279 4
182289 4
182290 4
182291 4
182292 4
182302 4
182303 4
182304 4
182305 4
182315 4
182316 4
182317 4
182318 4
118301 4
118329 4
118357 4
118385 4
118413 4
118441 4
118469 4
118497 4
118525 4
118553 4
118581 4
118609 4
118637 4
118665 4
118693 4
118721 4
118749 4
118777 4
118805 4
118833 4
118861 4
118889 4
118917 4
118945 4
118973 4
119001 4
119029 4
119057 4
119085 4
119113 4
119159 4
119169 4
119197 4
119225 4
119253 4
119281 4
119309 4
119337 4
119365 4
119393 4
119421 4
119449 4
119477 4
119505 4
119533 4
119561 4
119589 4
119617 4
119645 4
119673 4
119701 4
119729 4
119757 4
119785 4
119813 4
119841 4
119869 4
119897 4
119925 4
119953 4
119981 4
120018 4
120035 4
120037 4
120065 4
120093 4
120121 4
120149 4
120177 4
120205 4
120233 4
120261 4
120289 4
120317 4
120345 4
120373 4
120401 4
120429 4
120457 4
120485 4
120513 4
120541 4
120569 4
120597 4
120625 4
120653 4
120681 4
120709 4
120737 4
120765 4
120793 4
120821 4
120849 4
120897 4
120905 4
120933 4
120961 4
120989 4
121017 4
121045 4
121073 4
121101 4
121129 4
121157 4
121185 4
121213 4
121241 4
121269 4
121297 4
121325 4
121353 4
121381 4
121409 4
121437 4
121465 4
121493 4
121521 4
121549 4
121577 4
121605 4
121633 4
121661 4
121689 4
121717 4
121748 4
121773 4
121801 4
121829 4
121857 4
121885 4
121913 4
121941 4
121969 4
121997 4
122025 4
122053 4
122081 4
122109 4
122137 4
122165 4
122193 4
122221 4
122249 4
122277 4
122305 4
122333 4
122361 4
122389 4
122417 4
122445 4
122473 4
122501 4
122529 4
122557 4
122585 4
122613 4
122627 4
122639 4
122641 4
122669 4
122697 4
122725 4
122753 4
122781 4
122809 4
122837 4
122865 4
122893 4
122921 4
122949 4
122977 4
123005 4
123033 4
123061 4
123089 4
123117 4
123145 4
123173 4
123201 4
123229 4
123257 4
123285 4
123313 4
123341 4
123369 4
123397 4
123425 4
123453 4
123509 4
123537 4
123565 4
123593 4
123621 4
123649 4
123677 4
123705 4
123733 4
123761 4
123789 4
123817 4
123845 4
123873 4
123901 4
123929 4
123957 4
123985 4
124013 4
124041 4
124069 4
124097 4
124125 4
124153 4
124181 4
124209 4
124237 4
124265 4
124293 4
124321 4
124357 4
124377 4
124405 4
124433 4
124461 4
124489 4
124517 4
124545 4
124573 4
124601 4
124629 4
124657 4
124685 4
124713 4
124741 4
124769 4
124797 4
124825 4
124853 4
124881 4
124909 4
124937 4
124965 4
124993 4
125021 4
125049 4
125077 4
125105 4
125133 4
125161 4
125189 4
125236 4
125245 4
125273 4
125301 4
125329 4
125357 4
125385 4
125413 4
125441 4
125469 4
125497 4
125525 4
125553 4
125581 4
125609 4
125637 4
125665 4
125693 4
125721 4
125749 4
125777 4
125805 4
125833 4
125861 4
125889 4
125917 4
125945 4
125973 4
126001 4
126029 4
126057 4
126087 4
126113 4
126141 4
126169 4
126197 4
126225 4
126253 4
126281 4
126309 4
126337 4
126365 4
126393 4
126421 4
126449 4
126477 4
126505 4
126533 4
126561 4
126589 4
126617 4
126645 4
126673 4
126701 4
126729 4
126757 4
126785 4
126813 4
126841 4
126869 4
126897 4
126925 4
126966 4
126981 4
127009 4
127037 4
127065 4
127093 4
127121 4
127149 4
127177 4
127205 4
127233 4
127261 4
127289 4
127317 4
127345 4
127373 4
127401 4
127429 4
127457 4
127485 4
127513 4
127541 4
127569 4
127597 4
127625 4
127653 4
127681 4
127709 4
127737 4
127765 4
127793 4
127845 4
127849 4
127877 4
127905 4
127933 4
127961 4
127989 4
128017 4
128045 4
128073 4
128101 4
128129 4
128157 4
128185 4
128213 4
128241 4
128269 4
128297 4
128325 4
128353 4
128381 4
128409 4
128437 4
128465 4
128493 4
128521 4
128549 4
128577 4
128605 4
128633 4
128661 4
128696 4
128717 4
128745 4
128773 4
128801 4
128829 4
128857 4
128885 4
128913 4
128941 4
128969 4
128997 4
129025 4
129053 4
129081 4
129109 4
129137 4
129165 4
129193 4
129221 4
129249 4
129277 4
129305 4
129333 4
129361 4
129389 4
129417 4
129445 4
129473 4
129501 4
129529 4
129575 4
129585 4
129613 4
129641 4
129669 4
129697 4
129725 4
129753 4
129781 4
129809 4
129837 4
129865 4
129893 4
129921 4
129949 4
129977 4
130005 4
130033 4
130061 4
130089 4
130117 4
130145 4
130173 4
130201 4
130229 4
130257 4
130285 4
130313 4
130341 4
130369 4
130397 4
130426 4
130453 4
130481 4
130509 4
130537 4
130565 4
130593 4
130621 4
130649 4
130677 4
130705 4
130733 4
130761 4
130789 4
130817 4
130845 4
130873 4
130901 4
130929 4
130957 4
130985 4
131013 4
131041 4
131069 4
131097 4
131125 4
131153 4
131181 4
131209 4
131237 4
131265 4
131305 4
131321 4
131349 4
131377 4
131405 4
131433 4
131461 4
131489 4
131517 4
131545 4
131573 4
131601 4
131629 4
131657 4
131685 4
131713 4
131741 4
131769 4
131797 4
131825 4
131853 4
131881 4
131909 4
131937 4
131965 4
131993 4
132021 4
132049 4
132077 4
132105 4
132133 4
132184 4
132189 4
132217 4
132245 4
132273 4
132301 4
132329 4
132357 4
132385 4
132413 4
132441 4
132469 4
132497 4
132525 4
132553 4
132581 4
132609 4
132637 4
132665 4
132693 4
132721 4
132749 4
132777 4
132805 4
132833 4
132861 4
132889 4
132917 4
132945 4
132973 4
133001 4
133035 4
133057 4
133085 4
133113 4
133141 4
133169 4
133197 4
133225 4
133253 4
133281 4
133309 4
133337 4
133365 4
133393 4
133421 4
133449 4
133477 4
133505 4
133533 4
133561 4
133589 4
133617 4
133645 4
133673 4
133701 4
133729 4
133757 4
133785 4
133813 4
133841 4
133869 4
133914 4
133925 4
133953 4
133981 4
134009 4
134037 4
134065 4
134093 4
134121 4
134149 4
134177 4
134205 4
134233 4
134261 4
134289 4
134317 4
134345 4
134373 4
134401 4
134429 4
134457 4
134485 4
134513 4
134541 4
134569 4
134597 4
134625 4
134653 4
134681 4
134709 4
134737 4
134793 4
134821 4
134849 4
134877 4
134905 4
134933 4
134961 4
134989 4
135017 4
135045 4
135073 4
135101 4
135129 4
135157 4
135185 4
135213 4
135241 4
135269 4
135297 4
135325 4
135353 4
135381 4
135409 4
135437 4
135465 4
135493 4
135521 4
135549 4
135577 4
135605 4
135644 4
135661 4
135689 4
135717 4
135745 4
135773 4
135801 4
135829 4
135857 4
135885 4
135913 4
135941 4
135969 4
135997 4
136025 4
136053 4
136081 4
136109 4
136137 4
136165 4
136193 4
136221 4
136249 4
136277 4
136305 4
136333 4
136361 4
136389 4
136417 4
136445 4
136473 4
136523 4
136529 4
136557 4
136585 4
136613 4
136641 4
136669 4
136697 4
136725 4
136753 4
136781 4
136809 4
136837 4
136865 4
136893 4
136921 4
136949 4
136977 4
137005 4
137033 4
137061 4
137089 4
137117 4
137145 4
137173 4
137201 4
137229 4
137257 4
137285 4
137313 4
137341 4
137374 4
137397 4
137425 4
137453 4
137481 4
137509 4
137537 4
137565 4
137593 4
137621 4
137649 4
137677 4
137705 4
137733 4
137761 4
137789 4
137817 4
137845 4
137873 4
137901 4
137929 4
137957 4
137985 4
138013 4
138041 4
138069 4
138097 4
138125 4
138153 4
138181 4
138209 4
138253 4
138265 4
138293 4
138321 4
138349 4
138377 4
138405 4
138433 4
138461 4
138489 4
138517 4
138545 4
138573 4
138601 4
138629 4
138657 4
138685 4
138713 4
138741 4
138769 4
138797 4
138825 4
138853 4
138881 4
138909 4
138937 4
138965 4
138993 4
139021 4
139049 4
139077 4
139133 4
139161 4
139189 4
139217 4
139245 4
139273 4
139635 2
139636 2
139637 2
139638 2
139986 2
139987 2
139988 2
139989 2
139999 2
140000 2
140001 2
140002 2
140012 2
140013 2
140014 2
140015 2
140025 2
140026 2
140027 2
140028 2
140038 2
140039 2
140040 2
140041 2
140051 2
140052 2
140053 2
140054 2
140064 2
140065 2
140066 2
140067 2
140077 2
140078 2
140079 2
140080 2
140090 2
140091 2
140092 2
140093 2
140103 2
140104 2
140105 2
140106 2
140116 2
140117 2
140118 2
140119 2
140129 2
140130 2
140131 2
140132 2
140142 2
140143 2
140144 2
140145 2
140155 2
140156 2
140157 2
140158 2
140168 2
140169 2
140170 2
140171 2
140181 2
140182 2
140183 2
140184 2
140194 2
140195 2
140196 2
140197 2
140207 2
140208 2
140209 2
140210 2
140220 2
140221 2
140222 2
140223 2
140233 2
140234 2
140235 2
140236 2
140246 2
140247 2
140248 2
140249 2
140259 2
140260 2
140261 2
140262 2
140272 2
140273 2
140274 2
140275 2
140285 2
140286 2
140287 2
140288 2
88201 1
88202 1
88203 1
88204 1
88205 1
88206 1
88207 1
88208 1
88209 1
88210 1
88211 1
88212 1
88213 1
88214 1
88215 1
88216 1
88217 1
88218 1
88219 1
88220 1
88221 1
88222 1
88223 1
88224 1
88225 1
88226 1
88227 1
88228 1
89069 1
89070 1
89071 1
89072 1
89073 1
89074 1
89075 1
89076 1
89077 1
89078 1
89079 1
89080 1
89081 1
89082 1
89083 1
89084 1
89085 1
89086 1
89087 1
89088 1
89089 1
89090 1
89091 1
89092 1
89093 1
89094 1
89095 1
89096 1
89937 1
89938 1
89939 1
89940 1
89941 1
89942 1
89943 1
89944 1
89945 1
89946 1
89947 1
89948 1
89949 1
89950 1
89951 1
89952 1
89953 1
89954 1
89955 1
89956 1
89957 1
89958 1
89959 1
89960 1
89961 1
89962 1
89963 1
89964 1
90805 1
90806 1
90807 1
90808 1
90809 1
90810 1
90811 1
90812 1
90813 1
90814 1
90815 1
90816 1
90817 1
90818 1
90819 1
90820 1
90821 1
90822 1
90823 1
90824 1
90825 1
90826 1
90827 1
90828 1
90829 1
90830 1
90831 1
90832 1
91673 1
91674 1
91675 1
91676 1
91677 1
91678 1
91679 1
91680 1
91681 1
91682 1
91683 1
91684 1
91685 1
91686 1
91687 1
91688 1
91689 1
91690 1
91691 1
91692 1
91693 1
91694 1
91695 1
91696 1
91697 1
91698 1
91699 1
91700 1
92541 1
92542 1
92543 1
92544 1
92545 1
92546 1
92547 1
92548 1
92549 1
92550 1
92551 1
92552 1
92553 1
92554 1
92555 1
92556 1
92557 1
92558 1
92559 1
92560 1
92561 1
92562 1
92563 1
92564 1
92565 1
92566 1
92567 1
92568 1
93409 1
93410 1
93411 1
93412 1
93413 1
93414 1
93415 1
93416 1
93417 1
93418 1
93419 1
93420 1
93421 1
93422 1
93423 1
93424 1
93425 1
93426 1
93427 1
93428 1
93429 1
93430 1
93431 1
93432 1
93433 1
93434 1
93435 1
93436 1
94277 1
94278 1
94279 1
94280 1
94281 1
94282 1
94283 1
94284 1
94285 1
94286 1
94287 1
94288 1
94289 1
94290 1
94291 1
94292 1
94293 1
94294 1
94295 1
94296 1
94297 1
94298 1
94299 1
94300 1
94301 1
94302 1
94303 1
94304 1
95145 1
95146 1
95147 1
95148 1
95149 1
95150 1
95151 1
95152 1
95153 1
95154 1
95155 1
95156 1
95157 1
95158 1
95159 1
95160 1
95161 1
95162 1
95163 1
95164 1
95165 1
95166 1
95167 1
95168 1
95169 1
95170 1
95171 1
95172 1
96013 1
96014 1
96015 1
96016 1
96017 1
96018 1
96019 1
96020 1
96021 1
96022 1
96023 1
96024 1
96025 1
96026 1
96027 1
96028 1
96029 1
96030 1
96031 1
96032 1
96033 1
96034 1
96035 1
96036 1
96037 1
96038 1
96039 1
96040 1
96881 1
96882 1
96883 1
96884 1
96885 1
96886 1
96887 1
96888 1
96889 1
96890 1
96891 1
96892 1
96893 1
96894 1
96895 1
96896 1
96897 1
96898 1
96899 1
96900 1
96901 1
96902 1
96903 1
96904 1
96905 1
96906 1
96907 1
96908 1
97749 1
97750 1
97751 1
97752 1
97753 1
97754 1
97755 1
97756 1
97757 1
97758 1
97759 1
97760 1
97761 1
97762 1
97763 1
97764 1
97765 1
97766 1
97767 1
97768 1
97769 1
97770 1
97771 1
97772 1
97773 1
97774 1
97775 1
97776 1
98617 1
98618 1
98619 1
98620 1
98621 1
98622 1
98623 1
98624 1
98625 1
98626 1
98627 1
98628 1
98629 1
98630 1
98631 1
98632 1
98633 1
98634 1
98635 1
98636 1
98637 1
98638 1
98639 1
98640 1
98641 1
98642 1
98643 1
98644 1
99485 1
99486 1
99487 1
99488 1
99489 1
99490 1
99491 1
99492 1
99493 1
99494 1
99495 1
99496 1
99497 1
99498 1
99499 1
99500 1
99501 1
99502 1
99503 1
99504 1
99505 1
99506 1
99507 1
99508 1
99509 1
99510 1
99511 1
99512 1
100353 1
100354 1
100355 1
100356 1
100357 1
100358 1
100359 1
100360 1
100361 1
100362 1
100363 1
100364 1
100365 1
100366 1
100367 1
100368 1
100369 1
100370 1
100371 1
100372 1
100373 1
100374 1
100375 1
100376 1
100377 1
100378 1
100379 1
100380 1
101221 1
101222 1
101223 1
101224 1
101225 1
101226 1
101227 1
101228 1
101229 1
101230 1
101231 1
101232 1
101233 1
101234 1
101235 1
101236 1
101237 1
101238 1
101239 1
101240 1
101241 1
101242 1
101243 1
101244 1
101245 1
101246 1
101247 1
101248 1
102089 1
102090 1
102091 1
102092 1
102093 1
102094 1
102095 1
102096 1
102097 1
102098 1
102099 1
102100 1
102101 1
102102 1
102103 1
102104 1
102105 1
102106 1
102107 1
102108 1
102109 1
102110 1
102111 1
102112 1
102113 1
102114 1
102115 1
102116 1
102957 1
102958 1
102959 1
102960 1
102961 1
102962 1
102963 1
102964 1
102965 1
102966 1
102967 1
102968 1
102969 1
102970 1
102971 1
102972 1
102973 1
102974 1
102975 1
102976 1
102977 1
102978 1
102979 1
102980 1
102981 1
102982 1
102983 1
102984 1
103825 1
103826 1
103827 1
103828 1
103829 1
103830 1
103831 1
103832 1
103833 1
103834 1
103835 1
103836 1
103837 1
103838 1
103839 1
103840 1
103841 1
103842 1
103843 1
103844 1
103845 1
103846 1
103847 1
103848 1
103849 1
103850 1
103851 1
103852 1
104693 1
104694 1
104695 1
104696 1
104697 1
104698 1
104699 1
104700 1
104701 1
104702 1
104703 1
104704 1
104705 1
104706 1
104707 1
104708 1
104709 1
104710 1
104711 1
104712 1
104713 1
104714 1
104715 1
104716 1
104717 1
104718 1
104719 1
104720 1
105561 1
105562 1
105563 1
105564 1
105565 1
105566 1
105567 1
105568 1
105569 1
105570 1
105571 1
105572 1
105573 1
105574 1
105575 1
105576 1
105577 1
105578 1
105579 1
105580 1
105581 1
105582 1
105583 1
105584 1
105585 1
105586 1
105587 1
105588 1
106429 1
106430 1
106431 1
106432 1
106433 1
106434 1
106435 1
106436 1
106437 1
106438 1
106439 1
106440 1
106441 1
106442 1
106443 1
106444 1
106445 1
106446 1
106447 1
106448 1
106449 1
106450 1
106451 1
106452 1
106453 1
106454 1
106455 1
106456 1
107297 1
107298 1
107299 1
107300 1
107301 1
107302 1
107303 1
107304 1
107305 1
107306 1
107307 1
107308 1
107309 1
107310 1
107311 1
107312 1
107313 1
107314 1
107315 1
107316 1
107317 1
107318 1
107319 1
107320 1
107321 1
107322 1
107323 1
107324 1
108165 1
108166 1
108167 1
108168 1
108169 1
108170 1
108171 1
108172 1
108173 1
108174 1
108175 1
108176 1
108177 1
108178 1
108179 1
108180 1
108181 1
108182 1
108183 1
108184 1
108185 1
108186 1
108187 1
108188 1
108189 1
108190 1
108191 1
108192 1
109033 1
109034 1
109035 1
109036 1
109037 1
109038 1
109039 1
109040 1
109041 1
109042 1
109043 1
109044 1
109045 1
109046 1
109047 1
109048 1
109049 1
109050 1
109051 1
109052 1
109053 1
109054 1
109055 1
109056 1
109057 1
109058 1
109059 1
109060 1
169569 5
169570 5
169571 5
169572 5
169573 5
169574 5
169575 5
169576 5
169577 5
169578 5
169579 5
169580 5
169581 5
169582 5
169583 5
169584 5
169585 5
169586 5
169587 5
169588 5
169589 5
169590 5
169591 5
169592 5
169593 5
169594 5
169595 5
169596 5
169597 5
169598 5
169599 5
169600 5
169601 5
169602 5
169603 5
169604 5
169605 5
169606 5
169607 5
169608 5
169609 5
169610 5
169611 5
169612 5
169613 5
169614 5
169615 5
169616 5
169617 5
169618 5
169619 5
169620 5
169621 5
169622 5
169623 5
169624 5
169625 5
169626 5
169627 5
169628 5
169629 5
169630 5
169631 5
169632 5
169633 5
169634 5
169635 5
169636 5
169637 5
169638 5
169639 5
169640 5
169641 5
169642 5
169643 5
169644 5
169645 5
169646 5
169647 5
169648 5
169649 5
169650 5
169651 5
169652 5
169653 5
169654 5
169655 5
169656 5
169657 5
169658 5
169659 5
169660 5
169661 5
169662 5
169663 5
169664 5
169665 5
169666 5
169667 5
169668 5
169669 5
169670 5
169671 5
169672 5
169673 5
169674 5
169675 5
169676 5
169677 5
169678 5
169679 5
169680 5
169681 5
169682 5
169683 5
169684 5
169685 5
169686 5
169687 5
169688 5
169689 5
169690 5
169691 5
169692 5
169693 5
169694 5
169695 5
169696 5
169697 5
169698 5
169699 5
169700 5
169701 5
169702 5
169703 5
169704 5
169705 5
169706 5
169707 5
169708 5
169709 5
169710 5
169711 5
169712 5
169713 5
169714 5
169715 5
169716 5
169717 5
169718 5
169719 5
169720 5
169721 5
169722 5
169723 5
169724 5
169725 5
169726 5
169727 5
169728 5
169729 5
169730 5
169731 5
169732 5
169733 5
169734 5
169735 5
169736 5
272247 2
272278 2
272309 2
272340 2
272371 2
272402 2
272433 2
272464 2
272495 2
272526 2
272557 2
272588 2
272619 2
272650 2
272681 2
272712 2
272743 2
272774 2
272805 2
272836 2
272867 2
272898 2
272929 2
272930 2
272960 2
272991 2
273022 2
273053 2
273084 2
273115 2
273146 2
273177 2
273208 2
273239 2
273270 2
273301 2
273332 2
273363 2
273394 2
273425 2
273456 2
273487 2
273518 2
273549 2
273580 2
273611 2
273642 2
273673 2
273704 2
273735 2
273766 2
273797 2
273828 2
273859 2
273890 2
273891 2
273921 2
273952 2
273983 2
274014 2
274045 2
274076 2
274107 2
274138 2
274169 2
274200 2
274231 2
274262 2
274293 2
274324 2
274355 2
274386 2
274417 2
274448 2
274479 2
274510 2
274541 2
274572 2
274603 2
274634 2
274635 2
274665 2
274696 2
274727 2
274758 2
274789 2
274820 2
274851 2
274882 2
274913 2
274944 2
274975 2
275006 2
275037 2
275068 2
275099 2
275130 2
275161 2
275192 2
275223 2
275254 2
275285 2
275316 2
275347 2
275378 2
275379 2
275409 2
275440 2
275471 2
275502 2
275533 2
275564 2
275595 2
275626 2
275657 2
275688 2
275719 2
275750 2
275781 2
275812 2
275843 2
275874 2
275905 2
275936 2
275967 2
275998 2
275999 2
276029 2
276060 2
276091 2
276122 2
276123 2
276153 2
276184 2
276215 2
276246 2
276277 2
276308 2
276339 2
276370 2
276401 2
276432 2
276463 2
276494 2
276525 2
276556 2
276587 2
276618 2
276649 2
276680 2
276711 2
276742 2
276773 2
276804 2
276835 2
276866 2
276867 2
276897 2
276928 2
276959 2
276990 2
277021 2
277052 2
277083 2
277114 2
277145 2
277176 2
277207 2
277238 2
277269 2
277300 2
277331 2
277362 2
277393 2
277394 2
277424 2
277455 2
277486 2
277517 2
277548 2
277579 2
277610 2
277611 2
277641 2
277672 2
277703 2
277734 2
277765 2
277796 2
277827 2
277858 2
277889 2
277920 2
277951 2
277982 2
278013 2
278044 2
278075 2
278106 2
278137 2
278168 2
278199 2
278230 2
278261 2
278292 2
278323 2
278354 2
278355 2
278385 2
278416 2
278447 2
278478 2
278509 2
278540 2
278571 2
278602 2
278633 2
278664 2
278695 2
278726 2
278757 2
278788 2
278819 2
278850 2
278881 2
278912 2
278943 2
278974 2
279005 2
279036 2
279067 2
279098 2
279129 2
279160 2
279191 2
279222 2
279253 2
279284 2
279315 2
279346 2
279377 2
279408 2
279439 2
279470 2
279501 2
279532 2
279563 2
279594 2
279625 2
279656 2
279687 2
279718 2
279749 2
279780 2
279811 2
279842 2
279873 2
279904 2
279935 2
279966 2
279997 2
280028 2
280059 2
280090 2
280121 2
280152 2
280183 2
280214 2
280245 2
280276 2
280307 2
280338 2
280369 2
280400 2
280431 2
280462 2
280493 2
280524 2
280555 2
280586 2
280617 2
280648 2
280679 2
280710 2
280741 2
280772 2
280803 2
280804 2
280834 2
280865 2
280896 2
280927 2
280958 2
280989 2
281020 2
281051 2
281082 2
281113 2
281144 2
281175 2
281206 2
281237 2
281268 2
281299 2
281330 2
281361 2
281392 2
281423 2
281454 2
281485 2
281516 2
281547 2
281548 2
281578 2
281609 2
281640 2
281671 2
281702 2
281733 2
281764 2
281795 2
281826 2
281857 2
281888 2
281919 2
281950 2
281981 2
282012 2
282043 2
282074 2
282105 2
282136 2
282167 2
282198 2
282229 2
282260 2
282291 2
282292 2
282322 2
282353 2
282384 2
282415 2
282446 2
282477 2
282508 2
282539 2
282570 2
282601 2
282632 2
282663 2
282694 2
282725 2
282756 2
282787 2
282818 2
282849 2
282880 2
282911 2
282942 2
282973 2
283004 2
283035 2
283036 2
283066 2
283097 2
283128 2
283159 2
283190 2
283221 2
283252 2
283283 2
283314 2
283345 2
283376 2
283407 2
283438 2
283469 2
283500 2
283531 2
283562 2
283593 2
283624 2
283655 2
283686 2
283717 2
283748 2
283779 2
283780 2
283810 2
283841 2
283872 2
283903 2
283934 2
283965 2
283996 2
284027 2
284058 2
284089 2
284120 2
284151 2
284182 2
284213 2
284244 2
284275 2
284306 2
284337 2
284368 2
284399 2
284430 2
284461 2
284492 2
284523 2
284524 2
284554 2
284585 2
284616 2
284647 2
284678 2
284709 2
284740 2
284771 2
284802 2
284833 2
284864 2
284895 2
284926 2
284957 2
284988 2
285019 2
285050 2
285081 2
285112 2
285143 2
285174 2
285205 2
285236 2
285267 2
285268 2
285298 2
285329 2
285360 2
285391 2
285422 2
285453 2
285484 2
285515 2
285546 2
285577 2
285608 2
285639 2
285670 2
285701 2
285732 2
285763 2
285794 2
285825 2
285856 2
285887 2
285918 2
285949 2
285980 2
286011 2
286042 2
286073 2
286104 2
286135 2
286166 2
286197 2
286228 2
286259 2
286290 2
286321 2
286352 2
286383 2
286414 2
286445 2
286476 2
286507 2
286538 2
286569 2
286600 2
286631 2
286662 2
286693 2
286724 2
286755 2
286786 2
286817 2
286848 2
286879 2
286910 2
286941 2
286972 2
287003 2
287034 2
287065 2
287096 2
287127 2
287158 2
287189 2
287220 2
287251 2
287282 2
287313 2
287344 2
287375 2
287406 2
287437 2
287468 2
287499 2
287530 2
287561 2
287592 2
287623 2
287654 2
287685 2
287716 2
287717 2
287747 2
287778 2
287809 2
287840 2
287871 2
287902 2
287933 2
287964 2
287995 2
288026 2
288057 2
288088 2
288119 2
288150 2
288181 2
288212 2
288243 2
288274 2
288305 2
288336 2
288367 2
288398 2
288429 2
288460 2
288461 2
288491 2
288522 2
288553 2
288584 2
288615 2
288646 2
288677 2
288708 2
288739 2
288770 2
288801 2
288832 2
288863 2
288894 2
288925 2
288956 2
288987 2
289018 2
289049 2
289080 2
289111 2
289142 2
289173 2
289204 2
289205 2
289235 2
289266 2
289297 2
289328 2
289359 2
289390 2
289421 2
289452 2
289483 2
289514 2
289545 2
289576 2
289607 2
289638 2
289669 2
289700 2
289731 2
289762 2
289793 2
289824 2
289855 2
289886 2
289917 2
289948 2
289949 2
289979 2
290010 2
290041 2
290072 2
290103 2
290134 2
290165 2
290196 2
290227 2
290258 2
290289 2
290320 2
290351 2
290382 2
290413 2
290444 2
290475 2
290506 2
290537 2
290568 2
290599 2
290630 2
290661 2
290692 2
290693 2
290723 2
290754 2
290785 2
290816 2
290847 2
290878 2
290909 2
290940 2
290971 2
291002 2
291033 2
291064 2
291095 2
291126 2
291157 2
291188 2
291219 2
291250 2
291281 2
291312 2
291343 2
291374 2
291405 2
291436 2
291437 2
291467 2
291498 2
291529 2
291560 2
291591 2
291622 2
291653 2
291684 2
291715 2
291746 2
291777 2
291808 2
291839 2
291870 2
291901 2
291932 2
291963 2
291994 2
292025 2
292056 2
292087 2
292118 2
292149 2
292180 2
292211 2
292242 2
292273 2
292304 2
292335 2
292366 2
292397 2
292428 2
292459 2
292490 2
292521 2
292552 2
292583 2
292614 2
292645 2
292676 2
292707 2
292738 2
292769 2
292800 2
292831 2
292862 2
292893 2
292924 2
292955 2
292986 2
293017 2
293048 2
293079 2
293110 2
293141 2
293172 2
293203 2
303067 3
303068 3
303069 3
303070 3
303071 3
303072 3
303073 3
303074 3
303075 3
303076 3
303077 3
303078 3
303079 3
303080 3
303081 3
303082 3
303083 3
303084 3
303085 3
303086 3
303087 3
303088 3
303089 3
303090 3
303091 3
303093 3
303094 3
303095 3
303096 3
303097 3
303098 3
303099 3
303100 3
303101 3
303102 3
303103 3
303104 3
303105 3
303106 3
303107 3
303108 3
303109 3
303110 3
303111 3
303112 3
303113 3
303114 3
303115 3
303842 3
303843 3
303844 3
303845 3
303846 3
303847 3
303848 3
303849 3
303850 3
303851 3
303852 3
303853 3
303854 3
303855 3
303856 3
303857 3
303858 3
303859 3
303860 3
303861 3
303862 3
303863 3
303864 3
303865 3
303866 3
303889 3
303890 3
304617 3
304618 3
304619 3
304620 3
304621 3
304622 3
304623 3
304624 3
304625 3
304626 3
304627 3
304628 3
304629 3
304630 3
304631 3
304632 3
304633 3
304634 3
304635 3
304636 3
304637 3
304638 3
304639 3
304640 3
304641 3
305392 3
305393 3
305394 3
305395 3
305396 3
305397 3
305398 3
305399 3
305400 3
305401 3
305402 3
305403 3
305404 3
305405 3
305406 3
305407 3
305408 3
305409 3
305410 3
305411 3
305412 3
305413 3
305414 3
305415 3
305416 3
306167 3
306168 3
306169 3
306170 3
306171 3
306172 3
306173 3
306174 3
306175 3
306176 3
306177 3
306178 3
306179 3
306180 3
306181 3
306182 3
306183 3
306184 3
306185 3
306186 3
306187 3
306188 3
306189 3
306190 3
306191 3
306942 3
306943 3
306944 3
306945 3
306946 3
306947 3
306948 3
306949 3
306950 3
306951 3
306952 3
306953 3
306954 3
306955 3
306956 3
306957 3
306958 3
306959 3
306960 3
306961 3
306962 3
306963 3
306964 3
306965 3
306966 3
307717 3
307718 3
307719 3
307720 3
307721 3
307722 3
307723 3
307724 3
307725 3
307726 3
307727 3
307728 3
307729 3
307730 3
307731 3
307732 3
307733 3
307734 3
307735 3
307736 3
307737 3
307738 3
307739 3
307740 3
307741 3
308492 3
308493 3
308494 3
308495 3
308496 3
308497 3
308498 3
308499 3
308500 3
308501 3
308502 3
308503 3
308504 3
308505 3
308506 3
308507 3
308508 3
308509 3
308510 3
308511 3
308512 3
308513 3
308514 3
308515 3
308516 3
309267 3
309268 3
309269 3
309270 3
309271 3
309272 3
309273 3
309274 3
309275 3
309276 3
309277 3
309278 3
309279 3
309280 3
309281 3
309282 3
309283 3
309284 3
309285 3
309286 3
309287 3
309288 3
309289 3
309290 3
309291 3
310042 3
310043 3
310044 3
310045 3
310046 3
310047 3
310048 3
310049 3
310050 3
310051 3
310052 3
310053 3
310054 3
310055 3
310056 3
310057 3
310058 3
310059 3
310060 3
310061 3
310062 3
310063 3
310064 3
310065 3
310066 3
310817 3
310818 3
310819 3
310820 3
310821 3
310822 3
310823 3
310824 3
310825 3
310826 3
310827 3
310828 3
310829 3
310830 3
310831 3
310832 3
310833 3
310834 3
310835 3
310836 3
310837 3
310838 3
310839 3
310840 3
310841 3
311592 3
311593 3
311594 3
311595 3
311596 3
311597 3
311598 3
311599 3
311600 3
311601 3
311602 3
311603 3
311604 3
311605 3
311606 3
311607 3
311608 3
311609 3
311610 3
311611 3
311612 3
311613 3
311614 3
311615 3
311616 3
312367 3
312368 3
312369 3
312370 3
312371 3
312372 3
312373 3
312374 3
312375 3
312376 3
312377 3
312378 3
312379 3
312380 3
312381 3
312382 3
312383 3
312384 3
312385 3
312386 3
312387 3
312388 3
312389 3
312390 3
312391 3
313142 3
313143 3
313144 3
313145 3
313146 3
313147 3
313148 3
313149 3
313150 3
313151 3
313152 3
313153 3
313154 3
313155 3
313156 3
313157 3
313158 3
313159 3
313160 3
313161 3
313162 3
313163 3
313164 3
313165 3
313166 3
313917 3
313918 3
313919 3
313920 3
313921 3
313922 3
313923 3
313924 3
313925 3
313926 3
313927 3
313928 3
313929 3
313930 3
313931 3
313932 3
313933 3
313934 3
313935 3
313936 3
313937 3
313938 3
313939 3
313940 3
313941 3
314692 3
314693 3
314694 3
314695 3
314696 3
314697 3
314698 3
314699 3
314700 3
314701 3
314702 3
314703 3
314704 3
314705 3
314706 3
314707 3
314708 3
314709 3
314710 3
314711 3
314712 3
314713 3
314714 3
314715 3
314716 3
315467 3
315468 3
315469 3
315470 3
315471 3
315472 3
315473 3
315474 3
315475 3
315476 3
315477 3
315478 3
315479 3
315480 3
315481 3
315482 3
315483 3
315484 3
315485 3
315486 3
315487 3
315488 3
315489 3
315490 3
315491 3
316242 3
316243 3
316244 3
316245 3
316246 3
316247 3
316248 3
316249 3
316250 3
316251 3
316252 3
316253 3
316254 3
316255 3
316256 3
316257 3
316258 3
316259 3
316260 3
316261 3
316262 3
316263 3
316264 3
316265 3
316266 3
317017 3
317018 3
317019 3
317020 3
317021 3
317022 3
317023 3
317024 3
317025 3
317026 3
317027 3
317028 3
317029 3
317030 3
317031 3
317032 3
317033 3
317034 3
317035 3
317036 3
317037 3
317038 3
317039 3
317040 3
317041 3
317792 3
317793 3
317794 3
317795 3
317796 3
317797 3
317798 3
317799 3
317800 3
317801 3
317802 3
317803 3
317804 3
317805 3
317806 3
317807 3
317808 3
317809 3
317810 3
317811 3
317812 3
317813 3
317814 3
317815 3
317816 3
318567 3
318568 3
318569 3
318570 3
318571 3
318572 3
318573 3
318574 3
318575 3
318576 3
318577 3
318578 3
318579 3
318580 3
318581 3
318582 3
318583 3
318584 3
318585 3
318586 3
318587 3
318588 3
318589 3
318590 3
318591 3
319342 3
319343 3
319344 3
319345 3
319346 3
319347 3
319348 3
319349 3
319350 3
319351 3
319352 3
319353 3
319354 3
319355 3
319356 3
319357 3
319358 3
319359 3
319360 3
319361 3
319362 3
319363 3
319364 3
319365 3
319366 3
320117 3
320118 3
320119 3
320120 3
320121 3
320122 3
320123 3
320124 3
320125 3
320126 3
320127 3
320128 3
320129 3
320130 3
320131 3
320132 3
320133 3
320134 3
320135 3
320136 3
320137 3
320138 3
320139 3
320140 3
320141 3
320892 3
320893 3
320894 3
320895 3
320896 3
320897 3
320898 3
320899 3
320900 3
320901 3
320902 3
320903 3
320904 3
320905 3
320906 3
320907 3
320908 3
320909 3
320910 3
320911 3
320912 3
320913 3
320914 3
320915 3
320916 3
321667 3
321668 3
321669 3
321670 3
321671 3
321672 3
321673 3
321674 3
321675 3
321676 3
321677 3
321678 3
321679 3
321680 3
321681 3
321682 3
321683 3
321684 3
321685 3
321686 3
321687 3
321688 3
321689 3
321690 3
321691 3
322442 3
322443 3
322444 3
322445 3
322446 3
322447 3
322448 3
322449 3
322450 3
322451 3
322452 3
322453 3
322454 3
322455 3
322456 3
322457 3
322458 3
322459 3
322460 3
322461 3
322462 3
322463 3
322464 3
322465 3
322466 3
323217 3
323218 3
323219 3
323220 3
323221 3
323222 3
323223 3
323224 3
323225 3
323226 3
323227 3
323228 3
323229 3
323230 3
323231 3
323232 3
323233 3
323234 3
323235 3
323236 3
323237 3
323238 3
323239 3
323240 3
323241 3
177633 3
177634 3
177635 3
177636 3
177637 3
177638 3
177639 3
177640 3
177641 3
177642 3
177643 3
177644 3
177645 3
177646 3
177647 3
177648 3
177649 3
177650 3
177651 3
177652 3
177653 3
177654 3
177655 3
177656 3
177657 3
177658 3
177659 3
177660 3
177662 3
177663 3
177664 3
177665 3
177666 3
177667 3
177668 3
178501 3
178502 3
178503 3
178504 3
178505 3
178506 3
178507 3
178508 3
178509 3
178510 3
178511 3
178512 3
178513 3
178514 3
178515 3
178516 3
178517 3
178518 3
178519 3
178520 3
178521 3
178522 3
178523 3
178524 3
178525 3
178526 3
178527 3
178528 3
178530 3
178531 3
178532 3
178533 3
178534 3
178535 3
178536 3
179369 3
179370 3
179371 3
179372 3
179373 3
179374 3
179375 3
179376 3
179377 3
179378 3
179379 3
179380 3
179381 3
179382 3
179383 3
179384 3
179385 3
179386 3
179387 3
179388 3
179389 3
179390 3
179391 3
179392 3
179393 3
179394 3
179395 3
179396 3
179398 3
179399 3
179400 3
179401 3
179402 3
179403 3
179404 3
180237 3
180238 3
180239 3
180240 3
180241 3
180242 3
180243 3
180244 3
180245 3
180246 3
180247 3
180248 3
180249 3
180250 3
180251 3
180252 3
180253 3
180254 3
180255 3
180256 3
180257 3
180258 3
180259 3
180260 3
180261 3
180262 3
180263 3
180264 3
180266 3
180267 3
180268 3
180269 3
180270 3
180271 3
180272 3
181105 3
181106 3
181107 3
181108 3
181109 3
181110 3
181111 3
181112 3
181113 3
181114 3
181115 3
181116 3
181117 3
181118 3
181119 3
181120 3
181121 3
181122 3
181123 3
181124 3
181125 3
181126 3
181127 3
181128 3
181129 3
181130 3
181131 3
181132 3
118301 1
118302 1
118303 1
118304 1
118305 1
118306 1
118307 1
118308 1
118309 1
118310 1
118311 1
118312 1
118313 1
118314 1
118315 1
118316 1
118317 1
118318 1
118319 1
118320 1
118321 1
118322 1
118323 1
118324 1
118325 1
118326 1
118327 1
118328 1
119169 1
119170 1
119171 1
119172 1
119173 1
119174 1
119175 1
119176 1
119177 1
119178 1
119179 1
119180 1
119181 1
119182 1
119183 1
119184 1
119185 1
119186 1
119187 1
119188 1
119189 1
119190 1
119191 1
119192 1
119193 1
119194 1
119195 1
119196 1
120037 1
120038 1
120039 1
120040 1
120041 1
120042 1
120043 1
120044 1
120045 1
120046 1
120047 1
120048 1
120049 1
120050 1
120051 1
120052 1
120053 1
120054 1
120055 1
120056 1
120057 1
120058 1
120059 1
120060 1
120061 1
120062 1
120063 1
120064 1
120905 1
120906 1
120907 1
120908 1
120909 1
120910 1
120911 1
120912 1
120913 1
120914 1
120915 1
120916 1
120917 1
120918 1
120919 1
120920 1
120921 1
120922 1
120923 1
120924 1
120925 1
120926 1
120927 1
120928 1
120929 1
120930 1
120931 1
120932 1
121773 1
121774 1
121775 1
121776 1
121777 1
121778 1
121779 1
121780 1
121781 1
121782 1
121783 1
121784 1
121785 1
121786 1
121787 1
121788 1
121789 1
121790 1
121791 1
121792 1
121793 1
121794 1
121795 1
121796 1
121797 1
121798 1
121799 1
121800 1
122641 1
122642 1
122643 1
122644 1
122645 1
122646 1
122647 1
122648 1
122649 1
122650 1
122651 1
122652 1
122653 1
122654 1
122655 1
122656 1
122657 1
122658 1
122659 1
122660 1
122661 1
122662 1
122663 1
122664 1
122665 1
122666 1
122667 1
122668 1
123509 1
123510 1
123511 1
123512 1
123513 1
123514 1
123515 1
123516 1
123517 1
123518 1
123519 1
123520 1
123521 1
123522 1
123523 1
123524 1
123525 1
123526 1
123527 1
123528 1
123529 1
123530 1
123531 1
123532 1
123533 1
123534 1
123535 1
123536 1
124377 1
124378 1
124379 1
124380 1
124381 1
124382 1
124383 1
124384 1
124385 1
124386 1
124387 1
124388 1
124389 1
124390 1
124391 1
124392 1
124393 1
124394 1
124395 1
124396 1
124397 1
124398 1
124399 1
124400 1
124401 1
124402 1
124403 1
124404 1
125245 1
125246 1
125247 1
125248 1
125249 1
125250 1
125251 1
125252 1
125253 1
125254 1
125255 1
125256 1
125257 1
125258 1
125259 1
125260 1
125261 1
125262 1
125263 1
125264 1
125265 1
125266 1
125267 1
125268 1
125269 1
125270 1
125271 1
125272 1
126113 1
126114 1
126115 1
126116 1
126117 1
126118 1
126119 1
126120 1
126121 1
126122 1
126123 1
126124 1
126125 1
126126 1
126127 1
126128 1
126129 1
126130 1
126131 1
126132 1
126133 1
126134 1
126135 1
126136 1
126137 1
126138 1
126139 1
126140 1
126981 1
126982 1
126983 1
126984 1
126985 1
126986 1
126987 1
126988 1
126989 1
126990 1
126991 1
126992 1
126993 1
126994 1
126995 1
126996 1
126997 1
126998 1
126999 1
127000 1
127001 1
127002 1
127003 1
127004 1
127005 1
127006 1
127007 1
127008 1
127849 1
127850 1
127851 1
127852 1
127853 1
127854 1
127855 1
127856 1
127857 1
127858 1
127859 1
127860 1
127861 1
127862 1
127863 1
127864 1
127865 1
127866 1
127867 1
127868 1
127869 1
127870 1
127871 1
127872 1
127873 1
127874 1
127875 1
127876 1
128717 1
128718 1
128719 1
128720 1
128721 1
128722 1
128723 1
128724 1
128725 1
128726 1
128727 1
128728 1
128729 1
128730 1
128731 1
128732 1
128733 1
128734 1
128735 1
128736 1
128737 1
128738 1
128739 1
128740 1
128741 1
128742 1
128743 1
128744 1
129585 1
129586 1
129587 1
129588 1
129589 1
129590 1
129591 1
129592 1
129593 1
129594 1
129595 1
129596 1
129597 1
129598 1
129599 1
129600 1
129601 1
129602 1
129603 1
129604 1
129605 1
129606 1
129607 1
129608 1
129609 1
129610 1
129611 1
129612 1
130453 1
130454 1
130455 1
130456 1
130457 1
130458 1
130459 1
130460 1
130461 1
130462 1
130463 1
130464 1
130465 1
130466 1
130467 1
130468 1
130469 1
130470 1
130471 1
130472 1
130473 1
130474 1
130475 1
130476 1
130477 1
130478 1
130479 1
130480 1
131321 1
131322 1
131323 1
131324 1
131325 1
131326 1
131327 1
131328 1
131329 1
131330 1
131331 1
131332 1
131333 1
131334 1
131335 1
131336 1
131337 1
131338 1
131339 1
131340 1
131341 1
131342 1
131343 1
131344 1
131345 1
131346 1
131347 1
131348 1
132189 1
132190 1
132191 1
132192 1
132193 1
132194 1
132195 1
132196 1
132197 1
132198 1
132199 1
132200 1
132201 1
132202 1
132203 1
132204 1
132205 1
132206 1
132207 1
132208 1
132209 1
132210 1
132211 1
132212 1
132213 1
132214 1
132215 1
132216 1
133057 1
133058 1
133059 1
133060 1
133061 1
133062 1
133063 1
133064 1
133065 1
133066 1
133067 1
133068 1
133069 1
133070 1
133071 1
133072 1
133073 1
133074 1
133075 1
133076 1
133077 1
133078 1
133079 1
133080 1
133081 1
133082 1
133083 1
133084 1
133925 1
133926 1
133927 1
133928 1
133929 1
133930 1
133931 1
133932 1
133933 1
133934 1
133935 1
133936 1
133937 1
133938 1
133939 1
133940 1
133941 1
133942 1
133943 1
133944 1
133945 1
133946 1
133947 1
133948 1
133949 1
133950 1
133951 1
133952 1
134793 1
134794 1
134795 1
134796 1
134797 1
134798 1
134799 1
134800 1
134801 1
134802 1
134803 1
134804 1
134805 1
134806 1
134807 1
134808 1
134809 1
134810 1
134811 1
134812 1
134813 1
134814 1
134815 1
134816 1
134817 1
134818 1
134819 1
134820 1
135661 1
135662 1
135663 1
135664 1
135665 1
135666 1
135667 1
135668 1
135669 1
135670 1
135671 1
135672 1
135673 1
135674 1
135675 1
135676 1
135677 1
135678 1
135679 1
135680 1
135681 1
135682 1
135683 1
135684 1
135685 1
135686 1
135687 1
135688 1
136529 1
136530 1
136531 1
136532 1
136533 1
136534 1
136535 1
136536 1
136537 1
136538 1
136539 1
136540 1
136541 1
136542 1
136543 1
136544 1
136545 1
136546 1
136547 1
136548 1
136549 1
136550 1
136551 1
136552 1
136553 1
136554 1
136555 1
136556 1
137397 1
137398 1
137399 1
137400 1
137401 1
137402 1
137403 1
137404 1
137405 1
137406 1
137407 1
137408 1
137409 1
137410 1
137411 1
137412 1
137413 1
137414 1
137415 1
137416 1
137417 1
137418 1
137419 1
137420 1
137421 1
137422 1
137423 1
137424 1
138265 1
138266 1
138267 1
138268 1
138269 1
138270 1
138271 1
138272 1
138273 1
138274 1
138275 1
138276 1
138277 1
138278 1
138279 1
138280 1
138281 1
138282 1
138283 1
138284 1
138285 1
138286 1
138287 1
138288 1
138289 1
138290 1
138291 1
138292 1
139133 1
139134 1
139135 1
139136 1
139137 1
139138 1
139139 1
139140 1
139141 1
139142 1
139143 1
139144 1
139145 1
139146 1
139147 1
139148 1
139149 1
139150 1
139151 1
139152 1
139153 1
139154 1
139155 1
139156 1
139157 1
139158 1
139159 1
139160 1
