289
47397 1
47108 1
46819 1
46530 1
46241 1
45952 1
45663 1
45374 1
45085 1
44796 1
44507 1
44218 1
43929 1
43640 1
43351 1
43062 1
42773 1
47398 1
47109 1
46820 1
46531 1
46242 1
45953 1
45664 1
45375 1
45086 1
44797 1
44508 1
44219 1
43930 1
43641 1
43352 1
43063 1
42774 1
47399 1
47110 1
46821 1
46532 1
46243 1
45954 1
45665 1
45376 1
45087 1
44798 1
44509 1
44220 1
43931 1
43642 1
43353 1
43064 1
42775 1
47400 1
47111 1
46822 1
46533 1
46244 1
45955 1
45666 1
45377 1
45088 1
44799 1
44510 1
44221 1
43932 1
43643 1
43354 1
43065 1
42776 1
47401 1
47112 1
46823 1
46534 1
46245 1
45956 1
45667 1
45378 1
45089 1
44800 1
44511 1
44222 1
43933 1
43644 1
43355 1
43066 1
42777 1
47402 1
47113 1
46824 1
46535 1
46246 1
45957 1
45668 1
45379 1
45090 1
44801 1
44512 1
44223 1
43934 1
43645 1
43356 1
43067 1
42778 1
47403 1
47114 1
46825 1
46536 1
46247 1
45958 1
45669 1
45380 1
45091 1
44802 1
44513 1
44224 1
43935 1
43646 1
43357 1
43068 1
42779 1
47404 1
47115 1
46826 1
46537 1
46248 1
45959 1
45670 1
45381 1
45092 1
44803 1
44514 1
44225 1
43936 1
43647 1
43358 1
43069 1
42780 1
47405 1
47116 1
46827 1
46538 1
46249 1
45960 1
45671 1
45382 1
45093 1
44804 1
44515 1
44226 1
43937 1
43648 1
43359 1
43070 1
42781 1
47406 1
47117 1
46828 1
46539 1
46250 1
45961 1
45672 1
45383 1
45094 1
44805 1
44516 1
44227 1
43938 1
43649 1
43360 1
43071 1
42782 1
47407 1
47118 1
46829 1
46540 1
46251 1
45962 1
45673 1
45384 1
45095 1
44806 1
44517 1
44228 1
43939 1
43650 1
43361 1
43072 1
42783 1
47408 1
47119 1
46830 1
46541 1
46252 1
45963 1
45674 1
45385 1
45096 1
44807 1
44518 1
44229 1
43940 1
43651 1
43362 1
43073 1
42784 1
47409 1
47120 1
46831 1
46542 1
46253 1
45964 1
45675 1
45386 1
45097 1
44808 1
44519 1
44230 1
43941 1
43652 1
43363 1
43074 1
42785 1
47410 1
47121 1
46832 1
46543 1
46254 1
45965 1
45676 1
45387 1
45098 1
44809 1
44520 1
44231 1
43942 1
43653 1
43364 1
43075 1
42786 1
47411 1
47122 1
46833 1
46544 1
46255 1
45966 1
45677 1
45388 1
45099 1
44810 1
44521 1
44232 1
43943 1
43654 1
43365 1
43076 1
42787 1
47412 1
47123 1
46834 1
46545 1
46256 1
45967 1
45678 1
45389 1
45100 1
44811 1
44522 1
44233 1
43944 1
43655 1
43366 1
43077 1
42788 1
47413 1
47124 1
46835 1
46546 1
46257 1
45968 1
45679 1
45390 1
45101 1
44812 1
44523 1
44234 1
43945 1
43656 1
43367 1
43078 1
42789 1
