-5.0 0.0 0.0
100
8510 6
8509 6
8508 6
8507 6
8506 6
8505 6
8504 6
8503 6
8502 6
8501 6
8520 6
8519 6
8518 6
8517 6
8516 6
8515 6
8514 6
8513 6
8512 6
8511 6
8530 6
8529 6
8528 6
8527 6
8526 6
8525 6
8524 6
8523 6
8522 6
8521 6
8540 6
8539 6
8538 6
8537 6
8536 6
8535 6
8534 6
8533 6
8532 6
8531 6
8550 6
8549 6
8548 6
8547 6
8546 6
8545 6
8544 6
8543 6
8542 6
8541 6
8560 6
8559 6
8558 6
8557 6
8556 6
8555 6
8554 6
8553 6
8552 6
8551 6
8570 6
8569 6
8568 6
8567 6
8566 6
8565 6
8564 6
8563 6
8562 6
8561 6
8580 6
8579 6
8578 6
8577 6
8576 6
8575 6
8574 6
8573 6
8572 6
8571 6
8590 6
8589 6
8588 6
8587 6
8586 6
8585 6
8584 6
8583 6
8582 6
8581 6
8600 6
8599 6
8598 6
8597 6
8596 6
8595 6
8594 6
8593 6
8592 6
8591 6
