  -5.00000000000000       0.000000000000000E+000  0.000000000000000E+000
         289
11544  3  0  0  1  1
11255  3  0  0  0  1
10966  3  0  0  0  1
10677  3  0  0  0  1
10388  3  0  0  0  1
10099  3  0  0  0  1
 9810  3  0  0  0  1
 9521  3  0  0  0  1
 9232  3  0  0  0  1
 8943  3  0  0  0  1
 8654  3  0  0  0  1
 8365  3  0  0  0  1
 8076  3  0  0  0  1
 7787  3  0  0  0  1
 7498  3  0  0  0  1
 7209  3  0  0  0  1
 6920  3  1  0  0  1
11545  3  0  0  1  0
11256  3  0  0  0  0
10967  3  0  0  0  0
10678  3  0  0  0  0
10389  3  0  0  0  0
10100  3  0  0  0  0
 9811  3  0  0  0  0
 9522  3  0  0  0  0
 9233  3  0  0  0  0
 8944  3  0  0  0  0
 8655  3  0  0  0  0
 8366  3  0  0  0  0
 8077  3  0  0  0  0
 7788  3  0  0  0  0
 7499  3  0  0  0  0
 7210  3  0  0  0  0
 6921  3  1  0  0  0
11546  3  0  0  1  0
11257  3  0  0  0  0
10968  3  0  0  0  0
10679  3  0  0  0  0
10390  3  0  0  0  0
10101  3  0  0  0  0
 9812  3  0  0  0  0
 9523  3  0  0  0  0
 9234  3  0  0  0  0
 8945  3  0  0  0  0
 8656  3  0  0  0  0
 8367  3  0  0  0  0
 8078  3  0  0  0  0
 7789  3  0  0  0  0
 7500  3  0  0  0  0
 7211  3  0  0  0  0
 6922  3  1  0  0  0
11547  3  0  0  1  0
11258  3  0  0  0  0
10969  3  0  0  0  0
10680  3  0  0  0  0
10391  3  0  0  0  0
10102  3  0  0  0  0
 9813  3  0  0  0  0
 9524  3  0  0  0  0
 9235  3  0  0  0  0
 8946  3  0  0  0  0
 8657  3  0  0  0  0
 8368  3  0  0  0  0
 8079  3  0  0  0  0
 7790  3  0  0  0  0
 7501  3  0  0  0  0
 7212  3  0  0  0  0
 6923  3  1  0  0  0
11548  3  0  0  1  0
11259  3  0  0  0  0
10970  3  0  0  0  0
10681  3  0  0  0  0
10392  3  0  0  0  0
10103  3  0  0  0  0
 9814  3  0  0  0  0
 9525  3  0  0  0  0
 9236  3  0  0  0  0
 8947  3  0  0  0  0
 8658  3  0  0  0  0
 8369  3  0  0  0  0
 8080  3  0  0  0  0
 7791  3  0  0  0  0
 7502  3  0  0  0  0
 7213  3  0  0  0  0
 6924  3  1  0  0  0
11549  3  0  0  1  0
11260  3  0  0  0  0
10971  3  0  0  0  0
10682  3  0  0  0  0
10393  3  0  0  0  0
10104  3  0  0  0  0
 9815  3  0  0  0  0
 9526  3  0  0  0  0
 9237  3  0  0  0  0
 8948  3  0  0  0  0
 8659  3  0  0  0  0
 8370  3  0  0  0  0
 8081  3  0  0  0  0
 7792  3  0  0  0  0
 7503  3  0  0  0  0
 7214  3  0  0  0  0
 6925  3  1  0  0  0
11550  3  0  0  1  0
11261  3  0  0  0  0
10972  3  0  0  0  0
10683  3  0  0  0  0
10394  3  0  0  0  0
10105  3  0  0  0  0
 9816  3  0  0  0  0
 9527  3  0  0  0  0
 9238  3  0  0  0  0
 8949  3  0  0  0  0
 8660  3  0  0  0  0
 8371  3  0  0  0  0
 8082  3  0  0  0  0
 7793  3  0  0  0  0
 7504  3  0  0  0  0
 7215  3  0  0  0  0
 6926  3  1  0  0  0
11551  3  0  0  1  0
11262  3  0  0  0  0
10973  3  0  0  0  0
10684  3  0  0  0  0
10395  3  0  0  0  0
10106  3  0  0  0  0
 9817  3  0  0  0  0
 9528  3  0  0  0  0
 9239  3  0  0  0  0
 8950  3  0  0  0  0
 8661  3  0  0  0  0
 8372  3  0  0  0  0
 8083  3  0  0  0  0
 7794  3  0  0  0  0
 7505  3  0  0  0  0
 7216  3  0  0  0  0
 6927  3  1  0  0  0
11552  3  0  0  1  0
11263  3  0  0  0  0
10974  3  0  0  0  0
10685  3  0  0  0  0
10396  3  0  0  0  0
10107  3  0  0  0  0
 9818  3  0  0  0  0
 9529  3  0  0  0  0
 9240  3  0  0  0  0
 8951  3  0  0  0  0
 8662  3  0  0  0  0
 8373  3  0  0  0  0
 8084  3  0  0  0  0
 7795  3  0  0  0  0
 7506  3  0  0  0  0
 7217  3  0  0  0  0
 6928  3  1  0  0  0
11553  3  0  0  1  0
11264  3  0  0  0  0
10975  3  0  0  0  0
10686  3  0  0  0  0
10397  3  0  0  0  0
10108  3  0  0  0  0
 9819  3  0  0  0  0
 9530  3  0  0  0  0
 9241  3  0  0  0  0
 8952  3  0  0  0  0
 8663  3  0  0  0  0
 8374  3  0  0  0  0
 8085  3  0  0  0  0
 7796  3  0  0  0  0
 7507  3  0  0  0  0
 7218  3  0  0  0  0
 6929  3  1  0  0  0
11554  3  0  0  1  0
11265  3  0  0  0  0
10976  3  0  0  0  0
10687  3  0  0  0  0
10398  3  0  0  0  0
10109  3  0  0  0  0
 9820  3  0  0  0  0
 9531  3  0  0  0  0
 9242  3  0  0  0  0
 8953  3  0  0  0  0
 8664  3  0  0  0  0
 8375  3  0  0  0  0
 8086  3  0  0  0  0
 7797  3  0  0  0  0
 7508  3  0  0  0  0
 7219  3  0  0  0  0
 6930  3  1  0  0  0
11555  3  0  0  1  0
11266  3  0  0  0  0
10977  3  0  0  0  0
10688  3  0  0  0  0
10399  3  0  0  0  0
10110  3  0  0  0  0
 9821  3  0  0  0  0
 9532  3  0  0  0  0
 9243  3  0  0  0  0
 8954  3  0  0  0  0
 8665  3  0  0  0  0
 8376  3  0  0  0  0
 8087  3  0  0  0  0
 7798  3  0  0  0  0
 7509  3  0  0  0  0
 7220  3  0  0  0  0
 6931  3  1  0  0  0
11556  3  0  0  1  0
11267  3  0  0  0  0
10978  3  0  0  0  0
10689  3  0  0  0  0
10400  3  0  0  0  0
10111  3  0  0  0  0
 9822  3  0  0  0  0
 9533  3  0  0  0  0
 9244  3  0  0  0  0
 8955  3  0  0  0  0
 8666  3  0  0  0  0
 8377  3  0  0  0  0
 8088  3  0  0  0  0
 7799  3  0  0  0  0
 7510  3  0  0  0  0
 7221  3  0  0  0  0
 6932  3  1  0  0  0
11557  3  0  0  1  0
11268  3  0  0  0  0
10979  3  0  0  0  0
10690  3  0  0  0  0
10401  3  0  0  0  0
10112  3  0  0  0  0
 9823  3  0  0  0  0
 9534  3  0  0  0  0
 9245  3  0  0  0  0
 8956  3  0  0  0  0
 8667  3  0  0  0  0
 8378  3  0  0  0  0
 8089  3  0  0  0  0
 7800  3  0  0  0  0
 7511  3  0  0  0  0
 7222  3  0  0  0  0
 6933  3  1  0  0  0
11558  3  0  0  1  0
11269  3  0  0  0  0
10980  3  0  0  0  0
10691  3  0  0  0  0
10402  3  0  0  0  0
10113  3  0  0  0  0
 9824  3  0  0  0  0
 9535  3  0  0  0  0
 9246  3  0  0  0  0
 8957  3  0  0  0  0
 8668  3  0  0  0  0
 8379  3  0  0  0  0
 8090  3  0  0  0  0
 7801  3  0  0  0  0
 7512  3  0  0  0  0
 7223  3  0  0  0  0
 6934  3  1  0  0  0
11559  3  0  0  1  0
11270  3  0  0  0  0
10981  3  0  0  0  0
10692  3  0  0  0  0
10403  3  0  0  0  0
10114  3  0  0  0  0
 9825  3  0  0  0  0
 9536  3  0  0  0  0
 9247  3  0  0  0  0
 8958  3  0  0  0  0
 8669  3  0  0  0  0
 8380  3  0  0  0  0
 8091  3  0  0  0  0
 7802  3  0  0  0  0
 7513  3  0  0  0  0
 7224  3  0  0  0  0
 6935  3  1  0  0  0
11560  3  0  1  1  0
11271  3  0  1  0  0
10982  3  0  1  0  0
10693  3  0  1  0  0
10404  3  0  1  0  0
10115  3  0  1  0  0
 9826  3  0  1  0  0
 9537  3  0  1  0  0
 9248  3  0  1  0  0
 8959  3  0  1  0  0
 8670  3  0  1  0  0
 8381  3  0  1  0  0
 8092  3  0  1  0  0
 7803  3  0  1  0  0
 7514  3  0  1  0  0
 7225  3  0  1  0  0
 6936  3  1  1  0  0
