  0.000000000000000E+000   5.00000000000000       0.000000000000000E+000
         100
1301  4  1  0  0  1
1401  4  0  0  0  1
1501  4  0  0  0  1
1601  4  0  0  0  1
1701  4  0  0  0  1
1801  4  0  0  0  1
1901  4  0  0  0  1
2001  4  0  0  0  1
2101  4  0  0  0  1
2201  4  0  0  1  1
1311  4  1  0  0  0
1411  4  0  0  0  0
1511  4  0  0  0  0
1611  4  0  0  0  0
1711  4  0  0  0  0
1811  4  0  0  0  0
1911  4  0  0  0  0
2011  4  0  0  0  0
2111  4  0  0  0  0
2211  4  0  0  1  0
1321  4  1  0  0  0
1421  4  0  0  0  0
1521  4  0  0  0  0
1621  4  0  0  0  0
1721  4  0  0  0  0
1821  4  0  0  0  0
1921  4  0  0  0  0
2021  4  0  0  0  0
2121  4  0  0  0  0
2221  4  0  0  1  0
1331  4  1  0  0  0
1431  4  0  0  0  0
1531  4  0  0  0  0
1631  4  0  0  0  0
1731  4  0  0  0  0
1831  4  0  0  0  0
1931  4  0  0  0  0
2031  4  0  0  0  0
2131  4  0  0  0  0
2231  4  0  0  1  0
1341  4  1  0  0  0
1441  4  0  0  0  0
1541  4  0  0  0  0
1641  4  0  0  0  0
1741  4  0  0  0  0
1841  4  0  0  0  0
1941  4  0  0  0  0
2041  4  0  0  0  0
2141  4  0  0  0  0
2241  4  0  0  1  0
1351  4  1  0  0  0
1451  4  0  0  0  0
1551  4  0  0  0  0
1651  4  0  0  0  0
1751  4  0  0  0  0
1851  4  0  0  0  0
1951  4  0  0  0  0
2051  4  0  0  0  0
2151  4  0  0  0  0
2251  4  0  0  1  0
1361  4  1  0  0  0
1461  4  0  0  0  0
1561  4  0  0  0  0
1661  4  0  0  0  0
1761  4  0  0  0  0
1861  4  0  0  0  0
1961  4  0  0  0  0
2061  4  0  0  0  0
2161  4  0  0  0  0
2261  4  0  0  1  0
1371  4  1  0  0  0
1471  4  0  0  0  0
1571  4  0  0  0  0
1671  4  0  0  0  0
1771  4  0  0  0  0
1871  4  0  0  0  0
1971  4  0  0  0  0
2071  4  0  0  0  0
2171  4  0  0  0  0
2271  4  0  0  1  0
1381  4  1  0  0  0
1481  4  0  0  0  0
1581  4  0  0  0  0
1681  4  0  0  0  0
1781  4  0  0  0  0
1881  4  0  0  0  0
1981  4  0  0  0  0
2081  4  0  0  0  0
2181  4  0  0  0  0
2281  4  0  0  1  0
1391  4  1  1  0  0
1491  4  0  1  0  0
1591  4  0  1  0  0
1691  4  0  1  0  0
1791  4  0  1  0  0
1891  4  0  1  0  0
1991  4  0  1  0  0
2091  4  0  1  0  0
2191  4  0  1  0  0
2291  4  0  1  1  0
