-4.0 0.0 0.0
300
29951 4
29901 4
29851 4
29801 4
29751 4
29701 4
29651 4
29601 4
29551 4
29501 4
29451 4
29401 4
29351 4
29301 4
29251 4
29201 4
29151 4
29101 4
29051 4
29001 4
28951 4
28901 4
28851 4
28801 4
28751 4
28701 4
28651 4
28601 4
28551 4
28501 4
28451 4
28401 4
28351 4
28301 4
28251 4
28201 4
28151 4
28101 4
28051 4
28001 4
27951 4
27901 4
27851 4
27801 4
27751 4
27701 4
27651 4
27601 4
27551 4
27501 4
27451 4
27401 4
27351 4
27301 4
27251 4
27201 4
27151 4
27101 4
27051 4
27001 4
26951 4
26901 4
26851 4
26801 4
26751 4
26701 4
26651 4
26601 4
26551 4
26501 4
26451 4
26401 4
26351 4
26301 4
26251 4
26201 4
26151 4
26101 4
26051 4
26001 4
25951 4
25901 4
25851 4
25801 4
25751 4
25701 4
25651 4
25601 4
25551 4
25501 4
25451 4
25401 4
25351 4
25301 4
25251 4
25201 4
25151 4
25101 4
25051 4
25001 4
24951 4
24901 4
24851 4
24801 4
24751 4
24701 4
24651 4
24601 4
24551 4
24501 4
24451 4
24401 4
24351 4
24301 4
24251 4
24201 4
24151 4
24101 4
24051 4
24001 4
23951 4
23901 4
23851 4
23801 4
23751 4
23701 4
23651 4
23601 4
23551 4
23501 4
23451 4
23401 4
23351 4
23301 4
23251 4
23201 4
23151 4
23101 4
23051 4
23001 4
22951 4
22901 4
22851 4
22801 4
22751 4
22701 4
22651 4
22601 4
22551 4
22501 4
22451 4
22401 4
22351 4
22301 4
22251 4
22201 4
22151 4
22101 4
22051 4
22001 4
21951 4
21901 4
21851 4
21801 4
21751 4
21701 4
21651 4
21601 4
21551 4
21501 4
21451 4
21401 4
21351 4
21301 4
21251 4
21201 4
21151 4
21101 4
21051 4
21001 4
20951 4
20901 4
20851 4
20801 4
20751 4
20701 4
20651 4
20601 4
20551 4
20501 4
20451 4
20401 4
20351 4
20301 4
20251 4
20201 4
20151 4
20101 4
20051 4
20001 4
19951 4
19901 4
19851 4
19801 4
19751 4
19701 4
19651 4
19601 4
19551 4
19501 4
19451 4
19401 4
19351 4
19301 4
19251 4
19201 4
19151 4
19101 4
19051 4
19001 4
18951 4
18901 4
18851 4
18801 4
18751 4
18701 4
18651 4
18601 4
18551 4
18501 4
18451 4
18401 4
18351 4
18301 4
18251 4
18201 4
18151 4
18101 4
18051 4
18001 4
17951 4
17901 4
17851 4
17801 4
17751 4
17701 4
17651 4
17601 4
17551 4
17501 4
17451 4
17401 4
17351 4
17301 4
17251 4
17201 4
17151 4
17101 4
17051 4
17001 4
16951 4
16901 4
16851 4
16801 4
16751 4
16701 4
16651 4
16601 4
16551 4
16501 4
16451 4
16401 4
16351 4
16301 4
16251 4
16201 4
16151 4
16101 4
16051 4
16001 4
15951 4
15901 4
15851 4
15801 4
15751 4
15701 4
15651 4
15601 4
15551 4
15501 4
15451 4
15401 4
15351 4
15301 4
15251 4
15201 4
15151 4
15101 4
15051 4
15001 4
