-0.04 0.0 0.0
120
3801 6
3761 6
3721 6
3802 6
3762 6
3722 6
3803 6
3763 6
3723 6
3804 6
3764 6
3724 6
3805 6
3765 6
3725 6
3806 6
3766 6
3726 6
3807 6
3767 6
3727 6
3808 6
3768 6
3728 6
3809 6
3769 6
3729 6
3810 6
3770 6
3730 6
3811 6
3771 6
3731 6
3812 6
3772 6
3732 6
3813 6
3773 6
3733 6
3814 6
3774 6
3734 6
3815 6
3775 6
3735 6
3816 6
3776 6
3736 6
3817 6
3777 6
3737 6
3818 6
3778 6
3738 6
3819 6
3779 6
3739 6
3820 6
3780 6
3740 6
3821 6
3781 6
3741 6
3822 6
3782 6
3742 6
3823 6
3783 6
3743 6
3824 6
3784 6
3744 6
3825 6
3785 6
3745 6
3826 6
3786 6
3746 6
3827 6
3787 6
3747 6
3828 6
3788 6
3748 6
3829 6
3789 6
3749 6
3830 6
3790 6
3750 6
3831 6
3791 6
3751 6
3832 6
3792 6
3752 6
3833 6
3793 6
3753 6
3834 6
3794 6
3754 6
3835 6
3795 6
3755 6
3836 6
3796 6
3756 6
3837 6
3797 6
3757 6
3838 6
3798 6
3758 6
3839 6
3799 6
3759 6
3840 6
3800 6
3760 6
