-0.04 0.0 0.0
240
10320 5
10319 5
10318 5
10317 5
10316 5
10315 5
10314 5
10313 5
10312 5
10311 5
10310 5
10309 5
10308 5
10307 5
10306 5
10305 5
10304 5
10303 5
10302 5
10301 5
10300 5
10299 5
10298 5
10297 5
10296 5
10295 5
10294 5
10293 5
10292 5
10291 5
10290 5
10289 5
10288 5
10287 5
10286 5
10285 5
10284 5
10283 5
10282 5
10281 5
10280 5
10279 5
10278 5
10277 5
10276 5
10275 5
10274 5
10273 5
10272 5
10271 5
10270 5
10269 5
10268 5
10267 5
10266 5
10265 5
10264 5
10263 5
10262 5
10261 5
10260 5
10259 5
10258 5
10257 5
10256 5
10255 5
10254 5
10253 5
10252 5
10251 5
10250 5
10249 5
10248 5
10247 5
10246 5
10245 5
10244 5
10243 5
10242 5
10241 5
10240 5
10239 5
10238 5
10237 5
10236 5
10235 5
10234 5
10233 5
10232 5
10231 5
10230 5
10229 5
10228 5
10227 5
10226 5
10225 5
10224 5
10223 5
10222 5
10221 5
10220 5
10219 5
10218 5
10217 5
10216 5
10215 5
10214 5
10213 5
10212 5
10211 5
10210 5
10209 5
10208 5
10207 5
10206 5
10205 5
10204 5
10203 5
10202 5
10201 5
10200 5
10199 5
10198 5
10197 5
10196 5
10195 5
10194 5
10193 5
10192 5
10191 5
10190 5
10189 5
10188 5
10187 5
10186 5
10185 5
10184 5
10183 5
10182 5
10181 5
10180 5
10179 5
10178 5
10177 5
10176 5
10175 5
10174 5
10173 5
10172 5
10171 5
10170 5
10169 5
10168 5
10167 5
10166 5
10165 5
10164 5
10163 5
10162 5
10161 5
10160 5
10159 5
10158 5
10157 5
10156 5
10155 5
10154 5
10153 5
10152 5
10151 5
10150 5
10149 5
10148 5
10147 5
10146 5
10145 5
10144 5
10143 5
10142 5
10141 5
10140 5
10139 5
10138 5
10137 5
10136 5
10135 5
10134 5
10133 5
10132 5
10131 5
10130 5
10129 5
10128 5
10127 5
10126 5
10125 5
10124 5
10123 5
10122 5
10121 5
10120 5
10119 5
10118 5
10117 5
10116 5
10115 5
10114 5
10113 5
10112 5
10111 5
10110 5
10109 5
10108 5
10107 5
10106 5
10105 5
10104 5
10103 5
10102 5
10101 5
10100 5
10099 5
10098 5
10097 5
10096 5
10095 5
10094 5
10093 5
10092 5
10091 5
10090 5
10089 5
10088 5
10087 5
10086 5
10085 5
10084 5
10083 5
10082 5
10081 5
