 -4.000000000000000E-002  0.000000000000000E+000  0.000000000000000E+000
         120
11489  4  0  1  1  0
11457  4  0  0  1  0
11425  4  0  0  1  1
11393  4  0  1  0  0
11361  4  0  0  0  0
11329  4  0  0  0  1
11297  4  0  1  0  0
11265  4  0  0  0  0
11233  4  0  0  0  1
11201  4  0  1  0  0
11169  4  0  0  0  0
11137  4  0  0  0  1
11105  4  0  1  0  0
11073  4  0  0  0  0
11041  4  0  0  0  1
11009  4  0  1  0  0
10977  4  0  0  0  0
10945  4  0  0  0  1
10913  4  0  1  0  0
10881  4  0  0  0  0
10849  4  0  0  0  1
10817  4  0  1  0  0
10785  4  0  0  0  0
10753  4  0  0  0  1
10721  4  0  1  0  0
10689  4  0  0  0  0
10657  4  0  0  0  1
10625  4  0  1  0  0
10593  4  0  0  0  0
10561  4  0  0  0  1
10529  4  0  1  0  0
10497  4  0  0  0  0
10465  4  0  0  0  1
10433  4  0  1  0  0
10401  4  0  0  0  0
10369  4  0  0  0  1
10337  4  0  1  0  0
10305  4  0  0  0  0
10273  4  0  0  0  1
10241  4  0  1  0  0
10209  4  0  0  0  0
10177  4  0  0  0  1
10145  4  0  1  0  0
10113  4  0  0  0  0
10081  4  0  0  0  1
10049  4  0  1  0  0
10017  4  0  0  0  0
 9985  4  0  0  0  1
 9953  4  0  1  0  0
 9921  4  0  0  0  0
 9889  4  0  0  0  1
 9857  4  0  1  0  0
 9825  4  0  0  0  0
 9793  4  0  0  0  1
 9761  4  0  1  0  0
 9729  4  0  0  0  0
 9697  4  0  0  0  1
 9665  4  0  1  0  0
 9633  4  0  0  0  0
 9601  4  0  0  0  1
 9569  4  0  1  0  0
 9537  4  0  0  0  0
 9505  4  0  0  0  1
 9473  4  0  1  0  0
 9441  4  0  0  0  0
 9409  4  0  0  0  1
 9377  4  0  1  0  0
 9345  4  0  0  0  0
 9313  4  0  0  0  1
 9281  4  0  1  0  0
 9249  4  0  0  0  0
 9217  4  0  0  0  1
 9185  4  0  1  0  0
 9153  4  0  0  0  0
 9121  4  0  0  0  1
 9089  4  0  1  0  0
 9057  4  0  0  0  0
 9025  4  0  0  0  1
 8993  4  0  1  0  0
 8961  4  0  0  0  0
 8929  4  0  0  0  1
 8897  4  0  1  0  0
 8865  4  0  0  0  0
 8833  4  0  0  0  1
 8801  4  0  1  0  0
 8769  4  0  0  0  0
 8737  4  0  0  0  1
 8705  4  0  1  0  0
 8673  4  0  0  0  0
 8641  4  0  0  0  1
 8609  4  0  1  0  0
 8577  4  0  0  0  0
 8545  4  0  0  0  1
 8513  4  0  1  0  0
 8481  4  0  0  0  0
 8449  4  0  0  0  1
 8417  4  0  1  0  0
 8385  4  0  0  0  0
 8353  4  0  0  0  1
 8321  4  0  1  0  0
 8289  4  0  0  0  0
 8257  4  0  0  0  1
 8225  4  0  1  0  0
 8193  4  0  0  0  0
 8161  4  0  0  0  1
 8129  4  0  1  0  0
 8097  4  0  0  0  0
 8065  4  0  0  0  1
 8033  4  0  1  0  0
 8001  4  0  0  0  0
 7969  4  0  0  0  1
 7937  4  0  1  0  0
 7905  4  0  0  0  0
 7873  4  0  0  0  1
 7841  4  0  1  0  0
 7809  4  0  0  0  0
 7777  4  0  0  0  1
 7745  4  1  1  0  0
 7713  4  1  0  0  0
 7681  4  1  0  0  1
