 -4.000000000000000E-002  0.000000000000000E+000  0.000000000000000E+000
         240
10320  5  0  1  1  0
10319  5  0  0  1  0
10318  5  0  0  1  1
10317  5  0  1  0  0
10316  5  0  0  0  0
10315  5  0  0  0  1
10314  5  0  1  0  0
10313  5  0  0  0  0
10312  5  0  0  0  1
10311  5  0  1  0  0
10310  5  0  0  0  0
10309  5  0  0  0  1
10308  5  0  1  0  0
10307  5  0  0  0  0
10306  5  0  0  0  1
10305  5  0  1  0  0
10304  5  0  0  0  0
10303  5  0  0  0  1
10302  5  0  1  0  0
10301  5  0  0  0  0
10300  5  0  0  0  1
10299  5  0  1  0  0
10298  5  0  0  0  0
10297  5  0  0  0  1
10296  5  0  1  0  0
10295  5  0  0  0  0
10294  5  0  0  0  1
10293  5  0  1  0  0
10292  5  0  0  0  0
10291  5  0  0  0  1
10290  5  0  1  0  0
10289  5  0  0  0  0
10288  5  0  0  0  1
10287  5  0  1  0  0
10286  5  0  0  0  0
10285  5  0  0  0  1
10284  5  0  1  0  0
10283  5  0  0  0  0
10282  5  0  0  0  1
10281  5  0  1  0  0
10280  5  0  0  0  0
10279  5  0  0  0  1
10278  5  0  1  0  0
10277  5  0  0  0  0
10276  5  0  0  0  1
10275  5  0  1  0  0
10274  5  0  0  0  0
10273  5  0  0  0  1
10272  5  0  1  0  0
10271  5  0  0  0  0
10270  5  0  0  0  1
10269  5  0  1  0  0
10268  5  0  0  0  0
10267  5  0  0  0  1
10266  5  0  1  0  0
10265  5  0  0  0  0
10264  5  0  0  0  1
10263  5  0  1  0  0
10262  5  0  0  0  0
10261  5  0  0  0  1
10260  5  0  1  0  0
10259  5  0  0  0  0
10258  5  0  0  0  1
10257  5  0  1  0  0
10256  5  0  0  0  0
10255  5  0  0  0  1
10254  5  0  1  0  0
10253  5  0  0  0  0
10252  5  0  0  0  1
10251  5  0  1  0  0
10250  5  0  0  0  0
10249  5  0  0  0  1
10248  5  0  1  0  0
10247  5  0  0  0  0
10246  5  0  0  0  1
10245  5  0  1  0  0
10244  5  0  0  0  0
10243  5  0  0  0  1
10242  5  0  1  0  0
10241  5  0  0  0  0
10240  5  0  0  0  1
10239  5  0  1  0  0
10238  5  0  0  0  0
10237  5  0  0  0  1
10236  5  0  1  0  0
10235  5  0  0  0  0
10234  5  0  0  0  1
10233  5  0  1  0  0
10232  5  0  0  0  0
10231  5  0  0  0  1
10230  5  0  1  0  0
10229  5  0  0  0  0
10228  5  0  0  0  1
10227  5  0  1  0  0
10226  5  0  0  0  0
10225  5  0  0  0  1
10224  5  0  1  0  0
10223  5  0  0  0  0
10222  5  0  0  0  1
10221  5  0  1  0  0
10220  5  0  0  0  0
10219  5  0  0  0  1
10218  5  0  1  0  0
10217  5  0  0  0  0
10216  5  0  0  0  1
10215  5  0  1  0  0
10214  5  0  0  0  0
10213  5  0  0  0  1
10212  5  0  1  0  0
10211  5  0  0  0  0
10210  5  0  0  0  1
10209  5  0  1  0  0
10208  5  0  0  0  0
10207  5  0  0  0  1
10206  5  0  1  0  0
10205  5  0  0  0  0
10204  5  0  0  0  1
10203  5  0  1  0  0
10202  5  0  0  0  0
10201  5  0  0  0  1
10200  5  0  1  0  0
10199  5  0  0  0  0
10198  5  0  0  0  1
10197  5  0  1  0  0
10196  5  0  0  0  0
10195  5  0  0  0  1
10194  5  0  1  0  0
10193  5  0  0  0  0
10192  5  0  0  0  1
10191  5  0  1  0  0
10190  5  0  0  0  0
10189  5  0  0  0  1
10188  5  0  1  0  0
10187  5  0  0  0  0
10186  5  0  0  0  1
10185  5  0  1  0  0
10184  5  0  0  0  0
10183  5  0  0  0  1
10182  5  0  1  0  0
10181  5  0  0  0  0
10180  5  0  0  0  1
10179  5  0  1  0  0
10178  5  0  0  0  0
10177  5  0  0  0  1
10176  5  0  1  0  0
10175  5  0  0  0  0
10174  5  0  0  0  1
10173  5  0  1  0  0
10172  5  0  0  0  0
10171  5  0  0  0  1
10170  5  0  1  0  0
10169  5  0  0  0  0
10168  5  0  0  0  1
10167  5  0  1  0  0
10166  5  0  0  0  0
10165  5  0  0  0  1
10164  5  0  1  0  0
10163  5  0  0  0  0
10162  5  0  0  0  1
10161  5  0  1  0  0
10160  5  0  0  0  0
10159  5  0  0  0  1
10158  5  0  1  0  0
10157  5  0  0  0  0
10156  5  0  0  0  1
10155  5  0  1  0  0
10154  5  0  0  0  0
10153  5  0  0  0  1
10152  5  0  1  0  0
10151  5  0  0  0  0
10150  5  0  0  0  1
10149  5  0  1  0  0
10148  5  0  0  0  0
10147  5  0  0  0  1
10146  5  0  1  0  0
10145  5  0  0  0  0
10144  5  0  0  0  1
10143  5  0  1  0  0
10142  5  0  0  0  0
10141  5  0  0  0  1
10140  5  0  1  0  0
10139  5  0  0  0  0
10138  5  0  0  0  1
10137  5  0  1  0  0
10136  5  0  0  0  0
10135  5  0  0  0  1
10134  5  0  1  0  0
10133  5  0  0  0  0
10132  5  0  0  0  1
10131  5  0  1  0  0
10130  5  0  0  0  0
10129  5  0  0  0  1
10128  5  0  1  0  0
10127  5  0  0  0  0
10126  5  0  0  0  1
10125  5  0  1  0  0
10124  5  0  0  0  0
10123  5  0  0  0  1
10122  5  0  1  0  0
10121  5  0  0  0  0
10120  5  0  0  0  1
10119  5  0  1  0  0
10118  5  0  0  0  0
10117  5  0  0  0  1
10116  5  0  1  0  0
10115  5  0  0  0  0
10114  5  0  0  0  1
10113  5  0  1  0  0
10112  5  0  0  0  0
10111  5  0  0  0  1
10110  5  0  1  0  0
10109  5  0  0  0  0
10108  5  0  0  0  1
10107  5  0  1  0  0
10106  5  0  0  0  0
10105  5  0  0  0  1
10104  5  0  1  0  0
10103  5  0  0  0  0
10102  5  0  0  0  1
10101  5  0  1  0  0
10100  5  0  0  0  0
10099  5  0  0  0  1
10098  5  0  1  0  0
10097  5  0  0  0  0
10096  5  0  0  0  1
10095  5  0  1  0  0
10094  5  0  0  0  0
10093  5  0  0  0  1
10092  5  0  1  0  0
10091  5  0  0  0  0
10090  5  0  0  0  1
10089  5  0  1  0  0
10088  5  0  0  0  0
10087  5  0  0  0  1
10086  5  0  1  0  0
10085  5  0  0  0  0
10084  5  0  0  0  1
10083  5  1  1  0  0
10082  5  1  0  0  0
10081  5  1  0  0  1
