-4.0 0.0 0.0
300
14996 6
14991 6
14986 6
14981 6
14976 6
14971 6
14966 6
14961 6
14956 6
14951 6
14946 6
14941 6
14936 6
14931 6
14926 6
14921 6
14916 6
14911 6
14906 6
14901 6
14896 6
14891 6
14886 6
14881 6
14876 6
14871 6
14866 6
14861 6
14856 6
14851 6
14846 6
14841 6
14836 6
14831 6
14826 6
14821 6
14816 6
14811 6
14806 6
14801 6
14796 6
14791 6
14786 6
14781 6
14776 6
14771 6
14766 6
14761 6
14756 6
14751 6
14746 6
14741 6
14736 6
14731 6
14726 6
14721 6
14716 6
14711 6
14706 6
14701 6
14997 6
14992 6
14987 6
14982 6
14977 6
14972 6
14967 6
14962 6
14957 6
14952 6
14947 6
14942 6
14937 6
14932 6
14927 6
14922 6
14917 6
14912 6
14907 6
14902 6
14897 6
14892 6
14887 6
14882 6
14877 6
14872 6
14867 6
14862 6
14857 6
14852 6
14847 6
14842 6
14837 6
14832 6
14827 6
14822 6
14817 6
14812 6
14807 6
14802 6
14797 6
14792 6
14787 6
14782 6
14777 6
14772 6
14767 6
14762 6
14757 6
14752 6
14747 6
14742 6
14737 6
14732 6
14727 6
14722 6
14717 6
14712 6
14707 6
14702 6
14998 6
14993 6
14988 6
14983 6
14978 6
14973 6
14968 6
14963 6
14958 6
14953 6
14948 6
14943 6
14938 6
14933 6
14928 6
14923 6
14918 6
14913 6
14908 6
14903 6
14898 6
14893 6
14888 6
14883 6
14878 6
14873 6
14868 6
14863 6
14858 6
14853 6
14848 6
14843 6
14838 6
14833 6
14828 6
14823 6
14818 6
14813 6
14808 6
14803 6
14798 6
14793 6
14788 6
14783 6
14778 6
14773 6
14768 6
14763 6
14758 6
14753 6
14748 6
14743 6
14738 6
14733 6
14728 6
14723 6
14718 6
14713 6
14708 6
14703 6
14999 6
14994 6
14989 6
14984 6
14979 6
14974 6
14969 6
14964 6
14959 6
14954 6
14949 6
14944 6
14939 6
14934 6
14929 6
14924 6
14919 6
14914 6
14909 6
14904 6
14899 6
14894 6
14889 6
14884 6
14879 6
14874 6
14869 6
14864 6
14859 6
14854 6
14849 6
14844 6
14839 6
14834 6
14829 6
14824 6
14819 6
14814 6
14809 6
14804 6
14799 6
14794 6
14789 6
14784 6
14779 6
14774 6
14769 6
14764 6
14759 6
14754 6
14749 6
14744 6
14739 6
14734 6
14729 6
14724 6
14719 6
14714 6
14709 6
14704 6
15000 6
14995 6
14990 6
14985 6
14980 6
14975 6
14970 6
14965 6
14960 6
14955 6
14950 6
14945 6
14940 6
14935 6
14930 6
14925 6
14920 6
14915 6
14910 6
14905 6
14900 6
14895 6
14890 6
14885 6
14880 6
14875 6
14870 6
14865 6
14860 6
14855 6
14850 6
14845 6
14840 6
14835 6
14830 6
14825 6
14820 6
14815 6
14810 6
14805 6
14800 6
14795 6
14790 6
14785 6
14780 6
14775 6
14770 6
14765 6
14760 6
14755 6
14750 6
14745 6
14740 6
14735 6
14730 6
14725 6
14720 6
14715 6
14710 6
14705 6
