  -4.00000000000000       0.000000000000000E+000  0.000000000000000E+000
         300
29951  4  0  1  1  0
29901  4  0  0  1  0
29851  4  0  0  1  0
29801  4  0  0  1  0
29751  4  0  0  1  0
29701  4  0  0  1  0
29651  4  0  0  1  0
29601  4  0  0  1  0
29551  4  0  0  1  0
29501  4  0  0  1  0
29451  4  0  0  1  0
29401  4  0  0  1  0
29351  4  0  0  1  0
29301  4  0  0  1  0
29251  4  0  0  1  0
29201  4  0  0  1  0
29151  4  0  0  1  0
29101  4  0  0  1  0
29051  4  0  0  1  0
29001  4  0  0  1  0
28951  4  0  0  1  0
28901  4  0  0  1  0
28851  4  0  0  1  0
28801  4  0  0  1  0
28751  4  0  0  1  0
28701  4  0  0  1  0
28651  4  0  0  1  0
28601  4  0  0  1  0
28551  4  0  0  1  0
28501  4  0  0  1  0
28451  4  0  0  1  0
28401  4  0  0  1  0
28351  4  0  0  1  0
28301  4  0  0  1  0
28251  4  0  0  1  0
28201  4  0  0  1  0
28151  4  0  0  1  0
28101  4  0  0  1  0
28051  4  0  0  1  0
28001  4  0  0  1  0
27951  4  0  0  1  0
27901  4  0  0  1  0
27851  4  0  0  1  0
27801  4  0  0  1  0
27751  4  0  0  1  0
27701  4  0  0  1  0
27651  4  0  0  1  0
27601  4  0  0  1  0
27551  4  0  0  1  0
27501  4  0  0  1  0
27451  4  0  0  1  0
27401  4  0  0  1  0
27351  4  0  0  1  0
27301  4  0  0  1  0
27251  4  0  0  1  0
27201  4  0  0  1  0
27151  4  0  0  1  0
27101  4  0  0  1  0
27051  4  0  0  1  0
27001  4  0  0  1  1
26951  4  0  1  0  0
26901  4  0  0  0  0
26851  4  0  0  0  0
26801  4  0  0  0  0
26751  4  0  0  0  0
26701  4  0  0  0  0
26651  4  0  0  0  0
26601  4  0  0  0  0
26551  4  0  0  0  0
26501  4  0  0  0  0
26451  4  0  0  0  0
26401  4  0  0  0  0
26351  4  0  0  0  0
26301  4  0  0  0  0
26251  4  0  0  0  0
26201  4  0  0  0  0
26151  4  0  0  0  0
26101  4  0  0  0  0
26051  4  0  0  0  0
26001  4  0  0  0  0
25951  4  0  0  0  0
25901  4  0  0  0  0
25851  4  0  0  0  0
25801  4  0  0  0  0
25751  4  0  0  0  0
25701  4  0  0  0  0
25651  4  0  0  0  0
25601  4  0  0  0  0
25551  4  0  0  0  0
25501  4  0  0  0  0
25451  4  0  0  0  0
25401  4  0  0  0  0
25351  4  0  0  0  0
25301  4  0  0  0  0
25251  4  0  0  0  0
25201  4  0  0  0  0
25151  4  0  0  0  0
25101  4  0  0  0  0
25051  4  0  0  0  0
25001  4  0  0  0  0
24951  4  0  0  0  0
24901  4  0  0  0  0
24851  4  0  0  0  0
24801  4  0  0  0  0
24751  4  0  0  0  0
24701  4  0  0  0  0
24651  4  0  0  0  0
24601  4  0  0  0  0
24551  4  0  0  0  0
24501  4  0  0  0  0
24451  4  0  0  0  0
24401  4  0  0  0  0
24351  4  0  0  0  0
24301  4  0  0  0  0
24251  4  0  0  0  0
24201  4  0  0  0  0
24151  4  0  0  0  0
24101  4  0  0  0  0
24051  4  0  0  0  0
24001  4  0  0  0  1
23951  4  0  1  0  0
23901  4  0  0  0  0
23851  4  0  0  0  0
23801  4  0  0  0  0
23751  4  0  0  0  0
23701  4  0  0  0  0
23651  4  0  0  0  0
23601  4  0  0  0  0
23551  4  0  0  0  0
23501  4  0  0  0  0
23451  4  0  0  0  0
23401  4  0  0  0  0
23351  4  0  0  0  0
23301  4  0  0  0  0
23251  4  0  0  0  0
23201  4  0  0  0  0
23151  4  0  0  0  0
23101  4  0  0  0  0
23051  4  0  0  0  0
23001  4  0  0  0  0
22951  4  0  0  0  0
22901  4  0  0  0  0
22851  4  0  0  0  0
22801  4  0  0  0  0
22751  4  0  0  0  0
22701  4  0  0  0  0
22651  4  0  0  0  0
22601  4  0  0  0  0
22551  4  0  0  0  0
22501  4  0  0  0  0
22451  4  0  0  0  0
22401  4  0  0  0  0
22351  4  0  0  0  0
22301  4  0  0  0  0
22251  4  0  0  0  0
22201  4  0  0  0  0
22151  4  0  0  0  0
22101  4  0  0  0  0
22051  4  0  0  0  0
22001  4  0  0  0  0
21951  4  0  0  0  0
21901  4  0  0  0  0
21851  4  0  0  0  0
21801  4  0  0  0  0
21751  4  0  0  0  0
21701  4  0  0  0  0
21651  4  0  0  0  0
21601  4  0  0  0  0
21551  4  0  0  0  0
21501  4  0  0  0  0
21451  4  0  0  0  0
21401  4  0  0  0  0
21351  4  0  0  0  0
21301  4  0  0  0  0
21251  4  0  0  0  0
21201  4  0  0  0  0
21151  4  0  0  0  0
21101  4  0  0  0  0
21051  4  0  0  0  0
21001  4  0  0  0  1
20951  4  0  1  0  0
20901  4  0  0  0  0
20851  4  0  0  0  0
20801  4  0  0  0  0
20751  4  0  0  0  0
20701  4  0  0  0  0
20651  4  0  0  0  0
20601  4  0  0  0  0
20551  4  0  0  0  0
20501  4  0  0  0  0
20451  4  0  0  0  0
20401  4  0  0  0  0
20351  4  0  0  0  0
20301  4  0  0  0  0
20251  4  0  0  0  0
20201  4  0  0  0  0
20151  4  0  0  0  0
20101  4  0  0  0  0
20051  4  0  0  0  0
20001  4  0  0  0  0
19951  4  0  0  0  0
19901  4  0  0  0  0
19851  4  0  0  0  0
19801  4  0  0  0  0
19751  4  0  0  0  0
19701  4  0  0  0  0
19651  4  0  0  0  0
19601  4  0  0  0  0
19551  4  0  0  0  0
19501  4  0  0  0  0
19451  4  0  0  0  0
19401  4  0  0  0  0
19351  4  0  0  0  0
19301  4  0  0  0  0
19251  4  0  0  0  0
19201  4  0  0  0  0
19151  4  0  0  0  0
19101  4  0  0  0  0
19051  4  0  0  0  0
19001  4  0  0  0  0
18951  4  0  0  0  0
18901  4  0  0  0  0
18851  4  0  0  0  0
18801  4  0  0  0  0
18751  4  0  0  0  0
18701  4  0  0  0  0
18651  4  0  0  0  0
18601  4  0  0  0  0
18551  4  0  0  0  0
18501  4  0  0  0  0
18451  4  0  0  0  0
18401  4  0  0  0  0
18351  4  0  0  0  0
18301  4  0  0  0  0
18251  4  0  0  0  0
18201  4  0  0  0  0
18151  4  0  0  0  0
18101  4  0  0  0  0
18051  4  0  0  0  0
18001  4  0  0  0  1
17951  4  1  1  0  0
17901  4  1  0  0  0
17851  4  1  0  0  0
17801  4  1  0  0  0
17751  4  1  0  0  0
17701  4  1  0  0  0
17651  4  1  0  0  0
17601  4  1  0  0  0
17551  4  1  0  0  0
17501  4  1  0  0  0
17451  4  1  0  0  0
17401  4  1  0  0  0
17351  4  1  0  0  0
17301  4  1  0  0  0
17251  4  1  0  0  0
17201  4  1  0  0  0
17151  4  1  0  0  0
17101  4  1  0  0  0
17051  4  1  0  0  0
17001  4  1  0  0  0
16951  4  1  0  0  0
16901  4  1  0  0  0
16851  4  1  0  0  0
16801  4  1  0  0  0
16751  4  1  0  0  0
16701  4  1  0  0  0
16651  4  1  0  0  0
16601  4  1  0  0  0
16551  4  1  0  0  0
16501  4  1  0  0  0
16451  4  1  0  0  0
16401  4  1  0  0  0
16351  4  1  0  0  0
16301  4  1  0  0  0
16251  4  1  0  0  0
16201  4  1  0  0  0
16151  4  1  0  0  0
16101  4  1  0  0  0
16051  4  1  0  0  0
16001  4  1  0  0  0
15951  4  1  0  0  0
15901  4  1  0  0  0
15851  4  1  0  0  0
15801  4  1  0  0  0
15751  4  1  0  0  0
15701  4  1  0  0  0
15651  4  1  0  0  0
15601  4  1  0  0  0
15551  4  1  0  0  0
15501  4  1  0  0  0
15451  4  1  0  0  0
15401  4  1  0  0  0
15351  4  1  0  0  0
15301  4  1  0  0  0
15251  4  1  0  0  0
15201  4  1  0  0  0
15151  4  1  0  0  0
15101  4  1  0  0  0
15051  4  1  0  0  0
15001  4  1  0  0  1
