-0.04 0.0 0.0
180
5854 3
5855 3
5856 3
5950 3
5951 3
5952 3
6046 3
6047 3
6048 3
6142 3
6143 3
6144 3
6238 3
6239 3
6240 3
6334 3
6335 3
6336 3
6430 3
6431 3
6432 3
6526 3
6527 3
6528 3
6622 3
6623 3
6624 3
6718 3
6719 3
6720 3
6814 3
6815 3
6816 3
6910 3
6911 3
6912 3
7006 3
7007 3
7008 3
7102 3
7103 3
7104 3
7198 3
7199 3
7200 3
7294 3
7295 3
7296 3
7390 3
7391 3
7392 3
7486 3
7487 3
7488 3
7582 3
7583 3
7584 3
7678 3
7679 3
7680 3
7774 3
7775 3
7776 3
7870 3
7871 3
7872 3
7966 3
7967 3
7968 3
8062 3
8063 3
8064 3
8158 3
8159 3
8160 3
8254 3
8255 3
8256 3
8350 3
8351 3
8352 3
8446 3
8447 3
8448 3
8542 3
8543 3
8544 3
8638 3
8639 3
8640 3
8734 3
8735 3
8736 3
8830 3
8831 3
8832 3
8926 3
8927 3
8928 3
9022 3
9023 3
9024 3
9118 3
9119 3
9120 3
9214 3
9215 3
9216 3
9310 3
9311 3
9312 3
9406 3
9407 3
9408 3
9502 3
9503 3
9504 3
9598 3
9599 3
9600 3
9694 3
9695 3
9696 3
9790 3
9791 3
9792 3
9886 3
9887 3
9888 3
9982 3
9983 3
9984 3
10078 3
10079 3
10080 3
10174 3
10175 3
10176 3
10270 3
10271 3
10272 3
10366 3
10367 3
10368 3
10462 3
10463 3
10464 3
10558 3
10559 3
10560 3
10654 3
10655 3
10656 3
10750 3
10751 3
10752 3
10846 3
10847 3
10848 3
10942 3
10943 3
10944 3
11038 3
11039 3
11040 3
11134 3
11135 3
11136 3
11230 3
11231 3
11232 3
11326 3
11327 3
11328 3
11422 3
11423 3
11424 3
11518 3
11519 3
11520 3
