 -4.000000000000000E-002  0.000000000000000E+000  0.000000000000000E+000
         120
3801  6  0  0  1  1
3761  6  0  0  0  1
3721  6  1  0  0  1
3802  6  0  0  1  0
3762  6  0  0  0  0
3722  6  1  0  0  0
3803  6  0  0  1  0
3763  6  0  0  0  0
3723  6  1  0  0  0
3804  6  0  0  1  0
3764  6  0  0  0  0
3724  6  1  0  0  0
3805  6  0  0  1  0
3765  6  0  0  0  0
3725  6  1  0  0  0
3806  6  0  0  1  0
3766  6  0  0  0  0
3726  6  1  0  0  0
3807  6  0  0  1  0
3767  6  0  0  0  0
3727  6  1  0  0  0
3808  6  0  0  1  0
3768  6  0  0  0  0
3728  6  1  0  0  0
3809  6  0  0  1  0
3769  6  0  0  0  0
3729  6  1  0  0  0
3810  6  0  0  1  0
3770  6  0  0  0  0
3730  6  1  0  0  0
3811  6  0  0  1  0
3771  6  0  0  0  0
3731  6  1  0  0  0
3812  6  0  0  1  0
3772  6  0  0  0  0
3732  6  1  0  0  0
3813  6  0  0  1  0
3773  6  0  0  0  0
3733  6  1  0  0  0
3814  6  0  0  1  0
3774  6  0  0  0  0
3734  6  1  0  0  0
3815  6  0  0  1  0
3775  6  0  0  0  0
3735  6  1  0  0  0
3816  6  0  0  1  0
3776  6  0  0  0  0
3736  6  1  0  0  0
3817  6  0  0  1  0
3777  6  0  0  0  0
3737  6  1  0  0  0
3818  6  0  0  1  0
3778  6  0  0  0  0
3738  6  1  0  0  0
3819  6  0  0  1  0
3779  6  0  0  0  0
3739  6  1  0  0  0
3820  6  0  0  1  0
3780  6  0  0  0  0
3740  6  1  0  0  0
3821  6  0  0  1  0
3781  6  0  0  0  0
3741  6  1  0  0  0
3822  6  0  0  1  0
3782  6  0  0  0  0
3742  6  1  0  0  0
3823  6  0  0  1  0
3783  6  0  0  0  0
3743  6  1  0  0  0
3824  6  0  0  1  0
3784  6  0  0  0  0
3744  6  1  0  0  0
3825  6  0  0  1  0
3785  6  0  0  0  0
3745  6  1  0  0  0
3826  6  0  0  1  0
3786  6  0  0  0  0
3746  6  1  0  0  0
3827  6  0  0  1  0
3787  6  0  0  0  0
3747  6  1  0  0  0
3828  6  0  0  1  0
3788  6  0  0  0  0
3748  6  1  0  0  0
3829  6  0  0  1  0
3789  6  0  0  0  0
3749  6  1  0  0  0
3830  6  0  0  1  0
3790  6  0  0  0  0
3750  6  1  0  0  0
3831  6  0  0  1  0
3791  6  0  0  0  0
3751  6  1  0  0  0
3832  6  0  0  1  0
3792  6  0  0  0  0
3752  6  1  0  0  0
3833  6  0  0  1  0
3793  6  0  0  0  0
3753  6  1  0  0  0
3834  6  0  0  1  0
3794  6  0  0  0  0
3754  6  1  0  0  0
3835  6  0  0  1  0
3795  6  0  0  0  0
3755  6  1  0  0  0
3836  6  0  0  1  0
3796  6  0  0  0  0
3756  6  1  0  0  0
3837  6  0  0  1  0
3797  6  0  0  0  0
3757  6  1  0  0  0
3838  6  0  0  1  0
3798  6  0  0  0  0
3758  6  1  0  0  0
3839  6  0  0  1  0
3799  6  0  0  0  0
3759  6  1  0  0  0
3840  6  0  1  1  0
3800  6  0  1  0  0
3760  6  1  1  0  0
