2 0.0
1326
2740 2
2750 2
2760 2
2770 2
2780 2
2790 2
2800 2
2810 2
2820 2
2830 2
2840 2
2850 2
2860 2
2870 2
2880 2
2890 2
2900 2
2910 2
2920 2
2930 2
2940 2
2950 2
2960 2
2970 2
2980 2
2990 2
3000 2
3010 2
3020 2
3030 2
3040 2
3050 2
3060 2
3070 2
3080 2
3090 2
3100 2
3110 2
3120 2
3130 2
3140 2
3150 2
3160 2
3170 2
3180 2
3190 2
3200 2
3210 2
3220 2
3230 2
3240 2
3250 2
3260 2
3270 2
3280 2
3290 2
3300 2
3310 2
3320 2
3330 2
3340 2
3350 2
3360 2
3370 2
3380 2
2081 5
2082 5
2083 5
2084 5
2085 5
2086 5
2087 5
2088 5
2089 5
2090 5
2091 5
2092 5
2093 5
2094 5
2095 5
2096 5
2097 5
2098 5
2099 5
2100 5
2101 5
2102 5
2103 5
2104 5
2105 5
2106 5
2107 5
2108 5
2109 5
2110 5
2111 5
2112 5
2113 5
2114 5
2115 5
2116 5
2117 5
2118 5
2119 5
2120 5
2121 5
2122 5
2123 5
2124 5
2125 5
2126 5
2127 5
2128 5
2129 5
2130 5
2131 5
2132 5
2133 5
2134 5
2135 5
2136 5
2137 5
2138 5
2139 5
2140 5
2141 5
2142 5
2143 5
2144 5
2145 5
651 5
652 5
653 5
654 5
655 5
656 5
657 5
658 5
659 5
660 5
661 5
662 5
663 5
664 5
665 5
666 5
667 5
668 5
669 5
670 5
671 5
672 5
673 5
674 5
675 5
676 5
677 5
678 5
679 5
680 5
681 5
682 5
683 5
684 5
685 5
686 5
687 5
688 5
689 5
1 5
2 5
3 5
4 5
5 5
6 5
7 5
8 5
9 5
10 5
11 5
12 5
13 5
14 5
15 5
16 5
17 5
18 5
19 5
20 5
21 5
22 5
23 5
24 5
25 5
26 5
27 5
28 5
29 5
30 5
31 5
32 5
33 5
34 5
35 5
36 5
37 5
38 5
39 5
40 5
41 5
42 5
43 5
44 5
45 5
46 5
47 5
48 5
49 5
50 5
51 5
52 5
53 5
54 5
55 5
56 5
57 5
58 5
59 5
60 5
61 5
62 5
63 5
64 5
65 5
1041 5
1042 5
1043 5
1044 5
1045 5
1046 5
1047 5
1048 5
1049 5
1050 5
1051 5
1052 5
1053 5
1054 5
1055 5
1056 5
1057 5
1058 5
1059 5
1060 5
1061 5
1062 5
1063 5
1064 5
1065 5
1066 5
1067 5
1068 5
1069 5
1070 5
1071 5
1072 5
1073 5
1074 5
1075 5
1076 5
1077 5
1078 5
1079 5
1080 5
1081 5
1082 5
1083 5
1084 5
1085 5
1086 5
1087 5
1088 5
1089 5
1090 5
1091 5
1092 5
1093 5
1094 5
1095 5
1096 5
1097 5
1098 5
1099 5
1100 5
1101 5
1102 5
1103 5
1104 5
1105 5
1691 5
1692 5
1693 5
1694 5
1695 5
1696 5
1697 5
1698 5
1699 5
1700 5
1701 5
1702 5
1703 5
1704 5
1705 5
1706 5
1707 5
1708 5
1709 5
1710 5
1711 5
1712 5
1713 5
1714 5
1715 5
1716 5
1717 5
1718 5
1719 5
1720 5
1721 5
1722 5
1723 5
1724 5
1725 5
1726 5
1727 5
1728 5
1729 5
6111 5
6112 5
6113 5
6114 5
6115 5
6116 5
6117 5
6118 5
6119 5
6120 5
6121 5
6122 5
6123 5
6124 5
6125 5
6126 5
6127 5
6128 5
6129 5
6130 5
6131 5
6132 5
6133 5
6134 5
6135 5
6136 5
6137 5
6138 5
6139 5
6140 5
6141 5
6142 5
6143 5
6144 5
6145 5
6146 5
6147 5
6148 5
6149 5
6150 5
6151 5
6152 5
6153 5
6154 5
6155 5
6156 5
6157 5
6158 5
6159 5
6160 5
6161 5
6162 5
6163 5
6164 5
6165 5
6166 5
6167 5
6168 5
6169 5
6170 5
6171 5
6172 5
6173 5
6174 5
6175 5
5461 5
5462 5
5463 5
5464 5
5465 5
5466 5
5467 5
5468 5
5469 5
5470 5
5471 5
5472 5
5473 5
5474 5
5475 5
5476 5
5477 5
5478 5
5479 5
5480 5
5481 5
5482 5
5483 5
5484 5
5485 5
5486 5
5487 5
5488 5
5489 5
5490 5
5491 5
5492 5
5493 5
5494 5
5495 5
5496 5
5497 5
5498 5
5499 5
5500 5
5501 5
5502 5
5503 5
5504 5
5505 5
5506 5
5507 5
5508 5
5509 5
5510 5
5511 5
5512 5
5513 5
5514 5
5515 5
5516 5
5517 5
5518 5
5519 5
5520 5
5521 5
5522 5
5523 5
5524 5
5525 5
3381 5
3382 5
3383 5
3384 5
3385 5
3386 5
3387 5
3388 5
3389 5
3390 5
3391 5
3392 5
3393 5
3394 5
3395 5
3396 5
3397 5
3398 5
3399 5
3400 5
3401 5
3402 5
3403 5
3404 5
3405 5
3406 5
3407 5
3408 5
3409 5
3410 5
3411 5
3412 5
3413 5
3414 5
3415 5
3416 5
3417 5
3418 5
3419 5
3420 5
3421 5
3422 5
3423 5
3424 5
3425 5
3426 5
3427 5
3428 5
3429 5
3430 5
3431 5
3432 5
3433 5
3434 5
3435 5
3436 5
3437 5
3438 5
3439 5
3440 5
3441 5
3442 5
3443 5
3444 5
3445 5
4040 2
4050 2
4060 2
4070 2
4080 2
4090 2
4100 2
4110 2
4120 2
4130 2
4140 2
4150 2
4160 2
4170 2
4180 2
4190 2
4200 2
4210 2
4220 2
4230 2
4240 2
4250 2
4260 2
4270 2
4280 2
4290 2
4300 2
4310 2
4320 2
4330 2
4340 2
4350 2
4360 2
4370 2
4380 2
4390 2
4400 2
4410 2
4420 2
4820 2
4830 2
4840 2
4850 2
4860 2
4870 2
4880 2
4890 2
4900 2
4910 2
4920 2
4930 2
4940 2
4950 2
4960 2
4970 2
4980 2
4990 2
5000 2
5010 2
5020 2
5030 2
5040 2
5050 2
5060 2
5070 2
5080 2
5090 2
5100 2
5110 2
5120 2
5130 2
5140 2
5150 2
5160 2
5170 2
5180 2
5190 2
5200 2
5210 2
5220 2
5230 2
5240 2
5250 2
5260 2
5270 2
5280 2
5290 2
5300 2
5310 2
5320 2
5330 2
5340 2
5350 2
5360 2
5370 2
5380 2
5390 2
5400 2
5410 2
5420 2
5430 2
5440 2
5450 2
5460 2
4430 2
4440 2
4450 2
4460 2
4470 2
4480 2
4490 2
4500 2
4510 2
4520 2
4530 2
4540 2
4550 2
4560 2
4570 2
4580 2
4590 2
4600 2
4610 2
4620 2
4630 2
4640 2
4650 2
4660 2
4670 2
4680 2
4690 2
4700 2
4710 2
4720 2
4730 2
4740 2
4750 2
4760 2
4770 2
4780 2
4790 2
4800 2
4810 2
2081 4
2086 4
2091 4
2096 4
2101 4
2106 4
2111 4
2116 4
2121 4
2126 4
2131 4
2136 4
2141 4
2146 4
2151 4
2156 4
2161 4
2166 4
2171 4
2176 4
2181 4
2186 4
2191 4
2196 4
2201 4
2206 4
2211 4
2216 4
2221 4
2226 4
2231 4
2236 4
2241 4
2246 4
2251 4
2256 4
2261 4
2266 4
2271 4
2276 4
2281 4
2286 4
2291 4
2296 4
2301 4
2306 4
2311 4
2316 4
2321 4
2326 4
2331 4
2336 4
2341 4
2346 4
2351 4
2356 4
2361 4
2366 4
2371 4
2376 4
2381 4
2386 4
2391 4
2396 4
2401 4
2406 4
2411 4
2416 4
2421 4
2426 4
2431 4
2436 4
2441 4
2446 4
2451 4
2456 4
2461 4
2466 4
2471 4
2476 4
2481 4
2486 4
2491 4
2496 4
2501 4
2506 4
2511 4
2516 4
2521 4
2526 4
2531 4
2536 4
2541 4
2546 4
2551 4
2556 4
2561 4
2566 4
2571 4
2576 4
2581 4
2586 4
2591 4
2596 4
2601 4
2606 4
2611 4
2616 4
2621 4
2626 4
2631 4
2636 4
2641 4
2646 4
2651 4
2656 4
2661 4
2666 4
2671 4
2676 4
2681 4
2686 4
2691 4
2696 4
2701 4
2706 4
2711 4
2716 4
2721 4
2726 4
2731 1
2732 1
2733 1
2734 1
2735 1
2736 1
2737 1
2738 1
2739 1
2740 1
2781 1
2782 1
2783 1
2784 1
2785 1
2786 1
2787 1
2788 1
2789 1
2790 1
2831 1
2832 1
2833 1
2834 1
2835 1
2836 1
2837 1
2838 1
2839 1
2840 1
2881 1
2882 1
2883 1
2884 1
2885 1
2886 1
2887 1
2888 1
2889 1
2890 1
2931 1
2932 1
2933 1
2934 1
2935 1
2936 1
2937 1
2938 1
2939 1
2940 1
2981 1
2982 1
2983 1
2984 1
2985 1
2986 1
2987 1
2988 1
2989 1
2990 1
3031 1
3032 1
3033 1
3034 1
3035 1
3036 1
3037 1
3038 1
3039 1
3040 1
3081 1
3082 1
3083 1
3084 1
3085 1
3086 1
3087 1
3088 1
3089 1
3090 1
3131 1
3132 1
3133 1
3134 1
3135 1
3136 1
3137 1
3138 1
3139 1
3140 1
3181 1
3182 1
3183 1
3184 1
3185 1
3186 1
3187 1
3188 1
3189 1
3190 1
3231 1
3232 1
3233 1
3234 1
3235 1
3236 1
3237 1
3238 1
3239 1
3240 1
3281 1
3282 1
3283 1
3284 1
3285 1
3286 1
3287 1
3288 1
3289 1
3290 1
3331 1
3332 1
3333 1
3334 1
3335 1
3336 1
3337 1
3338 1
3339 1
3340 1
7801 1
7802 1
7803 1
7804 1
7805 1
7806 1
7807 1
7808 1
7809 1
7810 1
7811 1
7812 1
7813 1
7866 1
7867 1
7868 1
7869 1
7870 1
7871 1
7872 1
7873 1
7874 1
7875 1
7876 1
7877 1
7878 1
7931 1
7932 1
7933 1
7934 1
7935 1
7936 1
7937 1
7938 1
7939 1
7940 1
7941 1
7942 1
7943 1
7996 1
7997 1
7998 1
7999 1
8000 1
8001 1
8002 1
8003 1
8004 1
8005 1
8006 1
8007 1
8008 1
8061 1
8062 1
8063 1
8064 1
8065 1
8066 1
8067 1
8068 1
8069 1
8070 1
8071 1
8072 1
8073 1
5465 2
5470 2
5475 2
5480 2
5485 2
5490 2
5495 2
5500 2
5505 2
5510 2
5515 2
5520 2
5525 2
5530 2
5535 2
5540 2
5545 2
5550 2
5555 2
5560 2
5565 2
5570 2
5575 2
5580 2
5585 2
5590 2
5595 2
5600 2
5605 2
5610 2
5615 2
5620 2
5625 2
5630 2
5635 2
5640 2
5645 2
5650 2
5655 2
5660 2
5665 2
5670 2
5675 2
5680 2
5685 2
5690 2
5695 2
5700 2
5705 2
5710 2
5715 2
5720 2
5725 2
5730 2
5735 2
5740 2
5745 2
5750 2
5755 2
5760 2
5765 2
5770 2
5775 2
5780 2
5785 2
5790 2
5795 2
5800 2
5805 2
5810 2
5815 2
5820 2
5825 2
5830 2
5835 2
5840 2
5845 2
5850 2
5855 2
5860 2
5865 2
5870 2
5875 2
5880 2
5885 2
5890 2
5895 2
5900 2
5905 2
5910 2
5915 2
5920 2
5925 2
5930 2
5935 2
5940 2
5945 2
5950 2
5955 2
5960 2
5965 2
5970 2
5975 2
5980 2
5985 2
5990 2
5995 2
6000 2
6005 2
6010 2
6015 2
6020 2
6025 2
6030 2
6035 2
6040 2
6045 2
6050 2
6055 2
6060 2
6065 2
6070 2
6075 2
6080 2
6085 2
6090 2
6095 2
6100 2
6105 2
6110 2
6115 2
6120 2
6125 2
6130 2
6135 2
6140 2
6145 2
6150 2
6155 2
6160 2
6165 2
6170 2
6175 2
6180 2
6185 2
6190 2
6195 2
6200 2
6205 2
6210 2
6215 2
6220 2
6225 2
6230 2
6235 2
6240 2
6245 2
6250 2
6255 2
6260 2
6265 2
6270 2
6275 2
6280 2
6285 2
6290 2
6295 2
6300 2
6305 2
6310 2
6315 2
6320 2
6325 2
6330 2
6335 2
6340 2
6345 2
6350 2
6355 2
6360 2
6365 2
6370 2
6375 2
6380 2
6385 2
6390 2
6395 2
6400 2
6405 2
6410 2
6415 2
6420 2
6425 2
6430 2
6435 2
6440 2
6445 2
6450 2
6455 2
6460 2
6465 2
6470 2
6475 2
6480 2
6485 2
6490 2
6495 2
6500 2
6505 2
6510 2
6515 2
6520 2
6525 2
6530 2
6535 2
6540 2
6545 2
6550 2
6555 2
6560 2
6565 2
6570 2
6575 2
6580 2
6585 2
6590 2
6595 2
6600 2
6605 2
6610 2
6615 2
6620 2
6625 2
6630 2
6635 2
6640 2
6645 2
6650 2
6655 2
6660 2
6665 2
6670 2
6675 2
6680 2
6685 2
6690 2
6695 2
6700 2
6705 2
6710 2
6715 2
6720 2
6725 2
6730 2
6735 2
6740 2
6745 2
6750 2
6755 2
6760 2
8386 6
8387 6
8388 6
8389 6
8390 6
8391 6
8392 6
8393 6
8394 6
8395 6
8396 6
8397 6
8398 6
8399 6
8400 6
8401 6
8402 6
8403 6
8404 6
8405 6
8406 6
8407 6
8408 6
8409 6
8410 6
8411 6
8412 6
8413 6
8414 6
8415 6
8416 6
8417 6
8418 6
8419 6
8420 6
8421 6
8422 6
8423 6
8424 6
8425 6
8426 6
8427 6
8428 6
8429 6
8430 6
8431 6
8432 6
8433 6
8434 6
8435 6
8436 6
8437 6
8438 6
8439 6
8440 6
8441 6
8442 6
8443 6
8444 6
8445 6
8446 6
8447 6
8448 6
8449 6
8450 6
