1696
2569 6
2570 6
2571 6
2572 6
2573 6
2574 6
2575 6
2576 6
2577 6
2578 6
2579 6
2580 6
2581 6
2582 6
2583 6
2584 6
2585 6
2586 6
2587 6
2588 6
2589 6
2590 6
2591 6
2592 6
2593 6
2594 6
2595 6
2596 6
2597 6
2598 6
2599 6
2600 6
2601 6
2602 6
2603 6
2604 6
2605 6
2606 6
2607 6
2608 6
2609 6
2610 6
2611 6
2612 6
2613 6
2614 6
2615 6
2616 6
2617 6
2618 6
2619 6
2620 6
2621 6
2622 6
2623 6
2624 6
2625 6
2626 6
2627 6
2628 6
2629 6
2630 6
2631 6
2632 6
2633 6
2634 6
2635 6
2636 6
2637 6
2638 6
2639 6
2640 6
2641 6
2642 6
2643 6
2644 6
2645 6
2646 6
2647 6
2648 6
2649 6
2650 6
2651 6
2652 6
2653 6
2654 6
2655 6
2656 6
2657 6
2658 6
2659 6
2660 6
2661 6
2662 6
2663 6
2664 6
2665 6
2666 6
2667 6
2668 6
2669 6
2670 6
2671 6
2672 6
2673 6
2674 6
2675 6
964 6
965 6
966 6
967 6
968 6
969 6
970 6
971 6
972 6
973 6
974 6
975 6
976 6
977 6
978 6
979 6
980 6
981 6
982 6
983 6
984 6
985 6
986 6
987 6
988 6
989 6
990 6
991 6
992 6
993 6
994 6
995 6
996 6
997 6
998 6
999 6
1000 6
1001 6
1002 6
1003 6
1004 6
1005 6
1006 6
1007 6
1008 6
1009 6
1010 6
1011 6
1012 6
1013 6
1014 6
1015 6
1016 6
1017 6
1018 6
1019 6
1020 6
1021 6
1022 6
1023 6
1024 6
1025 6
1026 6
1027 6
1028 6
1029 6
1030 6
1031 6
1032 6
1033 6
1034 6
1035 6
1036 6
1037 6
1038 6
1039 6
1040 6
1041 6
1042 6
1043 6
1044 6
1045 6
1046 6
1047 6
1048 6
1049 6
1050 6
1051 6
1052 6
1053 6
1054 6
1055 6
1056 6
1057 6
1058 6
1059 6
1060 6
1061 6
1062 6
1063 6
1064 6
1065 6
1066 6
1067 6
1068 6
1069 6
1070 6
624 2
608 1
607 1
606 1
605 1
604 1
603 1
602 1
601 1
623 4
731 2
715 1
714 1
713 1
712 1
711 1
710 1
709 1
708 1
730 4
838 2
822 1
821 1
820 1
819 1
818 1
817 1
816 1
815 1
837 4
945 2
929 1
928 1
927 1
926 1
925 1
924 1
923 1
922 1
944 4
1052 2
1036 1
1035 1
1034 1
1033 1
1032 1
1031 1
1030 1
1029 1
1051 4
2667 1
2560 1
2453 1
2346 1
2239 1
2666 1
2559 1
2452 1
2345 1
2238 1
2665 1
2558 1
2451 1
2344 1
2237 1
2664 1
2557 1
2450 1
2343 1
2236 1
2663 1
2556 1
2449 1
2342 1
2235 1
2662 1
2555 1
2448 1
2341 1
2234 1
2661 1
2554 1
2447 1
2340 1
2233 1
2660 1
2553 1
2446 1
2339 1
2232 1
2659 1
2552 1
2445 1
2338 1
2231 1
2658 1
2551 1
2444 1
2337 1
2230 1
2657 1
2550 1
2443 1
2336 1
2229 1
1694 2
1801 2
1908 2
2015 2
2122 2
1678 3
1785 3
1892 3
1999 3
2106 3
1677 3
1784 3
1891 3
1998 3
2105 3
1676 3
1783 3
1890 3
1997 3
2104 3
1675 3
1782 3
1889 3
1996 3
2103 3
1674 3
1781 3
1888 3
1995 3
2102 3
1673 3
1780 3
1887 3
1994 3
2101 3
1672 3
1779 3
1886 3
1993 3
2100 3
1671 3
1778 3
1885 3
1992 3
2099 3
1693 4
1800 4
1907 4
2014 4
2121 4
3737 3
3736 3
3735 3
3734 3
3733 3
3732 3
3731 3
3730 3
3729 3
3728 3
3727 3
3630 3
3629 3
3628 3
3627 3
3626 3
3625 3
3624 3
3623 3
3622 3
3621 3
3620 3
3523 3
3522 3
3521 3
3520 3
3519 3
3518 3
3517 3
3516 3
3515 3
3514 3
3513 3
3416 3
3415 3
3414 3
3413 3
3412 3
3411 3
3410 3
3409 3
3408 3
3407 3
3406 3
3309 3
3308 3
3307 3
3306 3
3305 3
3304 3
3303 3
3302 3
3301 3
3300 3
3299 3
429 6
430 6
431 6
432 6
433 6
434 6
435 6
436 6
437 6
438 6
439 6
440 6
441 6
442 6
443 6
444 6
445 6
446 6
447 6
448 6
449 6
450 6
451 6
452 6
453 6
454 6
455 6
456 6
457 6
458 6
459 6
460 6
461 6
462 6
463 6
464 6
465 6
466 6
467 6
468 6
469 6
470 6
471 6
472 6
473 6
474 6
475 6
476 6
477 6
478 6
479 6
480 6
481 6
482 6
483 6
484 6
485 6
486 6
487 6
488 6
489 6
490 6
491 6
492 6
493 6
494 6
495 6
496 6
497 6
498 6
499 6
500 6
501 6
502 6
503 6
504 6
505 6
506 6
507 6
508 6
509 6
510 6
511 6
512 6
513 6
514 6
515 6
516 6
517 6
518 6
519 6
520 6
521 6
522 6
523 6
524 6
525 6
526 6
527 6
528 6
529 6
530 6
531 6
532 6
533 6
534 6
535 6
3104 6
3105 6
3106 6
3107 6
3108 6
3109 6
3110 6
3111 6
3112 6
3113 6
3114 6
3115 6
3116 6
3117 6
3118 6
3119 6
3120 6
3121 6
3122 6
3123 6
3124 6
3125 6
3126 6
3127 6
3128 6
3129 6
3130 6
3131 6
3132 6
3133 6
3134 6
3135 6
3136 6
3137 6
3138 6
3139 6
3140 6
3141 6
3142 6
3143 6
3144 6
3145 6
3146 6
3147 6
3148 6
3149 6
3150 6
3151 6
3152 6
3153 6
3154 6
3155 6
3156 6
3157 6
3158 6
3159 6
3160 6
3161 6
3162 6
3163 6
3164 6
3165 6
3166 6
3167 6
3168 6
3169 6
3170 6
3171 6
3172 6
3173 6
3174 6
3175 6
3176 6
3177 6
3178 6
3179 6
3180 6
3181 6
3182 6
3183 6
3184 6
3185 6
3186 6
3187 6
3188 6
3189 6
3190 6
3191 6
3192 6
3193 6
3194 6
3195 6
3196 6
3197 6
3198 6
3199 6
3200 6
3201 6
3202 6
3203 6
3204 6
3205 6
3206 6
3207 6
3208 6
3209 6
3210 6
2657 2
2550 2
2443 2
2336 2
2229 2
2641 1
2534 1
2427 1
2320 1
2213 1
2640 1
2533 1
2426 1
2319 1
2212 1
2639 1
2532 1
2425 1
2318 1
2211 1
2638 1
2531 1
2424 1
2317 1
2210 1
2637 1
2530 1
2423 1
2316 1
2209 1
2636 1
2529 1
2422 1
2315 1
2208 1
2635 1
2528 1
2421 1
2314 1
2207 1
2634 1
2527 1
2420 1
2313 1
2206 1
2656 4
2549 4
2442 4
2335 4
2228 4
2764 1
2871 1
2978 1
3085 1
3192 1
2765 1
2872 1
2979 1
3086 1
3193 1
2766 1
2873 1
2980 1
3087 1
3194 1
2767 1
2874 1
2981 1
3088 1
3195 1
2768 1
2875 1
2982 1
3089 1
3196 1
2769 1
2876 1
2983 1
3090 1
3197 1
2770 1
2877 1
2984 1
3091 1
3198 1
2771 1
2878 1
2985 1
3092 1
3199 1
2772 1
2879 1
2986 1
3093 1
3200 1
2773 1
2880 1
2987 1
3094 1
3201 1
2774 1
2881 1
2988 1
3095 1
3202 1
3299 2
3406 2
3513 2
3620 2
3727 2
3283 3
3390 3
3497 3
3604 3
3711 3
3282 3
3389 3
3496 3
3603 3
3710 3
3281 3
3388 3
3495 3
3602 3
3709 3
3280 3
3387 3
3494 3
3601 3
3708 3
3279 3
3386 3
3493 3
3600 3
3707 3
3278 3
3385 3
3492 3
3599 3
3706 3
3277 3
3384 3
3491 3
3598 3
3705 3
3276 3
3383 3
3490 3
3597 3
3704 3
3298 4
3405 4
3512 4
3619 4
3726 4
4262 3
4155 3
4048 3
3941 3
3834 3
4263 3
4156 3
4049 3
3942 3
3835 3
4264 3
4157 3
4050 3
3943 3
3836 3
4265 3
4158 3
4051 3
3944 3
3837 3
4266 3
4159 3
4052 3
3945 3
3838 3
4267 3
4160 3
4053 3
3946 3
3839 3
4268 3
4161 3
4054 3
3947 3
3840 3
4269 3
4162 3
4055 3
3948 3
3841 3
4270 3
4163 3
4056 3
3949 3
3842 3
4271 3
4164 3
4057 3
3950 3
3843 3
4272 3
4165 3
4058 3
3951 3
3844 3
3639 6
3640 6
3641 6
3642 6
3643 6
3644 6
3645 6
3646 6
3647 6
3648 6
3649 6
3650 6
3651 6
3652 6
3653 6
3654 6
3655 6
3656 6
3657 6
3658 6
3659 6
3660 6
3661 6
3662 6
3663 6
3664 6
3665 6
3666 6
3667 6
3668 6
3669 6
3670 6
3671 6
3672 6
3673 6
3674 6
3675 6
3676 6
3677 6
3678 6
3679 6
3680 6
3681 6
3682 6
3683 6
3684 6
3685 6
3686 6
3687 6
3688 6
3689 6
3690 6
3691 6
3692 6
3693 6
3694 6
3695 6
3696 6
3697 6
3698 6
3699 6
3700 6
3701 6
3702 6
3703 6
3704 6
3705 6
3706 6
3707 6
3708 6
3709 6
3710 6
3711 6
3712 6
3713 6
3714 6
3715 6
3716 6
3717 6
3718 6
3719 6
3720 6
3721 6
3722 6
3723 6
3724 6
3725 6
3726 6
3727 6
3728 6
3729 6
3730 6
3731 6
3732 6
3733 6
3734 6
3735 6
3736 6
3737 6
3738 6
3739 6
3740 6
3741 6
3742 6
3743 6
3744 6
3745 6
4174 6
4175 6
4176 6
4177 6
4178 6
4179 6
4180 6
4181 6
4182 6
4183 6
4184 6
4185 6
4186 6
4187 6
4188 6
4189 6
4190 6
4191 6
4192 6
4193 6
4194 6
4195 6
4196 6
4197 6
4198 6
4199 6
4200 6
4201 6
4202 6
4203 6
4204 6
4205 6
4206 6
4207 6
4208 6
4209 6
4210 6
4211 6
4212 6
4213 6
4214 6
4215 6
4216 6
4217 6
4218 6
4219 6
4220 6
4221 6
4222 6
4223 6
4224 6
4225 6
4226 6
4227 6
4228 6
4229 6
4230 6
4231 6
4232 6
4233 6
4234 6
4235 6
4236 6
4237 6
4238 6
4239 6
4240 6
4241 6
4242 6
4243 6
4244 6
4245 6
4246 6
4247 6
4248 6
4249 6
4250 6
4251 6
4252 6
4253 6
4254 6
4255 6
4256 6
4257 6
4258 6
4259 6
4260 6
4261 6
4262 6
4263 6
4264 6
4265 6
4266 6
4267 6
4268 6
4269 6
4270 6
4271 6
4272 6
4273 6
4274 6
4275 6
4276 6
4277 6
4278 6
4279 6
4280 6
2034 6
2035 6
2036 6
2037 6
2038 6
2039 6
2040 6
2041 6
2042 6
2043 6
2044 6
2045 6
2046 6
2047 6
2048 6
2049 6
2050 6
2051 6
2052 6
2053 6
2054 6
2055 6
2056 6
2057 6
2058 6
2059 6
2060 6
2061 6
2062 6
2063 6
2064 6
2065 6
2066 6
2067 6
2068 6
2069 6
2070 6
2071 6
2072 6
2073 6
2074 6
2075 6
2076 6
2077 6
2078 6
2079 6
2080 6
2081 6
2082 6
2083 6
2084 6
2085 6
2086 6
2087 6
2088 6
2089 6
2090 6
2091 6
2092 6
2093 6
2094 6
2095 6
2096 6
2097 6
2098 6
2099 6
2100 6
2101 6
2102 6
2103 6
2104 6
2105 6
2106 6
2107 6
2108 6
2109 6
2110 6
2111 6
2112 6
2113 6
2114 6
2115 6
2116 6
2117 6
2118 6
2119 6
2120 6
2121 6
2122 6
2123 6
2124 6
2125 6
2126 6
2127 6
2128 6
2129 6
2130 6
2131 6
2132 6
2133 6
2134 6
2135 6
2136 6
2137 6
2138 6
2139 6
2140 6
1499 6
1500 6
1501 6
1502 6
1503 6
1504 6
1505 6
1506 6
1507 6
1508 6
1509 6
1510 6
1511 6
1512 6
1513 6
1514 6
1515 6
1516 6
1517 6
1518 6
1519 6
1520 6
1521 6
1522 6
1523 6
1524 6
1525 6
1526 6
1527 6
1528 6
1529 6
1530 6
1531 6
1532 6
1533 6
1534 6
1535 6
1536 6
1537 6
1538 6
1539 6
1540 6
1541 6
1542 6
1543 6
1544 6
1545 6
1546 6
1547 6
1548 6
1549 6
1550 6
1551 6
1552 6
1553 6
1554 6
1555 6
1556 6
1557 6
1558 6
1559 6
1560 6
1561 6
1562 6
1563 6
1564 6
1565 6
1566 6
1567 6
1568 6
1569 6
1570 6
1571 6
1572 6
1573 6
1574 6
1575 6
1576 6
1577 6
1578 6
1579 6
1580 6
1581 6
1582 6
1583 6
1584 6
1585 6
1586 6
1587 6
1588 6
1589 6
1590 6
1591 6
1592 6
1593 6
1594 6
1595 6
1596 6
1597 6
1598 6
1599 6
1600 6
1601 6
1602 6
1603 6
1604 6
1605 6
4261 4
4154 4
4047 4
3940 4
3833 4
4239 3
4132 3
4025 3
3918 3
3811 3
4240 3
4133 3
4026 3
3919 3
3812 3
4241 3
4134 3
4027 3
3920 3
3813 3
4242 3
4135 3
4028 3
3921 3
3814 3
4243 3
4136 3
4029 3
3922 3
3815 3
4244 3
4137 3
4030 3
3923 3
3816 3
4245 3
4138 3
4031 3
3924 3
3817 3
4246 3
4139 3
4032 3
3925 3
3818 3
4262 2
4155 2
4048 2
3941 2
3834 2
3191 4
3169 1
3170 1
3171 1
3172 1
3173 1
3174 1
3175 1
3176 1
3192 2
3084 4
3062 1
3063 1
3064 1
3065 1
3066 1
3067 1
3068 1
3069 1
3085 2
2977 4
2955 1
2956 1
2957 1
2958 1
2959 1
2960 1
2961 1
2962 1
2978 2
2870 4
2848 1
2849 1
2850 1
2851 1
2852 1
2853 1
2854 1
2855 1
2871 2
2763 4
2741 1
2742 1
2743 1
2744 1
2745 1
2746 1
2747 1
2748 1
2764 2
99 4
206 4
313 4
420 4
527 4
66 1
173 1
280 1
387 1
494 1
67 1
174 1
281 1
388 1
495 1
68 1
175 1
282 1
389 1
496 1
69 1
176 1
283 1
390 1
497 1
70 1
177 1
284 1
391 1
498 1
71 1
178 1
285 1
392 1
499 1
72 1
179 1
286 1
393 1
500 1
73 1
180 1
287 1
394 1
501 1
81 2
188 2
295 2
402 2
509 2
1169 4
1136 3
1137 3
1138 3
1139 3
1140 3
1141 3
1142 3
1143 3
1151 2
1276 4
1243 3
1244 3
1245 3
1246 3
1247 3
1248 3
1249 3
1250 3
1258 2
1383 4
1350 3
1351 3
1352 3
1353 3
1354 3
1355 3
1356 3
1357 3
1365 2
1490 4
1457 3
1458 3
1459 3
1460 3
1461 3
1462 3
1463 3
1464 3
1472 2
1597 4
1564 3
1565 3
1566 3
1567 3
1568 3
1569 3
1570 3
1571 3
1579 2
1169 3
1276 3
1383 3
1490 3
1597 3
1168 3
1275 3
1382 3
1489 3
1596 3
1167 3
1274 3
1381 3
1488 3
1595 3
1166 3
1273 3
1380 3
1487 3
1594 3
1165 3
1272 3
1379 3
1486 3
1593 3
1164 3
1271 3
1378 3
1485 3
1592 3
1163 3
1270 3
1377 3
1484 3
1591 3
1162 3
1269 3
1376 3
1483 3
1590 3
1161 3
1268 3
1375 3
1482 3
1589 3
1160 3
1267 3
1374 3
1481 3
1588 3
1159 3
1266 3
1373 3
1480 3
1587 3
527 1
420 1
313 1
206 1
99 1
526 1
419 1
312 1
205 1
98 1
525 1
418 1
311 1
204 1
97 1
524 1
417 1
310 1
203 1
96 1
523 1
416 1
309 1
202 1
95 1
522 1
415 1
308 1
201 1
94 1
521 1
414 1
307 1
200 1
93 1
520 1
413 1
306 1
199 1
92 1
519 1
412 1
305 1
198 1
91 1
518 1
411 1
304 1
197 1
90 1
517 1
410 1
303 1
196 1
89 1
2122 3
2015 3
1908 3
1801 3
1694 3
2123 3
2016 3
1909 3
1802 3
1695 3
2124 3
2017 3
1910 3
1803 3
1696 3
2125 3
2018 3
1911 3
1804 3
1697 3
2126 3
2019 3
1912 3
1805 3
1698 3
2127 3
2020 3
1913 3
1806 3
1699 3
2128 3
2021 3
1914 3
1807 3
1700 3
2129 3
2022 3
1915 3
1808 3
1701 3
2130 3
2023 3
1916 3
1809 3
1702 3
2131 3
2024 3
1917 3
1810 3
1703 3
2132 3
2025 3
1918 3
1811 3
1704 3
624 1
731 1
838 1
945 1
1052 1
625 1
732 1
839 1
946 1
1053 1
626 1
733 1
840 1
947 1
1054 1
627 1
734 1
841 1
948 1
1055 1
628 1
735 1
842 1
949 1
1056 1
629 1
736 1
843 1
950 1
1057 1
630 1
737 1
844 1
951 1
1058 1
631 1
738 1
845 1
952 1
1059 1
632 1
739 1
846 1
953 1
1060 1
633 1
740 1
847 1
954 1
1061 1
634 1
741 1
848 1
955 1
1062 1
