0
1536
4933 4
4935 4
4934 4
4936 4
4941 4
4943 4
4942 4
4944 4
4949 4
4951 4
4950 4
4952 4
5920 4
5918 4
5919 4
5917 4
5912 4
5910 4
5911 4
5909 4
5904 4
5902 4
5903 4
5901 4
5896 4
5894 4
5895 4
5893 4
4704 4
4702 4
4703 4
4701 4
4696 4
4694 4
4695 4
4693 4
4688 4
4686 4
4687 4
4685 4
4680 4
4678 4
4679 4
4677 4
4960 4
4958 4
4959 4
4957 4
5725 4
5727 4
5726 4
5728 4
5717 4
5719 4
5718 4
5720 4
5709 4
5711 4
5710 4
5712 4
5701 4
5703 4
5702 4
5704 4
5981 4
5983 4
5982 4
5984 4
5973 4
5975 4
5974 4
5976 4
5965 4
5967 4
5966 4
5968 4
5957 4
5959 4
5958 4
5960 4
5661 4
5663 4
5662 4
5664 4
5653 4
5655 4
5654 4
5656 4
5645 4
5647 4
5646 4
5648 4
5637 4
5639 4
5638 4
5640 4
5381 4
5383 4
5382 4
5384 4
5389 4
5391 4
5390 4
5392 4
5397 4
5399 4
5398 4
5400 4
5405 4
5407 4
5406 4
5408 4
5125 4
5127 4
5126 4
5128 4
5133 4
5135 4
5134 4
5136 4
5141 4
5143 4
5142 4
5144 4
5149 4
5151 4
5150 4
5152 4
5445 4
5447 4
5446 4
5448 4
5453 4
5455 4
5454 4
5456 4
5461 4
5463 4
5462 4
5464 4
5469 4
5471 4
5470 4
5472 4
5189 4
5191 4
5190 4
5192 4
5197 4
5199 4
5198 4
5200 4
5205 4
5207 4
5206 4
5208 4
5213 4
5215 4
5214 4
5216 4
4869 4
4871 4
4870 4
4872 4
4877 4
4879 4
4878 4
4880 4
4885 4
4887 4
4886 4
4888 4
4893 4
4895 4
4894 4
4896 4
4613 4
4615 4
4614 4
4616 4
4621 4
4623 4
4622 4
4624 4
4629 4
4631 4
4630 4
4632 4
4637 4
4639 4
4638 4
4640 4
8005 4
8007 4
8006 4
8008 4
8013 4
8015 4
8014 4
8016 4
8021 4
8023 4
8022 4
8024 4
7456 4
7454 4
7455 4
7453 4
7448 4
7446 4
7447 4
7445 4
7440 4
7438 4
7439 4
7437 4
7432 4
7430 4
7431 4
7429 4
7776 4
7774 4
7775 4
7773 4
7768 4
7766 4
7767 4
7765 4
7760 4
7758 4
7759 4
7757 4
7752 4
7750 4
7751 4
7749 4
8032 4
8030 4
8031 4
8029 4
7261 4
7263 4
7262 4
7264 4
7253 4
7255 4
7254 4
7256 4
7245 4
7247 4
7246 4
7248 4
7237 4
7239 4
7238 4
7240 4
7517 4
7519 4
7518 4
7520 4
7509 4
7511 4
7510 4
7512 4
7501 4
7503 4
7502 4
7504 4
7493 4
7495 4
7494 4
7496 4
7197 4
7199 4
7198 4
7200 4
7189 4
7191 4
7190 4
7192 4
7181 4
7183 4
7182 4
7184 4
7173 4
7175 4
7174 4
7176 4
6917 4
6919 4
6918 4
6920 4
6925 4
6927 4
6926 4
6928 4
6933 4
6935 4
6934 4
6936 4
6941 4
6943 4
6942 4
6944 4
6661 4
6663 4
6662 4
6664 4
6669 4
6671 4
6670 4
6672 4
6677 4
6679 4
6678 4
6680 4
6685 4
6687 4
6686 4
6688 4
6981 4
6983 4
6982 4
6984 4
6989 4
6991 4
6990 4
6992 4
6997 4
6999 4
6998 4
7000 4
7005 4
7007 4
7006 4
7008 4
6725 4
6727 4
6726 4
6728 4
6733 4
6735 4
6734 4
6736 4
6741 4
6743 4
6742 4
6744 4
6749 4
6751 4
6750 4
6752 4
7941 4
7943 4
7942 4
7944 4
7949 4
7951 4
7950 4
7952 4
7957 4
7959 4
7958 4
7960 4
7965 4
7967 4
7966 4
7968 4
7685 4
7687 4
7686 4
7688 4
7693 4
7695 4
7694 4
7696 4
7701 4
7703 4
7702 4
7704 4
7709 4
7711 4
7710 4
7712 4
1458 1
1462 1
1460 1
1464 1
1426 1
1430 1
1428 1
1432 1
1466 1
1470 1
1468 1
1472 1
1632 5
1631 5
1628 5
1627 5
1616 5
1615 5
1612 5
1611 5
1664 5
1663 5
1660 5
1659 5
1648 5
1647 5
1644 5
1643 5
1312 1
1308 1
1310 1
1306 1
1344 1
1340 1
1342 1
1338 1
1304 1
1300 1
1302 1
1298 1
1336 1
1332 1
1334 1
1330 1
1440 1
1436 1
1438 1
1434 1
1691 5
1692 5
1695 5
1696 5
1675 5
1676 5
1679 5
1680 5
1723 5
1724 5
1727 5
1728 5
1707 5
1708 5
1711 5
1712 5
1755 5
1756 5
1759 5
1760 5
1739 5
1740 5
1743 5
1744 5
1787 5
1788 5
1791 5
1792 5
1771 5
1772 5
1775 5
1776 5
1563 5
1564 5
1567 5
1568 5
1547 5
1548 5
1551 5
1552 5
1595 5
1596 5
1599 5
1600 5
1579 5
1580 5
1583 5
1584 5
107 5
108 5
111 5
112 5
123 5
124 5
127 5
128 5
75 5
76 5
79 5
80 5
91 5
92 5
95 5
96 5
43 5
44 5
47 5
48 5
59 5
60 5
63 5
64 5
11 5
12 5
15 5
16 5
27 5
28 5
31 5
32 5
235 5
236 5
239 5
240 5
251 5
252 5
255 5
256 5
203 5
204 5
207 5
208 5
219 5
220 5
223 5
224 5
171 5
172 5
175 5
176 5
187 5
188 5
191 5
192 5
139 5
140 5
143 5
144 5
155 5
156 5
159 5
160 5
1202 1
1206 1
1204 1
1208 1
1170 1
1174 1
1172 1
1176 1
1210 1
1214 1
1212 1
1216 1
1178 1
1182 1
1180 1
1184 1
1074 1
1078 1
1076 1
1080 1
1042 1
1046 1
1044 1
1048 1
1082 1
1086 1
1084 1
1088 1
1050 1
1054 1
1052 1
1056 1
2283 5
2284 5
2287 5
2288 5
2299 5
2300 5
2303 5
2304 5
2251 5
2252 5
2255 5
2256 5
3232 1
3228 1
3230 1
3226 1
3264 1
3260 1
3262 1
3258 1
3224 1
3220 1
3222 1
3218 1
3256 1
3252 1
3254 1
3250 1
2208 5
2207 5
2204 5
2203 5
2192 5
2191 5
2188 5
2187 5
2240 5
2239 5
2236 5
2235 5
2224 5
2223 5
2220 5
2219 5
2272 5
2271 5
2268 5
2267 5
3354 1
3358 1
3356 1
3360 1
3386 1
3390 1
3388 1
3392 1
3346 1
3350 1
3348 1
3352 1
3378 1
3382 1
3380 1
3384 1
3482 1
3486 1
3484 1
3488 1
3514 1
3518 1
3516 1
3520 1
3474 1
3478 1
3476 1
3480 1
3506 1
3510 1
3508 1
3512 1
3098 1
3102 1
3100 1
3104 1
3130 1
3134 1
3132 1
3136 1
3090 1
3094 1
3092 1
3096 1
3122 1
3126 1
3124 1
3128 1
3691 5
3692 5
3695 5
3696 5
3707 5
3708 5
3711 5
3712 5
3659 5
3660 5
3663 5
3664 5
3675 5
3676 5
3679 5
3680 5
3627 5
3628 5
3631 5
3632 5
3643 5
3644 5
3647 5
3648 5
3595 5
3596 5
3599 5
3600 5
3611 5
3612 5
3615 5
3616 5
3819 5
3820 5
3823 5
3824 5
3835 5
3836 5
3839 5
3840 5
3787 5
3788 5
3791 5
3792 5
3803 5
3804 5
3807 5
3808 5
3755 5
3756 5
3759 5
3760 5
3771 5
3772 5
3775 5
3776 5
3723 5
3724 5
3727 5
3728 5
3739 5
3740 5
3743 5
3744 5
2155 5
2156 5
2159 5
2160 5
2171 5
2172 5
2175 5
2176 5
2123 5
2124 5
2127 5
2128 5
2139 5
2140 5
2143 5
2144 5
2091 5
2092 5
2095 5
2096 5
2107 5
2108 5
2111 5
2112 5
2059 5
2060 5
2063 5
2064 5
2075 5
2076 5
2079 5
2080 5
9084 1
9082 1
9088 1
9086 1
9076 1
9074 1
9080 1
9078 1
9052 1
9050 1
9056 1
9054 1
10006 1
10008 1
10002 1
10004 1
10014 1
10016 1
10010 1
10012 1
10038 1
10040 1
10034 1
10036 1
10046 1
10048 1
10042 1
10044 1
8790 1
8792 1
8786 1
8788 1
8798 1
8800 1
8794 1
8796 1
8822 1
8824 1
8818 1
8820 1
8830 1
8832 1
8826 1
8828 1
9046 1
9048 1
9042 1
9044 1
9812 1
9810 1
9816 1
9814 1
9820 1
9818 1
9824 1
9822 1
9844 1
9842 1
9848 1
9846 1
9852 1
9850 1
9856 1
9854 1
10068 1
10066 1
10072 1
10070 1
10076 1
10074 1
10080 1
10078 1
10100 1
10098 1
10104 1
10102 1
10108 1
10106 1
10112 1
10110 1
9748 1
9746 1
9752 1
9750 1
9756 1
9754 1
9760 1
9758 1
9780 1
9778 1
9784 1
9782 1
9788 1
9786 1
9792 1
9790 1
9532 1
9530 1
9536 1
9534 1
9524 1
9522 1
9528 1
9526 1
9500 1
9498 1
9504 1
9502 1
9492 1
9490 1
9496 1
9494 1
9276 1
9274 1
9280 1
9278 1
9268 1
9266 1
9272 1
9270 1
9244 1
9242 1
9248 1
9246 1
9236 1
9234 1
9240 1
9238 1
9596 1
9594 1
9600 1
9598 1
9588 1
9586 1
9592 1
9590 1
9564 1
9562 1
9568 1
9566 1
9556 1
9554 1
9560 1
9558 1
9340 1
9338 1
9344 1
9342 1
9332 1
9330 1
9336 1
9334 1
9308 1
9306 1
9312 1
9310 1
9300 1
9298 1
9304 1
9302 1
9020 1
9018 1
9024 1
9022 1
9012 1
9010 1
9016 1
9014 1
8988 1
8986 1
8992 1
8990 1
8980 1
8978 1
8984 1
8982 1
8764 1
8762 1
8768 1
8766 1
8756 1
8754 1
8760 1
8758 1
8732 1
8730 1
8736 1
8734 1
8724 1
8722 1
8728 1
8726 1
11670 4
11669 4
11672 4
11671 4
11654 4
11653 4
11656 4
11655 4
11678 4
11677 4
11680 4
11679 4
11900 5
11904 5
11899 5
11903 5
11868 5
11872 5
11867 5
11871 5
11884 5
11888 5
11883 5
11887 5
11852 5
11856 5
11851 5
11855 5
11535 4
11536 4
11533 4
11534 4
11551 4
11552 4
11549 4
11550 4
11527 4
11528 4
11525 4
11526 4
11543 4
11544 4
11541 4
11542 4
11663 4
11664 4
11661 4
11662 4
11967 5
11963 5
11968 5
11964 5
11935 5
11931 5
11936 5
11932 5
11951 5
11947 5
11952 5
11948 5
11919 5
11915 5
11920 5
11916 5
12031 5
12027 5
12032 5
12028 5
11999 5
11995 5
12000 5
11996 5
12015 5
12011 5
12016 5
12012 5
11983 5
11979 5
11984 5
11980 5
11839 5
11835 5
11840 5
11836 5
11807 5
11803 5
11808 5
11804 5
11823 5
11819 5
11824 5
11820 5
11791 5
11787 5
11792 5
11788 5
10319 5
10315 5
10320 5
10316 5
10351 5
10347 5
10352 5
10348 5
10335 5
10331 5
10336 5
10332 5
10367 5
10363 5
10368 5
10364 5
10255 5
10251 5
10256 5
10252 5
10287 5
10283 5
10288 5
10284 5
10271 5
10267 5
10272 5
10268 5
10303 5
10299 5
10304 5
10300 5
10447 5
10443 5
10448 5
10444 5
10479 5
10475 5
10480 5
10476 5
10463 5
10459 5
10464 5
10460 5
10495 5
10491 5
10496 5
10492 5
10383 5
10379 5
10384 5
10380 5
10415 5
10411 5
10416 5
10412 5
10399 5
10395 5
10400 5
10396 5
10431 5
10427 5
10432 5
10428 5
11414 4
11413 4
11416 4
11415 4
11398 4
11397 4
11400 4
11399 4
11422 4
11421 4
11424 4
11423 4
11406 4
11405 4
11408 4
11407 4
11286 4
11285 4
11288 4
11287 4
11270 4
11269 4
11272 4
11271 4
11294 4
11293 4
11296 4
11295 4
11278 4
11277 4
11280 4
11279 4
16252 1
16250 1
16256 1
16254 1
16244 1
16242 1
16248 1
16246 1
16220 1
16218 1
16224 1
16222 1
15638 1
15640 1
15634 1
15636 1
15646 1
15648 1
15642 1
15644 1
15670 1
15672 1
15666 1
15668 1
15678 1
15680 1
15674 1
15676 1
15958 1
15960 1
15954 1
15956 1
15966 1
15968 1
15962 1
15964 1
15990 1
15992 1
15986 1
15988 1
15998 1
16000 1
15994 1
15996 1
16214 1
16216 1
16210 1
16212 1
15444 1
15442 1
15448 1
15446 1
15452 1
15450 1
15456 1
15454 1
15476 1
15474 1
15480 1
15478 1
15484 1
15482 1
15488 1
15486 1
15700 1
15698 1
15704 1
15702 1
15708 1
15706 1
15712 1
15710 1
15732 1
15730 1
15736 1
15734 1
15740 1
15738 1
15744 1
15742 1
15380 1
15378 1
15384 1
15382 1
15388 1
15386 1
15392 1
15390 1
15412 1
15410 1
15416 1
15414 1
15420 1
15418 1
15424 1
15422 1
15164 1
15162 1
15168 1
15166 1
15156 1
15154 1
15160 1
15158 1
15132 1
15130 1
15136 1
15134 1
15124 1
15122 1
15128 1
15126 1
14908 1
14906 1
14912 1
14910 1
14900 1
14898 1
14904 1
14902 1
14876 1
14874 1
14880 1
14878 1
14868 1
14866 1
14872 1
14870 1
15228 1
15226 1
15232 1
15230 1
15220 1
15218 1
15224 1
15222 1
15196 1
15194 1
15200 1
15198 1
15188 1
15186 1
15192 1
15190 1
14972 1
14970 1
14976 1
14974 1
14964 1
14962 1
14968 1
14966 1
14940 1
14938 1
14944 1
14942 1
14932 1
14930 1
14936 1
14934 1
16188 1
16186 1
16192 1
16190 1
16180 1
16178 1
16184 1
16182 1
16156 1
16154 1
16160 1
16158 1
16148 1
16146 1
16152 1
16150 1
15932 1
15930 1
15936 1
15934 1
15924 1
15922 1
15928 1
15926 1
15900 1
15898 1
15904 1
15902 1
15892 1
15890 1
15896 1
15894 1
12495 5
12491 5
12496 5
12492 5
12527 5
12523 5
12528 5
12524 5
12511 5
12507 5
12512 5
12508 5
13455 4
13456 4
13453 4
13454 4
13471 4
13472 4
13469 4
13470 4
13447 4
13448 4
13445 4
13446 4
13463 4
13464 4
13461 4
13462 4
12476 5
12480 5
12475 5
12479 5
12444 5
12448 5
12443 5
12447 5
12460 5
12464 5
12459 5
12463 5
12428 5
12432 5
12427 5
12431 5
12540 5
12544 5
12539 5
12543 5
13582 4
13581 4
13584 4
13583 4
13598 4
13597 4
13600 4
13599 4
13574 4
13573 4
13576 4
13575 4
13590 4
13589 4
13592 4
13591 4
13710 4
13709 4
13712 4
13711 4
13726 4
13725 4
13728 4
13727 4
13702 4
13701 4
13704 4
13703 4
13718 4
13717 4
13720 4
13719 4
13326 4
13325 4
13328 4
13327 4
13342 4
13341 4
13344 4
13343 4
13318 4
13317 4
13320 4
13319 4
13334 4
13333 4
13336 4
13335 4
13903 5
13899 5
13904 5
13900 5
13935 5
13931 5
13936 5
13932 5
13919 5
13915 5
13920 5
13916 5
13951 5
13947 5
13952 5
13948 5
13839 5
13835 5
13840 5
13836 5
13871 5
13867 5
13872 5
13868 5
13855 5
13851 5
13856 5
13852 5
13887 5
13883 5
13888 5
13884 5
14031 5
14027 5
14032 5
14028 5
14063 5
14059 5
14064 5
14060 5
14047 5
14043 5
14048 5
14044 5
14079 5
14075 5
14080 5
14076 5
13967 5
13963 5
13968 5
13964 5
13999 5
13995 5
14000 5
13996 5
13983 5
13979 5
13984 5
13980 5
14015 5
14011 5
14016 5
14012 5
12367 5
12363 5
12368 5
12364 5
12399 5
12395 5
12400 5
12396 5
12383 5
12379 5
12384 5
12380 5
12415 5
12411 5
12416 5
12412 5
12303 5
12299 5
12304 5
12300 5
12335 5
12331 5
12336 5
12332 5
12319 5
12315 5
12320 5
12316 5
12351 5
12347 5
12352 5
12348 5
