  -5.00000000000000       0.000000000000000E+000  0.000000000000000E+000
          50
3801  1  0  0  1  1
3601  1  0  0  0  1
3401  1  0  0  0  1
3201  1  0  0  0  1
3001  1  1  0  0  1
3802  1  0  0  1  0
3602  1  0  0  0  0
3402  1  0  0  0  0
3202  1  0  0  0  0
3002  1  1  0  0  0
3803  1  0  0  1  0
3603  1  0  0  0  0
3403  1  0  0  0  0
3203  1  0  0  0  0
3003  1  1  0  0  0
3804  1  0  0  1  0
3604  1  0  0  0  0
3404  1  0  0  0  0
3204  1  0  0  0  0
3004  1  1  0  0  0
3805  1  0  0  1  0
3605  1  0  0  0  0
3405  1  0  0  0  0
3205  1  0  0  0  0
3005  1  1  0  0  0
3806  1  0  0  1  0
3606  1  0  0  0  0
3406  1  0  0  0  0
3206  1  0  0  0  0
3006  1  1  0  0  0
3807  1  0  0  1  0
3607  1  0  0  0  0
3407  1  0  0  0  0
3207  1  0  0  0  0
3007  1  1  0  0  0
3808  1  0  0  1  0
3608  1  0  0  0  0
3408  1  0  0  0  0
3208  1  0  0  0  0
3008  1  1  0  0  0
3809  1  0  0  1  0
3609  1  0  0  0  0
3409  1  0  0  0  0
3209  1  0  0  0  0
3009  1  1  0  0  0
3810  1  0  1  1  0
3610  1  0  1  0  0
3410  1  0  1  0  0
3210  1  0  1  0  0
3010  1  1  1  0  0
