200 .000
2350
7501 6  3
7502 6  3
7503 6  3
7504 6  3
7505 6  3
7506 6  3
7507 6  3
7508 6  3
7509 6  3
7510 6  3
7511 6  3
7512 6  3
7513 6  3
7514 6  3
7515 6  3
7516 6  3
7517 6  3
7518 6  3
7519 6  3
7520 6  3
7521 6  3
7522 6  3
7523 6  3
7524 6  3
7525 6  3
7526 6  3
7527 6  3
7528 6  3
7529 6  3
7530 6  3
7531 6  3
7532 6  3
7533 6  3
7534 6  3
7535 6  3
7536 6  3
7537 6  3
7538 6  3
7539 6  3
7540 6  3
7541 6  3
7542 6  3
7543 6  3
7544 6  3
7545 6  3
7546 6  3
7547 6  3
7548 6  3
7549 6  3
7550 6  3
7551 6  3
7552 6  3
7553 6  3
7554 6  3
7555 6  3
7556 6  3
7557 6  3
7558 6  3
7559 6  3
7560 6  3
7561 6  3
7562 6  3
7563 6  3
7564 6  3
7565 6  3
7566 6  3
7567 6  3
7568 6  3
7569 6  3
7570 6  3
7571 6  3
7572 6  3
7573 6  3
7574 6  3
7575 6  3
7576 6  3
7577 6  3
7578 6  3
7579 6  3
7580 6  3
7581 6  3
7582 6  3
7583 6  3
7584 6  3
7585 6  3
7586 6  3
7587 6  3
7588 6  3
7589 6  3
7590 6  3
7591 6  3
7592 6  3
7593 6  3
7594 6  3
7595 6  3
7596 6  3
7597 6  3
7598 6  3
7599 6  3
7600 6  3
7601 6  3
7602 6  3
7603 6  3
7604 6  3
7605 6  3
7606 6  3
7607 6  3
7608 6  3
7609 6  3
7610 6  3
7611 6  3
7612 6  3
7613 6  3
7614 6  3
7615 6  3
7616 6  3
7617 6  3
7618 6  3
7619 6  3
7620 6  3
7621 6  3
7622 6  3
7623 6  3
7624 6  3
7625 6  3
7626 6  3
7627 6  3
7628 6  3
7629 6  3
7630 6  3
7631 6  3
7632 6  3
7633 6  3
7634 6  3
7635 6  3
7636 6  3
7637 6  3
7638 6  3
7639 6  3
7640 6  3
7641 6  3
7642 6  3
7643 6  3
7644 6  3
7645 6  3
7646 6  3
7647 6  3
7648 6  3
7649 6  3
7650 6  3
7651 6  3
7652 6  3
7653 6  3
7654 6  3
7655 6  3
7656 6  3
7657 6  3
7658 6  3
7659 6  3
7660 6  3
7661 6  3
7662 6  3
7663 6  3
7664 6  3
7665 6  3
7666 6  3
7667 6  3
7668 6  3
7669 6  3
7670 6  3
7671 6  3
7672 6  3
7673 6  3
7674 6  3
7675 6  3
7676 6  3
7677 6  3
7678 6  3
7679 6  3
7680 6  3
7681 6  3
7682 6  3
7683 6  3
7684 6  3
7685 6  3
7686 6  3
7687 6  3
7688 6  3
7689 6  3
7690 6  3
7691 6  3
7692 6  3
7693 6  3
7694 6  3
7695 6  3
7696 6  3
7697 6  3
7698 6  3
7699 6  3
7700 6  3
7701 6  3
7702 6  3
7703 6  3
7704 6  3
7705 6  3
7706 6  3
7707 6  3
7708 6  3
7709 6  3
7710 6  3
7711 6  3
7712 6  3
7713 6  3
7714 6  3
7715 6  3
7716 6  3
7717 6  3
7718 6  3
7719 6  3
7720 6  3
7721 6  3
7722 6  3
7723 6  3
7724 6  3
7725 6  3
7726 6  3
7727 6  3
7728 6  3
7729 6  3
7730 6  3
7731 6  3
7732 6  3
7733 6  3
7734 6  3
7735 6  3
7736 6  3
7737 6  3
7738 6  3
7739 6  3
7740 6  3
7741 6  3
7742 6  3
7743 6  3
7744 6  3
7745 6  3
7746 6  3
7747 6  3
7748 6  3
7749 6  3
7750 6  3
7751 6  3
7752 6  3
7753 6  3
7754 6  3
7755 6  3
7756 6  3
7757 6  3
7758 6  3
7759 6  3
7760 6  3
7761 6  3
7762 6  3
7763 6  3
7764 6  3
7765 6  3
7766 6  3
7767 6  3
7768 6  3
7769 6  3
7770 6  3
7771 6  3
7772 6  3
7773 6  3
7774 6  3
7775 6  3
7776 6  3
7777 6  3
7778 6  3
7779 6  3
7780 6  3
7781 6  3
7782 6  3
7783 6  3
7784 6  3
7785 6  3
7786 6  3
7787 6  3
7788 6  3
7789 6  3
7790 6  3
7791 6  3
7792 6  3
7793 6  3
7794 6  3
7795 6  3
7796 6  3
7797 6  3
7798 6  3
7799 6  3
7800 6  3
7801 6  3
7802 6  3
7803 6  3
7804 6  3
7805 6  3
7806 6  3
7807 6  3
7808 6  3
7809 6  3
7810 6  3
7811 6  3
7812 6  3
7813 6  3
7814 6  3
7815 6  3
7816 6  3
7817 6  3
7818 6  3
7819 6  3
7820 6  3
7821 6  3
7822 6  3
7823 6  3
7824 6  3
7825 6  3
7826 6  3
7827 6  3
7828 6  3
7829 6  3
7830 6  3
7831 6  3
7832 6  3
7833 6  3
7834 6  3
7835 6  3
7836 6  3
7837 6  3
7838 6  3
7839 6  3
7840 6  3
7841 6  3
7842 6  3
7843 6  3
7844 6  3
7845 6  3
7846 6  3
7847 6  3
7848 6  3
7849 6  3
7850 6  3
7851 6  3
7852 6  3
7853 6  3
7854 6  3
7855 6  3
7856 6  3
7857 6  3
7858 6  3
7859 6  3
7860 6  3
7861 6  3
7862 6  3
7863 6  3
7864 6  3
7865 6  3
7866 6  3
7867 6  3
7868 6  3
7869 6  3
7870 6  3
7871 6  3
7872 6  3
7873 6  3
7874 6  3
7875 6  3
7876 6  3
7877 6  3
7878 6  3
7879 6  3
7880 6  3
7881 6  3
7882 6  3
7883 6  3
7884 6  3
7885 6  3
7886 6  3
7887 6  3
7888 6  3
7889 6  3
7890 6  3
7891 6  3
7892 6  3
7893 6  3
7894 6  3
7895 6  3
7896 6  3
7897 6  3
7898 6  3
7899 6  3
7900 6  3
7901 6  3
7902 6  3
7903 6  3
7904 6  3
7905 6  3
7906 6  3
7907 6  3
7908 6  3
7909 6  3
7910 6  3
7911 6  3
7912 6  3
7913 6  3
7914 6  3
7915 6  3
7916 6  3
7917 6  3
7918 6  3
7919 6  3
7920 6  3
7921 6  3
7922 6  3
7923 6  3
7924 6  3
7925 6  3
7926 6  3
7927 6  3
7928 6  3
7929 6  3
7930 6  3
7931 6  3
7932 6  3
7933 6  3
7934 6  3
7935 6  3
7936 6  3
7937 6  3
7938 6  3
7939 6  3
7940 6  3
7941 6  3
7942 6  3
7943 6  3
7944 6  3
7945 6  3
7946 6  3
7947 6  3
7948 6  3
7949 6  3
7950 6  3
7951 6  3
7952 6  3
7953 6  3
7954 6  3
7955 6  3
7956 6  3
7957 6  3
7958 6  3
7959 6  3
7960 6  3
7961 6  3
7962 6  3
7963 6  3
7964 6  3
7965 6  3
7966 6  3
7967 6  3
7968 6  3
7969 6  3
7970 6  3
7971 6  3
7972 6  3
7973 6  3
7974 6  3
7975 6  3
7976 6  3
7977 6  3
7978 6  3
7979 6  3
7980 6  3
7981 6  3
7982 6  3
7983 6  3
7984 6  3
7985 6  3
7986 6  3
7987 6  3
7988 6  3
7989 6  3
7990 6  3
7991 6  3
7992 6  3
7993 6  3
7994 6  3
7995 6  3
7996 6  3
7997 6  3
7998 6  3
7999 6  3
8000 6  3
8001 6  3
8002 6  3
8003 6  3
8004 6  3
8005 6  3
8006 6  3
8007 6  3
8008 6  3
8009 6  3
8010 6  3
8011 6  3
8012 6  3
8013 6  3
8014 6  3
8015 6  3
8016 6  3
8017 6  3
8018 6  3
8019 6  3
8020 6  3
8021 6  3
8022 6  3
8023 6  3
8024 6  3
8025 6  3
8026 6  3
8027 6  3
8028 6  3
8029 6  3
8030 6  3
8031 6  3
8032 6  3
8033 6  3
8034 6  3
8035 6  3
8036 6  3
8037 6  3
8038 6  3
8039 6  3
8040 6  3
8041 6  3
8042 6  3
8043 6  3
8044 6  3
8045 6  3
8046 6  3
8047 6  3
8048 6  3
8049 6  3
8050 6  3
8051 6  3
8052 6  3
8053 6  3
8054 6  3
8055 6  3
8056 6  3
8057 6  3
8058 6  3
8059 6  3
8060 6  3
8061 6  3
8062 6  3
8063 6  3
8064 6  3
8065 6  3
8066 6  3
8067 6  3
8068 6  3
8069 6  3
8070 6  3
8071 6  3
8072 6  3
8073 6  3
8074 6  3
8075 6  3
8076 6  3
8077 6  3
8078 6  3
8079 6  3
8080 6  3
8081 6  3
8082 6  3
8083 6  3
8084 6  3
8085 6  3
8086 6  3
8087 6  3
8088 6  3
8089 6  3
8090 6  3
8091 6  3
8092 6  3
8093 6  3
8094 6  3
8095 6  3
8096 6  3
8097 6  3
8098 6  3
8099 6  3
8100 6  3
8101 6  3
8102 6  3
8103 6  3
8104 6  3
8105 6  3
8106 6  3
8107 6  3
8108 6  3
8109 6  3
8110 6  3
8111 6  3
8112 6  3
8113 6  3
8114 6  3
8115 6  3
8116 6  3
8117 6  3
8118 6  3
8119 6  3
8120 6  3
8121 6  3
8122 6  3
8123 6  3
8124 6  3
8125 6  3
8126 6  3
8127 6  3
8128 6  3
8129 6  3
8130 6  3
8131 6  3
8132 6  3
8133 6  3
8134 6  3
8135 6  3
8136 6  3
8137 6  3
8138 6  3
8139 6  3
8140 6  3
8141 6  3
8142 6  3
8143 6  3
8144 6  3
8145 6  3
8146 6  3
8147 6  3
8148 6  3
8149 6  3
8150 6  3
8151 6  3
8152 6  3
8153 6  3
8154 6  3
8155 6  3
8156 6  3
8157 6  3
8158 6  3
8159 6  3
8160 6  3
8161 6  3
8162 6  3
8163 6  3
8164 6  3
8165 6  3
8166 6  3
8167 6  3
8168 6  3
8169 6  3
8170 6  3
8171 6  3
8172 6  3
8173 6  3
8174 6  3
8175 6  3
8176 6  3
8177 6  3
8178 6  3
8179 6  3
8180 6  3
8181 6  3
8182 6  3
8183 6  3
8184 6  3
8185 6  3
8186 6  3
8187 6  3
8188 6  3
8189 6  3
8190 6  3
8191 6  3
8192 6  3
8193 6  3
8194 6  3
8195 6  3
8196 6  3
8197 6  3
8198 6  3
8199 6  3
8200 6  3
8201 6  3
8202 6  3
8203 6  3
8204 6  3
8205 6  3
8206 6  3
8207 6  3
8208 6  3
8209 6  3
8210 6  3
8211 6  3
8212 6  3
8213 6  3
8214 6  3
8215 6  3
8216 6  3
8217 6  3
8218 6  3
8219 6  3
8220 6  3
8221 6  3
8222 6  3
8223 6  3
8224 6  3
8225 6  3
8226 6  3
8227 6  3
8228 6  3
8229 6  3
8230 6  3
8231 6  3
8232 6  3
8233 6  3
8234 6  3
8235 6  3
8236 6  3
8237 6  3
8238 6  3
8239 6  3
8240 6  3
8241 6  3
8242 6  3
8243 6  3
8244 6  3
8245 6  3
8246 6  3
8247 6  3
8248 6  3
8249 6  3
8250 6  3
8251 6  3
8252 6  3
8253 6  3
8254 6  3
8255 6  3
8256 6  3
8257 6  3
8258 6  3
8259 6  3
8260 6  3
8261 6  3
8262 6  3
8263 6  3
8264 6  3
8265 6  3
8266 6  3
8267 6  3
8268 6  3
8269 6  3
8270 6  3
8271 6  3
8272 6  3
8273 6  3
8274 6  3
8275 6  3
8276 6  3
8277 6  3
8278 6  3
8279 6  3
8280 6  3
8281 6  3
8282 6  3
8283 6  3
8284 6  3
8285 6  3
8286 6  3
8287 6  3
8288 6  3
8289 6  3
8290 6  3
8291 6  3
8292 6  3
8293 6  3
8294 6  3
8295 6  3
8296 6  3
8297 6  3
8298 6  3
8299 6  3
8300 6  3
8301 6  3
8302 6  3
8303 6  3
8304 6  3
8305 6  3
8306 6  3
8307 6  3
8308 6  3
8309 6  3
8310 6  3
8311 6  3
8312 6  3
8313 6  3
8314 6  3
8315 6  3
8316 6  3
8317 6  3
8318 6  3
8319 6  3
8320 6  3
8321 6  3
8322 6  3
8323 6  3
8324 6  3
8325 6  3
8326 6  3
8327 6  3
8328 6  3
8329 6  3
8330 6  3
8331 6  3
8332 6  3
8333 6  3
8334 6  3
8335 6  3
8336 6  3
8337 6  3
8338 6  3
8339 6  3
8340 6  3
8341 6  3
8342 6  3
8343 6  3
8344 6  3
8345 6  3
8346 6  3
8347 6  3
8348 6  3
8349 6  3
8350 6  3
8351 6  3
8352 6  3
8353 6  3
8354 6  3
8355 6  3
8356 6  3
8357 6  3
8358 6  3
8359 6  3
8360 6  3
8361 6  3
8362 6  3
8363 6  3
8364 6  3
8365 6  3
8366 6  3
8367 6  3
8368 6  3
8369 6  3
8370 6  3
8371 6  3
8372 6  3
8373 6  3
8374 6  3
8375 6  3
8376 6  3
8377 6  3
8378 6  3
8379 6  3
8380 6  3
8381 6  3
8382 6  3
8383 6  3
8384 6  3
8385 6  3
8386 6  3
8387 6  3
8388 6  3
8389 6  3
8390 6  3
8391 6  3
8392 6  3
8393 6  3
8394 6  3
8395 6  3
8396 6  3
8397 6  3
8398 6  3
8399 6  3
8400 6  3
8401 6  3
8402 6  3
8403 6  3
8404 6  3
8405 6  3
8406 6  3
8407 6  3
8408 6  3
8409 6  3
8410 6  3
8411 6  3
8412 6  3
8413 6  3
8414 6  3
8415 6  3
8416 6  3
8417 6  3
8418 6  3
8419 6  3
8420 6  3
8421 6  3
8422 6  3
8423 6  3
8424 6  3
8425 6  3
8426 6  3
8427 6  3
8428 6  3
8429 6  3
8430 6  3
8431 6  3
8432 6  3
8433 6  3
8434 6  3
8435 6  3
8436 6  3
8437 6  3
8438 6  3
8439 6  3
8440 6  3
8441 6  3
8442 6  3
8443 6  3
8444 6  3
8445 6  3
8446 6  3
8447 6  3
8448 6  3
8449 6  3
8450 6  3
8451 6  3
8452 6  3
8453 6  3
8454 6  3
8455 6  3
8456 6  3
8457 6  3
8458 6  3
8459 6  3
8460 6  3
8461 6  3
8462 6  3
8463 6  3
8464 6  3
8465 6  3
8466 6  3
8467 6  3
8468 6  3
8469 6  3
8470 6  3
8471 6  3
8472 6  3
8473 6  3
8474 6  3
8475 6  3
8476 6  3
8477 6  3
8478 6  3
8479 6  3
8480 6  3
8481 6  3
8482 6  3
8483 6  3
8484 6  3
8485 6  3
8486 6  3
8487 6  3
8488 6  3
8489 6  3
8490 6  3
8491 6  3
8492 6  3
8493 6  3
8494 6  3
8495 6  3
8496 6  3
8497 6  3
8498 6  3
8499 6  3
8500 6  3
8501 6  3
8502 6  3
8503 6  3
8504 6  3
8505 6  3
8506 6  3
8507 6  3
8508 6  3
8509 6  3
8510 6  3
8511 6  3
8512 6  3
8513 6  3
8514 6  3
8515 6  3
8516 6  3
8517 6  3
8518 6  3
8519 6  3
8520 6  3
8521 6  3
8522 6  3
8523 6  3
8524 6  3
8525 6  3
8526 6  3
8527 6  3
8528 6  3
8529 6  3
8530 6  3
8531 6  3
8532 6  3
8533 6  3
8534 6  3
8535 6  3
8536 6  3
8537 6  3
8538 6  3
8539 6  3
8540 6  3
8541 6  3
8542 6  3
8543 6  3
8544 6  3
8545 6  3
8546 6  3
8547 6  3
8548 6  3
8549 6  3
8550 6  3
8551 6  3
8552 6  3
8553 6  3
8554 6  3
8555 6  3
8556 6  3
8557 6  3
8558 6  3
8559 6  3
8560 6  3
8561 6  3
8562 6  3
8563 6  3
8564 6  3
8565 6  3
8566 6  3
8567 6  3
8568 6  3
8569 6  3
8570 6  3
8571 6  3
8572 6  3
8573 6  3
8574 6  3
8575 6  3
8576 6  3
8577 6  3
8578 6  3
8579 6  3
8580 6  3
8581 6  3
8582 6  3
8583 6  3
8584 6  3
8585 6  3
8586 6  3
8587 6  3
8588 6  3
8589 6  3
8590 6  3
8591 6  3
8592 6  3
8593 6  3
8594 6  3
8595 6  3
8596 6  3
8597 6  3
8598 6  3
8599 6  3
8600 6  3
8601 6  3
8602 6  3
8603 6  3
8604 6  3
8605 6  3
8606 6  3
8607 6  3
8608 6  3
8609 6  3
8610 6  3
8611 6  3
8612 6  3
8613 6  3
8614 6  3
8615 6  3
8616 6  3
8617 6  3
8618 6  3
8619 6  3
8620 6  3
8621 6  3
8622 6  3
8623 6  3
8624 6  3
8625 6  3
8626 6  3
8627 6  3
8628 6  3
8629 6  3
8630 6  3
8631 6  3
8632 6  3
8633 6  3
8634 6  3
8635 6  3
8636 6  3
8637 6  3
8638 6  3
8639 6  3
8640 6  3
8641 6  3
8642 6  3
8643 6  3
8644 6  3
8645 6  3
8646 6  3
8647 6  3
8648 6  3
8649 6  3
8650 6  3
8651 6  3
8652 6  3
8653 6  3
8654 6  3
8655 6  3
8656 6  3
8657 6  3
8658 6  3
8659 6  3
8660 6  3
8661 6  3
8662 6  3
8663 6  3
8664 6  3
8665 6  3
8666 6  3
8667 6  3
8668 6  3
8669 6  3
8670 6  3
8671 6  3
8672 6  3
8673 6  3
8674 6  3
8675 6  3
8676 6  3
8677 6  3
8678 6  3
8679 6  3
8680 6  3
8681 6  3
8682 6  3
8683 6  3
8684 6  3
8685 6  3
8686 6  3
8687 6  3
8688 6  3
8689 6  3
8690 6  3
8691 6  3
8692 6  3
8693 6  3
8694 6  3
8695 6  3
8696 6  3
8697 6  3
8698 6  3
8699 6  3
8700 6  3
8701 6  3
8702 6  3
8703 6  3
8704 6  3
8705 6  3
8706 6  3
8707 6  3
8708 6  3
8709 6  3
8710 6  3
8711 6  3
8712 6  3
8713 6  3
8714 6  3
8715 6  3
8716 6  3
8717 6  3
8718 6  3
8719 6  3
8720 6  3
8721 6  3
8722 6  3
8723 6  3
8724 6  3
8725 6  3
8726 6  3
8727 6  3
8728 6  3
8729 6  3
8730 6  3
8731 6  3
8732 6  3
8733 6  3
8734 6  3
8735 6  3
8736 6  3
8737 6  3
8738 6  3
8739 6  3
8740 6  3
8741 6  3
8742 6  3
8743 6  3
8744 6  3
8745 6  3
8746 6  3
8747 6  3
8748 6  3
8749 6  3
8750 6  3
8751 6  3
8752 6  3
8753 6  3
8754 6  3
8755 6  3
8756 6  3
8757 6  3
8758 6  3
8759 6  3
8760 6  3
8761 6  3
8762 6  3
8763 6  3
8764 6  3
8765 6  3
8766 6  3
8767 6  3
8768 6  3
8769 6  3
8770 6  3
8771 6  3
8772 6  3
8773 6  3
8774 6  3
8775 6  3
8776 6  3
8777 6  3
8778 6  3
8779 6  3
8780 6  3
8781 6  3
8782 6  3
8783 6  3
8784 6  3
8785 6  3
8786 6  3
8787 6  3
8788 6  3
8789 6  3
8790 6  3
8791 6  3
8792 6  3
8793 6  3
8794 6  3
8795 6  3
8796 6  3
8797 6  3
8798 6  3
8799 6  3
8800 6  3
8801 6  3
8802 6  3
8803 6  3
8804 6  3
8805 6  3
8806 6  3
8807 6  3
8808 6  3
8809 6  3
8810 6  3
8811 6  3
8812 6  3
8813 6  3
8814 6  3
8815 6  3
8816 6  3
8817 6  3
8818 6  3
8819 6  3
8820 6  3
8821 6  3
8822 6  3
8823 6  3
8824 6  3
8825 6  3
8826 6  3
8827 6  3
8828 6  3
8829 6  3
8830 6  3
8831 6  3
8832 6  3
8833 6  3
8834 6  3
8835 6  3
8836 6  3
8837 6  3
8838 6  3
8839 6  3
8840 6  3
8841 6  3
8842 6  3
8843 6  3
8844 6  3
8845 6  3
8846 6  3
8847 6  3
8848 6  3
8849 6  3
8850 6  3
8851 6  3
8852 6  3
8853 6  3
8854 6  3
8855 6  3
8856 6  3
8857 6  3
8858 6  3
8859 6  3
8860 6  3
8861 6  3
8862 6  3
8863 6  3
8864 6  3
8865 6  3
8866 6  3
8867 6  3
8868 6  3
8869 6  3
8870 6  3
8871 6  3
8872 6  3
8873 6  3
8874 6  3
8875 6  3
8876 6  3
8877 6  3
8878 6  3
8879 6  3
8880 6  3
8881 6  3
8882 6  3
8883 6  3
8884 6  3
8885 6  3
8886 6  3
8887 6  3
8888 6  3
8889 6  3
8890 6  3
8891 6  3
8892 6  3
8893 6  3
8894 6  3
8895 6  3
8896 6  3
8897 6  3
8898 6  3
8899 6  3
8900 6  3
8901 6  3
8902 6  3
8903 6  3
8904 6  3
8905 6  3
8906 6  3
8907 6  3
8908 6  3
8909 6  3
8910 6  3
8911 6  3
8912 6  3
8913 6  3
8914 6  3
8915 6  3
8916 6  3
8917 6  3
8918 6  3
8919 6  3
8920 6  3
8921 6  3
8922 6  3
8923 6  3
8924 6  3
8925 6  3
8926 6  3
8927 6  3
8928 6  3
8929 6  3
8930 6  3
8931 6  3
8932 6  3
8933 6  3
8934 6  3
8935 6  3
8936 6  3
8937 6  3
8938 6  3
8939 6  3
8940 6  3
8941 6  3
8942 6  3
8943 6  3
8944 6  3
8945 6  3
8946 6  3
8947 6  3
8948 6  3
8949 6  3
8950 6  3
8951 6  3
8952 6  3
8953 6  3
8954 6  3
8955 6  3
8956 6  3
8957 6  3
8958 6  3
8959 6  3
8960 6  3
8961 6  3
8962 6  3
8963 6  3
8964 6  3
8965 6  3
8966 6  3
8967 6  3
8968 6  3
8969 6  3
8970 6  3
8971 6  3
8972 6  3
8973 6  3
8974 6  3
8975 6  3
8976 6  3
8977 6  3
8978 6  3
8979 6  3
8980 6  3
8981 6  3
8982 6  3
8983 6  3
8984 6  3
8985 6  3
8986 6  3
8987 6  3
8988 6  3
8989 6  3
8990 6  3
8991 6  3
8992 6  3
8993 6  3
8994 6  3
8995 6  3
8996 6  3
8997 6  3
8998 6  3
8999 6  3
9000 6  3
9001 6  3
9002 6  3
9003 6  3
9004 6  3
9005 6  3
9006 6  3
9007 6  3
9008 6  3
9009 6  3
9010 6  3
9011 6  3
9012 6  3
9013 6  3
9014 6  3
9015 6  3
9016 6  3
9017 6  3
9018 6  3
9019 6  3
9020 6  3
9021 6  3
9022 6  3
9023 6  3
9024 6  3
9025 6  3
9026 6  3
9027 6  3
9028 6  3
9029 6  3
9030 6  3
9031 6  3
9032 6  3
9033 6  3
9034 6  3
9035 6  3
9036 6  3
9037 6  3
9038 6  3
9039 6  3
9040 6  3
9041 6  3
9042 6  3
9043 6  3
9044 6  3
9045 6  3
9046 6  3
9047 6  3
9048 6  3
9049 6  3
9050 6  3
9051 6  3
9052 6  3
9053 6  3
9054 6  3
9055 6  3
9056 6  3
9057 6  3
9058 6  3
9059 6  3
9060 6  3
9061 6  3
9062 6  3
9063 6  3
9064 6  3
9065 6  3
9066 6  3
9067 6  3
9068 6  3
9069 6  3
9070 6  3
9071 6  3
9072 6  3
9073 6  3
9074 6  3
9075 6  3
9076 6  3
9077 6  3
9078 6  3
9079 6  3
9080 6  3
9081 6  3
9082 6  3
9083 6  3
9084 6  3
9085 6  3
9086 6  3
9087 6  3
9088 6  3
9089 6  3
9090 6  3
9091 6  3
9092 6  3
9093 6  3
9094 6  3
9095 6  3
9096 6  3
9097 6  3
9098 6  3
9099 6  3
9100 6  3
9101 6  3
9102 6  3
9103 6  3
9104 6  3
9105 6  3
9106 6  3
9107 6  3
9108 6  3
9109 6  3
9110 6  3
9111 6  3
9112 6  3
9113 6  3
9114 6  3
9115 6  3
9116 6  3
9117 6  3
9118 6  3
9119 6  3
9120 6  3
9121 6  3
9122 6  3
9123 6  3
9124 6  3
9125 6  3
9126 6  3
9127 6  3
9128 6  3
9129 6  3
9130 6  3
9131 6  3
9132 6  3
9133 6  3
9134 6  3
9135 6  3
9136 6  3
9137 6  3
9138 6  3
9139 6  3
9140 6  3
9141 6  3
9142 6  3
9143 6  3
9144 6  3
9145 6  3
9146 6  3
9147 6  3
9148 6  3
9149 6  3
9150 6  3
9151 6  3
9152 6  3
9153 6  3
9154 6  3
9155 6  3
9156 6  3
9157 6  3
9158 6  3
9159 6  3
9160 6  3
9161 6  3
9162 6  3
9163 6  3
9164 6  3
9165 6  3
9166 6  3
9167 6  3
9168 6  3
9169 6  3
9170 6  3
9171 6  3
9172 6  3
9173 6  3
9174 6  3
9175 6  3
9176 6  3
9177 6  3
9178 6  3
9179 6  3
9180 6  3
9181 6  3
9182 6  3
9183 6  3
9184 6  3
9185 6  3
9186 6  3
9187 6  3
9188 6  3
9189 6  3
9190 6  3
9191 6  3
9192 6  3
9193 6  3
9194 6  3
9195 6  3
9196 6  3
9197 6  3
9198 6  3
9199 6  3
9200 6  3
9201 6  3
9202 6  3
9203 6  3
9204 6  3
9205 6  3
9206 6  3
9207 6  3
9208 6  3
9209 6  3
9210 6  3
9211 6  3
9212 6  3
9213 6  3
9214 6  3
9215 6  3
9216 6  3
9217 6  3
9218 6  3
9219 6  3
9220 6  3
9221 6  3
9222 6  3
9223 6  3
9224 6  3
9225 6  3
9226 6  3
9227 6  3
9228 6  3
9229 6  3
9230 6  3
9231 6  3
9232 6  3
9233 6  3
9234 6  3
9235 6  3
9236 6  3
9237 6  3
9238 6  3
9239 6  3
9240 6  3
9241 6  3
9242 6  3
9243 6  3
9244 6  3
9245 6  3
9246 6  3
9247 6  3
9248 6  3
9249 6  3
9250 6  3
9251 6  3
9252 6  3
9253 6  3
9254 6  3
9255 6  3
9256 6  3
9257 6  3
9258 6  3
9259 6  3
9260 6  3
9261 6  3
9262 6  3
9263 6  3
9264 6  3
9265 6  3
9266 6  3
9267 6  3
9268 6  3
9269 6  3
9270 6  3
9271 6  3
9272 6  3
9273 6  3
9274 6  3
9275 6  3
9276 6  3
9277 6  3
9278 6  3
9279 6  3
9280 6  3
9281 6  3
9282 6  3
9283 6  3
9284 6  3
9285 6  3
9286 6  3
9287 6  3
9288 6  3
9289 6  3
9290 6  3
9291 6  3
9292 6  3
9293 6  3
9294 6  3
9295 6  3
9296 6  3
9297 6  3
9298 6  3
9299 6  3
9300 6  3
9301 6  3
9302 6  3
9303 6  3
9304 6  3
9305 6  3
9306 6  3
9307 6  3
9308 6  3
9309 6  3
9310 6  3
9311 6  3
9312 6  3
9313 6  3
9314 6  3
9315 6  3
9316 6  3
9317 6  3
9318 6  3
9319 6  3
9320 6  3
9321 6  3
9322 6  3
9323 6  3
9324 6  3
9325 6  3
9326 6  3
9327 6  3
9328 6  3
9329 6  3
9330 6  3
9331 6  3
9332 6  3
9333 6  3
9334 6  3
9335 6  3
9336 6  3
9337 6  3
9338 6  3
9339 6  3
9340 6  3
9341 6  3
9342 6  3
9343 6  3
9344 6  3
9345 6  3
9346 6  3
9347 6  3
9348 6  3
9349 6  3
9350 6  3
9351 6  3
9352 6  3
9353 6  3
9354 6  3
9355 6  3
9356 6  3
9357 6  3
9358 6  3
9359 6  3
9360 6  3
9361 6  3
9362 6  3
9363 6  3
9364 6  3
9365 6  3
9366 6  3
9367 6  3
9368 6  3
9369 6  3
9370 6  3
9371 6  3
9372 6  3
9373 6  3
9374 6  3
9375 6  3
9376 6  3
9377 6  3
9378 6  3
9379 6  3
9380 6  3
9381 6  3
9382 6  3
9383 6  3
9384 6  3
9385 6  3
9386 6  3
9387 6  3
9388 6  3
9389 6  3
9390 6  3
9391 6  3
9392 6  3
9393 6  3
9394 6  3
9395 6  3
9396 6  3
9397 6  3
9398 6  3
9399 6  3
9400 6  3
9401 6  3
9402 6  3
9403 6  3
9404 6  3
9405 6  3
9406 6  3
9407 6  3
9408 6  3
9409 6  3
9410 6  3
9411 6  3
9412 6  3
9413 6  3
9414 6  3
9415 6  3
9416 6  3
9417 6  3
9418 6  3
9419 6  3
9420 6  3
9421 6  3
9422 6  3
9423 6  3
9424 6  3
9425 6  3
9426 6  3
9427 6  3
9428 6  3
9429 6  3
9430 6  3
9431 6  3
9432 6  3
9433 6  3
9434 6  3
9435 6  3
9436 6  3
9437 6  3
9438 6  3
9439 6  3
9440 6  3
9441 6  3
9442 6  3
9443 6  3
9444 6  3
9445 6  3
9446 6  3
9447 6  3
9448 6  3
9449 6  3
9450 6  3
9451 6  3
9452 6  3
9453 6  3
9454 6  3
9455 6  3
9456 6  3
9457 6  3
9458 6  3
9459 6  3
9460 6  3
9461 6  3
9462 6  3
9463 6  3
9464 6  3
9465 6  3
9466 6  3
9467 6  3
9468 6  3
9469 6  3
9470 6  3
9471 6  3
9472 6  3
9473 6  3
9474 6  3
9475 6  3
9476 6  3
9477 6  3
9478 6  3
9479 6  3
9480 6  3
9481 6  3
9482 6  3
9483 6  3
9484 6  3
9485 6  3
9486 6  3
9487 6  3
9488 6  3
9489 6  3
9490 6  3
9491 6  3
9492 6  3
9493 6  3
9494 6  3
9495 6  3
9496 6  3
9497 6  3
9498 6  3
9499 6  3
9500 6  3
9501 6  3
9502 6  3
9503 6  3
9504 6  3
9505 6  3
9506 6  3
9507 6  3
9508 6  3
9509 6  3
9510 6  3
9511 6  3
9512 6  3
9513 6  3
9514 6  3
9515 6  3
9516 6  3
9517 6  3
9518 6  3
9519 6  3
9520 6  3
9521 6  3
9522 6  3
9523 6  3
9524 6  3
9525 6  3
9526 6  3
9527 6  3
9528 6  3
9529 6  3
9530 6  3
9531 6  3
9532 6  3
9533 6  3
9534 6  3
9535 6  3
9536 6  3
9537 6  3
9538 6  3
9539 6  3
9540 6  3
9541 6  3
9542 6  3
9543 6  3
9544 6  3
9545 6  3
9546 6  3
9547 6  3
9548 6  3
9549 6  3
9550 6  3
9551 6  3
9552 6  3
9553 6  3
9554 6  3
9555 6  3
9556 6  3
9557 6  3
9558 6  3
9559 6  3
9560 6  3
9561 6  3
9562 6  3
9563 6  3
9564 6  3
9565 6  3
9566 6  3
9567 6  3
9568 6  3
9569 6  3
9570 6  3
9571 6  3
9572 6  3
9573 6  3
9574 6  3
9575 6  3
9576 6  3
9577 6  3
9578 6  3
9579 6  3
9580 6  3
9581 6  3
9582 6  3
9583 6  3
9584 6  3
9585 6  3
9586 6  3
9587 6  3
9588 6  3
9589 6  3
9590 6  3
9591 6  3
9592 6  3
9593 6  3
9594 6  3
9595 6  3
9596 6  3
9597 6  3
9598 6  3
9599 6  3
9600 6  3
9601 6  3
9602 6  3
9603 6  3
9604 6  3
9605 6  3
9606 6  3
9607 6  3
9608 6  3
9609 6  3
9610 6  3
9611 6  3
9612 6  3
9613 6  3
9614 6  3
9615 6  3
9616 6  3
9617 6  3
9618 6  3
9619 6  3
9620 6  3
9621 6  3
9622 6  3
9623 6  3
9624 6  3
9625 6  3
9626 6  3
9627 6  3
9628 6  3
9629 6  3
9630 6  3
9631 6  3
9632 6  3
9633 6  3
9634 6  3
9635 6  3
9636 6  3
9637 6  3
9638 6  3
9639 6  3
9640 6  3
9641 6  3
9642 6  3
9643 6  3
9644 6  3
9645 6  3
9646 6  3
9647 6  3
9648 6  3
9649 6  3
9650 6  3
9651 6  3
9652 6  3
9653 6  3
9654 6  3
9655 6  3
9656 6  3
9657 6  3
9658 6  3
9659 6  3
9660 6  3
9661 6  3
9662 6  3
9663 6  3
9664 6  3
9665 6  3
9666 6  3
9667 6  3
9668 6  3
9669 6  3
9670 6  3
9671 6  3
9672 6  3
9673 6  3
9674 6  3
9675 6  3
9676 6  3
9677 6  3
9678 6  3
9679 6  3
9680 6  3
9681 6  3
9682 6  3
9683 6  3
9684 6  3
9685 6  3
9686 6  3
9687 6  3
9688 6  3
9689 6  3
9690 6  3
9691 6  3
9692 6  3
9693 6  3
9694 6  3
9695 6  3
9696 6  3
9697 6  3
9698 6  3
9699 6  3
9700 6  3
9701 6  3
9702 6  3
9703 6  3
9704 6  3
9705 6  3
9706 6  3
9707 6  3
9708 6  3
9709 6  3
9710 6  3
9711 6  3
9712 6  3
9713 6  3
9714 6  3
9715 6  3
9716 6  3
9717 6  3
9718 6  3
9719 6  3
9720 6  3
9721 6  3
9722 6  3
9723 6  3
9724 6  3
9725 6  3
9726 6  3
9727 6  3
9728 6  3
9729 6  3
9730 6  3
9731 6  3
9732 6  3
9733 6  3
9734 6  3
9735 6  3
9736 6  3
9737 6  3
9738 6  3
9739 6  3
9740 6  3
9741 6  3
9742 6  3
9743 6  3
9744 6  3
9745 6  3
9746 6  3
9747 6  3
9748 6  3
9749 6  3
9750 6  3
9751 6  3
9752 6  3
9753 6  3
9754 6  3
9755 6  3
9756 6  3
9757 6  3
9758 6  3
9759 6  3
9760 6  3
9761 6  3
9762 6  3
9763 6  3
9764 6  3
9765 6  3
9766 6  3
9767 6  3
9768 6  3
9769 6  3
9770 6  3
9771 6  3
9772 6  3
9773 6  3
9774 6  3
9775 6  3
9776 6  3
9777 6  3
9778 6  3
9779 6  3
9780 6  3
9781 6  3
9782 6  3
9783 6  3
9784 6  3
9785 6  3
9786 6  3
9787 6  3
9788 6  3
9789 6  3
9790 6  3
9791 6  3
9792 6  3
9793 6  3
9794 6  3
9795 6  3
9796 6  3
9797 6  3
9798 6  3
9799 6  3
9800 6  3
9801 6  3
9802 6  3
9803 6  3
9804 6  3
9805 6  3
9806 6  3
9807 6  3
9808 6  3
9809 6  3
9810 6  3
9811 6  3
9812 6  3
9813 6  3
9814 6  3
9815 6  3
9816 6  3
9817 6  3
9818 6  3
9819 6  3
9820 6  3
9821 6  3
9822 6  3
9823 6  3
9824 6  3
9825 6  3
9826 6  3
9827 6  3
9828 6  3
9829 6  3
9830 6  3
9831 6  3
9832 6  3
9833 6  3
9834 6  3
9835 6  3
9836 6  3
9837 6  3
9838 6  3
9839 6  3
9840 6  3
9841 6  3
9842 6  3
9843 6  3
9844 6  3
9845 6  3
9846 6  3
9847 6  3
9848 6  3
9849 6  3
9850 6  3
