8860
52381 5
52382 5
52383 5
52384 5
52385 5
52386 5
52387 5
52388 5
52389 5
52390 5
52391 5
52392 5
52393 5
52394 5
52395 5
52396 5
52397 5
52398 5
52399 5
52400 5
52361 5
52362 5
52363 5
52364 5
52365 5
52366 5
52367 5
52368 5
52369 5
52370 5
52371 5
52372 5
52373 5
52374 5
52375 5
52376 5
52377 5
52378 5
52379 5
52380 5
52341 5
52342 5
52343 5
52344 5
52345 5
52346 5
52347 5
52348 5
52349 5
52350 5
52351 5
52352 5
52353 5
52354 5
52355 5
52356 5
52357 5
52358 5
52359 5
52360 5
52321 5
52322 5
52323 5
52324 5
52325 5
52326 5
52327 5
52328 5
52329 5
52330 5
52331 5
52332 5
52333 5
52334 5
52335 5
52336 5
52337 5
52338 5
52339 5
52340 5
52301 5
52302 5
52303 5
52304 5
52305 5
52306 5
52307 5
52308 5
52309 5
52310 5
52311 5
52312 5
52313 5
52314 5
52315 5
52316 5
52317 5
52318 5
52319 5
52320 5
52281 5
52282 5
52283 5
52284 5
52285 5
52286 5
52287 5
52288 5
52289 5
52290 5
52291 5
52292 5
52293 5
52294 5
52295 5
52296 5
52297 5
52298 5
52299 5
52300 5
52261 5
52262 5
52263 5
52264 5
52265 5
52266 5
52267 5
52268 5
52269 5
52270 5
52271 5
52272 5
52273 5
52274 5
52275 5
52276 5
52277 5
52278 5
52279 5
52280 5
52241 5
52242 5
52243 5
52244 5
52245 5
52246 5
52247 5
52248 5
52249 5
52250 5
52251 5
52252 5
52253 5
52254 5
52255 5
52256 5
52257 5
52258 5
52259 5
52260 5
52221 5
52222 5
52223 5
52224 5
52225 5
52226 5
52227 5
52228 5
52229 5
52230 5
52231 5
52232 5
52233 5
52234 5
52235 5
52236 5
52237 5
52238 5
52239 5
52240 5
52201 5
52202 5
52203 5
52204 5
52205 5
52206 5
52207 5
52208 5
52209 5
52210 5
52211 5
52212 5
52213 5
52214 5
52215 5
52216 5
52217 5
52218 5
52219 5
52220 5
52181 5
52182 5
52183 5
52184 5
52185 5
52186 5
52187 5
52188 5
52189 5
52190 5
52191 5
52192 5
52193 5
52194 5
52195 5
52196 5
52197 5
52198 5
52199 5
52200 5
52161 5
52162 5
52163 5
52164 5
52165 5
52166 5
52167 5
52168 5
52169 5
52170 5
52171 5
52172 5
52173 5
52174 5
52175 5
52176 5
52177 5
52178 5
52179 5
52180 5
52141 5
52142 5
52143 5
52144 5
52145 5
52146 5
52147 5
52148 5
52149 5
52150 5
52151 5
52152 5
52153 5
52154 5
52155 5
52156 5
52157 5
52158 5
52159 5
52160 5
52121 5
52122 5
52123 5
52124 5
52125 5
52126 5
52127 5
52128 5
52129 5
52130 5
52131 5
52132 5
52133 5
52134 5
52135 5
52136 5
52137 5
52138 5
52139 5
52140 5
52101 5
52102 5
52103 5
52104 5
52105 5
52106 5
52107 5
52108 5
52109 5
52110 5
52111 5
52112 5
52113 5
52114 5
52115 5
52116 5
52117 5
52118 5
52119 5
52120 5
52081 5
52082 5
52083 5
52084 5
52085 5
52086 5
52087 5
52088 5
52089 5
52090 5
52091 5
52092 5
52093 5
52094 5
52095 5
52096 5
52097 5
52098 5
52099 5
52100 5
52061 5
52062 5
52063 5
52064 5
52065 5
52066 5
52067 5
52068 5
52069 5
52070 5
52071 5
52072 5
52073 5
52074 5
52075 5
52076 5
52077 5
52078 5
52079 5
52080 5
52041 5
52042 5
52043 5
52044 5
52045 5
52046 5
52047 5
52048 5
52049 5
52050 5
52051 5
52052 5
52053 5
52054 5
52055 5
52056 5
52057 5
52058 5
52059 5
52060 5
52021 5
52022 5
52023 5
52024 5
52025 5
52026 5
52027 5
52028 5
52029 5
52030 5
52031 5
52032 5
52033 5
52034 5
52035 5
52036 5
52037 5
52038 5
52039 5
52040 5
52001 5
52002 5
52003 5
52004 5
52005 5
52006 5
52007 5
52008 5
52009 5
52010 5
52011 5
52012 5
52013 5
52014 5
52015 5
52016 5
52017 5
52018 5
52019 5
52020 5
52781 2
52761 2
52741 2
52721 2
52701 2
52681 2
52661 2
52641 2
52621 2
52601 2
52581 2
52561 2
52541 2
52521 2
52501 2
52481 2
52461 2
52441 2
52421 2
52401 2
52782 2
52762 2
52742 2
52722 2
52702 2
52682 2
52662 2
52642 2
52622 2
52602 2
52582 2
52562 2
52542 2
52522 2
52502 2
52482 2
52462 2
52442 2
52422 2
52402 2
52783 2
52763 2
52743 2
52723 2
52703 2
52683 2
52663 2
52643 2
52623 2
52603 2
52583 2
52563 2
52543 2
52523 2
52503 2
52483 2
52463 2
52443 2
52423 2
52403 2
52784 2
52764 2
52744 2
52724 2
52704 2
52684 2
52664 2
52644 2
52624 2
52604 2
52584 2
52564 2
52544 2
52524 2
52504 2
52484 2
52464 2
52444 2
52424 2
52404 2
52785 2
52765 2
52745 2
52725 2
52705 2
52685 2
52665 2
52645 2
52625 2
52605 2
52585 2
52565 2
52545 2
52525 2
52505 2
52485 2
52465 2
52445 2
52425 2
52405 2
52786 2
52766 2
52746 2
52726 2
52706 2
52686 2
52666 2
52646 2
52626 2
52606 2
52586 2
52566 2
52546 2
52526 2
52506 2
52486 2
52466 2
52446 2
52426 2
52406 2
52787 2
52767 2
52747 2
52727 2
52707 2
52687 2
52667 2
52647 2
52627 2
52607 2
52587 2
52567 2
52547 2
52527 2
52507 2
52487 2
52467 2
52447 2
52427 2
52407 2
52788 2
52768 2
52748 2
52728 2
52708 2
52688 2
52668 2
52648 2
52628 2
52608 2
52588 2
52568 2
52548 2
52528 2
52508 2
52488 2
52468 2
52448 2
52428 2
52408 2
52789 2
52769 2
52749 2
52729 2
52709 2
52689 2
52669 2
52649 2
52629 2
52609 2
52589 2
52569 2
52549 2
52529 2
52509 2
52489 2
52469 2
52449 2
52429 2
52409 2
52790 2
52770 2
52750 2
52730 2
52710 2
52690 2
52670 2
52650 2
52630 2
52610 2
52590 2
52570 2
52550 2
52530 2
52510 2
52490 2
52470 2
52450 2
52430 2
52410 2
52791 2
52771 2
52751 2
52731 2
52711 2
52691 2
52671 2
52651 2
52631 2
52611 2
52591 2
52571 2
52551 2
52531 2
52511 2
52491 2
52471 2
52451 2
52431 2
52411 2
52792 2
52772 2
52752 2
52732 2
52712 2
52692 2
52672 2
52652 2
52632 2
52612 2
52592 2
52572 2
52552 2
52532 2
52512 2
52492 2
52472 2
52452 2
52432 2
52412 2
52793 2
52773 2
52753 2
52733 2
52713 2
52693 2
52673 2
52653 2
52633 2
52613 2
52593 2
52573 2
52553 2
52533 2
52513 2
52493 2
52473 2
52453 2
52433 2
52413 2
52794 2
52774 2
52754 2
52734 2
52714 2
52694 2
52674 2
52654 2
52634 2
52614 2
52594 2
52574 2
52554 2
52534 2
52514 2
52494 2
52474 2
52454 2
52434 2
52414 2
52795 2
52775 2
52755 2
52735 2
52715 2
52695 2
52675 2
52655 2
52635 2
52615 2
52595 2
52575 2
52555 2
52535 2
52515 2
52495 2
52475 2
52455 2
52435 2
52415 2
52796 2
52776 2
52756 2
52736 2
52716 2
52696 2
52676 2
52656 2
52636 2
52616 2
52596 2
52576 2
52556 2
52536 2
52516 2
52496 2
52476 2
52456 2
52436 2
52416 2
52797 2
52777 2
52757 2
52737 2
52717 2
52697 2
52677 2
52657 2
52637 2
52617 2
52597 2
52577 2
52557 2
52537 2
52517 2
52497 2
52477 2
52457 2
52437 2
52417 2
52798 2
52778 2
52758 2
52738 2
52718 2
52698 2
52678 2
52658 2
52638 2
52618 2
52598 2
52578 2
52558 2
52538 2
52518 2
52498 2
52478 2
52458 2
52438 2
52418 2
52799 2
52779 2
52759 2
52739 2
52719 2
52699 2
52679 2
52659 2
52639 2
52619 2
52599 2
52579 2
52559 2
52539 2
52519 2
52499 2
52479 2
52459 2
52439 2
52419 2
52800 2
52780 2
52760 2
52740 2
52720 2
52700 2
52680 2
52660 2
52640 2
52620 2
52600 2
52580 2
52560 2
52540 2
52520 2
52500 2
52480 2
52460 2
52440 2
52420 2
52801 2
52802 2
52803 2
52804 2
52805 2
52806 2
52807 2
52808 2
52809 2
52810 2
52811 2
52812 2
52813 2
52814 2
52815 2
52816 2
52817 2
52818 2
52819 2
52820 2
52821 2
52822 2
52823 2
52824 2
52825 2
52826 2
52827 2
52828 2
52829 2
52830 2
52831 2
52832 2
52833 2
52834 2
52835 2
52836 2
52837 2
52838 2
52839 2
52840 2
52841 2
52842 2
52843 2
52844 2
52845 2
52846 2
52847 2
52848 2
52849 2
52850 2
52851 2
52852 2
52853 2
52854 2
52855 2
52856 2
52857 2
52858 2
52859 2
52860 2
52861 2
52862 2
52863 2
52864 2
52865 2
52866 2
52867 2
52868 2
52869 2
52870 2
52871 2
52872 2
52873 2
52874 2
52875 2
52876 2
52877 2
52878 2
52879 2
52880 2
52881 2
52882 2
52883 2
52884 2
52885 2
52886 2
52887 2
52888 2
52889 2
52890 2
52891 2
52892 2
52893 2
52894 2
52895 2
52896 2
52897 2
52898 2
52899 2
52900 2
52901 2
52902 2
52903 2
52904 2
52905 2
52906 2
52907 2
52908 2
52909 2
52910 2
52911 2
52912 2
52913 2
52914 2
52915 2
52916 2
52917 2
52918 2
52919 2
52920 2
52921 2
52922 2
52923 2
52924 2
52925 2
52926 2
52927 2
52928 2
52929 2
52930 2
52931 2
52932 2
52933 2
52934 2
52935 2
52936 2
52937 2
52938 2
52939 2
52940 2
52941 2
52942 2
52943 2
52944 2
52945 2
52946 2
52947 2
52948 2
52949 2
52950 2
52951 2
52952 2
52953 2
52954 2
52955 2
52956 2
52957 2
52958 2
52959 2
52960 2
52961 2
52962 2
52963 2
52964 2
52965 2
52966 2
52967 2
52968 2
52969 2
52970 2
52971 2
52972 2
52973 2
52974 2
52975 2
52976 2
52977 2
52978 2
52979 2
52980 2
52981 2
52982 2
52983 2
52984 2
52985 2
52986 2
52987 2
52988 2
52989 2
52990 2
52991 2
52992 2
52993 2
52994 2
52995 2
52996 2
52997 2
52998 2
52999 2
53000 2
53001 2
53002 2
53003 2
53004 2
53005 2
53006 2
53007 2
53008 2
53009 2
53010 2
53011 2
53012 2
53013 2
53014 2
53015 2
53016 2
53017 2
53018 2
53019 2
53020 2
53021 2
53022 2
53023 2
53024 2
53025 2
53026 2
53027 2
53028 2
53029 2
53030 2
53031 2
53032 2
53033 2
53034 2
53035 2
53036 2
53037 2
53038 2
53039 2
53040 2
53041 2
53042 2
53043 2
53044 2
53045 2
53046 2
53047 2
53048 2
53049 2
53050 2
53051 2
53052 2
53053 2
53054 2
53055 2
53056 2
53057 2
53058 2
53059 2
53060 2
53061 2
53062 2
53063 2
53064 2
53065 2
53066 2
53067 2
53068 2
53069 2
53070 2
53071 2
53072 2
53073 2
53074 2
53075 2
53076 2
53077 2
53078 2
53079 2
53080 2
53081 2
53082 2
53083 2
53084 2
53085 2
53086 2
53087 2
53088 2
53089 2
53090 2
53091 2
53092 2
53093 2
53094 2
53095 2
53096 2
53097 2
53098 2
53099 2
53100 2
53101 2
53102 2
53103 2
53104 2
53105 2
53106 2
53107 2
53108 2
53109 2
53110 2
53111 2
53112 2
53113 2
53114 2
53115 2
53116 2
53117 2
53118 2
53119 2
53120 2
53121 2
53122 2
53123 2
53124 2
53125 2
53126 2
53127 2
53128 2
53129 2
53130 2
53131 2
53132 2
53133 2
53134 2
53135 2
53136 2
53137 2
53138 2
53139 2
53140 2
53141 2
53142 2
53143 2
53144 2
53145 2
53146 2
53147 2
53148 2
53149 2
53150 2
53151 2
53152 2
53153 2
53154 2
53155 2
53156 2
53157 2
53158 2
53159 2
53160 2
53161 2
53162 2
53163 2
53164 2
53165 2
53166 2
53167 2
53168 2
53169 2
53170 2
53171 2
53172 2
53173 2
53174 2
53175 2
53176 2
53177 2
53178 2
53179 2
53180 2
53181 2
53182 2
53183 2
53184 2
53185 2
53186 2
53187 2
53188 2
53189 2
53190 2
53191 2
53192 2
53193 2
53194 2
53195 2
53196 2
53197 2
53198 2
53199 2
53200 2
53581 5
53582 5
53583 5
53584 5
53585 5
53586 5
53587 5
53588 5
53589 5
53590 5
53591 5
53592 5
53593 5
53594 5
53595 5
53596 5
53597 5
53598 5
53599 5
53600 5
53561 5
53562 5
53563 5
53564 5
53565 5
53566 5
53567 5
53568 5
53569 5
53570 5
53571 5
53572 5
53573 5
53574 5
53575 5
53576 5
53577 5
53578 5
53579 5
53580 5
53541 5
53542 5
53543 5
53544 5
53545 5
53546 5
53547 5
53548 5
53549 5
53550 5
53551 5
53552 5
53553 5
53554 5
53555 5
53556 5
53557 5
53558 5
53559 5
53560 5
53521 5
53522 5
53523 5
53524 5
53525 5
53526 5
53527 5
53528 5
53529 5
53530 5
53531 5
53532 5
53533 5
53534 5
53535 5
53536 5
53537 5
53538 5
53539 5
53540 5
53501 5
53502 5
53503 5
53504 5
53505 5
53506 5
53507 5
53508 5
53509 5
53510 5
53511 5
53512 5
53513 5
53514 5
53515 5
53516 5
53517 5
53518 5
53519 5
53520 5
53481 5
53482 5
53483 5
53484 5
53485 5
53486 5
53487 5
53488 5
53489 5
53490 5
53491 5
53492 5
53493 5
53494 5
53495 5
53496 5
53497 5
53498 5
53499 5
53500 5
53461 5
53462 5
53463 5
53464 5
53465 5
53466 5
53467 5
53468 5
53469 5
53470 5
53471 5
53472 5
53473 5
53474 5
53475 5
53476 5
53477 5
53478 5
53479 5
53480 5
53441 5
53442 5
53443 5
53444 5
53445 5
53446 5
53447 5
53448 5
53449 5
53450 5
53451 5
53452 5
53453 5
53454 5
53455 5
53456 5
53457 5
53458 5
53459 5
53460 5
53421 5
53422 5
53423 5
53424 5
53425 5
53426 5
53427 5
53428 5
53429 5
53430 5
53431 5
53432 5
53433 5
53434 5
53435 5
53436 5
53437 5
53438 5
53439 5
53440 5
53401 5
53402 5
53403 5
53404 5
53405 5
53406 5
53407 5
53408 5
53409 5
53410 5
53411 5
53412 5
53413 5
53414 5
53415 5
53416 5
53417 5
53418 5
53419 5
53420 5
53381 5
53382 5
53383 5
53384 5
53385 5
53386 5
53387 5
53388 5
53389 5
53390 5
53391 5
53392 5
53393 5
53394 5
53395 5
53396 5
53397 5
53398 5
53399 5
53400 5
53361 5
53362 5
53363 5
53364 5
53365 5
53366 5
53367 5
53368 5
53369 5
53370 5
53371 5
53372 5
53373 5
53374 5
53375 5
53376 5
53377 5
53378 5
53379 5
53380 5
53341 5
53342 5
53343 5
53344 5
53345 5
53346 5
53347 5
53348 5
53349 5
53350 5
53351 5
53352 5
53353 5
53354 5
53355 5
53356 5
53357 5
53358 5
53359 5
53360 5
53321 5
53322 5
53323 5
53324 5
53325 5
53326 5
53327 5
53328 5
53329 5
53330 5
53331 5
53332 5
53333 5
53334 5
53335 5
53336 5
53337 5
53338 5
53339 5
53340 5
53301 5
53302 5
53303 5
53304 5
53305 5
53306 5
53307 5
53308 5
53309 5
53310 5
53311 5
53312 5
53313 5
53314 5
53315 5
53316 5
53317 5
53318 5
53319 5
53320 5
53281 5
53282 5
53283 5
53284 5
53285 5
53286 5
53287 5
53288 5
53289 5
53290 5
53291 5
53292 5
53293 5
53294 5
53295 5
53296 5
53297 5
53298 5
53299 5
53300 5
53261 5
53262 5
53263 5
53264 5
53265 5
53266 5
53267 5
53268 5
53269 5
53270 5
53271 5
53272 5
53273 5
53274 5
53275 5
53276 5
53277 5
53278 5
53279 5
53280 5
53241 5
53242 5
53243 5
53244 5
53245 5
53246 5
53247 5
53248 5
53249 5
53250 5
53251 5
53252 5
53253 5
53254 5
53255 5
53256 5
53257 5
53258 5
53259 5
53260 5
53221 5
53222 5
53223 5
53224 5
53225 5
53226 5
53227 5
53228 5
53229 5
53230 5
53231 5
53232 5
53233 5
53234 5
53235 5
53236 5
53237 5
53238 5
53239 5
53240 5
53201 5
53202 5
53203 5
53204 5
53205 5
53206 5
53207 5
53208 5
53209 5
53210 5
53211 5
53212 5
53213 5
53214 5
53215 5
53216 5
53217 5
53218 5
53219 5
53220 5
53981 5
53982 5
53983 5
53984 5
53985 5
53986 5
53987 5
53988 5
53989 5
53990 5
53991 5
53992 5
53993 5
53994 5
53995 5
53996 5
53997 5
53998 5
53999 5
54000 5
53961 5
53962 5
53963 5
53964 5
53965 5
53966 5
53967 5
53968 5
53969 5
53970 5
53971 5
53972 5
53973 5
53974 5
53975 5
53976 5
53977 5
53978 5
53979 5
53980 5
53941 5
53942 5
53943 5
53944 5
53945 5
53946 5
53947 5
53948 5
53949 5
53950 5
53951 5
53952 5
53953 5
53954 5
53955 5
53956 5
53957 5
53958 5
53959 5
53960 5
53921 5
53922 5
53923 5
53924 5
53925 5
53926 5
53927 5
53928 5
53929 5
53930 5
53931 5
53932 5
53933 5
53934 5
53935 5
53936 5
53937 5
53938 5
53939 5
53940 5
53901 5
53902 5
53903 5
53904 5
53905 5
53906 5
53907 5
53908 5
53909 5
53910 5
53911 5
53912 5
53913 5
53914 5
53915 5
53916 5
53917 5
53918 5
53919 5
53920 5
53881 5
53882 5
53883 5
53884 5
53885 5
53886 5
53887 5
53888 5
53889 5
53890 5
53891 5
53892 5
53893 5
53894 5
53895 5
53896 5
53897 5
53898 5
53899 5
53900 5
53861 5
53862 5
53863 5
53864 5
53865 5
53866 5
53867 5
53868 5
53869 5
53870 5
53871 5
53872 5
53873 5
53874 5
53875 5
53876 5
53877 5
53878 5
53879 5
53880 5
53841 5
53842 5
53843 5
53844 5
53845 5
53846 5
53847 5
53848 5
53849 5
53850 5
53851 5
53852 5
53853 5
53854 5
53855 5
53856 5
53857 5
53858 5
53859 5
53860 5
53821 5
53822 5
53823 5
53824 5
53825 5
53826 5
53827 5
53828 5
53829 5
53830 5
53831 5
53832 5
53833 5
53834 5
53835 5
53836 5
53837 5
53838 5
53839 5
53840 5
53801 5
53802 5
53803 5
53804 5
53805 5
53806 5
53807 5
53808 5
53809 5
53810 5
53811 5
53812 5
53813 5
53814 5
53815 5
53816 5
53817 5
53818 5
53819 5
53820 5
53781 5
53782 5
53783 5
53784 5
53785 5
53786 5
53787 5
53788 5
53789 5
53790 5
53791 5
53792 5
53793 5
53794 5
53795 5
53796 5
53797 5
53798 5
53799 5
53800 5
53761 5
53762 5
53763 5
53764 5
53765 5
53766 5
53767 5
53768 5
53769 5
53770 5
53771 5
53772 5
53773 5
53774 5
53775 5
53776 5
53777 5
53778 5
53779 5
53780 5
53741 5
53742 5
53743 5
53744 5
53745 5
53746 5
53747 5
53748 5
53749 5
53750 5
53751 5
53752 5
53753 5
53754 5
53755 5
53756 5
53757 5
53758 5
53759 5
53760 5
53721 5
53722 5
53723 5
53724 5
53725 5
53726 5
53727 5
53728 5
53729 5
53730 5
53731 5
53732 5
53733 5
53734 5
53735 5
53736 5
53737 5
53738 5
53739 5
53740 5
53701 5
53702 5
53703 5
53704 5
53705 5
53706 5
53707 5
53708 5
53709 5
53710 5
53711 5
53712 5
53713 5
53714 5
53715 5
53716 5
53717 5
53718 5
53719 5
53720 5
53681 5
53682 5
53683 5
53684 5
53685 5
53686 5
53687 5
53688 5
53689 5
53690 5
53691 5
53692 5
53693 5
53694 5
53695 5
53696 5
53697 5
53698 5
53699 5
53700 5
53661 5
53662 5
53663 5
53664 5
53665 5
53666 5
53667 5
53668 5
53669 5
53670 5
53671 5
53672 5
53673 5
53674 5
53675 5
53676 5
53677 5
53678 5
53679 5
53680 5
53641 5
53642 5
53643 5
53644 5
53645 5
53646 5
53647 5
53648 5
53649 5
53650 5
53651 5
53652 5
53653 5
53654 5
53655 5
53656 5
53657 5
53658 5
53659 5
53660 5
53621 5
53622 5
53623 5
53624 5
53625 5
53626 5
53627 5
53628 5
53629 5
53630 5
53631 5
53632 5
53633 5
53634 5
53635 5
53636 5
53637 5
53638 5
53639 5
53640 5
53601 5
53602 5
53603 5
53604 5
53605 5
53606 5
53607 5
53608 5
53609 5
53610 5
53611 5
53612 5
53613 5
53614 5
53615 5
53616 5
53617 5
53618 5
53619 5
53620 5
53220 1
53219 1
53218 1
53217 1
53216 1
53215 1
53214 1
53213 1
53212 1
53211 1
53210 1
53209 1
53208 1
53207 1
53206 1
53205 1
53204 1
53203 1
53202 1
53201 1
53620 1
53619 1
53618 1
53617 1
53616 1
53615 1
53614 1
53613 1
53612 1
53611 1
53610 1
53609 1
53608 1
53607 1
53606 1
53605 1
53604 1
53603 1
53602 1
53601 1
26981 1
26961 1
26941 1
26921 1
26901 1
26881 1
26861 1
26841 1
26821 1
26801 1
26781 1
26761 1
26741 1
26721 1
26701 1
26681 1
26661 1
26641 1
26621 1
26601 1
381 1
361 1
341 1
321 1
301 1
281 1
261 1
241 1
221 1
201 1
181 1
161 1
141 1
121 1
101 1
81 1
61 1
41 1
21 1
1 1
30096 3
30196 3
30296 3
30396 3
30496 3
30596 3
30696 3
30796 3
30896 3
30996 3
31096 3
31196 3
31296 3
31396 3
31496 3
31596 3
31696 3
31796 3
31896 3
31996 3
30097 3
30197 3
30297 3
30397 3
30497 3
30597 3
30697 3
30797 3
30897 3
30997 3
31097 3
31197 3
31297 3
31397 3
31497 3
31597 3
31697 3
31797 3
31897 3
31997 3
30098 3
30198 3
30298 3
30398 3
30498 3
30598 3
30698 3
30798 3
30898 3
30998 3
31098 3
31198 3
31298 3
31398 3
31498 3
31598 3
31698 3
31798 3
31898 3
31998 3
30099 3
30199 3
30299 3
30399 3
30499 3
30599 3
30699 3
30799 3
30899 3
30999 3
31099 3
31199 3
31299 3
31399 3
31499 3
31599 3
31699 3
31799 3
31899 3
31999 3
30100 3
30200 3
30300 3
30400 3
30500 3
30600 3
30700 3
30800 3
30900 3
31000 3
31100 3
31200 3
31300 3
31400 3
31500 3
31600 3
31700 3
31800 3
31900 3
32000 3
1096 3
1196 3
1296 3
1396 3
1496 3
1596 3
1696 3
1796 3
1896 3
1996 3
2096 3
2196 3
2296 3
2396 3
2496 3
2596 3
2696 3
2796 3
2896 3
2996 3
1097 3
1197 3
1297 3
1397 3
1497 3
1597 3
1697 3
1797 3
1897 3
1997 3
2097 3
2197 3
2297 3
2397 3
2497 3
2597 3
2697 3
2797 3
2897 3
2997 3
1098 3
1198 3
1298 3
1398 3
1498 3
1598 3
1698 3
1798 3
1898 3
1998 3
2098 3
2198 3
2298 3
2398 3
2498 3
2598 3
2698 3
2798 3
2898 3
2998 3
1099 3
1199 3
1299 3
1399 3
1499 3
1599 3
1699 3
1799 3
1899 3
1999 3
2099 3
2199 3
2299 3
2399 3
2499 3
2599 3
2699 3
2799 3
2899 3
2999 3
1100 3
1200 3
1300 3
1400 3
1500 3
1600 3
1700 3
1800 3
1900 3
2000 3
2100 3
2200 3
2300 3
2400 3
2500 3
2600 3
2700 3
2800 3
2900 3
3000 3
51981 3
51982 3
51983 3
51984 3
51985 3
51986 3
51987 3
51988 3
51989 3
51990 3
51991 3
51992 3
51993 3
51994 3
51995 3
51996 3
51997 3
51998 3
51999 3
52000 3
51581 3
51582 3
51583 3
51584 3
51585 3
51586 3
51587 3
51588 3
51589 3
51590 3
51591 3
51592 3
51593 3
51594 3
51595 3
51596 3
51597 3
51598 3
51599 3
51600 3
51181 3
51182 3
51183 3
51184 3
51185 3
51186 3
51187 3
51188 3
51189 3
51190 3
51191 3
51192 3
51193 3
51194 3
51195 3
51196 3
51197 3
51198 3
51199 3
51200 3
50781 3
50782 3
50783 3
50784 3
50785 3
50786 3
50787 3
50788 3
50789 3
50790 3
50791 3
50792 3
50793 3
50794 3
50795 3
50796 3
50797 3
50798 3
50799 3
50800 3
50381 3
50382 3
50383 3
50384 3
50385 3
50386 3
50387 3
50388 3
50389 3
50390 3
50391 3
50392 3
50393 3
50394 3
50395 3
50396 3
50397 3
50398 3
50399 3
50400 3
49981 3
49982 3
49983 3
49984 3
49985 3
49986 3
49987 3
49988 3
49989 3
49990 3
49991 3
49992 3
49993 3
49994 3
49995 3
49996 3
49997 3
49998 3
49999 3
50000 3
49581 3
49582 3
49583 3
49584 3
49585 3
49586 3
49587 3
49588 3
49589 3
49590 3
49591 3
49592 3
49593 3
49594 3
49595 3
49596 3
49597 3
49598 3
49599 3
49600 3
49181 3
49182 3
49183 3
49184 3
49185 3
49186 3
49187 3
49188 3
49189 3
49190 3
49191 3
49192 3
49193 3
49194 3
49195 3
49196 3
49197 3
49198 3
49199 3
49200 3
48781 3
48782 3
48783 3
48784 3
48785 3
48786 3
48787 3
48788 3
48789 3
48790 3
48791 3
48792 3
48793 3
48794 3
48795 3
48796 3
48797 3
48798 3
48799 3
48800 3
48381 3
48382 3
48383 3
48384 3
48385 3
48386 3
48387 3
48388 3
48389 3
48390 3
48391 3
48392 3
48393 3
48394 3
48395 3
48396 3
48397 3
48398 3
48399 3
48400 3
47981 3
47982 3
47983 3
47984 3
47985 3
47986 3
47987 3
47988 3
47989 3
47990 3
47991 3
47992 3
47993 3
47994 3
47995 3
47996 3
47997 3
47998 3
47999 3
48000 3
47581 3
47582 3
47583 3
47584 3
47585 3
47586 3
47587 3
47588 3
47589 3
47590 3
47591 3
47592 3
47593 3
47594 3
47595 3
47596 3
47597 3
47598 3
47599 3
47600 3
47181 3
47182 3
47183 3
47184 3
47185 3
47186 3
47187 3
47188 3
47189 3
47190 3
47191 3
47192 3
47193 3
47194 3
47195 3
47196 3
47197 3
47198 3
47199 3
47200 3
46781 3
46782 3
46783 3
46784 3
46785 3
46786 3
46787 3
46788 3
46789 3
46790 3
46791 3
46792 3
46793 3
46794 3
46795 3
46796 3
46797 3
46798 3
46799 3
46800 3
46381 3
46382 3
46383 3
46384 3
46385 3
46386 3
46387 3
46388 3
46389 3
46390 3
46391 3
46392 3
46393 3
46394 3
46395 3
46396 3
46397 3
46398 3
46399 3
46400 3
45981 3
45982 3
45983 3
45984 3
45985 3
45986 3
45987 3
45988 3
45989 3
45990 3
45991 3
45992 3
45993 3
45994 3
45995 3
45996 3
45997 3
45998 3
45999 3
46000 3
45581 3
45582 3
45583 3
45584 3
45585 3
45586 3
45587 3
45588 3
45589 3
45590 3
45591 3
45592 3
45593 3
45594 3
45595 3
45596 3
45597 3
45598 3
45599 3
45600 3
45181 3
45182 3
45183 3
45184 3
45185 3
45186 3
45187 3
45188 3
45189 3
45190 3
45191 3
45192 3
45193 3
45194 3
45195 3
45196 3
45197 3
45198 3
45199 3
45200 3
44781 3
44782 3
44783 3
44784 3
44785 3
44786 3
44787 3
44788 3
44789 3
44790 3
44791 3
44792 3
44793 3
44794 3
44795 3
44796 3
44797 3
44798 3
44799 3
44800 3
44381 3
44382 3
44383 3
44384 3
44385 3
44386 3
44387 3
44388 3
44389 3
44390 3
44391 3
44392 3
44393 3
44394 3
44395 3
44396 3
44397 3
44398 3
44399 3
44400 3
13981 3
13982 3
13983 3
13984 3
13985 3
13986 3
13987 3
13988 3
13989 3
13990 3
13991 3
13992 3
13993 3
13994 3
13995 3
13996 3
13997 3
13998 3
13999 3
14000 3
13581 3
13582 3
13583 3
13584 3
13585 3
13586 3
13587 3
13588 3
13589 3
13590 3
13591 3
13592 3
13593 3
13594 3
13595 3
13596 3
13597 3
13598 3
13599 3
13600 3
13181 3
13182 3
13183 3
13184 3
13185 3
13186 3
13187 3
13188 3
13189 3
13190 3
13191 3
13192 3
13193 3
13194 3
13195 3
13196 3
13197 3
13198 3
13199 3
13200 3
12781 3
12782 3
12783 3
12784 3
12785 3
12786 3
12787 3
12788 3
12789 3
12790 3
12791 3
12792 3
12793 3
12794 3
12795 3
12796 3
12797 3
12798 3
12799 3
12800 3
12381 3
12382 3
12383 3
12384 3
12385 3
12386 3
12387 3
12388 3
12389 3
12390 3
12391 3
12392 3
12393 3
12394 3
12395 3
12396 3
12397 3
12398 3
12399 3
12400 3
11981 3
11982 3
11983 3
11984 3
11985 3
11986 3
11987 3
11988 3
11989 3
11990 3
11991 3
11992 3
11993 3
11994 3
11995 3
11996 3
11997 3
11998 3
11999 3
12000 3
11581 3
11582 3
11583 3
11584 3
11585 3
11586 3
11587 3
11588 3
11589 3
11590 3
11591 3
11592 3
11593 3
11594 3
11595 3
11596 3
11597 3
11598 3
11599 3
11600 3
11181 3
11182 3
11183 3
11184 3
11185 3
11186 3
11187 3
11188 3
11189 3
11190 3
11191 3
11192 3
11193 3
11194 3
11195 3
11196 3
11197 3
11198 3
11199 3
11200 3
10781 3
10782 3
10783 3
10784 3
10785 3
10786 3
10787 3
10788 3
10789 3
10790 3
10791 3
10792 3
10793 3
10794 3
10795 3
10796 3
10797 3
10798 3
10799 3
10800 3
10381 3
10382 3
10383 3
10384 3
10385 3
10386 3
10387 3
10388 3
10389 3
10390 3
10391 3
10392 3
10393 3
10394 3
10395 3
10396 3
10397 3
10398 3
10399 3
10400 3
9981 3
9982 3
9983 3
9984 3
9985 3
9986 3
9987 3
9988 3
9989 3
9990 3
9991 3
9992 3
9993 3
9994 3
9995 3
9996 3
9997 3
9998 3
9999 3
10000 3
9581 3
9582 3
9583 3
9584 3
9585 3
9586 3
9587 3
9588 3
9589 3
9590 3
9591 3
9592 3
9593 3
9594 3
9595 3
9596 3
9597 3
9598 3
9599 3
9600 3
9181 3
9182 3
9183 3
9184 3
9185 3
9186 3
9187 3
9188 3
9189 3
9190 3
9191 3
9192 3
9193 3
9194 3
9195 3
9196 3
9197 3
9198 3
9199 3
9200 3
8781 3
8782 3
8783 3
8784 3
8785 3
8786 3
8787 3
8788 3
8789 3
8790 3
8791 3
8792 3
8793 3
8794 3
8795 3
8796 3
8797 3
8798 3
8799 3
8800 3
8381 3
8382 3
8383 3
8384 3
8385 3
8386 3
8387 3
8388 3
8389 3
8390 3
8391 3
8392 3
8393 3
8394 3
8395 3
8396 3
8397 3
8398 3
8399 3
8400 3
7981 3
7982 3
7983 3
7984 3
7985 3
7986 3
7987 3
7988 3
7989 3
7990 3
7991 3
7992 3
7993 3
7994 3
7995 3
7996 3
7997 3
7998 3
7999 3
8000 3
7581 3
7582 3
7583 3
7584 3
7585 3
7586 3
7587 3
7588 3
7589 3
7590 3
7591 3
7592 3
7593 3
7594 3
7595 3
7596 3
7597 3
7598 3
7599 3
7600 3
7181 3
7182 3
7183 3
7184 3
7185 3
7186 3
7187 3
7188 3
7189 3
7190 3
7191 3
7192 3
7193 3
7194 3
7195 3
7196 3
7197 3
7198 3
7199 3
7200 3
6781 3
6782 3
6783 3
6784 3
6785 3
6786 3
6787 3
6788 3
6789 3
6790 3
6791 3
6792 3
6793 3
6794 3
6795 3
6796 3
6797 3
6798 3
6799 3
6800 3
6381 3
6382 3
6383 3
6384 3
6385 3
6386 3
6387 3
6388 3
6389 3
6390 3
6391 3
6392 3
6393 3
6394 3
6395 3
6396 3
6397 3
6398 3
6399 3
6400 3
53601 4
53621 4
53641 4
53661 4
53681 4
53701 4
53721 4
53741 4
53761 4
53781 4
53801 4
53821 4
53841 4
53861 4
53881 4
53901 4
53921 4
53941 4
53961 4
53981 4
53181 1
53161 1
53141 1
53121 1
53101 1
53081 1
53061 1
53041 1
53021 1
53001 1
52401 5
52402 5
52403 5
52404 5
52405 5
52406 5
52407 5
52408 5
52409 5
52410 5
52411 5
52412 5
52413 5
52414 5
52415 5
52416 5
52417 5
52418 5
52419 5
52420 5
400 6
399 6
398 6
397 6
396 6
395 6
394 6
393 6
392 6
391 6
390 6
389 6
388 6
387 6
386 6
385 6
384 6
383 6
382 6
381 6
410 1
409 1
408 1
407 1
406 1
405 1
404 1
403 1
402 1
401 1
1000 2
980 2
960 2
940 2
920 2
900 2
880 2
860 2
840 2
820 2
800 2
780 2
760 2
740 2
720 2
700 2
680 2
660 2
640 2
620 2
2996 6
2991 6
2986 6
2981 6
2976 6
2971 6
2966 6
2961 6
2956 6
2951 6
2946 6
2941 6
2936 6
2931 6
2926 6
2921 6
2916 6
2911 6
2906 6
2901 6
2997 6
2992 6
2987 6
2982 6
2977 6
2972 6
2967 6
2962 6
2957 6
2952 6
2947 6
2942 6
2937 6
2932 6
2927 6
2922 6
2917 6
2912 6
2907 6
2902 6
2998 6
2993 6
2988 6
2983 6
2978 6
2973 6
2968 6
2963 6
2958 6
2953 6
2948 6
2943 6
2938 6
2933 6
2928 6
2923 6
2918 6
2913 6
2908 6
2903 6
2999 6
2994 6
2989 6
2984 6
2979 6
2974 6
2969 6
2964 6
2959 6
2954 6
2949 6
2944 6
2939 6
2934 6
2929 6
2924 6
2919 6
2914 6
2909 6
2904 6
3000 6
2995 6
2990 6
2985 6
2980 6
2975 6
2970 6
2965 6
2960 6
2955 6
2950 6
2945 6
2940 6
2935 6
2930 6
2925 6
2920 6
2915 6
2910 6
2905 6
3810 1
3809 1
3808 1
3807 1
3806 1
3805 1
3804 1
3803 1
3802 1
3801 1
3610 1
3609 1
3608 1
3607 1
3606 1
3605 1
3604 1
3603 1
3602 1
3601 1
3410 1
3409 1
3408 1
3407 1
3406 1
3405 1
3404 1
3403 1
3402 1
3401 1
3210 1
3209 1
3208 1
3207 1
3206 1
3205 1
3204 1
3203 1
3202 1
3201 1
3010 1
3009 1
3008 1
3007 1
3006 1
3005 1
3004 1
3003 1
3002 1
3001 1
6000 2
5980 2
5960 2
5940 2
5920 2
5900 2
5880 2
5860 2
5840 2
5820 2
5800 2
5780 2
5760 2
5740 2
5720 2
5700 2
5680 2
5660 2
5640 2
5620 2
5600 2
5580 2
5560 2
5540 2
5520 2
5500 2
5480 2
5460 2
5440 2
5420 2
5400 2
5380 2
5360 2
5340 2
5320 2
5300 2
5280 2
5260 2
5240 2
5220 2
5200 2
5180 2
5160 2
5140 2
5120 2
5100 2
5080 2
5060 2
5040 2
5020 2
5000 2
4980 2
4960 2
4940 2
4920 2
4900 2
4880 2
4860 2
4840 2
4820 2
4800 2
4780 2
4760 2
4740 2
4720 2
4700 2
4680 2
4660 2
4640 2
4620 2
4600 2
4580 2
4560 2
4540 2
4520 2
4500 2
4480 2
4460 2
4440 2
4420 2
4400 2
4380 2
4360 2
4340 2
4320 2
4300 2
4280 2
4260 2
4240 2
4220 2
4200 2
4180 2
4160 2
4140 2
4120 2
4100 2
4080 2
4060 2
4040 2
4020 2
13601 4
13621 4
13641 4
13661 4
13681 4
13701 4
13721 4
13741 4
13761 4
13781 4
13801 4
13821 4
13841 4
13861 4
13881 4
13901 4
13921 4
13941 4
13961 4
13981 4
13201 4
13221 4
13241 4
13261 4
13281 4
13301 4
13321 4
13341 4
13361 4
13381 4
13401 4
13421 4
13441 4
13461 4
13481 4
13501 4
13521 4
13541 4
13561 4
13581 4
12801 4
12821 4
12841 4
12861 4
12881 4
12901 4
12921 4
12941 4
12961 4
12981 4
13001 4
13021 4
13041 4
13061 4
13081 4
13101 4
13121 4
13141 4
13161 4
13181 4
12401 4
12421 4
12441 4
12461 4
12481 4
12501 4
12521 4
12541 4
12561 4
12581 4
12601 4
12621 4
12641 4
12661 4
12681 4
12701 4
12721 4
12741 4
12761 4
12781 4
12001 4
12021 4
12041 4
12061 4
12081 4
12101 4
12121 4
12141 4
12161 4
12181 4
12201 4
12221 4
12241 4
12261 4
12281 4
12301 4
12321 4
12341 4
12361 4
12381 4
11601 4
11621 4
11641 4
11661 4
11681 4
11701 4
11721 4
11741 4
11761 4
11781 4
11801 4
11821 4
11841 4
11861 4
11881 4
11901 4
11921 4
11941 4
11961 4
11981 4
11201 4
11221 4
11241 4
11261 4
11281 4
11301 4
11321 4
11341 4
11361 4
11381 4
11401 4
11421 4
11441 4
11461 4
11481 4
11501 4
11521 4
11541 4
11561 4
11581 4
10801 4
10821 4
10841 4
10861 4
10881 4
10901 4
10921 4
10941 4
10961 4
10981 4
11001 4
11021 4
11041 4
11061 4
11081 4
11101 4
11121 4
11141 4
11161 4
11181 4
10401 4
10421 4
10441 4
10461 4
10481 4
10501 4
10521 4
10541 4
10561 4
10581 4
10601 4
10621 4
10641 4
10661 4
10681 4
10701 4
10721 4
10741 4
10761 4
10781 4
10001 4
10021 4
10041 4
10061 4
10081 4
10101 4
10121 4
10141 4
10161 4
10181 4
10201 4
10221 4
10241 4
10261 4
10281 4
10301 4
10321 4
10341 4
10361 4
10381 4
9601 4
9621 4
9641 4
9661 4
9681 4
9701 4
9721 4
9741 4
9761 4
9781 4
9801 4
9821 4
9841 4
9861 4
9881 4
9901 4
9921 4
9941 4
9961 4
9981 4
9201 4
9221 4
9241 4
9261 4
9281 4
9301 4
9321 4
9341 4
9361 4
9381 4
9401 4
9421 4
9441 4
9461 4
9481 4
9501 4
9521 4
9541 4
9561 4
9581 4
8801 4
8821 4
8841 4
8861 4
8881 4
8901 4
8921 4
8941 4
8961 4
8981 4
9001 4
9021 4
9041 4
9061 4
9081 4
9101 4
9121 4
9141 4
9161 4
9181 4
8401 4
8421 4
8441 4
8461 4
8481 4
8501 4
8521 4
8541 4
8561 4
8581 4
8601 4
8621 4
8641 4
8661 4
8681 4
8701 4
8721 4
8741 4
8761 4
8781 4
8001 4
8021 4
8041 4
8061 4
8081 4
8101 4
8121 4
8141 4
8161 4
8181 4
8201 4
8221 4
8241 4
8261 4
8281 4
8301 4
8321 4
8341 4
8361 4
8381 4
7601 4
7621 4
7641 4
7661 4
7681 4
7701 4
7721 4
7741 4
7761 4
7781 4
7801 4
7821 4
7841 4
7861 4
7881 4
7901 4
7921 4
7941 4
7961 4
7981 4
7201 4
7221 4
7241 4
7261 4
7281 4
7301 4
7321 4
7341 4
7361 4
7381 4
7401 4
7421 4
7441 4
7461 4
7481 4
7501 4
7521 4
7541 4
7561 4
7581 4
6801 4
6821 4
6841 4
6861 4
6881 4
6901 4
6921 4
6941 4
6961 4
6981 4
7001 4
7021 4
7041 4
7061 4
7081 4
7101 4
7121 4
7141 4
7161 4
7181 4
6401 4
6421 4
6441 4
6461 4
6481 4
6501 4
6521 4
6541 4
6561 4
6581 4
6601 4
6621 4
6641 4
6661 4
6681 4
6701 4
6721 4
6741 4
6761 4
6781 4
6001 4
6021 4
6041 4
6061 4
6081 4
6101 4
6121 4
6141 4
6161 4
6181 4
6201 4
6221 4
6241 4
6261 4
6281 4
6301 4
6321 4
6341 4
6361 4
6381 4
17601 1
17201 1
16801 1
16401 1
16001 1
15601 1
15201 1
14801 1
14401 1
14001 1
17602 1
17202 1
16802 1
16402 1
16002 1
15602 1
15202 1
14802 1
14402 1
14002 1
17603 1
17203 1
16803 1
16403 1
16003 1
15603 1
15203 1
14803 1
14403 1
14003 1
17604 1
17204 1
16804 1
16404 1
16004 1
15604 1
15204 1
14804 1
14404 1
14004 1
17605 1
17205 1
16805 1
16405 1
16005 1
15605 1
15205 1
14805 1
14405 1
14005 1
17606 1
17206 1
16806 1
16406 1
16006 1
15606 1
15206 1
14806 1
14406 1
14006 1
17607 1
17207 1
16807 1
16407 1
16007 1
15607 1
15207 1
14807 1
14407 1
14007 1
17608 1
17208 1
16808 1
16408 1
16008 1
15608 1
15208 1
14808 1
14408 1
14008 1
17609 1
17209 1
16809 1
16409 1
16009 1
15609 1
15209 1
14809 1
14409 1
14009 1
17610 1
17210 1
16810 1
16410 1
16010 1
15610 1
15210 1
14810 1
14410 1
14010 1
17611 1
17211 1
16811 1
16411 1
16011 1
15611 1
15211 1
14811 1
14411 1
14011 1
17612 1
17212 1
16812 1
16412 1
16012 1
15612 1
15212 1
14812 1
14412 1
14012 1
17613 1
17213 1
16813 1
16413 1
16013 1
15613 1
15213 1
14813 1
14413 1
14013 1
17614 1
17214 1
16814 1
16414 1
16014 1
15614 1
15214 1
14814 1
14414 1
14014 1
17615 1
17215 1
16815 1
16415 1
16015 1
15615 1
15215 1
14815 1
14415 1
14015 1
17616 1
17216 1
16816 1
16416 1
16016 1
15616 1
15216 1
14816 1
14416 1
14016 1
17617 1
17217 1
16817 1
16417 1
16017 1
15617 1
15217 1
14817 1
14417 1
14017 1
17618 1
17218 1
16818 1
16418 1
16018 1
15618 1
15218 1
14818 1
14418 1
14018 1
17619 1
17219 1
16819 1
16419 1
16019 1
15619 1
15219 1
14819 1
14419 1
14019 1
17620 1
17220 1
16820 1
16420 1
16020 1
15620 1
15220 1
14820 1
14420 1
14020 1
18001 5
18021 5
18041 5
18061 5
18081 5
18101 5
18121 5
18141 5
18161 5
18181 5
18201 5
18221 5
18241 5
18261 5
18281 5
18301 5
18321 5
18341 5
18361 5
18381 5
18002 5
18022 5
18042 5
18062 5
18082 5
18102 5
18122 5
18142 5
18162 5
18182 5
18202 5
18222 5
18242 5
18262 5
18282 5
18302 5
18322 5
18342 5
18362 5
18382 5
18003 5
18023 5
18043 5
18063 5
18083 5
18103 5
18123 5
18143 5
18163 5
18183 5
18203 5
18223 5
18243 5
18263 5
18283 5
18303 5
18323 5
18343 5
18363 5
18383 5
18004 5
18024 5
18044 5
18064 5
18084 5
18104 5
18124 5
18144 5
18164 5
18184 5
18204 5
18224 5
18244 5
18264 5
18284 5
18304 5
18324 5
18344 5
18364 5
18384 5
18005 5
18025 5
18045 5
18065 5
18085 5
18105 5
18125 5
18145 5
18165 5
18185 5
18205 5
18225 5
18245 5
18265 5
18285 5
18305 5
18325 5
18345 5
18365 5
18385 5
18006 5
18026 5
18046 5
18066 5
18086 5
18106 5
18126 5
18146 5
18166 5
18186 5
18206 5
18226 5
18246 5
18266 5
18286 5
18306 5
18326 5
18346 5
18366 5
18386 5
18007 5
18027 5
18047 5
18067 5
18087 5
18107 5
18127 5
18147 5
18167 5
18187 5
18207 5
18227 5
18247 5
18267 5
18287 5
18307 5
18327 5
18347 5
18367 5
18387 5
18008 5
18028 5
18048 5
18068 5
18088 5
18108 5
18128 5
18148 5
18168 5
18188 5
18208 5
18228 5
18248 5
18268 5
18288 5
18308 5
18328 5
18348 5
18368 5
18388 5
18009 5
18029 5
18049 5
18069 5
18089 5
18109 5
18129 5
18149 5
18169 5
18189 5
18209 5
18229 5
18249 5
18269 5
18289 5
18309 5
18329 5
18349 5
18369 5
18389 5
18010 5
18030 5
18050 5
18070 5
18090 5
18110 5
18130 5
18150 5
18170 5
18190 5
18210 5
18230 5
18250 5
18270 5
18290 5
18310 5
18330 5
18350 5
18370 5
18390 5
18011 5
18031 5
18051 5
18071 5
18091 5
18111 5
18131 5
18151 5
18171 5
18191 5
18211 5
18231 5
18251 5
18271 5
18291 5
18311 5
18331 5
18351 5
18371 5
18391 5
18012 5
18032 5
18052 5
18072 5
18092 5
18112 5
18132 5
18152 5
18172 5
18192 5
18212 5
18232 5
18252 5
18272 5
18292 5
18312 5
18332 5
18352 5
18372 5
18392 5
18013 5
18033 5
18053 5
18073 5
18093 5
18113 5
18133 5
18153 5
18173 5
18193 5
18213 5
18233 5
18253 5
18273 5
18293 5
18313 5
18333 5
18353 5
18373 5
18393 5
18014 5
18034 5
18054 5
18074 5
18094 5
18114 5
18134 5
18154 5
18174 5
18194 5
18214 5
18234 5
18254 5
18274 5
18294 5
18314 5
18334 5
18354 5
18374 5
18394 5
18015 5
18035 5
18055 5
18075 5
18095 5
18115 5
18135 5
18155 5
18175 5
18195 5
18215 5
18235 5
18255 5
18275 5
18295 5
18315 5
18335 5
18355 5
18375 5
18395 5
18016 5
18036 5
18056 5
18076 5
18096 5
18116 5
18136 5
18156 5
18176 5
18196 5
18216 5
18236 5
18256 5
18276 5
18296 5
18316 5
18336 5
18356 5
18376 5
18396 5
18017 5
18037 5
18057 5
18077 5
18097 5
18117 5
18137 5
18157 5
18177 5
18197 5
18217 5
18237 5
18257 5
18277 5
18297 5
18317 5
18337 5
18357 5
18377 5
18397 5
18018 5
18038 5
18058 5
18078 5
18098 5
18118 5
18138 5
18158 5
18178 5
18198 5
18218 5
18238 5
18258 5
18278 5
18298 5
18318 5
18338 5
18358 5
18378 5
18398 5
18019 5
18039 5
18059 5
18079 5
18099 5
18119 5
18139 5
18159 5
18179 5
18199 5
18219 5
18239 5
18259 5
18279 5
18299 5
18319 5
18339 5
18359 5
18379 5
18399 5
18020 5
18040 5
18060 5
18080 5
18100 5
18120 5
18140 5
18160 5
18180 5
18200 5
18220 5
18240 5
18260 5
18280 5
18300 5
18320 5
18340 5
18360 5
18380 5
18400 5
52420 3
52440 3
52460 3
52480 3
52500 3
52520 3
52540 3
52560 3
52580 3
52600 3
52620 3
52640 3
52660 3
52680 3
52700 3
52720 3
52740 3
52760 3
52780 3
52800 3
52020 1
52019 1
52018 1
52017 1
52016 1
52015 1
52014 1
52013 1
52012 1
52011 1
52010 1
52009 1
52008 1
52007 1
52006 1
52005 1
52004 1
52003 1
52002 1
52001 1
981 3
982 3
983 3
984 3
985 3
986 3
987 3
988 3
989 3
990 3
991 3
992 3
993 3
994 3
995 3
996 3
997 3
998 3
999 3
1000 3
26381 1
26361 1
26341 1
26321 1
26301 1
26281 1
26261 1
26241 1
26221 1
26201 1
26181 1
26161 1
26141 1
26121 1
26101 1
26081 1
26061 1
26041 1
26021 1
26001 1
5620 1
5619 1
5618 1
5617 1
5616 1
5615 1
5614 1
5613 1
5612 1
5611 1
5610 1
5609 1
5608 1
5607 1
5606 1
5605 1
5604 1
5603 1
5602 1
5601 1
5220 1
5219 1
5218 1
5217 1
5216 1
5215 1
5214 1
5213 1
5212 1
5211 1
5210 1
5209 1
5208 1
5207 1
5206 1
5205 1
5204 1
5203 1
5202 1
5201 1
4820 1
4819 1
4818 1
4817 1
4816 1
4815 1
4814 1
4813 1
4812 1
4811 1
4810 1
4809 1
4808 1
4807 1
4806 1
4805 1
4804 1
4803 1
4802 1
4801 1
4420 1
4419 1
4418 1
4417 1
4416 1
4415 1
4414 1
4413 1
4412 1
4411 1
4410 1
4409 1
4408 1
4407 1
4406 1
4405 1
4404 1
4403 1
4402 1
4401 1
4020 1
4019 1
4018 1
4017 1
4016 1
4015 1
4014 1
4013 1
4012 1
4011 1
4010 1
4009 1
4008 1
4007 1
4006 1
4005 1
4004 1
4003 1
4002 1
4001 1
27096 3
27196 3
27296 3
27396 3
27496 3
27596 3
27696 3
27796 3
27896 3
27996 3
28096 3
28196 3
28296 3
28396 3
28496 3
28596 3
28696 3
28796 3
28896 3
28996 3
27097 3
27197 3
27297 3
27397 3
27497 3
27597 3
27697 3
27797 3
27897 3
27997 3
28097 3
28197 3
28297 3
28397 3
28497 3
28597 3
28697 3
28797 3
28897 3
28997 3
27098 3
27198 3
27298 3
27398 3
27498 3
27598 3
27698 3
27798 3
27898 3
27998 3
28098 3
28198 3
28298 3
28398 3
28498 3
28598 3
28698 3
28798 3
28898 3
28998 3
27099 3
27199 3
27299 3
27399 3
27499 3
27599 3
27699 3
27799 3
27899 3
27999 3
28099 3
28199 3
28299 3
28399 3
28499 3
28599 3
28699 3
28799 3
28899 3
28999 3
27100 3
27200 3
27300 3
27400 3
27500 3
27600 3
27700 3
27800 3
27900 3
28000 3
28100 3
28200 3
28300 3
28400 3
28500 3
28600 3
28700 3
28800 3
28900 3
29000 3
25601 1
25201 1
24801 1
24401 1
24001 1
23601 1
23201 1
22801 1
22401 1
22001 1
21601 1
21201 1
20801 1
20401 1
20001 1
19601 1
19201 1
18801 1
18401 1
18001 1
25602 1
25202 1
24802 1
24402 1
24002 1
23602 1
23202 1
22802 1
22402 1
22002 1
21602 1
21202 1
20802 1
20402 1
20002 1
19602 1
19202 1
18802 1
18402 1
18002 1
25603 1
25203 1
24803 1
24403 1
24003 1
23603 1
23203 1
22803 1
22403 1
22003 1
21603 1
21203 1
20803 1
20403 1
20003 1
19603 1
19203 1
18803 1
18403 1
18003 1
25604 1
25204 1
24804 1
24404 1
24004 1
23604 1
23204 1
22804 1
22404 1
22004 1
21604 1
21204 1
20804 1
20404 1
20004 1
19604 1
19204 1
18804 1
18404 1
18004 1
25605 1
25205 1
24805 1
24405 1
24005 1
23605 1
23205 1
22805 1
22405 1
22005 1
21605 1
21205 1
20805 1
20405 1
20005 1
19605 1
19205 1
18805 1
18405 1
18005 1
25606 1
25206 1
24806 1
24406 1
24006 1
23606 1
23206 1
22806 1
22406 1
22006 1
21606 1
21206 1
20806 1
20406 1
20006 1
19606 1
19206 1
18806 1
18406 1
18006 1
25607 1
25207 1
24807 1
24407 1
24007 1
23607 1
23207 1
22807 1
22407 1
22007 1
21607 1
21207 1
20807 1
20407 1
20007 1
19607 1
19207 1
18807 1
18407 1
18007 1
25608 1
25208 1
24808 1
24408 1
24008 1
23608 1
23208 1
22808 1
22408 1
22008 1
21608 1
21208 1
20808 1
20408 1
20008 1
19608 1
19208 1
18808 1
18408 1
18008 1
25609 1
25209 1
24809 1
24409 1
24009 1
23609 1
23209 1
22809 1
22409 1
22009 1
21609 1
21209 1
20809 1
20409 1
20009 1
19609 1
19209 1
18809 1
18409 1
18009 1
25610 1
25210 1
24810 1
24410 1
24010 1
23610 1
23210 1
22810 1
22410 1
22010 1
21610 1
21210 1
20810 1
20410 1
20010 1
19610 1
19210 1
18810 1
18410 1
18010 1
25611 1
25211 1
24811 1
24411 1
24011 1
23611 1
23211 1
22811 1
22411 1
22011 1
21611 1
21211 1
20811 1
20411 1
20011 1
19611 1
19211 1
18811 1
18411 1
18011 1
25612 1
25212 1
24812 1
24412 1
24012 1
23612 1
23212 1
22812 1
22412 1
22012 1
21612 1
21212 1
20812 1
20412 1
20012 1
19612 1
19212 1
18812 1
18412 1
18012 1
25613 1
25213 1
24813 1
24413 1
24013 1
23613 1
23213 1
22813 1
22413 1
22013 1
21613 1
21213 1
20813 1
20413 1
20013 1
19613 1
19213 1
18813 1
18413 1
18013 1
25614 1
25214 1
24814 1
24414 1
24014 1
23614 1
23214 1
22814 1
22414 1
22014 1
21614 1
21214 1
20814 1
20414 1
20014 1
19614 1
19214 1
18814 1
18414 1
18014 1
25615 1
25215 1
24815 1
24415 1
24015 1
23615 1
23215 1
22815 1
22415 1
22015 1
21615 1
21215 1
20815 1
20415 1
20015 1
19615 1
19215 1
18815 1
18415 1
18015 1
25616 1
25216 1
24816 1
24416 1
24016 1
23616 1
23216 1
22816 1
22416 1
22016 1
21616 1
21216 1
20816 1
20416 1
20016 1
19616 1
19216 1
18816 1
18416 1
18016 1
25617 1
25217 1
24817 1
24417 1
24017 1
23617 1
23217 1
22817 1
22417 1
22017 1
21617 1
21217 1
20817 1
20417 1
20017 1
19617 1
19217 1
18817 1
18417 1
18017 1
25618 1
25218 1
24818 1
24418 1
24018 1
23618 1
23218 1
22818 1
22418 1
22018 1
21618 1
21218 1
20818 1
20418 1
20018 1
19618 1
19218 1
18818 1
18418 1
18018 1
25619 1
25219 1
24819 1
24419 1
24019 1
23619 1
23219 1
22819 1
22419 1
22019 1
21619 1
21219 1
20819 1
20419 1
20019 1
19619 1
19219 1
18819 1
18419 1
18019 1
25620 1
25220 1
24820 1
24420 1
24020 1
23620 1
23220 1
22820 1
22420 1
22020 1
21620 1
21220 1
20820 1
20420 1
20020 1
19620 1
19220 1
18820 1
18420 1
18020 1
39981 3
39982 3
39983 3
39984 3
39985 3
39986 3
39987 3
39988 3
39989 3
39990 3
39991 3
39992 3
39993 3
39994 3
39995 3
39996 3
39997 3
39998 3
39999 3
40000 3
39581 3
39582 3
39583 3
39584 3
39585 3
39586 3
39587 3
39588 3
39589 3
39590 3
39591 3
39592 3
39593 3
39594 3
39595 3
39596 3
39597 3
39598 3
39599 3
39600 3
39181 3
39182 3
39183 3
39184 3
39185 3
39186 3
39187 3
39188 3
39189 3
39190 3
39191 3
39192 3
39193 3
39194 3
39195 3
39196 3
39197 3
39198 3
39199 3
39200 3
38781 3
38782 3
38783 3
38784 3
38785 3
38786 3
38787 3
38788 3
38789 3
38790 3
38791 3
38792 3
38793 3
38794 3
38795 3
38796 3
38797 3
38798 3
38799 3
38800 3
38381 3
38382 3
38383 3
38384 3
38385 3
38386 3
38387 3
38388 3
38389 3
38390 3
38391 3
38392 3
38393 3
38394 3
38395 3
38396 3
38397 3
38398 3
38399 3
38400 3
37981 3
37982 3
37983 3
37984 3
37985 3
37986 3
37987 3
37988 3
37989 3
37990 3
37991 3
37992 3
37993 3
37994 3
37995 3
37996 3
37997 3
37998 3
37999 3
38000 3
37581 3
37582 3
37583 3
37584 3
37585 3
37586 3
37587 3
37588 3
37589 3
37590 3
37591 3
37592 3
37593 3
37594 3
37595 3
37596 3
37597 3
37598 3
37599 3
37600 3
37181 3
37182 3
37183 3
37184 3
37185 3
37186 3
37187 3
37188 3
37189 3
37190 3
37191 3
37192 3
37193 3
37194 3
37195 3
37196 3
37197 3
37198 3
37199 3
37200 3
36781 3
36782 3
36783 3
36784 3
36785 3
36786 3
36787 3
36788 3
36789 3
36790 3
36791 3
36792 3
36793 3
36794 3
36795 3
36796 3
36797 3
36798 3
36799 3
36800 3
36381 3
36382 3
36383 3
36384 3
36385 3
36386 3
36387 3
36388 3
36389 3
36390 3
36391 3
36392 3
36393 3
36394 3
36395 3
36396 3
36397 3
36398 3
36399 3
36400 3
35981 3
35982 3
35983 3
35984 3
35985 3
35986 3
35987 3
35988 3
35989 3
35990 3
35991 3
35992 3
35993 3
35994 3
35995 3
35996 3
35997 3
35998 3
35999 3
36000 3
35581 3
35582 3
35583 3
35584 3
35585 3
35586 3
35587 3
35588 3
35589 3
35590 3
35591 3
35592 3
35593 3
35594 3
35595 3
35596 3
35597 3
35598 3
35599 3
35600 3
35181 3
35182 3
35183 3
35184 3
35185 3
35186 3
35187 3
35188 3
35189 3
35190 3
35191 3
35192 3
35193 3
35194 3
35195 3
35196 3
35197 3
35198 3
35199 3
35200 3
34781 3
34782 3
34783 3
34784 3
34785 3
34786 3
34787 3
34788 3
34789 3
34790 3
34791 3
34792 3
34793 3
34794 3
34795 3
34796 3
34797 3
34798 3
34799 3
34800 3
34381 3
34382 3
34383 3
34384 3
34385 3
34386 3
34387 3
34388 3
34389 3
34390 3
34391 3
34392 3
34393 3
34394 3
34395 3
34396 3
34397 3
34398 3
34399 3
34400 3
33981 3
33982 3
33983 3
33984 3
33985 3
33986 3
33987 3
33988 3
33989 3
33990 3
33991 3
33992 3
33993 3
33994 3
33995 3
33996 3
33997 3
33998 3
33999 3
34000 3
33581 3
33582 3
33583 3
33584 3
33585 3
33586 3
33587 3
33588 3
33589 3
33590 3
33591 3
33592 3
33593 3
33594 3
33595 3
33596 3
33597 3
33598 3
33599 3
33600 3
33181 3
33182 3
33183 3
33184 3
33185 3
33186 3
33187 3
33188 3
33189 3
33190 3
33191 3
33192 3
33193 3
33194 3
33195 3
33196 3
33197 3
33198 3
33199 3
33200 3
32781 3
32782 3
32783 3
32784 3
32785 3
32786 3
32787 3
32788 3
32789 3
32790 3
32791 3
32792 3
32793 3
32794 3
32795 3
32796 3
32797 3
32798 3
32799 3
32800 3
32381 3
32382 3
32383 3
32384 3
32385 3
32386 3
32387 3
32388 3
32389 3
32390 3
32391 3
32392 3
32393 3
32394 3
32395 3
32396 3
32397 3
32398 3
32399 3
32400 3
52001 4
52021 4
52041 4
52061 4
52081 4
52101 4
52121 4
52141 4
52161 4
52181 4
52201 4
52221 4
52241 4
52261 4
52281 4
52301 4
52321 4
52341 4
52361 4
52381 4
52820 3
52840 3
52860 3
52880 3
52900 3
52920 3
52940 3
52960 3
52980 3
53000 3
53600 2
53580 2
53560 2
53540 2
53520 2
53500 2
53480 2
53460 2
53440 2
53420 2
53400 2
53380 2
53360 2
53340 2
53320 2
53300 2
53280 2
53260 2
53240 2
53220 2
26400 6
26399 6
26398 6
26397 6
26396 6
26395 6
26394 6
26393 6
26392 6
26391 6
26390 6
26389 6
26388 6
26387 6
26386 6
26385 6
26384 6
26383 6
26382 6
26381 6
26591 3
26592 3
26593 3
26594 3
26595 3
26596 3
26597 3
26598 3
26599 3
26600 3
26601 5
26602 5
26603 5
26604 5
26605 5
26606 5
26607 5
26608 5
26609 5
26610 5
26611 5
26612 5
26613 5
26614 5
26615 5
26616 5
26617 5
26618 5
26619 5
26620 5
28996 6
28991 6
28986 6
28981 6
28976 6
28971 6
28966 6
28961 6
28956 6
28951 6
28946 6
28941 6
28936 6
28931 6
28926 6
28921 6
28916 6
28911 6
28906 6
28901 6
28997 6
28992 6
28987 6
28982 6
28977 6
28972 6
28967 6
28962 6
28957 6
28952 6
28947 6
28942 6
28937 6
28932 6
28927 6
28922 6
28917 6
28912 6
28907 6
28902 6
28998 6
28993 6
28988 6
28983 6
28978 6
28973 6
28968 6
28963 6
28958 6
28953 6
28948 6
28943 6
28938 6
28933 6
28928 6
28923 6
28918 6
28913 6
28908 6
28903 6
28999 6
28994 6
28989 6
28984 6
28979 6
28974 6
28969 6
28964 6
28959 6
28954 6
28949 6
28944 6
28939 6
28934 6
28929 6
28924 6
28919 6
28914 6
28909 6
28904 6
29000 6
28995 6
28990 6
28985 6
28980 6
28975 6
28970 6
28965 6
28960 6
28955 6
28950 6
28945 6
28940 6
28935 6
28930 6
28925 6
28920 6
28915 6
28910 6
28905 6
29991 3
29992 3
29993 3
29994 3
29995 3
29996 3
29997 3
29998 3
29999 3
30000 3
29791 3
29792 3
29793 3
29794 3
29795 3
29796 3
29797 3
29798 3
29799 3
29800 3
29591 3
29592 3
29593 3
29594 3
29595 3
29596 3
29597 3
29598 3
29599 3
29600 3
29391 3
29392 3
29393 3
29394 3
29395 3
29396 3
29397 3
29398 3
29399 3
29400 3
29191 3
29192 3
29193 3
29194 3
29195 3
29196 3
29197 3
29198 3
29199 3
29200 3
30001 5
30006 5
30011 5
30016 5
30021 5
30026 5
30031 5
30036 5
30041 5
30046 5
30051 5
30056 5
30061 5
30066 5
30071 5
30076 5
30081 5
30086 5
30091 5
30096 5
30002 5
30007 5
30012 5
30017 5
30022 5
30027 5
30032 5
30037 5
30042 5
30047 5
30052 5
30057 5
30062 5
30067 5
30072 5
30077 5
30082 5
30087 5
30092 5
30097 5
30003 5
30008 5
30013 5
30018 5
30023 5
30028 5
30033 5
30038 5
30043 5
30048 5
30053 5
30058 5
30063 5
30068 5
30073 5
30078 5
30083 5
30088 5
30093 5
30098 5
30004 5
30009 5
30014 5
30019 5
30024 5
30029 5
30034 5
30039 5
30044 5
30049 5
30054 5
30059 5
30064 5
30069 5
30074 5
30079 5
30084 5
30089 5
30094 5
30099 5
30005 5
30010 5
30015 5
30020 5
30025 5
30030 5
30035 5
30040 5
30045 5
30050 5
30055 5
30060 5
30065 5
30070 5
30075 5
30080 5
30085 5
30090 5
30095 5
30100 5
39601 4
39621 4
39641 4
39661 4
39681 4
39701 4
39721 4
39741 4
39761 4
39781 4
39801 4
39821 4
39841 4
39861 4
39881 4
39901 4
39921 4
39941 4
39961 4
39981 4
39201 4
39221 4
39241 4
39261 4
39281 4
39301 4
39321 4
39341 4
39361 4
39381 4
39401 4
39421 4
39441 4
39461 4
39481 4
39501 4
39521 4
39541 4
39561 4
39581 4
38801 4
38821 4
38841 4
38861 4
38881 4
38901 4
38921 4
38941 4
38961 4
38981 4
39001 4
39021 4
39041 4
39061 4
39081 4
39101 4
39121 4
39141 4
39161 4
39181 4
38401 4
38421 4
38441 4
38461 4
38481 4
38501 4
38521 4
38541 4
38561 4
38581 4
38601 4
38621 4
38641 4
38661 4
38681 4
38701 4
38721 4
38741 4
38761 4
38781 4
38001 4
38021 4
38041 4
38061 4
38081 4
38101 4
38121 4
38141 4
38161 4
38181 4
38201 4
38221 4
38241 4
38261 4
38281 4
38301 4
38321 4
38341 4
38361 4
38381 4
37601 4
37621 4
37641 4
37661 4
37681 4
37701 4
37721 4
37741 4
37761 4
37781 4
37801 4
37821 4
37841 4
37861 4
37881 4
37901 4
37921 4
37941 4
37961 4
37981 4
37201 4
37221 4
37241 4
37261 4
37281 4
37301 4
37321 4
37341 4
37361 4
37381 4
37401 4
37421 4
37441 4
37461 4
37481 4
37501 4
37521 4
37541 4
37561 4
37581 4
36801 4
36821 4
36841 4
36861 4
36881 4
36901 4
36921 4
36941 4
36961 4
36981 4
37001 4
37021 4
37041 4
37061 4
37081 4
37101 4
37121 4
37141 4
37161 4
37181 4
36401 4
36421 4
36441 4
36461 4
36481 4
36501 4
36521 4
36541 4
36561 4
36581 4
36601 4
36621 4
36641 4
36661 4
36681 4
36701 4
36721 4
36741 4
36761 4
36781 4
36001 4
36021 4
36041 4
36061 4
36081 4
36101 4
36121 4
36141 4
36161 4
36181 4
36201 4
36221 4
36241 4
36261 4
36281 4
36301 4
36321 4
36341 4
36361 4
36381 4
35601 4
35621 4
35641 4
35661 4
35681 4
35701 4
35721 4
35741 4
35761 4
35781 4
35801 4
35821 4
35841 4
35861 4
35881 4
35901 4
35921 4
35941 4
35961 4
35981 4
35201 4
35221 4
35241 4
35261 4
35281 4
35301 4
35321 4
35341 4
35361 4
35381 4
35401 4
35421 4
35441 4
35461 4
35481 4
35501 4
35521 4
35541 4
35561 4
35581 4
34801 4
34821 4
34841 4
34861 4
34881 4
34901 4
34921 4
34941 4
34961 4
34981 4
35001 4
35021 4
35041 4
35061 4
35081 4
35101 4
35121 4
35141 4
35161 4
35181 4
34401 4
34421 4
34441 4
34461 4
34481 4
34501 4
34521 4
34541 4
34561 4
34581 4
34601 4
34621 4
34641 4
34661 4
34681 4
34701 4
34721 4
34741 4
34761 4
34781 4
34001 4
34021 4
34041 4
34061 4
34081 4
34101 4
34121 4
34141 4
34161 4
34181 4
34201 4
34221 4
34241 4
34261 4
34281 4
34301 4
34321 4
34341 4
34361 4
34381 4
33601 4
33621 4
33641 4
33661 4
33681 4
33701 4
33721 4
33741 4
33761 4
33781 4
33801 4
33821 4
33841 4
33861 4
33881 4
33901 4
33921 4
33941 4
33961 4
33981 4
33201 4
33221 4
33241 4
33261 4
33281 4
33301 4
33321 4
33341 4
33361 4
33381 4
33401 4
33421 4
33441 4
33461 4
33481 4
33501 4
33521 4
33541 4
33561 4
33581 4
32801 4
32821 4
32841 4
32861 4
32881 4
32901 4
32921 4
32941 4
32961 4
32981 4
33001 4
33021 4
33041 4
33061 4
33081 4
33101 4
33121 4
33141 4
33161 4
33181 4
32401 4
32421 4
32441 4
32461 4
32481 4
32501 4
32521 4
32541 4
32561 4
32581 4
32601 4
32621 4
32641 4
32661 4
32681 4
32701 4
32721 4
32741 4
32761 4
32781 4
32001 4
32021 4
32041 4
32061 4
32081 4
32101 4
32121 4
32141 4
32161 4
32181 4
32201 4
32221 4
32241 4
32261 4
32281 4
32301 4
32321 4
32341 4
32361 4
32381 4
40381 3
40781 3
41181 3
41581 3
41981 3
42381 3
42781 3
43181 3
43581 3
43981 3
40382 3
40782 3
41182 3
41582 3
41982 3
42382 3
42782 3
43182 3
43582 3
43982 3
40383 3
40783 3
41183 3
41583 3
41983 3
42383 3
42783 3
43183 3
43583 3
43983 3
40384 3
40784 3
41184 3
41584 3
41984 3
42384 3
42784 3
43184 3
43584 3
43984 3
40385 3
40785 3
41185 3
41585 3
41985 3
42385 3
42785 3
43185 3
43585 3
43985 3
40386 3
40786 3
41186 3
41586 3
41986 3
42386 3
42786 3
43186 3
43586 3
43986 3
40387 3
40787 3
41187 3
41587 3
41987 3
42387 3
42787 3
43187 3
43587 3
43987 3
40388 3
40788 3
41188 3
41588 3
41988 3
42388 3
42788 3
43188 3
43588 3
43988 3
40389 3
40789 3
41189 3
41589 3
41989 3
42389 3
42789 3
43189 3
43589 3
43989 3
40390 3
40790 3
41190 3
41590 3
41990 3
42390 3
42790 3
43190 3
43590 3
43990 3
40391 3
40791 3
41191 3
41591 3
41991 3
42391 3
42791 3
43191 3
43591 3
43991 3
40392 3
40792 3
41192 3
41592 3
41992 3
42392 3
42792 3
43192 3
43592 3
43992 3
40393 3
40793 3
41193 3
41593 3
41993 3
42393 3
42793 3
43193 3
43593 3
43993 3
40394 3
40794 3
41194 3
41594 3
41994 3
42394 3
42794 3
43194 3
43594 3
43994 3
40395 3
40795 3
41195 3
41595 3
41995 3
42395 3
42795 3
43195 3
43595 3
43995 3
40396 3
40796 3
41196 3
41596 3
41996 3
42396 3
42796 3
43196 3
43596 3
43996 3
40397 3
40797 3
41197 3
41597 3
41997 3
42397 3
42797 3
43197 3
43597 3
43997 3
40398 3
40798 3
41198 3
41598 3
41998 3
42398 3
42798 3
43198 3
43598 3
43998 3
40399 3
40799 3
41199 3
41599 3
41999 3
42399 3
42799 3
43199 3
43599 3
43999 3
40400 3
40800 3
41200 3
41600 3
42000 3
42400 3
42800 3
43200 3
43600 3
44000 3
52000 2
51980 2
51960 2
51940 2
51920 2
51900 2
51880 2
51860 2
51840 2
51820 2
51800 2
51780 2
51760 2
51740 2
51720 2
51700 2
51680 2
51660 2
51640 2
51620 2
51600 2
51580 2
51560 2
51540 2
51520 2
51500 2
51480 2
51460 2
51440 2
51420 2
51400 2
51380 2
51360 2
51340 2
51320 2
51300 2
51280 2
51260 2
51240 2
51220 2
51200 2
51180 2
51160 2
51140 2
51120 2
51100 2
51080 2
51060 2
51040 2
51020 2
51000 2
50980 2
50960 2
50940 2
50920 2
50900 2
50880 2
50860 2
50840 2
50820 2
50800 2
50780 2
50760 2
50740 2
50720 2
50700 2
50680 2
50660 2
50640 2
50620 2
50600 2
50580 2
50560 2
50540 2
50520 2
50500 2
50480 2
50460 2
50440 2
50420 2
50400 2
50380 2
50360 2
50340 2
50320 2
50300 2
50280 2
50260 2
50240 2
50220 2
50200 2
50180 2
50160 2
50140 2
50120 2
50100 2
50080 2
50060 2
50040 2
50020 2
50000 2
49980 2
49960 2
49940 2
49920 2
49900 2
49880 2
49860 2
49840 2
49820 2
49800 2
49780 2
49760 2
49740 2
49720 2
49700 2
49680 2
49660 2
49640 2
49620 2
49600 2
49580 2
49560 2
49540 2
49520 2
49500 2
49480 2
49460 2
49440 2
49420 2
49400 2
49380 2
49360 2
49340 2
49320 2
49300 2
49280 2
49260 2
49240 2
49220 2
49200 2
49180 2
49160 2
49140 2
49120 2
49100 2
49080 2
49060 2
49040 2
49020 2
49000 2
48980 2
48960 2
48940 2
48920 2
48900 2
48880 2
48860 2
48840 2
48820 2
48800 2
48780 2
48760 2
48740 2
48720 2
48700 2
48680 2
48660 2
48640 2
48620 2
48600 2
48580 2
48560 2
48540 2
48520 2
48500 2
48480 2
48460 2
48440 2
48420 2
48400 2
48380 2
48360 2
48340 2
48320 2
48300 2
48280 2
48260 2
48240 2
48220 2
48200 2
48180 2
48160 2
48140 2
48120 2
48100 2
48080 2
48060 2
48040 2
48020 2
48000 2
47980 2
47960 2
47940 2
47920 2
47900 2
47880 2
47860 2
47840 2
47820 2
47800 2
47780 2
47760 2
47740 2
47720 2
47700 2
47680 2
47660 2
47640 2
47620 2
47600 2
47580 2
47560 2
47540 2
47520 2
47500 2
47480 2
47460 2
47440 2
47420 2
47400 2
47380 2
47360 2
47340 2
47320 2
47300 2
47280 2
47260 2
47240 2
47220 2
47200 2
47180 2
47160 2
47140 2
47120 2
47100 2
47080 2
47060 2
47040 2
47020 2
47000 2
46980 2
46960 2
46940 2
46920 2
46900 2
46880 2
46860 2
46840 2
46820 2
46800 2
46780 2
46760 2
46740 2
46720 2
46700 2
46680 2
46660 2
46640 2
46620 2
46600 2
46580 2
46560 2
46540 2
46520 2
46500 2
46480 2
46460 2
46440 2
46420 2
46400 2
46380 2
46360 2
46340 2
46320 2
46300 2
46280 2
46260 2
46240 2
46220 2
46200 2
46180 2
46160 2
46140 2
46120 2
46100 2
46080 2
46060 2
46040 2
46020 2
46000 2
45980 2
45960 2
45940 2
45920 2
45900 2
45880 2
45860 2
45840 2
45820 2
45800 2
45780 2
45760 2
45740 2
45720 2
45700 2
45680 2
45660 2
45640 2
45620 2
45600 2
45580 2
45560 2
45540 2
45520 2
45500 2
45480 2
45460 2
45440 2
45420 2
45400 2
45380 2
45360 2
45340 2
45320 2
45300 2
45280 2
45260 2
45240 2
45220 2
45200 2
45180 2
45160 2
45140 2
45120 2
45100 2
45080 2
45060 2
45040 2
45020 2
45000 2
44980 2
44960 2
44940 2
44920 2
44900 2
44880 2
44860 2
44840 2
44820 2
44800 2
44780 2
44760 2
44740 2
44720 2
44700 2
44680 2
44660 2
44640 2
44620 2
44600 2
44580 2
44560 2
44540 2
44520 2
44500 2
44480 2
44460 2
44440 2
44420 2
44400 2
44380 2
44360 2
44340 2
44320 2
44300 2
44280 2
44260 2
44240 2
44220 2
44200 2
44180 2
44160 2
44140 2
44120 2
44100 2
44080 2
44060 2
44040 2
44020 2
32020 5
32019 5
32018 5
32017 5
32016 5
32015 5
32014 5
32013 5
32012 5
32011 5
32010 5
32009 5
32008 5
32007 5
32006 5
32005 5
32004 5
32003 5
32002 5
32001 5
32040 5
32039 5
32038 5
32037 5
32036 5
32035 5
32034 5
32033 5
32032 5
32031 5
32030 5
32029 5
32028 5
32027 5
32026 5
32025 5
32024 5
32023 5
32022 5
32021 5
32060 5
32059 5
32058 5
32057 5
32056 5
32055 5
32054 5
32053 5
32052 5
32051 5
32050 5
32049 5
32048 5
32047 5
32046 5
32045 5
32044 5
32043 5
32042 5
32041 5
32080 5
32079 5
32078 5
32077 5
32076 5
32075 5
32074 5
32073 5
32072 5
32071 5
32070 5
32069 5
32068 5
32067 5
32066 5
32065 5
32064 5
32063 5
32062 5
32061 5
32100 5
32099 5
32098 5
32097 5
32096 5
32095 5
32094 5
32093 5
32092 5
32091 5
32090 5
32089 5
32088 5
32087 5
32086 5
32085 5
32084 5
32083 5
32082 5
32081 5
32120 5
32119 5
32118 5
32117 5
32116 5
32115 5
32114 5
32113 5
32112 5
32111 5
32110 5
32109 5
32108 5
32107 5
32106 5
32105 5
32104 5
32103 5
32102 5
32101 5
32140 5
32139 5
32138 5
32137 5
32136 5
32135 5
32134 5
32133 5
32132 5
32131 5
32130 5
32129 5
32128 5
32127 5
32126 5
32125 5
32124 5
32123 5
32122 5
32121 5
32160 5
32159 5
32158 5
32157 5
32156 5
32155 5
32154 5
32153 5
32152 5
32151 5
32150 5
32149 5
32148 5
32147 5
32146 5
32145 5
32144 5
32143 5
32142 5
32141 5
32180 5
32179 5
32178 5
32177 5
32176 5
32175 5
32174 5
32173 5
32172 5
32171 5
32170 5
32169 5
32168 5
32167 5
32166 5
32165 5
32164 5
32163 5
32162 5
32161 5
32200 5
32199 5
32198 5
32197 5
32196 5
32195 5
32194 5
32193 5
32192 5
32191 5
32190 5
32189 5
32188 5
32187 5
32186 5
32185 5
32184 5
32183 5
32182 5
32181 5
32220 5
32219 5
32218 5
32217 5
32216 5
32215 5
32214 5
32213 5
32212 5
32211 5
32210 5
32209 5
32208 5
32207 5
32206 5
32205 5
32204 5
32203 5
32202 5
32201 5
32240 5
32239 5
32238 5
32237 5
32236 5
32235 5
32234 5
32233 5
32232 5
32231 5
32230 5
32229 5
32228 5
32227 5
32226 5
32225 5
32224 5
32223 5
32222 5
32221 5
32260 5
32259 5
32258 5
32257 5
32256 5
32255 5
32254 5
32253 5
32252 5
32251 5
32250 5
32249 5
32248 5
32247 5
32246 5
32245 5
32244 5
32243 5
32242 5
32241 5
32280 5
32279 5
32278 5
32277 5
32276 5
32275 5
32274 5
32273 5
32272 5
32271 5
32270 5
32269 5
32268 5
32267 5
32266 5
32265 5
32264 5
32263 5
32262 5
32261 5
32300 5
32299 5
32298 5
32297 5
32296 5
32295 5
32294 5
32293 5
32292 5
32291 5
32290 5
32289 5
32288 5
32287 5
32286 5
32285 5
32284 5
32283 5
32282 5
32281 5
32320 5
32319 5
32318 5
32317 5
32316 5
32315 5
32314 5
32313 5
32312 5
32311 5
32310 5
32309 5
32308 5
32307 5
32306 5
32305 5
32304 5
32303 5
32302 5
32301 5
32340 5
32339 5
32338 5
32337 5
32336 5
32335 5
32334 5
32333 5
32332 5
32331 5
32330 5
32329 5
32328 5
32327 5
32326 5
32325 5
32324 5
32323 5
32322 5
32321 5
32360 5
32359 5
32358 5
32357 5
32356 5
32355 5
32354 5
32353 5
32352 5
32351 5
32350 5
32349 5
32348 5
32347 5
32346 5
32345 5
32344 5
32343 5
32342 5
32341 5
32380 5
32379 5
32378 5
32377 5
32376 5
32375 5
32374 5
32373 5
32372 5
32371 5
32370 5
32369 5
32368 5
32367 5
32366 5
32365 5
32364 5
32363 5
32362 5
32361 5
32400 5
32399 5
32398 5
32397 5
32396 5
32395 5
32394 5
32393 5
32392 5
32391 5
32390 5
32389 5
32388 5
32387 5
32386 5
32385 5
32384 5
32383 5
32382 5
32381 5
44000 2
43980 2
43960 2
43940 2
43920 2
43900 2
43880 2
43860 2
43840 2
43820 2
43800 2
43780 2
43760 2
43740 2
43720 2
43700 2
43680 2
43660 2
43640 2
43620 2
43600 2
43580 2
43560 2
43540 2
43520 2
43500 2
43480 2
43460 2
43440 2
43420 2
43400 2
43380 2
43360 2
43340 2
43320 2
43300 2
43280 2
43260 2
43240 2
43220 2
43200 2
43180 2
43160 2
43140 2
43120 2
43100 2
43080 2
43060 2
43040 2
43020 2
43000 2
42980 2
42960 2
42940 2
42920 2
42900 2
42880 2
42860 2
42840 2
42820 2
42800 2
42780 2
42760 2
42740 2
42720 2
42700 2
42680 2
42660 2
42640 2
42620 2
42600 2
42580 2
42560 2
42540 2
42520 2
42500 2
42480 2
42460 2
42440 2
42420 2
42400 2
42380 2
42360 2
42340 2
42320 2
42300 2
42280 2
42260 2
42240 2
42220 2
42200 2
42180 2
42160 2
42140 2
42120 2
42100 2
42080 2
42060 2
42040 2
42020 2
42000 2
41980 2
41960 2
41940 2
41920 2
41900 2
41880 2
41860 2
41840 2
41820 2
41800 2
41780 2
41760 2
41740 2
41720 2
41700 2
41680 2
41660 2
41640 2
41620 2
41600 2
41580 2
41560 2
41540 2
41520 2
41500 2
41480 2
41460 2
41440 2
41420 2
41400 2
41380 2
41360 2
41340 2
41320 2
41300 2
41280 2
41260 2
41240 2
41220 2
41200 2
41180 2
41160 2
41140 2
41120 2
41100 2
41080 2
41060 2
41040 2
41020 2
41000 2
40980 2
40960 2
40940 2
40920 2
40900 2
40880 2
40860 2
40840 2
40820 2
40800 2
40780 2
40760 2
40740 2
40720 2
40700 2
40680 2
40660 2
40640 2
40620 2
40600 2
40580 2
40560 2
40540 2
40520 2
40500 2
40480 2
40460 2
40440 2
40420 2
40400 2
40380 2
40360 2
40340 2
40320 2
40300 2
40280 2
40260 2
40240 2
40220 2
40200 2
40180 2
40160 2
40140 2
40120 2
40100 2
40080 2
40060 2
40040 2
40020 2
44020 5
44019 5
44018 5
44017 5
44016 5
44015 5
44014 5
44013 5
44012 5
44011 5
44010 5
44009 5
44008 5
44007 5
44006 5
44005 5
44004 5
44003 5
44002 5
44001 5
44040 5
44039 5
44038 5
44037 5
44036 5
44035 5
44034 5
44033 5
44032 5
44031 5
44030 5
44029 5
44028 5
44027 5
44026 5
44025 5
44024 5
44023 5
44022 5
44021 5
44060 5
44059 5
44058 5
44057 5
44056 5
44055 5
44054 5
44053 5
44052 5
44051 5
44050 5
44049 5
44048 5
44047 5
44046 5
44045 5
44044 5
44043 5
44042 5
44041 5
44080 5
44079 5
44078 5
44077 5
44076 5
44075 5
44074 5
44073 5
44072 5
44071 5
44070 5
44069 5
44068 5
44067 5
44066 5
44065 5
44064 5
44063 5
44062 5
44061 5
44100 5
44099 5
44098 5
44097 5
44096 5
44095 5
44094 5
44093 5
44092 5
44091 5
44090 5
44089 5
44088 5
44087 5
44086 5
44085 5
44084 5
44083 5
44082 5
44081 5
44120 5
44119 5
44118 5
44117 5
44116 5
44115 5
44114 5
44113 5
44112 5
44111 5
44110 5
44109 5
44108 5
44107 5
44106 5
44105 5
44104 5
44103 5
44102 5
44101 5
44140 5
44139 5
44138 5
44137 5
44136 5
44135 5
44134 5
44133 5
44132 5
44131 5
44130 5
44129 5
44128 5
44127 5
44126 5
44125 5
44124 5
44123 5
44122 5
44121 5
44160 5
44159 5
44158 5
44157 5
44156 5
44155 5
44154 5
44153 5
44152 5
44151 5
44150 5
44149 5
44148 5
44147 5
44146 5
44145 5
44144 5
44143 5
44142 5
44141 5
44180 5
44179 5
44178 5
44177 5
44176 5
44175 5
44174 5
44173 5
44172 5
44171 5
44170 5
44169 5
44168 5
44167 5
44166 5
44165 5
44164 5
44163 5
44162 5
44161 5
44200 5
44199 5
44198 5
44197 5
44196 5
44195 5
44194 5
44193 5
44192 5
44191 5
44190 5
44189 5
44188 5
44187 5
44186 5
44185 5
44184 5
44183 5
44182 5
44181 5
44220 5
44219 5
44218 5
44217 5
44216 5
44215 5
44214 5
44213 5
44212 5
44211 5
44210 5
44209 5
44208 5
44207 5
44206 5
44205 5
44204 5
44203 5
44202 5
44201 5
44240 5
44239 5
44238 5
44237 5
44236 5
44235 5
44234 5
44233 5
44232 5
44231 5
44230 5
44229 5
44228 5
44227 5
44226 5
44225 5
44224 5
44223 5
44222 5
44221 5
44260 5
44259 5
44258 5
44257 5
44256 5
44255 5
44254 5
44253 5
44252 5
44251 5
44250 5
44249 5
44248 5
44247 5
44246 5
44245 5
44244 5
44243 5
44242 5
44241 5
44280 5
44279 5
44278 5
44277 5
44276 5
44275 5
44274 5
44273 5
44272 5
44271 5
44270 5
44269 5
44268 5
44267 5
44266 5
44265 5
44264 5
44263 5
44262 5
44261 5
44300 5
44299 5
44298 5
44297 5
44296 5
44295 5
44294 5
44293 5
44292 5
44291 5
44290 5
44289 5
44288 5
44287 5
44286 5
44285 5
44284 5
44283 5
44282 5
44281 5
44320 5
44319 5
44318 5
44317 5
44316 5
44315 5
44314 5
44313 5
44312 5
44311 5
44310 5
44309 5
44308 5
44307 5
44306 5
44305 5
44304 5
44303 5
44302 5
44301 5
44340 5
44339 5
44338 5
44337 5
44336 5
44335 5
44334 5
44333 5
44332 5
44331 5
44330 5
44329 5
44328 5
44327 5
44326 5
44325 5
44324 5
44323 5
44322 5
44321 5
44360 5
44359 5
44358 5
44357 5
44356 5
44355 5
44354 5
44353 5
44352 5
44351 5
44350 5
44349 5
44348 5
44347 5
44346 5
44345 5
44344 5
44343 5
44342 5
44341 5
44380 5
44379 5
44378 5
44377 5
44376 5
44375 5
44374 5
44373 5
44372 5
44371 5
44370 5
44369 5
44368 5
44367 5
44366 5
44365 5
44364 5
44363 5
44362 5
44361 5
44400 5
44399 5
44398 5
44397 5
44396 5
44395 5
44394 5
44393 5
44392 5
44391 5
44390 5
44389 5
44388 5
44387 5
44386 5
44385 5
44384 5
44383 5
44382 5
44381 5
18400 2
18800 2
19200 2
19600 2
20000 2
20400 2
20800 2
21200 2
21600 2
22000 2
22400 2
22800 2
23200 2
23600 2
24000 2
24400 2
24800 2
25200 2
25600 2
26000 2
18380 2
18780 2
19180 2
19580 2
19980 2
20380 2
20780 2
21180 2
21580 2
21980 2
22380 2
22780 2
23180 2
23580 2
23980 2
24380 2
24780 2
25180 2
25580 2
25980 2
18360 2
18760 2
19160 2
19560 2
19960 2
20360 2
20760 2
21160 2
21560 2
21960 2
22360 2
22760 2
23160 2
23560 2
23960 2
24360 2
24760 2
25160 2
25560 2
25960 2
18340 2
18740 2
19140 2
19540 2
19940 2
20340 2
20740 2
21140 2
21540 2
21940 2
22340 2
22740 2
23140 2
23540 2
23940 2
24340 2
24740 2
25140 2
25540 2
25940 2
18320 2
18720 2
19120 2
19520 2
19920 2
20320 2
20720 2
21120 2
21520 2
21920 2
22320 2
22720 2
23120 2
23520 2
23920 2
24320 2
24720 2
25120 2
25520 2
25920 2
18300 2
18700 2
19100 2
19500 2
19900 2
20300 2
20700 2
21100 2
21500 2
21900 2
22300 2
22700 2
23100 2
23500 2
23900 2
24300 2
24700 2
25100 2
25500 2
25900 2
18280 2
18680 2
19080 2
19480 2
19880 2
20280 2
20680 2
21080 2
21480 2
21880 2
22280 2
22680 2
23080 2
23480 2
23880 2
24280 2
24680 2
25080 2
25480 2
25880 2
18260 2
18660 2
19060 2
19460 2
19860 2
20260 2
20660 2
21060 2
21460 2
21860 2
22260 2
22660 2
23060 2
23460 2
23860 2
24260 2
24660 2
25060 2
25460 2
25860 2
18240 2
18640 2
19040 2
19440 2
19840 2
20240 2
20640 2
21040 2
21440 2
21840 2
22240 2
22640 2
23040 2
23440 2
23840 2
24240 2
24640 2
25040 2
25440 2
25840 2
18220 2
18620 2
19020 2
19420 2
19820 2
20220 2
20620 2
21020 2
21420 2
21820 2
22220 2
22620 2
23020 2
23420 2
23820 2
24220 2
24620 2
25020 2
25420 2
25820 2
18200 2
18600 2
19000 2
19400 2
19800 2
20200 2
20600 2
21000 2
21400 2
21800 2
22200 2
22600 2
23000 2
23400 2
23800 2
24200 2
24600 2
25000 2
25400 2
25800 2
18180 2
18580 2
18980 2
19380 2
19780 2
20180 2
20580 2
20980 2
21380 2
21780 2
22180 2
22580 2
22980 2
23380 2
23780 2
24180 2
24580 2
24980 2
25380 2
25780 2
18160 2
18560 2
18960 2
19360 2
19760 2
20160 2
20560 2
20960 2
21360 2
21760 2
22160 2
22560 2
22960 2
23360 2
23760 2
24160 2
24560 2
24960 2
25360 2
25760 2
18140 2
18540 2
18940 2
19340 2
19740 2
20140 2
20540 2
20940 2
21340 2
21740 2
22140 2
22540 2
22940 2
23340 2
23740 2
24140 2
24540 2
24940 2
25340 2
25740 2
18120 2
18520 2
18920 2
19320 2
19720 2
20120 2
20520 2
20920 2
21320 2
21720 2
22120 2
22520 2
22920 2
23320 2
23720 2
24120 2
24520 2
24920 2
25320 2
25720 2
18100 2
18500 2
18900 2
19300 2
19700 2
20100 2
20500 2
20900 2
21300 2
21700 2
22100 2
22500 2
22900 2
23300 2
23700 2
24100 2
24500 2
24900 2
25300 2
25700 2
18080 2
18480 2
18880 2
19280 2
19680 2
20080 2
20480 2
20880 2
21280 2
21680 2
22080 2
22480 2
22880 2
23280 2
23680 2
24080 2
24480 2
24880 2
25280 2
25680 2
18060 2
18460 2
18860 2
19260 2
19660 2
20060 2
20460 2
20860 2
21260 2
21660 2
22060 2
22460 2
22860 2
23260 2
23660 2
24060 2
24460 2
24860 2
25260 2
25660 2
18040 2
18440 2
18840 2
19240 2
19640 2
20040 2
20440 2
20840 2
21240 2
21640 2
22040 2
22440 2
22840 2
23240 2
23640 2
24040 2
24440 2
24840 2
25240 2
25640 2
18020 2
18420 2
18820 2
19220 2
19620 2
20020 2
20420 2
20820 2
21220 2
21620 2
22020 2
22420 2
22820 2
23220 2
23620 2
24020 2
24420 2
24820 2
25220 2
25620 2
18000 2
17980 2
17960 2
17940 2
17920 2
17900 2
17880 2
17860 2
17840 2
17820 2
17800 2
17780 2
17760 2
17740 2
17720 2
17700 2
17680 2
17660 2
17640 2
17620 2
17600 2
17580 2
17560 2
17540 2
17520 2
17500 2
17480 2
17460 2
17440 2
17420 2
17400 2
17380 2
17360 2
17340 2
17320 2
17300 2
17280 2
17260 2
17240 2
17220 2
17200 2
17180 2
17160 2
17140 2
17120 2
17100 2
17080 2
17060 2
17040 2
17020 2
17000 2
16980 2
16960 2
16940 2
16920 2
16900 2
16880 2
16860 2
16840 2
16820 2
16800 2
16780 2
16760 2
16740 2
16720 2
16700 2
16680 2
16660 2
16640 2
16620 2
16600 2
16580 2
16560 2
16540 2
16520 2
16500 2
16480 2
16460 2
16440 2
16420 2
16400 2
16380 2
16360 2
16340 2
16320 2
16300 2
16280 2
16260 2
16240 2
16220 2
16200 2
16180 2
16160 2
16140 2
16120 2
16100 2
16080 2
16060 2
16040 2
16020 2
16000 2
15980 2
15960 2
15940 2
15920 2
15900 2
15880 2
15860 2
15840 2
15820 2
15800 2
15780 2
15760 2
15740 2
15720 2
15700 2
15680 2
15660 2
15640 2
15620 2
15600 2
15580 2
15560 2
15540 2
15520 2
15500 2
15480 2
15460 2
15440 2
15420 2
15400 2
15380 2
15360 2
15340 2
15320 2
15300 2
15280 2
15260 2
15240 2
15220 2
15200 2
15180 2
15160 2
15140 2
15120 2
15100 2
15080 2
15060 2
15040 2
15020 2
15000 2
14980 2
14960 2
14940 2
14920 2
14900 2
14880 2
14860 2
14840 2
14820 2
14800 2
14780 2
14760 2
14740 2
14720 2
14700 2
14680 2
14660 2
14640 2
14620 2
14600 2
14580 2
14560 2
14540 2
14520 2
14500 2
14480 2
14460 2
14440 2
14420 2
14400 2
14380 2
14360 2
14340 2
14320 2
14300 2
14280 2
14260 2
14240 2
14220 2
14200 2
14180 2
14160 2
14140 2
14120 2
14100 2
14080 2
14060 2
14040 2
14020 2
6020 5
6019 5
6018 5
6017 5
6016 5
6015 5
6014 5
6013 5
6012 5
6011 5
6010 5
6009 5
6008 5
6007 5
6006 5
6005 5
6004 5
6003 5
6002 5
6001 5
6040 5
6039 5
6038 5
6037 5
6036 5
6035 5
6034 5
6033 5
6032 5
6031 5
6030 5
6029 5
6028 5
6027 5
6026 5
6025 5
6024 5
6023 5
6022 5
6021 5
6060 5
6059 5
6058 5
6057 5
6056 5
6055 5
6054 5
6053 5
6052 5
6051 5
6050 5
6049 5
6048 5
6047 5
6046 5
6045 5
6044 5
6043 5
6042 5
6041 5
6080 5
6079 5
6078 5
6077 5
6076 5
6075 5
6074 5
6073 5
6072 5
6071 5
6070 5
6069 5
6068 5
6067 5
6066 5
6065 5
6064 5
6063 5
6062 5
6061 5
6100 5
6099 5
6098 5
6097 5
6096 5
6095 5
6094 5
6093 5
6092 5
6091 5
6090 5
6089 5
6088 5
6087 5
6086 5
6085 5
6084 5
6083 5
6082 5
6081 5
6120 5
6119 5
6118 5
6117 5
6116 5
6115 5
6114 5
6113 5
6112 5
6111 5
6110 5
6109 5
6108 5
6107 5
6106 5
6105 5
6104 5
6103 5
6102 5
6101 5
6140 5
6139 5
6138 5
6137 5
6136 5
6135 5
6134 5
6133 5
6132 5
6131 5
6130 5
6129 5
6128 5
6127 5
6126 5
6125 5
6124 5
6123 5
6122 5
6121 5
6160 5
6159 5
6158 5
6157 5
6156 5
6155 5
6154 5
6153 5
6152 5
6151 5
6150 5
6149 5
6148 5
6147 5
6146 5
6145 5
6144 5
6143 5
6142 5
6141 5
6180 5
6179 5
6178 5
6177 5
6176 5
6175 5
6174 5
6173 5
6172 5
6171 5
6170 5
6169 5
6168 5
6167 5
6166 5
6165 5
6164 5
6163 5
6162 5
6161 5
6200 5
6199 5
6198 5
6197 5
6196 5
6195 5
6194 5
6193 5
6192 5
6191 5
6190 5
6189 5
6188 5
6187 5
6186 5
6185 5
6184 5
6183 5
6182 5
6181 5
6220 5
6219 5
6218 5
6217 5
6216 5
6215 5
6214 5
6213 5
6212 5
6211 5
6210 5
6209 5
6208 5
6207 5
6206 5
6205 5
6204 5
6203 5
6202 5
6201 5
6240 5
6239 5
6238 5
6237 5
6236 5
6235 5
6234 5
6233 5
6232 5
6231 5
6230 5
6229 5
6228 5
6227 5
6226 5
6225 5
6224 5
6223 5
6222 5
6221 5
6260 5
6259 5
6258 5
6257 5
6256 5
6255 5
6254 5
6253 5
6252 5
6251 5
6250 5
6249 5
6248 5
6247 5
6246 5
6245 5
6244 5
6243 5
6242 5
6241 5
6280 5
6279 5
6278 5
6277 5
6276 5
6275 5
6274 5
6273 5
6272 5
6271 5
6270 5
6269 5
6268 5
6267 5
6266 5
6265 5
6264 5
6263 5
6262 5
6261 5
6300 5
6299 5
6298 5
6297 5
6296 5
6295 5
6294 5
6293 5
6292 5
6291 5
6290 5
6289 5
6288 5
6287 5
6286 5
6285 5
6284 5
6283 5
6282 5
6281 5
6320 5
6319 5
6318 5
6317 5
6316 5
6315 5
6314 5
6313 5
6312 5
6311 5
6310 5
6309 5
6308 5
6307 5
6306 5
6305 5
6304 5
6303 5
6302 5
6301 5
6340 5
6339 5
6338 5
6337 5
6336 5
6335 5
6334 5
6333 5
6332 5
6331 5
6330 5
6329 5
6328 5
6327 5
6326 5
6325 5
6324 5
6323 5
6322 5
6321 5
6360 5
6359 5
6358 5
6357 5
6356 5
6355 5
6354 5
6353 5
6352 5
6351 5
6350 5
6349 5
6348 5
6347 5
6346 5
6345 5
6344 5
6343 5
6342 5
6341 5
6380 5
6379 5
6378 5
6377 5
6376 5
6375 5
6374 5
6373 5
6372 5
6371 5
6370 5
6369 5
6368 5
6367 5
6366 5
6365 5
6364 5
6363 5
6362 5
6361 5
6400 5
6399 5
6398 5
6397 5
6396 5
6395 5
6394 5
6393 5
6392 5
6391 5
6390 5
6389 5
6388 5
6387 5
6386 5
6385 5
6384 5
6383 5
6382 5
6381 5
