-1.0 0.0 0.0
130
1896 3
1897 3
1898 3
1899 3
1900 3
1996 3
1997 3
1998 3
1999 3
2000 3
2096 3
2097 3
2098 3
2099 3
2100 3
2196 3
2197 3
2198 3
2199 3
2200 3
2296 3
2297 3
2298 3
2299 3
2300 3
2396 3
2397 3
2398 3
2399 3
2400 3
2496 3
2497 3
2498 3
2499 3
2500 3
2596 3
2597 3
2598 3
2599 3
2600 3
2696 3
2697 3
2698 3
2699 3
2700 3
2796 3
2797 3
2798 3
2799 3
2800 3
19581 4
19561 4
19541 4
19521 4
19501 4
19481 4
19461 4
19441 4
19421 4
19401 4
19381 4
19361 4
19341 4
19321 4
19301 4
19281 4
19261 4
19241 4
19221 4
19201 4
19181 4
19161 4
19141 4
19121 4
19101 4
19081 4
19061 4
19041 4
19021 4
19001 4
18981 4
18961 4
18941 4
18921 4
18901 4
18881 4
18861 4
18841 4
18821 4
18801 4
3561 6
3569 6
3577 6
3585 6
3593 6
3562 6
3570 6
3578 6
3586 6
3594 6
3563 6
3571 6
3579 6
3587 6
3595 6
3564 6
3572 6
3580 6
3588 6
3596 6
3565 6
3573 6
3581 6
3589 6
3597 6
3566 6
3574 6
3582 6
3590 6
3598 6
3567 6
3575 6
3583 6
3591 6
3599 6
3568 6
3576 6
3584 6
3592 6
3600 6
