1300
400 6
399 6
398 6
397 6
396 6
395 6
394 6
393 6
392 6
391 6
390 6
389 6
388 6
387 6
386 6
385 6
384 6
383 6
382 6
381 6
591 3
592 3
593 3
594 3
595 3
596 3
597 3
598 3
599 3
600 3
601 5
602 5
603 5
604 5
605 5
606 5
607 5
608 5
609 5
610 5
611 5
612 5
613 5
614 5
615 5
616 5
617 5
618 5
619 5
620 5
2601 4
2621 4
2641 4
2661 4
2681 4
2701 4
2721 4
2741 4
2761 4
2781 4
2801 4
2821 4
2841 4
2861 4
2881 4
2901 4
2921 4
2941 4
2961 4
2981 4
2201 4
2221 4
2241 4
2261 4
2281 4
2301 4
2321 4
2341 4
2361 4
2381 4
2401 4
2421 4
2441 4
2461 4
2481 4
2501 4
2521 4
2541 4
2561 4
2581 4
1801 4
1821 4
1841 4
1861 4
1881 4
1901 4
1921 4
1941 4
1961 4
1981 4
2001 4
2021 4
2041 4
2061 4
2081 4
2101 4
2121 4
2141 4
2161 4
2181 4
1401 4
1421 4
1441 4
1461 4
1481 4
1501 4
1521 4
1541 4
1561 4
1581 4
1601 4
1621 4
1641 4
1661 4
1681 4
1701 4
1721 4
1741 4
1761 4
1781 4
1001 4
1021 4
1041 4
1061 4
1081 4
1101 4
1121 4
1141 4
1161 4
1181 4
1201 4
1221 4
1241 4
1261 4
1281 4
1301 4
1321 4
1341 4
1361 4
1381 4
3096 3
3196 3
3296 3
3396 3
3496 3
3596 3
3696 3
3796 3
3896 3
3996 3
3097 3
3197 3
3297 3
3397 3
3497 3
3597 3
3697 3
3797 3
3897 3
3997 3
3098 3
3198 3
3298 3
3398 3
3498 3
3598 3
3698 3
3798 3
3898 3
3998 3
3099 3
3199 3
3299 3
3399 3
3499 3
3599 3
3699 3
3799 3
3899 3
3999 3
3100 3
3200 3
3300 3
3400 3
3500 3
3600 3
3700 3
3800 3
3900 3
4000 3
6000 2
5980 2
5960 2
5940 2
5920 2
5900 2
5880 2
5860 2
5840 2
5820 2
5800 2
5780 2
5760 2
5740 2
5720 2
5700 2
5680 2
5660 2
5640 2
5620 2
5600 2
5580 2
5560 2
5540 2
5520 2
5500 2
5480 2
5460 2
5440 2
5420 2
5400 2
5380 2
5360 2
5340 2
5320 2
5300 2
5280 2
5260 2
5240 2
5220 2
5200 2
5180 2
5160 2
5140 2
5120 2
5100 2
5080 2
5060 2
5040 2
5020 2
5000 2
4980 2
4960 2
4940 2
4920 2
4900 2
4880 2
4860 2
4840 2
4820 2
4800 2
4780 2
4760 2
4740 2
4720 2
4700 2
4680 2
4660 2
4640 2
4620 2
4600 2
4580 2
4560 2
4540 2
4520 2
4500 2
4480 2
4460 2
4440 2
4420 2
4400 2
4380 2
4360 2
4340 2
4320 2
4300 2
4280 2
4260 2
4240 2
4220 2
4200 2
4180 2
4160 2
4140 2
4120 2
4100 2
4080 2
4060 2
4040 2
4020 2
13981 3
13982 3
13983 3
13984 3
13985 3
13986 3
13987 3
13988 3
13989 3
13990 3
13991 3
13992 3
13993 3
13994 3
13995 3
13996 3
13997 3
13998 3
13999 3
14000 3
13581 3
13582 3
13583 3
13584 3
13585 3
13586 3
13587 3
13588 3
13589 3
13590 3
13591 3
13592 3
13593 3
13594 3
13595 3
13596 3
13597 3
13598 3
13599 3
13600 3
13181 3
13182 3
13183 3
13184 3
13185 3
13186 3
13187 3
13188 3
13189 3
13190 3
13191 3
13192 3
13193 3
13194 3
13195 3
13196 3
13197 3
13198 3
13199 3
13200 3
12781 3
12782 3
12783 3
12784 3
12785 3
12786 3
12787 3
12788 3
12789 3
12790 3
12791 3
12792 3
12793 3
12794 3
12795 3
12796 3
12797 3
12798 3
12799 3
12800 3
12381 3
12382 3
12383 3
12384 3
12385 3
12386 3
12387 3
12388 3
12389 3
12390 3
12391 3
12392 3
12393 3
12394 3
12395 3
12396 3
12397 3
12398 3
12399 3
12400 3
11981 3
11982 3
11983 3
11984 3
11985 3
11986 3
11987 3
11988 3
11989 3
11990 3
11991 3
11992 3
11993 3
11994 3
11995 3
11996 3
11997 3
11998 3
11999 3
12000 3
11581 3
11582 3
11583 3
11584 3
11585 3
11586 3
11587 3
11588 3
11589 3
11590 3
11591 3
11592 3
11593 3
11594 3
11595 3
11596 3
11597 3
11598 3
11599 3
11600 3
11181 3
11182 3
11183 3
11184 3
11185 3
11186 3
11187 3
11188 3
11189 3
11190 3
11191 3
11192 3
11193 3
11194 3
11195 3
11196 3
11197 3
11198 3
11199 3
11200 3
10781 3
10782 3
10783 3
10784 3
10785 3
10786 3
10787 3
10788 3
10789 3
10790 3
10791 3
10792 3
10793 3
10794 3
10795 3
10796 3
10797 3
10798 3
10799 3
10800 3
10381 3
10382 3
10383 3
10384 3
10385 3
10386 3
10387 3
10388 3
10389 3
10390 3
10391 3
10392 3
10393 3
10394 3
10395 3
10396 3
10397 3
10398 3
10399 3
10400 3
9981 3
9982 3
9983 3
9984 3
9985 3
9986 3
9987 3
9988 3
9989 3
9990 3
9991 3
9992 3
9993 3
9994 3
9995 3
9996 3
9997 3
9998 3
9999 3
10000 3
9581 3
9582 3
9583 3
9584 3
9585 3
9586 3
9587 3
9588 3
9589 3
9590 3
9591 3
9592 3
9593 3
9594 3
9595 3
9596 3
9597 3
9598 3
9599 3
9600 3
9181 3
9182 3
9183 3
9184 3
9185 3
9186 3
9187 3
9188 3
9189 3
9190 3
9191 3
9192 3
9193 3
9194 3
9195 3
9196 3
9197 3
9198 3
9199 3
9200 3
8781 3
8782 3
8783 3
8784 3
8785 3
8786 3
8787 3
8788 3
8789 3
8790 3
8791 3
8792 3
8793 3
8794 3
8795 3
8796 3
8797 3
8798 3
8799 3
8800 3
8381 3
8382 3
8383 3
8384 3
8385 3
8386 3
8387 3
8388 3
8389 3
8390 3
8391 3
8392 3
8393 3
8394 3
8395 3
8396 3
8397 3
8398 3
8399 3
8400 3
7981 3
7982 3
7983 3
7984 3
7985 3
7986 3
7987 3
7988 3
7989 3
7990 3
7991 3
7992 3
7993 3
7994 3
7995 3
7996 3
7997 3
7998 3
7999 3
8000 3
7581 3
7582 3
7583 3
7584 3
7585 3
7586 3
7587 3
7588 3
7589 3
7590 3
7591 3
7592 3
7593 3
7594 3
7595 3
7596 3
7597 3
7598 3
7599 3
7600 3
7181 3
7182 3
7183 3
7184 3
7185 3
7186 3
7187 3
7188 3
7189 3
7190 3
7191 3
7192 3
7193 3
7194 3
7195 3
7196 3
7197 3
7198 3
7199 3
7200 3
6781 3
6782 3
6783 3
6784 3
6785 3
6786 3
6787 3
6788 3
6789 3
6790 3
6791 3
6792 3
6793 3
6794 3
6795 3
6796 3
6797 3
6798 3
6799 3
6800 3
6381 3
6382 3
6383 3
6384 3
6385 3
6386 3
6387 3
6388 3
6389 3
6390 3
6391 3
6392 3
6393 3
6394 3
6395 3
6396 3
6397 3
6398 3
6399 3
6400 3
14381 3
14781 3
15181 3
15581 3
15981 3
16381 3
16781 3
17181 3
17581 3
17981 3
14382 3
14782 3
15182 3
15582 3
15982 3
16382 3
16782 3
17182 3
17582 3
17982 3
14383 3
14783 3
15183 3
15583 3
15983 3
16383 3
16783 3
17183 3
17583 3
17983 3
14384 3
14784 3
15184 3
15584 3
15984 3
16384 3
16784 3
17184 3
17584 3
17984 3
14385 3
14785 3
15185 3
15585 3
15985 3
16385 3
16785 3
17185 3
17585 3
17985 3
14386 3
14786 3
15186 3
15586 3
15986 3
16386 3
16786 3
17186 3
17586 3
17986 3
14387 3
14787 3
15187 3
15587 3
15987 3
16387 3
16787 3
17187 3
17587 3
17987 3
14388 3
14788 3
15188 3
15588 3
15988 3
16388 3
16788 3
17188 3
17588 3
17988 3
14389 3
14789 3
15189 3
15589 3
15989 3
16389 3
16789 3
17189 3
17589 3
17989 3
14390 3
14790 3
15190 3
15590 3
15990 3
16390 3
16790 3
17190 3
17590 3
17990 3
14391 3
14791 3
15191 3
15591 3
15991 3
16391 3
16791 3
17191 3
17591 3
17991 3
14392 3
14792 3
15192 3
15592 3
15992 3
16392 3
16792 3
17192 3
17592 3
17992 3
14393 3
14793 3
15193 3
15593 3
15993 3
16393 3
16793 3
17193 3
17593 3
17993 3
14394 3
14794 3
15194 3
15594 3
15994 3
16394 3
16794 3
17194 3
17594 3
17994 3
14395 3
14795 3
15195 3
15595 3
15995 3
16395 3
16795 3
17195 3
17595 3
17995 3
14396 3
14796 3
15196 3
15596 3
15996 3
16396 3
16796 3
17196 3
17596 3
17996 3
14397 3
14797 3
15197 3
15597 3
15997 3
16397 3
16797 3
17197 3
17597 3
17997 3
14398 3
14798 3
15198 3
15598 3
15998 3
16398 3
16798 3
17198 3
17598 3
17998 3
14399 3
14799 3
15199 3
15599 3
15999 3
16399 3
16799 3
17199 3
17599 3
17999 3
14400 3
14800 3
15200 3
15600 3
16000 3
16400 3
16800 3
17200 3
17600 3
18000 3
25620 1
25619 1
25618 1
25617 1
25616 1
25615 1
25614 1
25613 1
25612 1
25611 1
25610 1
25609 1
25608 1
25607 1
25606 1
25605 1
25604 1
25603 1
25602 1
25601 1
25220 1
25219 1
25218 1
25217 1
25216 1
25215 1
25214 1
25213 1
25212 1
25211 1
25210 1
25209 1
25208 1
25207 1
25206 1
25205 1
25204 1
25203 1
25202 1
25201 1
24820 1
24819 1
24818 1
24817 1
24816 1
24815 1
24814 1
24813 1
24812 1
24811 1
24810 1
24809 1
24808 1
24807 1
24806 1
24805 1
24804 1
24803 1
24802 1
24801 1
24420 1
24419 1
24418 1
24417 1
24416 1
24415 1
24414 1
24413 1
24412 1
24411 1
24410 1
24409 1
24408 1
24407 1
24406 1
24405 1
24404 1
24403 1
24402 1
24401 1
24020 1
24019 1
24018 1
24017 1
24016 1
24015 1
24014 1
24013 1
24012 1
24011 1
24010 1
24009 1
24008 1
24007 1
24006 1
24005 1
24004 1
24003 1
24002 1
24001 1
23620 1
23619 1
23618 1
23617 1
23616 1
23615 1
23614 1
23613 1
23612 1
23611 1
23610 1
23609 1
23608 1
23607 1
23606 1
23605 1
23604 1
23603 1
23602 1
23601 1
23220 1
23219 1
23218 1
23217 1
23216 1
23215 1
23214 1
23213 1
23212 1
23211 1
23210 1
23209 1
23208 1
23207 1
23206 1
23205 1
23204 1
23203 1
23202 1
23201 1
22820 1
22819 1
22818 1
22817 1
22816 1
22815 1
22814 1
22813 1
22812 1
22811 1
22810 1
22809 1
22808 1
22807 1
22806 1
22805 1
22804 1
22803 1
22802 1
22801 1
22420 1
22419 1
22418 1
22417 1
22416 1
22415 1
22414 1
22413 1
22412 1
22411 1
22410 1
22409 1
22408 1
22407 1
22406 1
22405 1
22404 1
22403 1
22402 1
22401 1
22020 1
22019 1
22018 1
22017 1
22016 1
22015 1
22014 1
22013 1
22012 1
22011 1
22010 1
22009 1
22008 1
22007 1
22006 1
22005 1
22004 1
22003 1
22002 1
22001 1
21620 1
21619 1
21618 1
21617 1
21616 1
21615 1
21614 1
21613 1
21612 1
21611 1
21610 1
21609 1
21608 1
21607 1
21606 1
21605 1
21604 1
21603 1
21602 1
21601 1
21220 1
21219 1
21218 1
21217 1
21216 1
21215 1
21214 1
21213 1
21212 1
21211 1
21210 1
21209 1
21208 1
21207 1
21206 1
21205 1
21204 1
21203 1
21202 1
21201 1
20820 1
20819 1
20818 1
20817 1
20816 1
20815 1
20814 1
20813 1
20812 1
20811 1
20810 1
20809 1
20808 1
20807 1
20806 1
20805 1
20804 1
20803 1
20802 1
20801 1
20420 1
20419 1
20418 1
20417 1
20416 1
20415 1
20414 1
20413 1
20412 1
20411 1
20410 1
20409 1
20408 1
20407 1
20406 1
20405 1
20404 1
20403 1
20402 1
20401 1
20020 1
20019 1
20018 1
20017 1
20016 1
20015 1
20014 1
20013 1
20012 1
20011 1
20010 1
20009 1
20008 1
20007 1
20006 1
20005 1
20004 1
20003 1
20002 1
20001 1
19620 1
19619 1
19618 1
19617 1
19616 1
19615 1
19614 1
19613 1
19612 1
19611 1
19610 1
19609 1
19608 1
19607 1
19606 1
19605 1
19604 1
19603 1
19602 1
19601 1
19220 1
19219 1
19218 1
19217 1
19216 1
19215 1
19214 1
19213 1
19212 1
19211 1
19210 1
19209 1
19208 1
19207 1
19206 1
19205 1
19204 1
19203 1
19202 1
19201 1
18820 1
18819 1
18818 1
18817 1
18816 1
18815 1
18814 1
18813 1
18812 1
18811 1
18810 1
18809 1
18808 1
18807 1
18806 1
18805 1
18804 1
18803 1
18802 1
18801 1
18420 1
18419 1
18418 1
18417 1
18416 1
18415 1
18414 1
18413 1
18412 1
18411 1
18410 1
18409 1
18408 1
18407 1
18406 1
18405 1
18404 1
18403 1
18402 1
18401 1
18020 1
18019 1
18018 1
18017 1
18016 1
18015 1
18014 1
18013 1
18012 1
18011 1
18010 1
18009 1
18008 1
18007 1
18006 1
18005 1
18004 1
18003 1
18002 1
18001 1
