1000
6001 5
6021 5
6041 5
6061 5
6081 5
6101 5
6121 5
6141 5
6161 5
6181 5
6201 5
6221 5
6241 5
6261 5
6281 5
6301 5
6321 5
6341 5
6361 5
6381 5
6002 5
6022 5
6042 5
6062 5
6082 5
6102 5
6122 5
6142 5
6162 5
6182 5
6202 5
6222 5
6242 5
6262 5
6282 5
6302 5
6322 5
6342 5
6362 5
6382 5
6003 5
6023 5
6043 5
6063 5
6083 5
6103 5
6123 5
6143 5
6163 5
6183 5
6203 5
6223 5
6243 5
6263 5
6283 5
6303 5
6323 5
6343 5
6363 5
6383 5
6004 5
6024 5
6044 5
6064 5
6084 5
6104 5
6124 5
6144 5
6164 5
6184 5
6204 5
6224 5
6244 5
6264 5
6284 5
6304 5
6324 5
6344 5
6364 5
6384 5
6005 5
6025 5
6045 5
6065 5
6085 5
6105 5
6125 5
6145 5
6165 5
6185 5
6205 5
6225 5
6245 5
6265 5
6285 5
6305 5
6325 5
6345 5
6365 5
6385 5
6006 5
6026 5
6046 5
6066 5
6086 5
6106 5
6126 5
6146 5
6166 5
6186 5
6206 5
6226 5
6246 5
6266 5
6286 5
6306 5
6326 5
6346 5
6366 5
6386 5
6007 5
6027 5
6047 5
6067 5
6087 5
6107 5
6127 5
6147 5
6167 5
6187 5
6207 5
6227 5
6247 5
6267 5
6287 5
6307 5
6327 5
6347 5
6367 5
6387 5
6008 5
6028 5
6048 5
6068 5
6088 5
6108 5
6128 5
6148 5
6168 5
6188 5
6208 5
6228 5
6248 5
6268 5
6288 5
6308 5
6328 5
6348 5
6368 5
6388 5
6009 5
6029 5
6049 5
6069 5
6089 5
6109 5
6129 5
6149 5
6169 5
6189 5
6209 5
6229 5
6249 5
6269 5
6289 5
6309 5
6329 5
6349 5
6369 5
6389 5
6010 5
6030 5
6050 5
6070 5
6090 5
6110 5
6130 5
6150 5
6170 5
6190 5
6210 5
6230 5
6250 5
6270 5
6290 5
6310 5
6330 5
6350 5
6370 5
6390 5
6011 5
6031 5
6051 5
6071 5
6091 5
6111 5
6131 5
6151 5
6171 5
6191 5
6211 5
6231 5
6251 5
6271 5
6291 5
6311 5
6331 5
6351 5
6371 5
6391 5
6012 5
6032 5
6052 5
6072 5
6092 5
6112 5
6132 5
6152 5
6172 5
6192 5
6212 5
6232 5
6252 5
6272 5
6292 5
6312 5
6332 5
6352 5
6372 5
6392 5
6013 5
6033 5
6053 5
6073 5
6093 5
6113 5
6133 5
6153 5
6173 5
6193 5
6213 5
6233 5
6253 5
6273 5
6293 5
6313 5
6333 5
6353 5
6373 5
6393 5
6014 5
6034 5
6054 5
6074 5
6094 5
6114 5
6134 5
6154 5
6174 5
6194 5
6214 5
6234 5
6254 5
6274 5
6294 5
6314 5
6334 5
6354 5
6374 5
6394 5
6015 5
6035 5
6055 5
6075 5
6095 5
6115 5
6135 5
6155 5
6175 5
6195 5
6215 5
6235 5
6255 5
6275 5
6295 5
6315 5
6335 5
6355 5
6375 5
6395 5
6016 5
6036 5
6056 5
6076 5
6096 5
6116 5
6136 5
6156 5
6176 5
6196 5
6216 5
6236 5
6256 5
6276 5
6296 5
6316 5
6336 5
6356 5
6376 5
6396 5
6017 5
6037 5
6057 5
6077 5
6097 5
6117 5
6137 5
6157 5
6177 5
6197 5
6217 5
6237 5
6257 5
6277 5
6297 5
6317 5
6337 5
6357 5
6377 5
6397 5
6018 5
6038 5
6058 5
6078 5
6098 5
6118 5
6138 5
6158 5
6178 5
6198 5
6218 5
6238 5
6258 5
6278 5
6298 5
6318 5
6338 5
6358 5
6378 5
6398 5
6019 5
6039 5
6059 5
6079 5
6099 5
6119 5
6139 5
6159 5
6179 5
6199 5
6219 5
6239 5
6259 5
6279 5
6299 5
6319 5
6339 5
6359 5
6379 5
6399 5
6020 5
6040 5
6060 5
6080 5
6100 5
6120 5
6140 5
6160 5
6180 5
6200 5
6220 5
6240 5
6260 5
6280 5
6300 5
6320 5
6340 5
6360 5
6380 5
6400 5
18000 2
17980 2
17960 2
17940 2
17920 2
17900 2
17880 2
17860 2
17840 2
17820 2
17800 2
17780 2
17760 2
17740 2
17720 2
17700 2
17680 2
17660 2
17640 2
17620 2
17600 2
17580 2
17560 2
17540 2
17520 2
17500 2
17480 2
17460 2
17440 2
17420 2
17400 2
17380 2
17360 2
17340 2
17320 2
17300 2
17280 2
17260 2
17240 2
17220 2
17200 2
17180 2
17160 2
17140 2
17120 2
17100 2
17080 2
17060 2
17040 2
17020 2
17000 2
16980 2
16960 2
16940 2
16920 2
16900 2
16880 2
16860 2
16840 2
16820 2
16800 2
16780 2
16760 2
16740 2
16720 2
16700 2
16680 2
16660 2
16640 2
16620 2
16600 2
16580 2
16560 2
16540 2
16520 2
16500 2
16480 2
16460 2
16440 2
16420 2
16400 2
16380 2
16360 2
16340 2
16320 2
16300 2
16280 2
16260 2
16240 2
16220 2
16200 2
16180 2
16160 2
16140 2
16120 2
16100 2
16080 2
16060 2
16040 2
16020 2
16000 2
15980 2
15960 2
15940 2
15920 2
15900 2
15880 2
15860 2
15840 2
15820 2
15800 2
15780 2
15760 2
15740 2
15720 2
15700 2
15680 2
15660 2
15640 2
15620 2
15600 2
15580 2
15560 2
15540 2
15520 2
15500 2
15480 2
15460 2
15440 2
15420 2
15400 2
15380 2
15360 2
15340 2
15320 2
15300 2
15280 2
15260 2
15240 2
15220 2
15200 2
15180 2
15160 2
15140 2
15120 2
15100 2
15080 2
15060 2
15040 2
15020 2
15000 2
14980 2
14960 2
14940 2
14920 2
14900 2
14880 2
14860 2
14840 2
14820 2
14800 2
14780 2
14760 2
14740 2
14720 2
14700 2
14680 2
14660 2
14640 2
14620 2
14600 2
14580 2
14560 2
14540 2
14520 2
14500 2
14480 2
14460 2
14440 2
14420 2
14400 2
14380 2
14360 2
14340 2
14320 2
14300 2
14280 2
14260 2
14240 2
14220 2
14200 2
14180 2
14160 2
14140 2
14120 2
14100 2
14080 2
14060 2
14040 2
14020 2
18001 5
18021 5
18041 5
18061 5
18081 5
18101 5
18121 5
18141 5
18161 5
18181 5
18201 5
18221 5
18241 5
18261 5
18281 5
18301 5
18321 5
18341 5
18361 5
18381 5
18002 5
18022 5
18042 5
18062 5
18082 5
18102 5
18122 5
18142 5
18162 5
18182 5
18202 5
18222 5
18242 5
18262 5
18282 5
18302 5
18322 5
18342 5
18362 5
18382 5
18003 5
18023 5
18043 5
18063 5
18083 5
18103 5
18123 5
18143 5
18163 5
18183 5
18203 5
18223 5
18243 5
18263 5
18283 5
18303 5
18323 5
18343 5
18363 5
18383 5
18004 5
18024 5
18044 5
18064 5
18084 5
18104 5
18124 5
18144 5
18164 5
18184 5
18204 5
18224 5
18244 5
18264 5
18284 5
18304 5
18324 5
18344 5
18364 5
18384 5
18005 5
18025 5
18045 5
18065 5
18085 5
18105 5
18125 5
18145 5
18165 5
18185 5
18205 5
18225 5
18245 5
18265 5
18285 5
18305 5
18325 5
18345 5
18365 5
18385 5
18006 5
18026 5
18046 5
18066 5
18086 5
18106 5
18126 5
18146 5
18166 5
18186 5
18206 5
18226 5
18246 5
18266 5
18286 5
18306 5
18326 5
18346 5
18366 5
18386 5
18007 5
18027 5
18047 5
18067 5
18087 5
18107 5
18127 5
18147 5
18167 5
18187 5
18207 5
18227 5
18247 5
18267 5
18287 5
18307 5
18327 5
18347 5
18367 5
18387 5
18008 5
18028 5
18048 5
18068 5
18088 5
18108 5
18128 5
18148 5
18168 5
18188 5
18208 5
18228 5
18248 5
18268 5
18288 5
18308 5
18328 5
18348 5
18368 5
18388 5
18009 5
18029 5
18049 5
18069 5
18089 5
18109 5
18129 5
18149 5
18169 5
18189 5
18209 5
18229 5
18249 5
18269 5
18289 5
18309 5
18329 5
18349 5
18369 5
18389 5
18010 5
18030 5
18050 5
18070 5
18090 5
18110 5
18130 5
18150 5
18170 5
18190 5
18210 5
18230 5
18250 5
18270 5
18290 5
18310 5
18330 5
18350 5
18370 5
18390 5
18011 5
18031 5
18051 5
18071 5
18091 5
18111 5
18131 5
18151 5
18171 5
18191 5
18211 5
18231 5
18251 5
18271 5
18291 5
18311 5
18331 5
18351 5
18371 5
18391 5
18012 5
18032 5
18052 5
18072 5
18092 5
18112 5
18132 5
18152 5
18172 5
18192 5
18212 5
18232 5
18252 5
18272 5
18292 5
18312 5
18332 5
18352 5
18372 5
18392 5
18013 5
18033 5
18053 5
18073 5
18093 5
18113 5
18133 5
18153 5
18173 5
18193 5
18213 5
18233 5
18253 5
18273 5
18293 5
18313 5
18333 5
18353 5
18373 5
18393 5
18014 5
18034 5
18054 5
18074 5
18094 5
18114 5
18134 5
18154 5
18174 5
18194 5
18214 5
18234 5
18254 5
18274 5
18294 5
18314 5
18334 5
18354 5
18374 5
18394 5
18015 5
18035 5
18055 5
18075 5
18095 5
18115 5
18135 5
18155 5
18175 5
18195 5
18215 5
18235 5
18255 5
18275 5
18295 5
18315 5
18335 5
18355 5
18375 5
18395 5
18016 5
18036 5
18056 5
18076 5
18096 5
18116 5
18136 5
18156 5
18176 5
18196 5
18216 5
18236 5
18256 5
18276 5
18296 5
18316 5
18336 5
18356 5
18376 5
18396 5
18017 5
18037 5
18057 5
18077 5
18097 5
18117 5
18137 5
18157 5
18177 5
18197 5
18217 5
18237 5
18257 5
18277 5
18297 5
18317 5
18337 5
18357 5
18377 5
18397 5
18018 5
18038 5
18058 5
18078 5
18098 5
18118 5
18138 5
18158 5
18178 5
18198 5
18218 5
18238 5
18258 5
18278 5
18298 5
18318 5
18338 5
18358 5
18378 5
18398 5
18019 5
18039 5
18059 5
18079 5
18099 5
18119 5
18139 5
18159 5
18179 5
18199 5
18219 5
18239 5
18259 5
18279 5
18299 5
18319 5
18339 5
18359 5
18379 5
18399 5
18020 5
18040 5
18060 5
18080 5
18100 5
18120 5
18140 5
18160 5
18180 5
18200 5
18220 5
18240 5
18260 5
18280 5
18300 5
18320 5
18340 5
18360 5
18380 5
18400 5
