-5.0 0.0 0.0
200
31981 3
31181 3
30381 3
29581 3
28781 3
27981 3
27181 3
26381 3
25581 3
24781 3
31982 3
31182 3
30382 3
29582 3
28782 3
27982 3
27182 3
26382 3
25582 3
24782 3
31983 3
31183 3
30383 3
29583 3
28783 3
27983 3
27183 3
26383 3
25583 3
24783 3
31984 3
31184 3
30384 3
29584 3
28784 3
27984 3
27184 3
26384 3
25584 3
24784 3
31985 3
31185 3
30385 3
29585 3
28785 3
27985 3
27185 3
26385 3
25585 3
24785 3
31986 3
31186 3
30386 3
29586 3
28786 3
27986 3
27186 3
26386 3
25586 3
24786 3
31987 3
31187 3
30387 3
29587 3
28787 3
27987 3
27187 3
26387 3
25587 3
24787 3
31988 3
31188 3
30388 3
29588 3
28788 3
27988 3
27188 3
26388 3
25588 3
24788 3
31989 3
31189 3
30389 3
29589 3
28789 3
27989 3
27189 3
26389 3
25589 3
24789 3
31990 3
31190 3
30390 3
29590 3
28790 3
27990 3
27190 3
26390 3
25590 3
24790 3
31991 3
31191 3
30391 3
29591 3
28791 3
27991 3
27191 3
26391 3
25591 3
24791 3
31992 3
31192 3
30392 3
29592 3
28792 3
27992 3
27192 3
26392 3
25592 3
24792 3
31993 3
31193 3
30393 3
29593 3
28793 3
27993 3
27193 3
26393 3
25593 3
24793 3
31994 3
31194 3
30394 3
29594 3
28794 3
27994 3
27194 3
26394 3
25594 3
24794 3
31995 3
31195 3
30395 3
29595 3
28795 3
27995 3
27195 3
26395 3
25595 3
24795 3
31996 3
31196 3
30396 3
29596 3
28796 3
27996 3
27196 3
26396 3
25596 3
24796 3
31997 3
31197 3
30397 3
29597 3
28797 3
27997 3
27197 3
26397 3
25597 3
24797 3
31998 3
31198 3
30398 3
29598 3
28798 3
27998 3
27198 3
26398 3
25598 3
24798 3
31999 3
31199 3
30399 3
29599 3
28799 3
27999 3
27199 3
26399 3
25599 3
24799 3
32000 3
31200 3
30400 3
29600 3
28800 3
28000 3
27200 3
26400 3
25600 3
24800 3
