6680
26620 3
26640 3
26660 3
26680 3
26700 3
26720 3
26740 3
26760 3
26780 3
26800 3
26820 3
26840 3
26860 3
26880 3
26900 3
26920 3
26940 3
26960 3
26980 3
27000 3
620 3
640 3
660 3
680 3
700 3
720 3
740 3
760 3
780 3
800 3
820 3
840 3
860 3
880 3
900 3
920 3
940 3
960 3
980 3
1000 3
31981 3
31982 3
31983 3
31984 3
31985 3
31986 3
31987 3
31988 3
31989 3
31990 3
31991 3
31992 3
31993 3
31994 3
31995 3
31996 3
31997 3
31998 3
31999 3
32000 3
31581 3
31582 3
31583 3
31584 3
31585 3
31586 3
31587 3
31588 3
31589 3
31590 3
31591 3
31592 3
31593 3
31594 3
31595 3
31596 3
31597 3
31598 3
31599 3
31600 3
31181 3
31182 3
31183 3
31184 3
31185 3
31186 3
31187 3
31188 3
31189 3
31190 3
31191 3
31192 3
31193 3
31194 3
31195 3
31196 3
31197 3
31198 3
31199 3
31200 3
30781 3
30782 3
30783 3
30784 3
30785 3
30786 3
30787 3
30788 3
30789 3
30790 3
30791 3
30792 3
30793 3
30794 3
30795 3
30796 3
30797 3
30798 3
30799 3
30800 3
30381 3
30382 3
30383 3
30384 3
30385 3
30386 3
30387 3
30388 3
30389 3
30390 3
30391 3
30392 3
30393 3
30394 3
30395 3
30396 3
30397 3
30398 3
30399 3
30400 3
5981 3
5982 3
5983 3
5984 3
5985 3
5986 3
5987 3
5988 3
5989 3
5990 3
5991 3
5992 3
5993 3
5994 3
5995 3
5996 3
5997 3
5998 3
5999 3
6000 3
5581 3
5582 3
5583 3
5584 3
5585 3
5586 3
5587 3
5588 3
5589 3
5590 3
5591 3
5592 3
5593 3
5594 3
5595 3
5596 3
5597 3
5598 3
5599 3
5600 3
5181 3
5182 3
5183 3
5184 3
5185 3
5186 3
5187 3
5188 3
5189 3
5190 3
5191 3
5192 3
5193 3
5194 3
5195 3
5196 3
5197 3
5198 3
5199 3
5200 3
4781 3
4782 3
4783 3
4784 3
4785 3
4786 3
4787 3
4788 3
4789 3
4790 3
4791 3
4792 3
4793 3
4794 3
4795 3
4796 3
4797 3
4798 3
4799 3
4800 3
4381 3
4382 3
4383 3
4384 3
4385 3
4386 3
4387 3
4388 3
4389 3
4390 3
4391 3
4392 3
4393 3
4394 3
4395 3
4396 3
4397 3
4398 3
4399 3
4400 3
52000 2
51980 2
51960 2
51940 2
51920 2
51900 2
51880 2
51860 2
51840 2
51820 2
51800 2
51780 2
51760 2
51740 2
51720 2
51700 2
51680 2
51660 2
51640 2
51620 2
51600 2
51580 2
51560 2
51540 2
51520 2
51500 2
51480 2
51460 2
51440 2
51420 2
51400 2
51380 2
51360 2
51340 2
51320 2
51300 2
51280 2
51260 2
51240 2
51220 2
51200 2
51180 2
51160 2
51140 2
51120 2
51100 2
51080 2
51060 2
51040 2
51020 2
51000 2
50980 2
50960 2
50940 2
50920 2
50900 2
50880 2
50860 2
50840 2
50820 2
50800 2
50780 2
50760 2
50740 2
50720 2
50700 2
50680 2
50660 2
50640 2
50620 2
50600 2
50580 2
50560 2
50540 2
50520 2
50500 2
50480 2
50460 2
50440 2
50420 2
50400 2
50380 2
50360 2
50340 2
50320 2
50300 2
50280 2
50260 2
50240 2
50220 2
50200 2
50180 2
50160 2
50140 2
50120 2
50100 2
50080 2
50060 2
50040 2
50020 2
50000 2
49980 2
49960 2
49940 2
49920 2
49900 2
49880 2
49860 2
49840 2
49820 2
49800 2
49780 2
49760 2
49740 2
49720 2
49700 2
49680 2
49660 2
49640 2
49620 2
49600 2
49580 2
49560 2
49540 2
49520 2
49500 2
49480 2
49460 2
49440 2
49420 2
49400 2
49380 2
49360 2
49340 2
49320 2
49300 2
49280 2
49260 2
49240 2
49220 2
49200 2
49180 2
49160 2
49140 2
49120 2
49100 2
49080 2
49060 2
49040 2
49020 2
49000 2
48980 2
48960 2
48940 2
48920 2
48900 2
48880 2
48860 2
48840 2
48820 2
48800 2
48780 2
48760 2
48740 2
48720 2
48700 2
48680 2
48660 2
48640 2
48620 2
48600 2
48580 2
48560 2
48540 2
48520 2
48500 2
48480 2
48460 2
48440 2
48420 2
48400 2
48380 2
48360 2
48340 2
48320 2
48300 2
48280 2
48260 2
48240 2
48220 2
48200 2
48180 2
48160 2
48140 2
48120 2
48100 2
48080 2
48060 2
48040 2
48020 2
48000 2
47980 2
47960 2
47940 2
47920 2
47900 2
47880 2
47860 2
47840 2
47820 2
47800 2
47780 2
47760 2
47740 2
47720 2
47700 2
47680 2
47660 2
47640 2
47620 2
47600 2
47580 2
47560 2
47540 2
47520 2
47500 2
47480 2
47460 2
47440 2
47420 2
47400 2
47380 2
47360 2
47340 2
47320 2
47300 2
47280 2
47260 2
47240 2
47220 2
47200 2
47180 2
47160 2
47140 2
47120 2
47100 2
47080 2
47060 2
47040 2
47020 2
47000 2
46980 2
46960 2
46940 2
46920 2
46900 2
46880 2
46860 2
46840 2
46820 2
46800 2
46780 2
46760 2
46740 2
46720 2
46700 2
46680 2
46660 2
46640 2
46620 2
46600 2
46580 2
46560 2
46540 2
46520 2
46500 2
46480 2
46460 2
46440 2
46420 2
46400 2
46380 2
46360 2
46340 2
46320 2
46300 2
46280 2
46260 2
46240 2
46220 2
46200 2
46180 2
46160 2
46140 2
46120 2
46100 2
46080 2
46060 2
46040 2
46020 2
46000 2
45980 2
45960 2
45940 2
45920 2
45900 2
45880 2
45860 2
45840 2
45820 2
45800 2
45780 2
45760 2
45740 2
45720 2
45700 2
45680 2
45660 2
45640 2
45620 2
45600 2
45580 2
45560 2
45540 2
45520 2
45500 2
45480 2
45460 2
45440 2
45420 2
45400 2
45380 2
45360 2
45340 2
45320 2
45300 2
45280 2
45260 2
45240 2
45220 2
45200 2
45180 2
45160 2
45140 2
45120 2
45100 2
45080 2
45060 2
45040 2
45020 2
45000 2
44980 2
44960 2
44940 2
44920 2
44900 2
44880 2
44860 2
44840 2
44820 2
44800 2
44780 2
44760 2
44740 2
44720 2
44700 2
44680 2
44660 2
44640 2
44620 2
44600 2
44580 2
44560 2
44540 2
44520 2
44500 2
44480 2
44460 2
44440 2
44420 2
44400 2
44380 2
44360 2
44340 2
44320 2
44300 2
44280 2
44260 2
44240 2
44220 2
44200 2
44180 2
44160 2
44140 2
44120 2
44100 2
44080 2
44060 2
44040 2
44020 2
18381 3
18781 3
19181 3
19581 3
19981 3
20381 3
20781 3
21181 3
21581 3
21981 3
22381 3
22781 3
23181 3
23581 3
23981 3
24381 3
24781 3
25181 3
25581 3
25981 3
18382 3
18782 3
19182 3
19582 3
19982 3
20382 3
20782 3
21182 3
21582 3
21982 3
22382 3
22782 3
23182 3
23582 3
23982 3
24382 3
24782 3
25182 3
25582 3
25982 3
18383 3
18783 3
19183 3
19583 3
19983 3
20383 3
20783 3
21183 3
21583 3
21983 3
22383 3
22783 3
23183 3
23583 3
23983 3
24383 3
24783 3
25183 3
25583 3
25983 3
18384 3
18784 3
19184 3
19584 3
19984 3
20384 3
20784 3
21184 3
21584 3
21984 3
22384 3
22784 3
23184 3
23584 3
23984 3
24384 3
24784 3
25184 3
25584 3
25984 3
18385 3
18785 3
19185 3
19585 3
19985 3
20385 3
20785 3
21185 3
21585 3
21985 3
22385 3
22785 3
23185 3
23585 3
23985 3
24385 3
24785 3
25185 3
25585 3
25985 3
18386 3
18786 3
19186 3
19586 3
19986 3
20386 3
20786 3
21186 3
21586 3
21986 3
22386 3
22786 3
23186 3
23586 3
23986 3
24386 3
24786 3
25186 3
25586 3
25986 3
18387 3
18787 3
19187 3
19587 3
19987 3
20387 3
20787 3
21187 3
21587 3
21987 3
22387 3
22787 3
23187 3
23587 3
23987 3
24387 3
24787 3
25187 3
25587 3
25987 3
18388 3
18788 3
19188 3
19588 3
19988 3
20388 3
20788 3
21188 3
21588 3
21988 3
22388 3
22788 3
23188 3
23588 3
23988 3
24388 3
24788 3
25188 3
25588 3
25988 3
18389 3
18789 3
19189 3
19589 3
19989 3
20389 3
20789 3
21189 3
21589 3
21989 3
22389 3
22789 3
23189 3
23589 3
23989 3
24389 3
24789 3
25189 3
25589 3
25989 3
18390 3
18790 3
19190 3
19590 3
19990 3
20390 3
20790 3
21190 3
21590 3
21990 3
22390 3
22790 3
23190 3
23590 3
23990 3
24390 3
24790 3
25190 3
25590 3
25990 3
18391 3
18791 3
19191 3
19591 3
19991 3
20391 3
20791 3
21191 3
21591 3
21991 3
22391 3
22791 3
23191 3
23591 3
23991 3
24391 3
24791 3
25191 3
25591 3
25991 3
18392 3
18792 3
19192 3
19592 3
19992 3
20392 3
20792 3
21192 3
21592 3
21992 3
22392 3
22792 3
23192 3
23592 3
23992 3
24392 3
24792 3
25192 3
25592 3
25992 3
18393 3
18793 3
19193 3
19593 3
19993 3
20393 3
20793 3
21193 3
21593 3
21993 3
22393 3
22793 3
23193 3
23593 3
23993 3
24393 3
24793 3
25193 3
25593 3
25993 3
18394 3
18794 3
19194 3
19594 3
19994 3
20394 3
20794 3
21194 3
21594 3
21994 3
22394 3
22794 3
23194 3
23594 3
23994 3
24394 3
24794 3
25194 3
25594 3
25994 3
18395 3
18795 3
19195 3
19595 3
19995 3
20395 3
20795 3
21195 3
21595 3
21995 3
22395 3
22795 3
23195 3
23595 3
23995 3
24395 3
24795 3
25195 3
25595 3
25995 3
18396 3
18796 3
19196 3
19596 3
19996 3
20396 3
20796 3
21196 3
21596 3
21996 3
22396 3
22796 3
23196 3
23596 3
23996 3
24396 3
24796 3
25196 3
25596 3
25996 3
18397 3
18797 3
19197 3
19597 3
19997 3
20397 3
20797 3
21197 3
21597 3
21997 3
22397 3
22797 3
23197 3
23597 3
23997 3
24397 3
24797 3
25197 3
25597 3
25997 3
18398 3
18798 3
19198 3
19598 3
19998 3
20398 3
20798 3
21198 3
21598 3
21998 3
22398 3
22798 3
23198 3
23598 3
23998 3
24398 3
24798 3
25198 3
25598 3
25998 3
18399 3
18799 3
19199 3
19599 3
19999 3
20399 3
20799 3
21199 3
21599 3
21999 3
22399 3
22799 3
23199 3
23599 3
23999 3
24399 3
24799 3
25199 3
25599 3
25999 3
18400 3
18800 3
19200 3
19600 3
20000 3
20400 3
20800 3
21200 3
21600 3
22000 3
22400 3
22800 3
23200 3
23600 3
24000 3
24400 3
24800 3
25200 3
25600 3
26000 3
1000 6
999 6
998 6
997 6
996 6
995 6
994 6
993 6
992 6
991 6
990 6
989 6
988 6
987 6
986 6
985 6
984 6
983 6
982 6
981 6
410 1
409 1
408 1
407 1
406 1
405 1
404 1
403 1
402 1
401 1
400 2
380 2
360 2
340 2
320 2
300 2
280 2
260 2
240 2
220 2
200 2
180 2
160 2
140 2
120 2
100 2
80 2
60 2
40 2
20 2
5601 4
5621 4
5641 4
5661 4
5681 4
5701 4
5721 4
5741 4
5761 4
5781 4
5801 4
5821 4
5841 4
5861 4
5881 4
5901 4
5921 4
5941 4
5961 4
5981 4
5201 4
5221 4
5241 4
5261 4
5281 4
5301 4
5321 4
5341 4
5361 4
5381 4
5401 4
5421 4
5441 4
5461 4
5481 4
5501 4
5521 4
5541 4
5561 4
5581 4
4801 4
4821 4
4841 4
4861 4
4881 4
4901 4
4921 4
4941 4
4961 4
4981 4
5001 4
5021 4
5041 4
5061 4
5081 4
5101 4
5121 4
5141 4
5161 4
5181 4
4401 4
4421 4
4441 4
4461 4
4481 4
4501 4
4521 4
4541 4
4561 4
4581 4
4601 4
4621 4
4641 4
4661 4
4681 4
4701 4
4721 4
4741 4
4761 4
4781 4
4001 4
4021 4
4041 4
4061 4
4081 4
4101 4
4121 4
4141 4
4161 4
4181 4
4201 4
4221 4
4241 4
4261 4
4281 4
4301 4
4321 4
4341 4
4361 4
4381 4
3901 1
3801 1
3701 1
3601 1
3501 1
3401 1
3301 1
3201 1
3101 1
3001 1
3902 1
3802 1
3702 1
3602 1
3502 1
3402 1
3302 1
3202 1
3102 1
3002 1
3903 1
3803 1
3703 1
3603 1
3503 1
3403 1
3303 1
3203 1
3103 1
3003 1
3904 1
3804 1
3704 1
3604 1
3504 1
3404 1
3304 1
3204 1
3104 1
3004 1
3905 1
3805 1
3705 1
3605 1
3505 1
3405 1
3305 1
3205 1
3105 1
3005 1
1001 5
1006 5
1011 5
1016 5
1021 5
1026 5
1031 5
1036 5
1041 5
1046 5
1051 5
1056 5
1061 5
1066 5
1071 5
1076 5
1081 5
1086 5
1091 5
1096 5
1002 5
1007 5
1012 5
1017 5
1022 5
1027 5
1032 5
1037 5
1042 5
1047 5
1052 5
1057 5
1062 5
1067 5
1072 5
1077 5
1082 5
1087 5
1092 5
1097 5
1003 5
1008 5
1013 5
1018 5
1023 5
1028 5
1033 5
1038 5
1043 5
1048 5
1053 5
1058 5
1063 5
1068 5
1073 5
1078 5
1083 5
1088 5
1093 5
1098 5
1004 5
1009 5
1014 5
1019 5
1024 5
1029 5
1034 5
1039 5
1044 5
1049 5
1054 5
1059 5
1064 5
1069 5
1074 5
1079 5
1084 5
1089 5
1094 5
1099 5
1005 5
1010 5
1015 5
1020 5
1025 5
1030 5
1035 5
1040 5
1045 5
1050 5
1055 5
1060 5
1065 5
1070 5
1075 5
1080 5
1085 5
1090 5
1095 5
1100 5
18001 5
18021 5
18041 5
18061 5
18081 5
18101 5
18121 5
18141 5
18161 5
18181 5
18201 5
18221 5
18241 5
18261 5
18281 5
18301 5
18321 5
18341 5
18361 5
18381 5
18002 5
18022 5
18042 5
18062 5
18082 5
18102 5
18122 5
18142 5
18162 5
18182 5
18202 5
18222 5
18242 5
18262 5
18282 5
18302 5
18322 5
18342 5
18362 5
18382 5
18003 5
18023 5
18043 5
18063 5
18083 5
18103 5
18123 5
18143 5
18163 5
18183 5
18203 5
18223 5
18243 5
18263 5
18283 5
18303 5
18323 5
18343 5
18363 5
18383 5
18004 5
18024 5
18044 5
18064 5
18084 5
18104 5
18124 5
18144 5
18164 5
18184 5
18204 5
18224 5
18244 5
18264 5
18284 5
18304 5
18324 5
18344 5
18364 5
18384 5
18005 5
18025 5
18045 5
18065 5
18085 5
18105 5
18125 5
18145 5
18165 5
18185 5
18205 5
18225 5
18245 5
18265 5
18285 5
18305 5
18325 5
18345 5
18365 5
18385 5
18006 5
18026 5
18046 5
18066 5
18086 5
18106 5
18126 5
18146 5
18166 5
18186 5
18206 5
18226 5
18246 5
18266 5
18286 5
18306 5
18326 5
18346 5
18366 5
18386 5
18007 5
18027 5
18047 5
18067 5
18087 5
18107 5
18127 5
18147 5
18167 5
18187 5
18207 5
18227 5
18247 5
18267 5
18287 5
18307 5
18327 5
18347 5
18367 5
18387 5
18008 5
18028 5
18048 5
18068 5
18088 5
18108 5
18128 5
18148 5
18168 5
18188 5
18208 5
18228 5
18248 5
18268 5
18288 5
18308 5
18328 5
18348 5
18368 5
18388 5
18009 5
18029 5
18049 5
18069 5
18089 5
18109 5
18129 5
18149 5
18169 5
18189 5
18209 5
18229 5
18249 5
18269 5
18289 5
18309 5
18329 5
18349 5
18369 5
18389 5
18010 5
18030 5
18050 5
18070 5
18090 5
18110 5
18130 5
18150 5
18170 5
18190 5
18210 5
18230 5
18250 5
18270 5
18290 5
18310 5
18330 5
18350 5
18370 5
18390 5
18011 5
18031 5
18051 5
18071 5
18091 5
18111 5
18131 5
18151 5
18171 5
18191 5
18211 5
18231 5
18251 5
18271 5
18291 5
18311 5
18331 5
18351 5
18371 5
18391 5
18012 5
18032 5
18052 5
18072 5
18092 5
18112 5
18132 5
18152 5
18172 5
18192 5
18212 5
18232 5
18252 5
18272 5
18292 5
18312 5
18332 5
18352 5
18372 5
18392 5
18013 5
18033 5
18053 5
18073 5
18093 5
18113 5
18133 5
18153 5
18173 5
18193 5
18213 5
18233 5
18253 5
18273 5
18293 5
18313 5
18333 5
18353 5
18373 5
18393 5
18014 5
18034 5
18054 5
18074 5
18094 5
18114 5
18134 5
18154 5
18174 5
18194 5
18214 5
18234 5
18254 5
18274 5
18294 5
18314 5
18334 5
18354 5
18374 5
18394 5
18015 5
18035 5
18055 5
18075 5
18095 5
18115 5
18135 5
18155 5
18175 5
18195 5
18215 5
18235 5
18255 5
18275 5
18295 5
18315 5
18335 5
18355 5
18375 5
18395 5
18016 5
18036 5
18056 5
18076 5
18096 5
18116 5
18136 5
18156 5
18176 5
18196 5
18216 5
18236 5
18256 5
18276 5
18296 5
18316 5
18336 5
18356 5
18376 5
18396 5
18017 5
18037 5
18057 5
18077 5
18097 5
18117 5
18137 5
18157 5
18177 5
18197 5
18217 5
18237 5
18257 5
18277 5
18297 5
18317 5
18337 5
18357 5
18377 5
18397 5
18018 5
18038 5
18058 5
18078 5
18098 5
18118 5
18138 5
18158 5
18178 5
18198 5
18218 5
18238 5
18258 5
18278 5
18298 5
18318 5
18338 5
18358 5
18378 5
18398 5
18019 5
18039 5
18059 5
18079 5
18099 5
18119 5
18139 5
18159 5
18179 5
18199 5
18219 5
18239 5
18259 5
18279 5
18299 5
18319 5
18339 5
18359 5
18379 5
18399 5
18020 5
18040 5
18060 5
18080 5
18100 5
18120 5
18140 5
18160 5
18180 5
18200 5
18220 5
18240 5
18260 5
18280 5
18300 5
18320 5
18340 5
18360 5
18380 5
18400 5
17601 1
17201 1
16801 1
16401 1
16001 1
15601 1
15201 1
14801 1
14401 1
14001 1
17602 1
17202 1
16802 1
16402 1
16002 1
15602 1
15202 1
14802 1
14402 1
14002 1
17603 1
17203 1
16803 1
16403 1
16003 1
15603 1
15203 1
14803 1
14403 1
14003 1
17604 1
17204 1
16804 1
16404 1
16004 1
15604 1
15204 1
14804 1
14404 1
14004 1
17605 1
17205 1
16805 1
16405 1
16005 1
15605 1
15205 1
14805 1
14405 1
14005 1
17606 1
17206 1
16806 1
16406 1
16006 1
15606 1
15206 1
14806 1
14406 1
14006 1
17607 1
17207 1
16807 1
16407 1
16007 1
15607 1
15207 1
14807 1
14407 1
14007 1
17608 1
17208 1
16808 1
16408 1
16008 1
15608 1
15208 1
14808 1
14408 1
14008 1
17609 1
17209 1
16809 1
16409 1
16009 1
15609 1
15209 1
14809 1
14409 1
14009 1
17610 1
17210 1
16810 1
16410 1
16010 1
15610 1
15210 1
14810 1
14410 1
14010 1
17611 1
17211 1
16811 1
16411 1
16011 1
15611 1
15211 1
14811 1
14411 1
14011 1
17612 1
17212 1
16812 1
16412 1
16012 1
15612 1
15212 1
14812 1
14412 1
14012 1
17613 1
17213 1
16813 1
16413 1
16013 1
15613 1
15213 1
14813 1
14413 1
14013 1
17614 1
17214 1
16814 1
16414 1
16014 1
15614 1
15214 1
14814 1
14414 1
14014 1
17615 1
17215 1
16815 1
16415 1
16015 1
15615 1
15215 1
14815 1
14415 1
14015 1
17616 1
17216 1
16816 1
16416 1
16016 1
15616 1
15216 1
14816 1
14416 1
14016 1
17617 1
17217 1
16817 1
16417 1
16017 1
15617 1
15217 1
14817 1
14417 1
14017 1
17618 1
17218 1
16818 1
16418 1
16018 1
15618 1
15218 1
14818 1
14418 1
14018 1
17619 1
17219 1
16819 1
16419 1
16019 1
15619 1
15219 1
14819 1
14419 1
14019 1
17620 1
17220 1
16820 1
16420 1
16020 1
15620 1
15220 1
14820 1
14420 1
14020 1
13620 1
13619 1
13618 1
13617 1
13616 1
13615 1
13614 1
13613 1
13612 1
13611 1
13610 1
13609 1
13608 1
13607 1
13606 1
13605 1
13604 1
13603 1
13602 1
13601 1
13220 1
13219 1
13218 1
13217 1
13216 1
13215 1
13214 1
13213 1
13212 1
13211 1
13210 1
13209 1
13208 1
13207 1
13206 1
13205 1
13204 1
13203 1
13202 1
13201 1
12820 1
12819 1
12818 1
12817 1
12816 1
12815 1
12814 1
12813 1
12812 1
12811 1
12810 1
12809 1
12808 1
12807 1
12806 1
12805 1
12804 1
12803 1
12802 1
12801 1
12420 1
12419 1
12418 1
12417 1
12416 1
12415 1
12414 1
12413 1
12412 1
12411 1
12410 1
12409 1
12408 1
12407 1
12406 1
12405 1
12404 1
12403 1
12402 1
12401 1
12020 1
12019 1
12018 1
12017 1
12016 1
12015 1
12014 1
12013 1
12012 1
12011 1
12010 1
12009 1
12008 1
12007 1
12006 1
12005 1
12004 1
12003 1
12002 1
12001 1
11620 1
11619 1
11618 1
11617 1
11616 1
11615 1
11614 1
11613 1
11612 1
11611 1
11610 1
11609 1
11608 1
11607 1
11606 1
11605 1
11604 1
11603 1
11602 1
11601 1
11220 1
11219 1
11218 1
11217 1
11216 1
11215 1
11214 1
11213 1
11212 1
11211 1
11210 1
11209 1
11208 1
11207 1
11206 1
11205 1
11204 1
11203 1
11202 1
11201 1
10820 1
10819 1
10818 1
10817 1
10816 1
10815 1
10814 1
10813 1
10812 1
10811 1
10810 1
10809 1
10808 1
10807 1
10806 1
10805 1
10804 1
10803 1
10802 1
10801 1
10420 1
10419 1
10418 1
10417 1
10416 1
10415 1
10414 1
10413 1
10412 1
10411 1
10410 1
10409 1
10408 1
10407 1
10406 1
10405 1
10404 1
10403 1
10402 1
10401 1
10020 1
10019 1
10018 1
10017 1
10016 1
10015 1
10014 1
10013 1
10012 1
10011 1
10010 1
10009 1
10008 1
10007 1
10006 1
10005 1
10004 1
10003 1
10002 1
10001 1
9620 1
9619 1
9618 1
9617 1
9616 1
9615 1
9614 1
9613 1
9612 1
9611 1
9610 1
9609 1
9608 1
9607 1
9606 1
9605 1
9604 1
9603 1
9602 1
9601 1
9220 1
9219 1
9218 1
9217 1
9216 1
9215 1
9214 1
9213 1
9212 1
9211 1
9210 1
9209 1
9208 1
9207 1
9206 1
9205 1
9204 1
9203 1
9202 1
9201 1
8820 1
8819 1
8818 1
8817 1
8816 1
8815 1
8814 1
8813 1
8812 1
8811 1
8810 1
8809 1
8808 1
8807 1
8806 1
8805 1
8804 1
8803 1
8802 1
8801 1
8420 1
8419 1
8418 1
8417 1
8416 1
8415 1
8414 1
8413 1
8412 1
8411 1
8410 1
8409 1
8408 1
8407 1
8406 1
8405 1
8404 1
8403 1
8402 1
8401 1
8020 1
8019 1
8018 1
8017 1
8016 1
8015 1
8014 1
8013 1
8012 1
8011 1
8010 1
8009 1
8008 1
8007 1
8006 1
8005 1
8004 1
8003 1
8002 1
8001 1
7620 1
7619 1
7618 1
7617 1
7616 1
7615 1
7614 1
7613 1
7612 1
7611 1
7610 1
7609 1
7608 1
7607 1
7606 1
7605 1
7604 1
7603 1
7602 1
7601 1
7220 1
7219 1
7218 1
7217 1
7216 1
7215 1
7214 1
7213 1
7212 1
7211 1
7210 1
7209 1
7208 1
7207 1
7206 1
7205 1
7204 1
7203 1
7202 1
7201 1
6820 1
6819 1
6818 1
6817 1
6816 1
6815 1
6814 1
6813 1
6812 1
6811 1
6810 1
6809 1
6808 1
6807 1
6806 1
6805 1
6804 1
6803 1
6802 1
6801 1
6420 1
6419 1
6418 1
6417 1
6416 1
6415 1
6414 1
6413 1
6412 1
6411 1
6410 1
6409 1
6408 1
6407 1
6406 1
6405 1
6404 1
6403 1
6402 1
6401 1
6020 1
6019 1
6018 1
6017 1
6016 1
6015 1
6014 1
6013 1
6012 1
6011 1
6010 1
6009 1
6008 1
6007 1
6006 1
6005 1
6004 1
6003 1
6002 1
6001 1
20 1
19 1
18 1
17 1
16 1
15 1
14 1
13 1
12 1
11 1
10 1
9 1
8 1
7 1
6 1
5 1
4 1
3 1
2 1
1 1
26020 3
26040 3
26060 3
26080 3
26100 3
26120 3
26140 3
26160 3
26180 3
26200 3
26220 3
26240 3
26260 3
26280 3
26300 3
26320 3
26340 3
26360 3
26380 3
26400 3
2901 1
2801 1
2701 1
2601 1
2501 1
2401 1
2301 1
2201 1
2101 1
2001 1
1901 1
1801 1
1701 1
1601 1
1501 1
1401 1
1301 1
1201 1
1101 1
1001 1
2902 1
2802 1
2702 1
2602 1
2502 1
2402 1
2302 1
2202 1
2102 1
2002 1
1902 1
1802 1
1702 1
1602 1
1502 1
1402 1
1302 1
1202 1
1102 1
1002 1
2903 1
2803 1
2703 1
2603 1
2503 1
2403 1
2303 1
2203 1
2103 1
2003 1
1903 1
1803 1
1703 1
1603 1
1503 1
1403 1
1303 1
1203 1
1103 1
1003 1
2904 1
2804 1
2704 1
2604 1
2504 1
2404 1
2304 1
2204 1
2104 1
2004 1
1904 1
1804 1
1704 1
1604 1
1504 1
1404 1
1304 1
1204 1
1104 1
1004 1
2905 1
2805 1
2705 1
2605 1
2505 1
2405 1
2305 1
2205 1
2105 1
2005 1
1905 1
1805 1
1705 1
1605 1
1505 1
1405 1
1305 1
1205 1
1105 1
1005 1
28981 3
28982 3
28983 3
28984 3
28985 3
28986 3
28987 3
28988 3
28989 3
28990 3
28991 3
28992 3
28993 3
28994 3
28995 3
28996 3
28997 3
28998 3
28999 3
29000 3
28581 3
28582 3
28583 3
28584 3
28585 3
28586 3
28587 3
28588 3
28589 3
28590 3
28591 3
28592 3
28593 3
28594 3
28595 3
28596 3
28597 3
28598 3
28599 3
28600 3
28181 3
28182 3
28183 3
28184 3
28185 3
28186 3
28187 3
28188 3
28189 3
28190 3
28191 3
28192 3
28193 3
28194 3
28195 3
28196 3
28197 3
28198 3
28199 3
28200 3
27781 3
27782 3
27783 3
27784 3
27785 3
27786 3
27787 3
27788 3
27789 3
27790 3
27791 3
27792 3
27793 3
27794 3
27795 3
27796 3
27797 3
27798 3
27799 3
27800 3
27381 3
27382 3
27383 3
27384 3
27385 3
27386 3
27387 3
27388 3
27389 3
27390 3
27391 3
27392 3
27393 3
27394 3
27395 3
27396 3
27397 3
27398 3
27399 3
27400 3
14000 2
13980 2
13960 2
13940 2
13920 2
13900 2
13880 2
13860 2
13840 2
13820 2
13800 2
13780 2
13760 2
13740 2
13720 2
13700 2
13680 2
13660 2
13640 2
13620 2
13600 2
13580 2
13560 2
13540 2
13520 2
13500 2
13480 2
13460 2
13440 2
13420 2
13400 2
13380 2
13360 2
13340 2
13320 2
13300 2
13280 2
13260 2
13240 2
13220 2
13200 2
13180 2
13160 2
13140 2
13120 2
13100 2
13080 2
13060 2
13040 2
13020 2
13000 2
12980 2
12960 2
12940 2
12920 2
12900 2
12880 2
12860 2
12840 2
12820 2
12800 2
12780 2
12760 2
12740 2
12720 2
12700 2
12680 2
12660 2
12640 2
12620 2
12600 2
12580 2
12560 2
12540 2
12520 2
12500 2
12480 2
12460 2
12440 2
12420 2
12400 2
12380 2
12360 2
12340 2
12320 2
12300 2
12280 2
12260 2
12240 2
12220 2
12200 2
12180 2
12160 2
12140 2
12120 2
12100 2
12080 2
12060 2
12040 2
12020 2
12000 2
11980 2
11960 2
11940 2
11920 2
11900 2
11880 2
11860 2
11840 2
11820 2
11800 2
11780 2
11760 2
11740 2
11720 2
11700 2
11680 2
11660 2
11640 2
11620 2
11600 2
11580 2
11560 2
11540 2
11520 2
11500 2
11480 2
11460 2
11440 2
11420 2
11400 2
11380 2
11360 2
11340 2
11320 2
11300 2
11280 2
11260 2
11240 2
11220 2
11200 2
11180 2
11160 2
11140 2
11120 2
11100 2
11080 2
11060 2
11040 2
11020 2
11000 2
10980 2
10960 2
10940 2
10920 2
10900 2
10880 2
10860 2
10840 2
10820 2
10800 2
10780 2
10760 2
10740 2
10720 2
10700 2
10680 2
10660 2
10640 2
10620 2
10600 2
10580 2
10560 2
10540 2
10520 2
10500 2
10480 2
10460 2
10440 2
10420 2
10400 2
10380 2
10360 2
10340 2
10320 2
10300 2
10280 2
10260 2
10240 2
10220 2
10200 2
10180 2
10160 2
10140 2
10120 2
10100 2
10080 2
10060 2
10040 2
10020 2
10000 2
9980 2
9960 2
9940 2
9920 2
9900 2
9880 2
9860 2
9840 2
9820 2
9800 2
9780 2
9760 2
9740 2
9720 2
9700 2
9680 2
9660 2
9640 2
9620 2
9600 2
9580 2
9560 2
9540 2
9520 2
9500 2
9480 2
9460 2
9440 2
9420 2
9400 2
9380 2
9360 2
9340 2
9320 2
9300 2
9280 2
9260 2
9240 2
9220 2
9200 2
9180 2
9160 2
9140 2
9120 2
9100 2
9080 2
9060 2
9040 2
9020 2
9000 2
8980 2
8960 2
8940 2
8920 2
8900 2
8880 2
8860 2
8840 2
8820 2
8800 2
8780 2
8760 2
8740 2
8720 2
8700 2
8680 2
8660 2
8640 2
8620 2
8600 2
8580 2
8560 2
8540 2
8520 2
8500 2
8480 2
8460 2
8440 2
8420 2
8400 2
8380 2
8360 2
8340 2
8320 2
8300 2
8280 2
8260 2
8240 2
8220 2
8200 2
8180 2
8160 2
8140 2
8120 2
8100 2
8080 2
8060 2
8040 2
8020 2
8000 2
7980 2
7960 2
7940 2
7920 2
7900 2
7880 2
7860 2
7840 2
7820 2
7800 2
7780 2
7760 2
7740 2
7720 2
7700 2
7680 2
7660 2
7640 2
7620 2
7600 2
7580 2
7560 2
7540 2
7520 2
7500 2
7480 2
7460 2
7440 2
7420 2
7400 2
7380 2
7360 2
7340 2
7320 2
7300 2
7280 2
7260 2
7240 2
7220 2
7200 2
7180 2
7160 2
7140 2
7120 2
7100 2
7080 2
7060 2
7040 2
7020 2
7000 2
6980 2
6960 2
6940 2
6920 2
6900 2
6880 2
6860 2
6840 2
6820 2
6800 2
6780 2
6760 2
6740 2
6720 2
6700 2
6680 2
6660 2
6640 2
6620 2
6600 2
6580 2
6560 2
6540 2
6520 2
6500 2
6480 2
6460 2
6440 2
6420 2
6400 2
6380 2
6360 2
6340 2
6320 2
6300 2
6280 2
6260 2
6240 2
6220 2
6200 2
6180 2
6160 2
6140 2
6120 2
6100 2
6080 2
6060 2
6040 2
6020 2
40000 2
39980 2
39960 2
39940 2
39920 2
39900 2
39880 2
39860 2
39840 2
39820 2
39800 2
39780 2
39760 2
39740 2
39720 2
39700 2
39680 2
39660 2
39640 2
39620 2
39600 2
39580 2
39560 2
39540 2
39520 2
39500 2
39480 2
39460 2
39440 2
39420 2
39400 2
39380 2
39360 2
39340 2
39320 2
39300 2
39280 2
39260 2
39240 2
39220 2
39200 2
39180 2
39160 2
39140 2
39120 2
39100 2
39080 2
39060 2
39040 2
39020 2
39000 2
38980 2
38960 2
38940 2
38920 2
38900 2
38880 2
38860 2
38840 2
38820 2
38800 2
38780 2
38760 2
38740 2
38720 2
38700 2
38680 2
38660 2
38640 2
38620 2
38600 2
38580 2
38560 2
38540 2
38520 2
38500 2
38480 2
38460 2
38440 2
38420 2
38400 2
38380 2
38360 2
38340 2
38320 2
38300 2
38280 2
38260 2
38240 2
38220 2
38200 2
38180 2
38160 2
38140 2
38120 2
38100 2
38080 2
38060 2
38040 2
38020 2
38000 2
37980 2
37960 2
37940 2
37920 2
37900 2
37880 2
37860 2
37840 2
37820 2
37800 2
37780 2
37760 2
37740 2
37720 2
37700 2
37680 2
37660 2
37640 2
37620 2
37600 2
37580 2
37560 2
37540 2
37520 2
37500 2
37480 2
37460 2
37440 2
37420 2
37400 2
37380 2
37360 2
37340 2
37320 2
37300 2
37280 2
37260 2
37240 2
37220 2
37200 2
37180 2
37160 2
37140 2
37120 2
37100 2
37080 2
37060 2
37040 2
37020 2
37000 2
36980 2
36960 2
36940 2
36920 2
36900 2
36880 2
36860 2
36840 2
36820 2
36800 2
36780 2
36760 2
36740 2
36720 2
36700 2
36680 2
36660 2
36640 2
36620 2
36600 2
36580 2
36560 2
36540 2
36520 2
36500 2
36480 2
36460 2
36440 2
36420 2
36400 2
36380 2
36360 2
36340 2
36320 2
36300 2
36280 2
36260 2
36240 2
36220 2
36200 2
36180 2
36160 2
36140 2
36120 2
36100 2
36080 2
36060 2
36040 2
36020 2
36000 2
35980 2
35960 2
35940 2
35920 2
35900 2
35880 2
35860 2
35840 2
35820 2
35800 2
35780 2
35760 2
35740 2
35720 2
35700 2
35680 2
35660 2
35640 2
35620 2
35600 2
35580 2
35560 2
35540 2
35520 2
35500 2
35480 2
35460 2
35440 2
35420 2
35400 2
35380 2
35360 2
35340 2
35320 2
35300 2
35280 2
35260 2
35240 2
35220 2
35200 2
35180 2
35160 2
35140 2
35120 2
35100 2
35080 2
35060 2
35040 2
35020 2
35000 2
34980 2
34960 2
34940 2
34920 2
34900 2
34880 2
34860 2
34840 2
34820 2
34800 2
34780 2
34760 2
34740 2
34720 2
34700 2
34680 2
34660 2
34640 2
34620 2
34600 2
34580 2
34560 2
34540 2
34520 2
34500 2
34480 2
34460 2
34440 2
34420 2
34400 2
34380 2
34360 2
34340 2
34320 2
34300 2
34280 2
34260 2
34240 2
34220 2
34200 2
34180 2
34160 2
34140 2
34120 2
34100 2
34080 2
34060 2
34040 2
34020 2
34000 2
33980 2
33960 2
33940 2
33920 2
33900 2
33880 2
33860 2
33840 2
33820 2
33800 2
33780 2
33760 2
33740 2
33720 2
33700 2
33680 2
33660 2
33640 2
33620 2
33600 2
33580 2
33560 2
33540 2
33520 2
33500 2
33480 2
33460 2
33440 2
33420 2
33400 2
33380 2
33360 2
33340 2
33320 2
33300 2
33280 2
33260 2
33240 2
33220 2
33200 2
33180 2
33160 2
33140 2
33120 2
33100 2
33080 2
33060 2
33040 2
33020 2
33000 2
32980 2
32960 2
32940 2
32920 2
32900 2
32880 2
32860 2
32840 2
32820 2
32800 2
32780 2
32760 2
32740 2
32720 2
32700 2
32680 2
32660 2
32640 2
32620 2
32600 2
32580 2
32560 2
32540 2
32520 2
32500 2
32480 2
32460 2
32440 2
32420 2
32400 2
32380 2
32360 2
32340 2
32320 2
32300 2
32280 2
32260 2
32240 2
32220 2
32200 2
32180 2
32160 2
32140 2
32120 2
32100 2
32080 2
32060 2
32040 2
32020 2
26400 6
26399 6
26398 6
26397 6
26396 6
26395 6
26394 6
26393 6
26392 6
26391 6
26390 6
26389 6
26388 6
26387 6
26386 6
26385 6
26384 6
26383 6
26382 6
26381 6
26591 3
26592 3
26593 3
26594 3
26595 3
26596 3
26597 3
26598 3
26599 3
26600 3
26601 5
26602 5
26603 5
26604 5
26605 5
26606 5
26607 5
26608 5
26609 5
26610 5
26611 5
26612 5
26613 5
26614 5
26615 5
26616 5
26617 5
26618 5
26619 5
26620 5
28601 4
28621 4
28641 4
28661 4
28681 4
28701 4
28721 4
28741 4
28761 4
28781 4
28801 4
28821 4
28841 4
28861 4
28881 4
28901 4
28921 4
28941 4
28961 4
28981 4
28201 4
28221 4
28241 4
28261 4
28281 4
28301 4
28321 4
28341 4
28361 4
28381 4
28401 4
28421 4
28441 4
28461 4
28481 4
28501 4
28521 4
28541 4
28561 4
28581 4
27801 4
27821 4
27841 4
27861 4
27881 4
27901 4
27921 4
27941 4
27961 4
27981 4
28001 4
28021 4
28041 4
28061 4
28081 4
28101 4
28121 4
28141 4
28161 4
28181 4
27401 4
27421 4
27441 4
27461 4
27481 4
27501 4
27521 4
27541 4
27561 4
27581 4
27601 4
27621 4
27641 4
27661 4
27681 4
27701 4
27721 4
27741 4
27761 4
27781 4
27001 4
27021 4
27041 4
27061 4
27081 4
27101 4
27121 4
27141 4
27161 4
27181 4
27201 4
27221 4
27241 4
27261 4
27281 4
27301 4
27321 4
27341 4
27361 4
27381 4
29096 3
29196 3
29296 3
29396 3
29496 3
29596 3
29696 3
29796 3
29896 3
29996 3
29097 3
29197 3
29297 3
29397 3
29497 3
29597 3
29697 3
29797 3
29897 3
29997 3
29098 3
29198 3
29298 3
29398 3
29498 3
29598 3
29698 3
29798 3
29898 3
29998 3
29099 3
29199 3
29299 3
29399 3
29499 3
29599 3
29699 3
29799 3
29899 3
29999 3
29100 3
29200 3
29300 3
29400 3
29500 3
29600 3
29700 3
29800 3
29900 3
30000 3
32000 2
31980 2
31960 2
31940 2
31920 2
31900 2
31880 2
31860 2
31840 2
31820 2
31800 2
31780 2
31760 2
31740 2
31720 2
31700 2
31680 2
31660 2
31640 2
31620 2
31600 2
31580 2
31560 2
31540 2
31520 2
31500 2
31480 2
31460 2
31440 2
31420 2
31400 2
31380 2
31360 2
31340 2
31320 2
31300 2
31280 2
31260 2
31240 2
31220 2
31200 2
31180 2
31160 2
31140 2
31120 2
31100 2
31080 2
31060 2
31040 2
31020 2
31000 2
30980 2
30960 2
30940 2
30920 2
30900 2
30880 2
30860 2
30840 2
30820 2
30800 2
30780 2
30760 2
30740 2
30720 2
30700 2
30680 2
30660 2
30640 2
30620 2
30600 2
30580 2
30560 2
30540 2
30520 2
30500 2
30480 2
30460 2
30440 2
30420 2
30400 2
30380 2
30360 2
30340 2
30320 2
30300 2
30280 2
30260 2
30240 2
30220 2
30200 2
30180 2
30160 2
30140 2
30120 2
30100 2
30080 2
30060 2
30040 2
30020 2
39981 3
39982 3
39983 3
39984 3
39985 3
39986 3
39987 3
39988 3
39989 3
39990 3
39991 3
39992 3
39993 3
39994 3
39995 3
39996 3
39997 3
39998 3
39999 3
40000 3
39581 3
39582 3
39583 3
39584 3
39585 3
39586 3
39587 3
39588 3
39589 3
39590 3
39591 3
39592 3
39593 3
39594 3
39595 3
39596 3
39597 3
39598 3
39599 3
39600 3
39181 3
39182 3
39183 3
39184 3
39185 3
39186 3
39187 3
39188 3
39189 3
39190 3
39191 3
39192 3
39193 3
39194 3
39195 3
39196 3
39197 3
39198 3
39199 3
39200 3
38781 3
38782 3
38783 3
38784 3
38785 3
38786 3
38787 3
38788 3
38789 3
38790 3
38791 3
38792 3
38793 3
38794 3
38795 3
38796 3
38797 3
38798 3
38799 3
38800 3
38381 3
38382 3
38383 3
38384 3
38385 3
38386 3
38387 3
38388 3
38389 3
38390 3
38391 3
38392 3
38393 3
38394 3
38395 3
38396 3
38397 3
38398 3
38399 3
38400 3
37981 3
37982 3
37983 3
37984 3
37985 3
37986 3
37987 3
37988 3
37989 3
37990 3
37991 3
37992 3
37993 3
37994 3
37995 3
37996 3
37997 3
37998 3
37999 3
38000 3
37581 3
37582 3
37583 3
37584 3
37585 3
37586 3
37587 3
37588 3
37589 3
37590 3
37591 3
37592 3
37593 3
37594 3
37595 3
37596 3
37597 3
37598 3
37599 3
37600 3
37181 3
37182 3
37183 3
37184 3
37185 3
37186 3
37187 3
37188 3
37189 3
37190 3
37191 3
37192 3
37193 3
37194 3
37195 3
37196 3
37197 3
37198 3
37199 3
37200 3
36781 3
36782 3
36783 3
36784 3
36785 3
36786 3
36787 3
36788 3
36789 3
36790 3
36791 3
36792 3
36793 3
36794 3
36795 3
36796 3
36797 3
36798 3
36799 3
36800 3
36381 3
36382 3
36383 3
36384 3
36385 3
36386 3
36387 3
36388 3
36389 3
36390 3
36391 3
36392 3
36393 3
36394 3
36395 3
36396 3
36397 3
36398 3
36399 3
36400 3
35981 3
35982 3
35983 3
35984 3
35985 3
35986 3
35987 3
35988 3
35989 3
35990 3
35991 3
35992 3
35993 3
35994 3
35995 3
35996 3
35997 3
35998 3
35999 3
36000 3
35581 3
35582 3
35583 3
35584 3
35585 3
35586 3
35587 3
35588 3
35589 3
35590 3
35591 3
35592 3
35593 3
35594 3
35595 3
35596 3
35597 3
35598 3
35599 3
35600 3
35181 3
35182 3
35183 3
35184 3
35185 3
35186 3
35187 3
35188 3
35189 3
35190 3
35191 3
35192 3
35193 3
35194 3
35195 3
35196 3
35197 3
35198 3
35199 3
35200 3
34781 3
34782 3
34783 3
34784 3
34785 3
34786 3
34787 3
34788 3
34789 3
34790 3
34791 3
34792 3
34793 3
34794 3
34795 3
34796 3
34797 3
34798 3
34799 3
34800 3
34381 3
34382 3
34383 3
34384 3
34385 3
34386 3
34387 3
34388 3
34389 3
34390 3
34391 3
34392 3
34393 3
34394 3
34395 3
34396 3
34397 3
34398 3
34399 3
34400 3
33981 3
33982 3
33983 3
33984 3
33985 3
33986 3
33987 3
33988 3
33989 3
33990 3
33991 3
33992 3
33993 3
33994 3
33995 3
33996 3
33997 3
33998 3
33999 3
34000 3
33581 3
33582 3
33583 3
33584 3
33585 3
33586 3
33587 3
33588 3
33589 3
33590 3
33591 3
33592 3
33593 3
33594 3
33595 3
33596 3
33597 3
33598 3
33599 3
33600 3
33181 3
33182 3
33183 3
33184 3
33185 3
33186 3
33187 3
33188 3
33189 3
33190 3
33191 3
33192 3
33193 3
33194 3
33195 3
33196 3
33197 3
33198 3
33199 3
33200 3
32781 3
32782 3
32783 3
32784 3
32785 3
32786 3
32787 3
32788 3
32789 3
32790 3
32791 3
32792 3
32793 3
32794 3
32795 3
32796 3
32797 3
32798 3
32799 3
32800 3
32381 3
32382 3
32383 3
32384 3
32385 3
32386 3
32387 3
32388 3
32389 3
32390 3
32391 3
32392 3
32393 3
32394 3
32395 3
32396 3
32397 3
32398 3
32399 3
32400 3
40381 3
40781 3
41181 3
41581 3
41981 3
42381 3
42781 3
43181 3
43581 3
43981 3
40382 3
40782 3
41182 3
41582 3
41982 3
42382 3
42782 3
43182 3
43582 3
43982 3
40383 3
40783 3
41183 3
41583 3
41983 3
42383 3
42783 3
43183 3
43583 3
43983 3
40384 3
40784 3
41184 3
41584 3
41984 3
42384 3
42784 3
43184 3
43584 3
43984 3
40385 3
40785 3
41185 3
41585 3
41985 3
42385 3
42785 3
43185 3
43585 3
43985 3
40386 3
40786 3
41186 3
41586 3
41986 3
42386 3
42786 3
43186 3
43586 3
43986 3
40387 3
40787 3
41187 3
41587 3
41987 3
42387 3
42787 3
43187 3
43587 3
43987 3
40388 3
40788 3
41188 3
41588 3
41988 3
42388 3
42788 3
43188 3
43588 3
43988 3
40389 3
40789 3
41189 3
41589 3
41989 3
42389 3
42789 3
43189 3
43589 3
43989 3
40390 3
40790 3
41190 3
41590 3
41990 3
42390 3
42790 3
43190 3
43590 3
43990 3
40391 3
40791 3
41191 3
41591 3
41991 3
42391 3
42791 3
43191 3
43591 3
43991 3
40392 3
40792 3
41192 3
41592 3
41992 3
42392 3
42792 3
43192 3
43592 3
43992 3
40393 3
40793 3
41193 3
41593 3
41993 3
42393 3
42793 3
43193 3
43593 3
43993 3
40394 3
40794 3
41194 3
41594 3
41994 3
42394 3
42794 3
43194 3
43594 3
43994 3
40395 3
40795 3
41195 3
41595 3
41995 3
42395 3
42795 3
43195 3
43595 3
43995 3
40396 3
40796 3
41196 3
41596 3
41996 3
42396 3
42796 3
43196 3
43596 3
43996 3
40397 3
40797 3
41197 3
41597 3
41997 3
42397 3
42797 3
43197 3
43597 3
43997 3
40398 3
40798 3
41198 3
41598 3
41998 3
42398 3
42798 3
43198 3
43598 3
43998 3
40399 3
40799 3
41199 3
41599 3
41999 3
42399 3
42799 3
43199 3
43599 3
43999 3
40400 3
40800 3
41200 3
41600 3
42000 3
42400 3
42800 3
43200 3
43600 3
44000 3
51620 1
51619 1
51618 1
51617 1
51616 1
51615 1
51614 1
51613 1
51612 1
51611 1
51610 1
51609 1
51608 1
51607 1
51606 1
51605 1
51604 1
51603 1
51602 1
51601 1
51220 1
51219 1
51218 1
51217 1
51216 1
51215 1
51214 1
51213 1
51212 1
51211 1
51210 1
51209 1
51208 1
51207 1
51206 1
51205 1
51204 1
51203 1
51202 1
51201 1
50820 1
50819 1
50818 1
50817 1
50816 1
50815 1
50814 1
50813 1
50812 1
50811 1
50810 1
50809 1
50808 1
50807 1
50806 1
50805 1
50804 1
50803 1
50802 1
50801 1
50420 1
50419 1
50418 1
50417 1
50416 1
50415 1
50414 1
50413 1
50412 1
50411 1
50410 1
50409 1
50408 1
50407 1
50406 1
50405 1
50404 1
50403 1
50402 1
50401 1
50020 1
50019 1
50018 1
50017 1
50016 1
50015 1
50014 1
50013 1
50012 1
50011 1
50010 1
50009 1
50008 1
50007 1
50006 1
50005 1
50004 1
50003 1
50002 1
50001 1
49620 1
49619 1
49618 1
49617 1
49616 1
49615 1
49614 1
49613 1
49612 1
49611 1
49610 1
49609 1
49608 1
49607 1
49606 1
49605 1
49604 1
49603 1
49602 1
49601 1
49220 1
49219 1
49218 1
49217 1
49216 1
49215 1
49214 1
49213 1
49212 1
49211 1
49210 1
49209 1
49208 1
49207 1
49206 1
49205 1
49204 1
49203 1
49202 1
49201 1
48820 1
48819 1
48818 1
48817 1
48816 1
48815 1
48814 1
48813 1
48812 1
48811 1
48810 1
48809 1
48808 1
48807 1
48806 1
48805 1
48804 1
48803 1
48802 1
48801 1
48420 1
48419 1
48418 1
48417 1
48416 1
48415 1
48414 1
48413 1
48412 1
48411 1
48410 1
48409 1
48408 1
48407 1
48406 1
48405 1
48404 1
48403 1
48402 1
48401 1
48020 1
48019 1
48018 1
48017 1
48016 1
48015 1
48014 1
48013 1
48012 1
48011 1
48010 1
48009 1
48008 1
48007 1
48006 1
48005 1
48004 1
48003 1
48002 1
48001 1
47620 1
47619 1
47618 1
47617 1
47616 1
47615 1
47614 1
47613 1
47612 1
47611 1
47610 1
47609 1
47608 1
47607 1
47606 1
47605 1
47604 1
47603 1
47602 1
47601 1
47220 1
47219 1
47218 1
47217 1
47216 1
47215 1
47214 1
47213 1
47212 1
47211 1
47210 1
47209 1
47208 1
47207 1
47206 1
47205 1
47204 1
47203 1
47202 1
47201 1
46820 1
46819 1
46818 1
46817 1
46816 1
46815 1
46814 1
46813 1
46812 1
46811 1
46810 1
46809 1
46808 1
46807 1
46806 1
46805 1
46804 1
46803 1
46802 1
46801 1
46420 1
46419 1
46418 1
46417 1
46416 1
46415 1
46414 1
46413 1
46412 1
46411 1
46410 1
46409 1
46408 1
46407 1
46406 1
46405 1
46404 1
46403 1
46402 1
46401 1
46020 1
46019 1
46018 1
46017 1
46016 1
46015 1
46014 1
46013 1
46012 1
46011 1
46010 1
46009 1
46008 1
46007 1
46006 1
46005 1
46004 1
46003 1
46002 1
46001 1
45620 1
45619 1
45618 1
45617 1
45616 1
45615 1
45614 1
45613 1
45612 1
45611 1
45610 1
45609 1
45608 1
45607 1
45606 1
45605 1
45604 1
45603 1
45602 1
45601 1
45220 1
45219 1
45218 1
45217 1
45216 1
45215 1
45214 1
45213 1
45212 1
45211 1
45210 1
45209 1
45208 1
45207 1
45206 1
45205 1
45204 1
45203 1
45202 1
45201 1
44820 1
44819 1
44818 1
44817 1
44816 1
44815 1
44814 1
44813 1
44812 1
44811 1
44810 1
44809 1
44808 1
44807 1
44806 1
44805 1
44804 1
44803 1
44802 1
44801 1
44420 1
44419 1
44418 1
44417 1
44416 1
44415 1
44414 1
44413 1
44412 1
44411 1
44410 1
44409 1
44408 1
44407 1
44406 1
44405 1
44404 1
44403 1
44402 1
44401 1
44020 1
44019 1
44018 1
44017 1
44016 1
44015 1
44014 1
44013 1
44012 1
44011 1
44010 1
44009 1
44008 1
44007 1
44006 1
44005 1
44004 1
44003 1
44002 1
44001 1
32001 5
32021 5
32041 5
32061 5
32081 5
32101 5
32121 5
32141 5
32161 5
32181 5
32201 5
32221 5
32241 5
32261 5
32281 5
32301 5
32321 5
32341 5
32361 5
32381 5
32002 5
32022 5
32042 5
32062 5
32082 5
32102 5
32122 5
32142 5
32162 5
32182 5
32202 5
32222 5
32242 5
32262 5
32282 5
32302 5
32322 5
32342 5
32362 5
32382 5
32003 5
32023 5
32043 5
32063 5
32083 5
32103 5
32123 5
32143 5
32163 5
32183 5
32203 5
32223 5
32243 5
32263 5
32283 5
32303 5
32323 5
32343 5
32363 5
32383 5
32004 5
32024 5
32044 5
32064 5
32084 5
32104 5
32124 5
32144 5
32164 5
32184 5
32204 5
32224 5
32244 5
32264 5
32284 5
32304 5
32324 5
32344 5
32364 5
32384 5
32005 5
32025 5
32045 5
32065 5
32085 5
32105 5
32125 5
32145 5
32165 5
32185 5
32205 5
32225 5
32245 5
32265 5
32285 5
32305 5
32325 5
32345 5
32365 5
32385 5
32006 5
32026 5
32046 5
32066 5
32086 5
32106 5
32126 5
32146 5
32166 5
32186 5
32206 5
32226 5
32246 5
32266 5
32286 5
32306 5
32326 5
32346 5
32366 5
32386 5
32007 5
32027 5
32047 5
32067 5
32087 5
32107 5
32127 5
32147 5
32167 5
32187 5
32207 5
32227 5
32247 5
32267 5
32287 5
32307 5
32327 5
32347 5
32367 5
32387 5
32008 5
32028 5
32048 5
32068 5
32088 5
32108 5
32128 5
32148 5
32168 5
32188 5
32208 5
32228 5
32248 5
32268 5
32288 5
32308 5
32328 5
32348 5
32368 5
32388 5
32009 5
32029 5
32049 5
32069 5
32089 5
32109 5
32129 5
32149 5
32169 5
32189 5
32209 5
32229 5
32249 5
32269 5
32289 5
32309 5
32329 5
32349 5
32369 5
32389 5
32010 5
32030 5
32050 5
32070 5
32090 5
32110 5
32130 5
32150 5
32170 5
32190 5
32210 5
32230 5
32250 5
32270 5
32290 5
32310 5
32330 5
32350 5
32370 5
32390 5
32011 5
32031 5
32051 5
32071 5
32091 5
32111 5
32131 5
32151 5
32171 5
32191 5
32211 5
32231 5
32251 5
32271 5
32291 5
32311 5
32331 5
32351 5
32371 5
32391 5
32012 5
32032 5
32052 5
32072 5
32092 5
32112 5
32132 5
32152 5
32172 5
32192 5
32212 5
32232 5
32252 5
32272 5
32292 5
32312 5
32332 5
32352 5
32372 5
32392 5
32013 5
32033 5
32053 5
32073 5
32093 5
32113 5
32133 5
32153 5
32173 5
32193 5
32213 5
32233 5
32253 5
32273 5
32293 5
32313 5
32333 5
32353 5
32373 5
32393 5
32014 5
32034 5
32054 5
32074 5
32094 5
32114 5
32134 5
32154 5
32174 5
32194 5
32214 5
32234 5
32254 5
32274 5
32294 5
32314 5
32334 5
32354 5
32374 5
32394 5
32015 5
32035 5
32055 5
32075 5
32095 5
32115 5
32135 5
32155 5
32175 5
32195 5
32215 5
32235 5
32255 5
32275 5
32295 5
32315 5
32335 5
32355 5
32375 5
32395 5
32016 5
32036 5
32056 5
32076 5
32096 5
32116 5
32136 5
32156 5
32176 5
32196 5
32216 5
32236 5
32256 5
32276 5
32296 5
32316 5
32336 5
32356 5
32376 5
32396 5
32017 5
32037 5
32057 5
32077 5
32097 5
32117 5
32137 5
32157 5
32177 5
32197 5
32217 5
32237 5
32257 5
32277 5
32297 5
32317 5
32337 5
32357 5
32377 5
32397 5
32018 5
32038 5
32058 5
32078 5
32098 5
32118 5
32138 5
32158 5
32178 5
32198 5
32218 5
32238 5
32258 5
32278 5
32298 5
32318 5
32338 5
32358 5
32378 5
32398 5
32019 5
32039 5
32059 5
32079 5
32099 5
32119 5
32139 5
32159 5
32179 5
32199 5
32219 5
32239 5
32259 5
32279 5
32299 5
32319 5
32339 5
32359 5
32379 5
32399 5
32020 5
32040 5
32060 5
32080 5
32100 5
32120 5
32140 5
32160 5
32180 5
32200 5
32220 5
32240 5
32260 5
32280 5
32300 5
32320 5
32340 5
32360 5
32380 5
32400 5
44000 2
43980 2
43960 2
43940 2
43920 2
43900 2
43880 2
43860 2
43840 2
43820 2
43800 2
43780 2
43760 2
43740 2
43720 2
43700 2
43680 2
43660 2
43640 2
43620 2
43600 2
43580 2
43560 2
43540 2
43520 2
43500 2
43480 2
43460 2
43440 2
43420 2
43400 2
43380 2
43360 2
43340 2
43320 2
43300 2
43280 2
43260 2
43240 2
43220 2
43200 2
43180 2
43160 2
43140 2
43120 2
43100 2
43080 2
43060 2
43040 2
43020 2
43000 2
42980 2
42960 2
42940 2
42920 2
42900 2
42880 2
42860 2
42840 2
42820 2
42800 2
42780 2
42760 2
42740 2
42720 2
42700 2
42680 2
42660 2
42640 2
42620 2
42600 2
42580 2
42560 2
42540 2
42520 2
42500 2
42480 2
42460 2
42440 2
42420 2
42400 2
42380 2
42360 2
42340 2
42320 2
42300 2
42280 2
42260 2
42240 2
42220 2
42200 2
42180 2
42160 2
42140 2
42120 2
42100 2
42080 2
42060 2
42040 2
42020 2
42000 2
41980 2
41960 2
41940 2
41920 2
41900 2
41880 2
41860 2
41840 2
41820 2
41800 2
41780 2
41760 2
41740 2
41720 2
41700 2
41680 2
41660 2
41640 2
41620 2
41600 2
41580 2
41560 2
41540 2
41520 2
41500 2
41480 2
41460 2
41440 2
41420 2
41400 2
41380 2
41360 2
41340 2
41320 2
41300 2
41280 2
41260 2
41240 2
41220 2
41200 2
41180 2
41160 2
41140 2
41120 2
41100 2
41080 2
41060 2
41040 2
41020 2
41000 2
40980 2
40960 2
40940 2
40920 2
40900 2
40880 2
40860 2
40840 2
40820 2
40800 2
40780 2
40760 2
40740 2
40720 2
40700 2
40680 2
40660 2
40640 2
40620 2
40600 2
40580 2
40560 2
40540 2
40520 2
40500 2
40480 2
40460 2
40440 2
40420 2
40400 2
40380 2
40360 2
40340 2
40320 2
40300 2
40280 2
40260 2
40240 2
40220 2
40200 2
40180 2
40160 2
40140 2
40120 2
40100 2
40080 2
40060 2
40040 2
40020 2
44001 5
44021 5
44041 5
44061 5
44081 5
44101 5
44121 5
44141 5
44161 5
44181 5
44201 5
44221 5
44241 5
44261 5
44281 5
44301 5
44321 5
44341 5
44361 5
44381 5
44002 5
44022 5
44042 5
44062 5
44082 5
44102 5
44122 5
44142 5
44162 5
44182 5
44202 5
44222 5
44242 5
44262 5
44282 5
44302 5
44322 5
44342 5
44362 5
44382 5
44003 5
44023 5
44043 5
44063 5
44083 5
44103 5
44123 5
44143 5
44163 5
44183 5
44203 5
44223 5
44243 5
44263 5
44283 5
44303 5
44323 5
44343 5
44363 5
44383 5
44004 5
44024 5
44044 5
44064 5
44084 5
44104 5
44124 5
44144 5
44164 5
44184 5
44204 5
44224 5
44244 5
44264 5
44284 5
44304 5
44324 5
44344 5
44364 5
44384 5
44005 5
44025 5
44045 5
44065 5
44085 5
44105 5
44125 5
44145 5
44165 5
44185 5
44205 5
44225 5
44245 5
44265 5
44285 5
44305 5
44325 5
44345 5
44365 5
44385 5
44006 5
44026 5
44046 5
44066 5
44086 5
44106 5
44126 5
44146 5
44166 5
44186 5
44206 5
44226 5
44246 5
44266 5
44286 5
44306 5
44326 5
44346 5
44366 5
44386 5
44007 5
44027 5
44047 5
44067 5
44087 5
44107 5
44127 5
44147 5
44167 5
44187 5
44207 5
44227 5
44247 5
44267 5
44287 5
44307 5
44327 5
44347 5
44367 5
44387 5
44008 5
44028 5
44048 5
44068 5
44088 5
44108 5
44128 5
44148 5
44168 5
44188 5
44208 5
44228 5
44248 5
44268 5
44288 5
44308 5
44328 5
44348 5
44368 5
44388 5
44009 5
44029 5
44049 5
44069 5
44089 5
44109 5
44129 5
44149 5
44169 5
44189 5
44209 5
44229 5
44249 5
44269 5
44289 5
44309 5
44329 5
44349 5
44369 5
44389 5
44010 5
44030 5
44050 5
44070 5
44090 5
44110 5
44130 5
44150 5
44170 5
44190 5
44210 5
44230 5
44250 5
44270 5
44290 5
44310 5
44330 5
44350 5
44370 5
44390 5
44011 5
44031 5
44051 5
44071 5
44091 5
44111 5
44131 5
44151 5
44171 5
44191 5
44211 5
44231 5
44251 5
44271 5
44291 5
44311 5
44331 5
44351 5
44371 5
44391 5
44012 5
44032 5
44052 5
44072 5
44092 5
44112 5
44132 5
44152 5
44172 5
44192 5
44212 5
44232 5
44252 5
44272 5
44292 5
44312 5
44332 5
44352 5
44372 5
44392 5
44013 5
44033 5
44053 5
44073 5
44093 5
44113 5
44133 5
44153 5
44173 5
44193 5
44213 5
44233 5
44253 5
44273 5
44293 5
44313 5
44333 5
44353 5
44373 5
44393 5
44014 5
44034 5
44054 5
44074 5
44094 5
44114 5
44134 5
44154 5
44174 5
44194 5
44214 5
44234 5
44254 5
44274 5
44294 5
44314 5
44334 5
44354 5
44374 5
44394 5
44015 5
44035 5
44055 5
44075 5
44095 5
44115 5
44135 5
44155 5
44175 5
44195 5
44215 5
44235 5
44255 5
44275 5
44295 5
44315 5
44335 5
44355 5
44375 5
44395 5
44016 5
44036 5
44056 5
44076 5
44096 5
44116 5
44136 5
44156 5
44176 5
44196 5
44216 5
44236 5
44256 5
44276 5
44296 5
44316 5
44336 5
44356 5
44376 5
44396 5
44017 5
44037 5
44057 5
44077 5
44097 5
44117 5
44137 5
44157 5
44177 5
44197 5
44217 5
44237 5
44257 5
44277 5
44297 5
44317 5
44337 5
44357 5
44377 5
44397 5
44018 5
44038 5
44058 5
44078 5
44098 5
44118 5
44138 5
44158 5
44178 5
44198 5
44218 5
44238 5
44258 5
44278 5
44298 5
44318 5
44338 5
44358 5
44378 5
44398 5
44019 5
44039 5
44059 5
44079 5
44099 5
44119 5
44139 5
44159 5
44179 5
44199 5
44219 5
44239 5
44259 5
44279 5
44299 5
44319 5
44339 5
44359 5
44379 5
44399 5
44020 5
44040 5
44060 5
44080 5
44100 5
44120 5
44140 5
44160 5
44180 5
44200 5
44220 5
44240 5
44260 5
44280 5
44300 5
44320 5
44340 5
44360 5
44380 5
44400 5
6001 5
6021 5
6041 5
6061 5
6081 5
6101 5
6121 5
6141 5
6161 5
6181 5
6201 5
6221 5
6241 5
6261 5
6281 5
6301 5
6321 5
6341 5
6361 5
6381 5
6002 5
6022 5
6042 5
6062 5
6082 5
6102 5
6122 5
6142 5
6162 5
6182 5
6202 5
6222 5
6242 5
6262 5
6282 5
6302 5
6322 5
6342 5
6362 5
6382 5
6003 5
6023 5
6043 5
6063 5
6083 5
6103 5
6123 5
6143 5
6163 5
6183 5
6203 5
6223 5
6243 5
6263 5
6283 5
6303 5
6323 5
6343 5
6363 5
6383 5
6004 5
6024 5
6044 5
6064 5
6084 5
6104 5
6124 5
6144 5
6164 5
6184 5
6204 5
6224 5
6244 5
6264 5
6284 5
6304 5
6324 5
6344 5
6364 5
6384 5
6005 5
6025 5
6045 5
6065 5
6085 5
6105 5
6125 5
6145 5
6165 5
6185 5
6205 5
6225 5
6245 5
6265 5
6285 5
6305 5
6325 5
6345 5
6365 5
6385 5
6006 5
6026 5
6046 5
6066 5
6086 5
6106 5
6126 5
6146 5
6166 5
6186 5
6206 5
6226 5
6246 5
6266 5
6286 5
6306 5
6326 5
6346 5
6366 5
6386 5
6007 5
6027 5
6047 5
6067 5
6087 5
6107 5
6127 5
6147 5
6167 5
6187 5
6207 5
6227 5
6247 5
6267 5
6287 5
6307 5
6327 5
6347 5
6367 5
6387 5
6008 5
6028 5
6048 5
6068 5
6088 5
6108 5
6128 5
6148 5
6168 5
6188 5
6208 5
6228 5
6248 5
6268 5
6288 5
6308 5
6328 5
6348 5
6368 5
6388 5
6009 5
6029 5
6049 5
6069 5
6089 5
6109 5
6129 5
6149 5
6169 5
6189 5
6209 5
6229 5
6249 5
6269 5
6289 5
6309 5
6329 5
6349 5
6369 5
6389 5
6010 5
6030 5
6050 5
6070 5
6090 5
6110 5
6130 5
6150 5
6170 5
6190 5
6210 5
6230 5
6250 5
6270 5
6290 5
6310 5
6330 5
6350 5
6370 5
6390 5
6011 5
6031 5
6051 5
6071 5
6091 5
6111 5
6131 5
6151 5
6171 5
6191 5
6211 5
6231 5
6251 5
6271 5
6291 5
6311 5
6331 5
6351 5
6371 5
6391 5
6012 5
6032 5
6052 5
6072 5
6092 5
6112 5
6132 5
6152 5
6172 5
6192 5
6212 5
6232 5
6252 5
6272 5
6292 5
6312 5
6332 5
6352 5
6372 5
6392 5
6013 5
6033 5
6053 5
6073 5
6093 5
6113 5
6133 5
6153 5
6173 5
6193 5
6213 5
6233 5
6253 5
6273 5
6293 5
6313 5
6333 5
6353 5
6373 5
6393 5
6014 5
6034 5
6054 5
6074 5
6094 5
6114 5
6134 5
6154 5
6174 5
6194 5
6214 5
6234 5
6254 5
6274 5
6294 5
6314 5
6334 5
6354 5
6374 5
6394 5
6015 5
6035 5
6055 5
6075 5
6095 5
6115 5
6135 5
6155 5
6175 5
6195 5
6215 5
6235 5
6255 5
6275 5
6295 5
6315 5
6335 5
6355 5
6375 5
6395 5
6016 5
6036 5
6056 5
6076 5
6096 5
6116 5
6136 5
6156 5
6176 5
6196 5
6216 5
6236 5
6256 5
6276 5
6296 5
6316 5
6336 5
6356 5
6376 5
6396 5
6017 5
6037 5
6057 5
6077 5
6097 5
6117 5
6137 5
6157 5
6177 5
6197 5
6217 5
6237 5
6257 5
6277 5
6297 5
6317 5
6337 5
6357 5
6377 5
6397 5
6018 5
6038 5
6058 5
6078 5
6098 5
6118 5
6138 5
6158 5
6178 5
6198 5
6218 5
6238 5
6258 5
6278 5
6298 5
6318 5
6338 5
6358 5
6378 5
6398 5
6019 5
6039 5
6059 5
6079 5
6099 5
6119 5
6139 5
6159 5
6179 5
6199 5
6219 5
6239 5
6259 5
6279 5
6299 5
6319 5
6339 5
6359 5
6379 5
6399 5
6020 5
6040 5
6060 5
6080 5
6100 5
6120 5
6140 5
6160 5
6180 5
6200 5
6220 5
6240 5
6260 5
6280 5
6300 5
6320 5
6340 5
6360 5
6380 5
6400 5
18000 2
17980 2
17960 2
17940 2
17920 2
17900 2
17880 2
17860 2
17840 2
17820 2
17800 2
17780 2
17760 2
17740 2
17720 2
17700 2
17680 2
17660 2
17640 2
17620 2
17600 2
17580 2
17560 2
17540 2
17520 2
17500 2
17480 2
17460 2
17440 2
17420 2
17400 2
17380 2
17360 2
17340 2
17320 2
17300 2
17280 2
17260 2
17240 2
17220 2
17200 2
17180 2
17160 2
17140 2
17120 2
17100 2
17080 2
17060 2
17040 2
17020 2
17000 2
16980 2
16960 2
16940 2
16920 2
16900 2
16880 2
16860 2
16840 2
16820 2
16800 2
16780 2
16760 2
16740 2
16720 2
16700 2
16680 2
16660 2
16640 2
16620 2
16600 2
16580 2
16560 2
16540 2
16520 2
16500 2
16480 2
16460 2
16440 2
16420 2
16400 2
16380 2
16360 2
16340 2
16320 2
16300 2
16280 2
16260 2
16240 2
16220 2
16200 2
16180 2
16160 2
16140 2
16120 2
16100 2
16080 2
16060 2
16040 2
16020 2
16000 2
15980 2
15960 2
15940 2
15920 2
15900 2
15880 2
15860 2
15840 2
15820 2
15800 2
15780 2
15760 2
15740 2
15720 2
15700 2
15680 2
15660 2
15640 2
15620 2
15600 2
15580 2
15560 2
15540 2
15520 2
15500 2
15480 2
15460 2
15440 2
15420 2
15400 2
15380 2
15360 2
15340 2
15320 2
15300 2
15280 2
15260 2
15240 2
15220 2
15200 2
15180 2
15160 2
15140 2
15120 2
15100 2
15080 2
15060 2
15040 2
15020 2
15000 2
14980 2
14960 2
14940 2
14920 2
14900 2
14880 2
14860 2
14840 2
14820 2
14800 2
14780 2
14760 2
14740 2
14720 2
14700 2
14680 2
14660 2
14640 2
14620 2
14600 2
14580 2
14560 2
14540 2
14520 2
14500 2
14480 2
14460 2
14440 2
14420 2
14400 2
14380 2
14360 2
14340 2
14320 2
14300 2
14280 2
14260 2
14240 2
14220 2
14200 2
14180 2
14160 2
14140 2
14120 2
14100 2
14080 2
14060 2
14040 2
14020 2
25620 2
25220 2
24820 2
24420 2
24020 2
23620 2
23220 2
22820 2
22420 2
22020 2
21620 2
21220 2
20820 2
20420 2
20020 2
19620 2
19220 2
18820 2
18420 2
18020 2
25640 2
25240 2
24840 2
24440 2
24040 2
23640 2
23240 2
22840 2
22440 2
22040 2
21640 2
21240 2
20840 2
20440 2
20040 2
19640 2
19240 2
18840 2
18440 2
18040 2
25660 2
25260 2
24860 2
24460 2
24060 2
23660 2
23260 2
22860 2
22460 2
22060 2
21660 2
21260 2
20860 2
20460 2
20060 2
19660 2
19260 2
18860 2
18460 2
18060 2
25680 2
25280 2
24880 2
24480 2
24080 2
23680 2
23280 2
22880 2
22480 2
22080 2
21680 2
21280 2
20880 2
20480 2
20080 2
19680 2
19280 2
18880 2
18480 2
18080 2
25700 2
25300 2
24900 2
24500 2
24100 2
23700 2
23300 2
22900 2
22500 2
22100 2
21700 2
21300 2
20900 2
20500 2
20100 2
19700 2
19300 2
18900 2
18500 2
18100 2
25720 2
25320 2
24920 2
24520 2
24120 2
23720 2
23320 2
22920 2
22520 2
22120 2
21720 2
21320 2
20920 2
20520 2
20120 2
19720 2
19320 2
18920 2
18520 2
18120 2
25740 2
25340 2
24940 2
24540 2
24140 2
23740 2
23340 2
22940 2
22540 2
22140 2
21740 2
21340 2
20940 2
20540 2
20140 2
19740 2
19340 2
18940 2
18540 2
18140 2
25760 2
25360 2
24960 2
24560 2
24160 2
23760 2
23360 2
22960 2
22560 2
22160 2
21760 2
21360 2
20960 2
20560 2
20160 2
19760 2
19360 2
18960 2
18560 2
18160 2
25780 2
25380 2
24980 2
24580 2
24180 2
23780 2
23380 2
22980 2
22580 2
22180 2
21780 2
21380 2
20980 2
20580 2
20180 2
19780 2
19380 2
18980 2
18580 2
18180 2
25800 2
25400 2
25000 2
24600 2
24200 2
23800 2
23400 2
23000 2
22600 2
22200 2
21800 2
21400 2
21000 2
20600 2
20200 2
19800 2
19400 2
19000 2
18600 2
18200 2
25820 2
25420 2
25020 2
24620 2
24220 2
23820 2
23420 2
23020 2
22620 2
22220 2
21820 2
21420 2
21020 2
20620 2
20220 2
19820 2
19420 2
19020 2
18620 2
18220 2
25840 2
25440 2
25040 2
24640 2
24240 2
23840 2
23440 2
23040 2
22640 2
22240 2
21840 2
21440 2
21040 2
20640 2
20240 2
19840 2
19440 2
19040 2
18640 2
18240 2
25860 2
25460 2
25060 2
24660 2
24260 2
23860 2
23460 2
23060 2
22660 2
22260 2
21860 2
21460 2
21060 2
20660 2
20260 2
19860 2
19460 2
19060 2
18660 2
18260 2
25880 2
25480 2
25080 2
24680 2
24280 2
23880 2
23480 2
23080 2
22680 2
22280 2
21880 2
21480 2
21080 2
20680 2
20280 2
19880 2
19480 2
19080 2
18680 2
18280 2
25900 2
25500 2
25100 2
24700 2
24300 2
23900 2
23500 2
23100 2
22700 2
22300 2
21900 2
21500 2
21100 2
20700 2
20300 2
19900 2
19500 2
19100 2
18700 2
18300 2
25920 2
25520 2
25120 2
24720 2
24320 2
23920 2
23520 2
23120 2
22720 2
22320 2
21920 2
21520 2
21120 2
20720 2
20320 2
19920 2
19520 2
19120 2
18720 2
18320 2
25940 2
25540 2
25140 2
24740 2
24340 2
23940 2
23540 2
23140 2
22740 2
22340 2
21940 2
21540 2
21140 2
20740 2
20340 2
19940 2
19540 2
19140 2
18740 2
18340 2
25960 2
25560 2
25160 2
24760 2
24360 2
23960 2
23560 2
23160 2
22760 2
22360 2
21960 2
21560 2
21160 2
20760 2
20360 2
19960 2
19560 2
19160 2
18760 2
18360 2
25980 2
25580 2
25180 2
24780 2
24380 2
23980 2
23580 2
23180 2
22780 2
22380 2
21980 2
21580 2
21180 2
20780 2
20380 2
19980 2
19580 2
19180 2
18780 2
18380 2
26000 2
25600 2
25200 2
24800 2
24400 2
24000 2
23600 2
23200 2
22800 2
22400 2
22000 2
21600 2
21200 2
20800 2
20400 2
20000 2
19600 2
19200 2
18800 2
18400 2
