1040
620 3
640 3
660 3
680 3
700 3
720 3
740 3
760 3
780 3
800 3
820 3
840 3
860 3
880 3
900 3
920 3
940 3
960 3
980 3
1000 3
5981 3
5982 3
5983 3
5984 3
5985 3
5986 3
5987 3
5988 3
5989 3
5990 3
5991 3
5992 3
5993 3
5994 3
5995 3
5996 3
5997 3
5998 3
5999 3
6000 3
5581 3
5582 3
5583 3
5584 3
5585 3
5586 3
5587 3
5588 3
5589 3
5590 3
5591 3
5592 3
5593 3
5594 3
5595 3
5596 3
5597 3
5598 3
5599 3
5600 3
5181 3
5182 3
5183 3
5184 3
5185 3
5186 3
5187 3
5188 3
5189 3
5190 3
5191 3
5192 3
5193 3
5194 3
5195 3
5196 3
5197 3
5198 3
5199 3
5200 3
4781 3
4782 3
4783 3
4784 3
4785 3
4786 3
4787 3
4788 3
4789 3
4790 3
4791 3
4792 3
4793 3
4794 3
4795 3
4796 3
4797 3
4798 3
4799 3
4800 3
4381 3
4382 3
4383 3
4384 3
4385 3
4386 3
4387 3
4388 3
4389 3
4390 3
4391 3
4392 3
4393 3
4394 3
4395 3
4396 3
4397 3
4398 3
4399 3
4400 3
26000 2
25980 2
25960 2
25940 2
25920 2
25900 2
25880 2
25860 2
25840 2
25820 2
25800 2
25780 2
25760 2
25740 2
25720 2
25700 2
25680 2
25660 2
25640 2
25620 2
25600 2
25580 2
25560 2
25540 2
25520 2
25500 2
25480 2
25460 2
25440 2
25420 2
25400 2
25380 2
25360 2
25340 2
25320 2
25300 2
25280 2
25260 2
25240 2
25220 2
25200 2
25180 2
25160 2
25140 2
25120 2
25100 2
25080 2
25060 2
25040 2
25020 2
25000 2
24980 2
24960 2
24940 2
24920 2
24900 2
24880 2
24860 2
24840 2
24820 2
24800 2
24780 2
24760 2
24740 2
24720 2
24700 2
24680 2
24660 2
24640 2
24620 2
24600 2
24580 2
24560 2
24540 2
24520 2
24500 2
24480 2
24460 2
24440 2
24420 2
24400 2
24380 2
24360 2
24340 2
24320 2
24300 2
24280 2
24260 2
24240 2
24220 2
24200 2
24180 2
24160 2
24140 2
24120 2
24100 2
24080 2
24060 2
24040 2
24020 2
24000 2
23980 2
23960 2
23940 2
23920 2
23900 2
23880 2
23860 2
23840 2
23820 2
23800 2
23780 2
23760 2
23740 2
23720 2
23700 2
23680 2
23660 2
23640 2
23620 2
23600 2
23580 2
23560 2
23540 2
23520 2
23500 2
23480 2
23460 2
23440 2
23420 2
23400 2
23380 2
23360 2
23340 2
23320 2
23300 2
23280 2
23260 2
23240 2
23220 2
23200 2
23180 2
23160 2
23140 2
23120 2
23100 2
23080 2
23060 2
23040 2
23020 2
23000 2
22980 2
22960 2
22940 2
22920 2
22900 2
22880 2
22860 2
22840 2
22820 2
22800 2
22780 2
22760 2
22740 2
22720 2
22700 2
22680 2
22660 2
22640 2
22620 2
22600 2
22580 2
22560 2
22540 2
22520 2
22500 2
22480 2
22460 2
22440 2
22420 2
22400 2
22380 2
22360 2
22340 2
22320 2
22300 2
22280 2
22260 2
22240 2
22220 2
22200 2
22180 2
22160 2
22140 2
22120 2
22100 2
22080 2
22060 2
22040 2
22020 2
22000 2
21980 2
21960 2
21940 2
21920 2
21900 2
21880 2
21860 2
21840 2
21820 2
21800 2
21780 2
21760 2
21740 2
21720 2
21700 2
21680 2
21660 2
21640 2
21620 2
21600 2
21580 2
21560 2
21540 2
21520 2
21500 2
21480 2
21460 2
21440 2
21420 2
21400 2
21380 2
21360 2
21340 2
21320 2
21300 2
21280 2
21260 2
21240 2
21220 2
21200 2
21180 2
21160 2
21140 2
21120 2
21100 2
21080 2
21060 2
21040 2
21020 2
21000 2
20980 2
20960 2
20940 2
20920 2
20900 2
20880 2
20860 2
20840 2
20820 2
20800 2
20780 2
20760 2
20740 2
20720 2
20700 2
20680 2
20660 2
20640 2
20620 2
20600 2
20580 2
20560 2
20540 2
20520 2
20500 2
20480 2
20460 2
20440 2
20420 2
20400 2
20380 2
20360 2
20340 2
20320 2
20300 2
20280 2
20260 2
20240 2
20220 2
20200 2
20180 2
20160 2
20140 2
20120 2
20100 2
20080 2
20060 2
20040 2
20020 2
20000 2
19980 2
19960 2
19940 2
19920 2
19900 2
19880 2
19860 2
19840 2
19820 2
19800 2
19780 2
19760 2
19740 2
19720 2
19700 2
19680 2
19660 2
19640 2
19620 2
19600 2
19580 2
19560 2
19540 2
19520 2
19500 2
19480 2
19460 2
19440 2
19420 2
19400 2
19380 2
19360 2
19340 2
19320 2
19300 2
19280 2
19260 2
19240 2
19220 2
19200 2
19180 2
19160 2
19140 2
19120 2
19100 2
19080 2
19060 2
19040 2
19020 2
19000 2
18980 2
18960 2
18940 2
18920 2
18900 2
18880 2
18860 2
18840 2
18820 2
18800 2
18780 2
18760 2
18740 2
18720 2
18700 2
18680 2
18660 2
18640 2
18620 2
18600 2
18580 2
18560 2
18540 2
18520 2
18500 2
18480 2
18460 2
18440 2
18420 2
18400 2
18380 2
18360 2
18340 2
18320 2
18300 2
18280 2
18260 2
18240 2
18220 2
18200 2
18180 2
18160 2
18140 2
18120 2
18100 2
18080 2
18060 2
18040 2
18020 2
20 3
40 3
60 3
80 3
100 3
120 3
140 3
160 3
180 3
200 3
220 3
240 3
260 3
280 3
300 3
320 3
340 3
360 3
380 3
400 3
2981 3
2982 3
2983 3
2984 3
2985 3
2986 3
2987 3
2988 3
2989 3
2990 3
2991 3
2992 3
2993 3
2994 3
2995 3
2996 3
2997 3
2998 3
2999 3
3000 3
2581 3
2582 3
2583 3
2584 3
2585 3
2586 3
2587 3
2588 3
2589 3
2590 3
2591 3
2592 3
2593 3
2594 3
2595 3
2596 3
2597 3
2598 3
2599 3
2600 3
2181 3
2182 3
2183 3
2184 3
2185 3
2186 3
2187 3
2188 3
2189 3
2190 3
2191 3
2192 3
2193 3
2194 3
2195 3
2196 3
2197 3
2198 3
2199 3
2200 3
1781 3
1782 3
1783 3
1784 3
1785 3
1786 3
1787 3
1788 3
1789 3
1790 3
1791 3
1792 3
1793 3
1794 3
1795 3
1796 3
1797 3
1798 3
1799 3
1800 3
1381 3
1382 3
1383 3
1384 3
1385 3
1386 3
1387 3
1388 3
1389 3
1390 3
1391 3
1392 3
1393 3
1394 3
1395 3
1396 3
1397 3
1398 3
1399 3
1400 3
14000 2
13980 2
13960 2
13940 2
13920 2
13900 2
13880 2
13860 2
13840 2
13820 2
13800 2
13780 2
13760 2
13740 2
13720 2
13700 2
13680 2
13660 2
13640 2
13620 2
13600 2
13580 2
13560 2
13540 2
13520 2
13500 2
13480 2
13460 2
13440 2
13420 2
13400 2
13380 2
13360 2
13340 2
13320 2
13300 2
13280 2
13260 2
13240 2
13220 2
13200 2
13180 2
13160 2
13140 2
13120 2
13100 2
13080 2
13060 2
13040 2
13020 2
13000 2
12980 2
12960 2
12940 2
12920 2
12900 2
12880 2
12860 2
12840 2
12820 2
12800 2
12780 2
12760 2
12740 2
12720 2
12700 2
12680 2
12660 2
12640 2
12620 2
12600 2
12580 2
12560 2
12540 2
12520 2
12500 2
12480 2
12460 2
12440 2
12420 2
12400 2
12380 2
12360 2
12340 2
12320 2
12300 2
12280 2
12260 2
12240 2
12220 2
12200 2
12180 2
12160 2
12140 2
12120 2
12100 2
12080 2
12060 2
12040 2
12020 2
12000 2
11980 2
11960 2
11940 2
11920 2
11900 2
11880 2
11860 2
11840 2
11820 2
11800 2
11780 2
11760 2
11740 2
11720 2
11700 2
11680 2
11660 2
11640 2
11620 2
11600 2
11580 2
11560 2
11540 2
11520 2
11500 2
11480 2
11460 2
11440 2
11420 2
11400 2
11380 2
11360 2
11340 2
11320 2
11300 2
11280 2
11260 2
11240 2
11220 2
11200 2
11180 2
11160 2
11140 2
11120 2
11100 2
11080 2
11060 2
11040 2
11020 2
11000 2
10980 2
10960 2
10940 2
10920 2
10900 2
10880 2
10860 2
10840 2
10820 2
10800 2
10780 2
10760 2
10740 2
10720 2
10700 2
10680 2
10660 2
10640 2
10620 2
10600 2
10580 2
10560 2
10540 2
10520 2
10500 2
10480 2
10460 2
10440 2
10420 2
10400 2
10380 2
10360 2
10340 2
10320 2
10300 2
10280 2
10260 2
10240 2
10220 2
10200 2
10180 2
10160 2
10140 2
10120 2
10100 2
10080 2
10060 2
10040 2
10020 2
10000 2
9980 2
9960 2
9940 2
9920 2
9900 2
9880 2
9860 2
9840 2
9820 2
9800 2
9780 2
9760 2
9740 2
9720 2
9700 2
9680 2
9660 2
9640 2
9620 2
9600 2
9580 2
9560 2
9540 2
9520 2
9500 2
9480 2
9460 2
9440 2
9420 2
9400 2
9380 2
9360 2
9340 2
9320 2
9300 2
9280 2
9260 2
9240 2
9220 2
9200 2
9180 2
9160 2
9140 2
9120 2
9100 2
9080 2
9060 2
9040 2
9020 2
9000 2
8980 2
8960 2
8940 2
8920 2
8900 2
8880 2
8860 2
8840 2
8820 2
8800 2
8780 2
8760 2
8740 2
8720 2
8700 2
8680 2
8660 2
8640 2
8620 2
8600 2
8580 2
8560 2
8540 2
8520 2
8500 2
8480 2
8460 2
8440 2
8420 2
8400 2
8380 2
8360 2
8340 2
8320 2
8300 2
8280 2
8260 2
8240 2
8220 2
8200 2
8180 2
8160 2
8140 2
8120 2
8100 2
8080 2
8060 2
8040 2
8020 2
8000 2
7980 2
7960 2
7940 2
7920 2
7900 2
7880 2
7860 2
7840 2
7820 2
7800 2
7780 2
7760 2
7740 2
7720 2
7700 2
7680 2
7660 2
7640 2
7620 2
7600 2
7580 2
7560 2
7540 2
7520 2
7500 2
7480 2
7460 2
7440 2
7420 2
7400 2
7380 2
7360 2
7340 2
7320 2
7300 2
7280 2
7260 2
7240 2
7220 2
7200 2
7180 2
7160 2
7140 2
7120 2
7100 2
7080 2
7060 2
7040 2
7020 2
7000 2
6980 2
6960 2
6940 2
6920 2
6900 2
6880 2
6860 2
6840 2
6820 2
6800 2
6780 2
6760 2
6740 2
6720 2
6700 2
6680 2
6660 2
6640 2
6620 2
6600 2
6580 2
6560 2
6540 2
6520 2
6500 2
6480 2
6460 2
6440 2
6420 2
6400 2
6380 2
6360 2
6340 2
6320 2
6300 2
6280 2
6260 2
6240 2
6220 2
6200 2
6180 2
6160 2
6140 2
6120 2
6100 2
6080 2
6060 2
6040 2
6020 2
