2600
400 2
380 2
360 2
340 2
320 2
300 2
280 2
260 2
240 2
220 2
200 2
180 2
160 2
140 2
120 2
100 2
80 2
60 2
40 2
20 2
810 1
809 1
808 1
807 1
806 1
805 1
804 1
803 1
802 1
801 1
1581 1
1561 1
1541 1
1521 1
1501 1
1481 1
1461 1
1441 1
1421 1
1401 1
1381 1
1361 1
1341 1
1321 1
1301 1
1281 1
1261 1
1241 1
1221 1
1201 1
2001 5
2006 5
2011 5
2016 5
2021 5
2026 5
2031 5
2036 5
2041 5
2046 5
2051 5
2056 5
2061 5
2066 5
2071 5
2076 5
2081 5
2086 5
2091 5
2096 5
2002 5
2007 5
2012 5
2017 5
2022 5
2027 5
2032 5
2037 5
2042 5
2047 5
2052 5
2057 5
2062 5
2067 5
2072 5
2077 5
2082 5
2087 5
2092 5
2097 5
2003 5
2008 5
2013 5
2018 5
2023 5
2028 5
2033 5
2038 5
2043 5
2048 5
2053 5
2058 5
2063 5
2068 5
2073 5
2078 5
2083 5
2088 5
2093 5
2098 5
2004 5
2009 5
2014 5
2019 5
2024 5
2029 5
2034 5
2039 5
2044 5
2049 5
2054 5
2059 5
2064 5
2069 5
2074 5
2079 5
2084 5
2089 5
2094 5
2099 5
2005 5
2010 5
2015 5
2020 5
2025 5
2030 5
2035 5
2040 5
2045 5
2050 5
2055 5
2060 5
2065 5
2070 5
2075 5
2080 5
2085 5
2090 5
2095 5
2100 5
4901 1
4801 1
4701 1
4601 1
4501 1
4401 1
4301 1
4201 1
4101 1
4001 1
4902 1
4802 1
4702 1
4602 1
4502 1
4402 1
4302 1
4202 1
4102 1
4002 1
4903 1
4803 1
4703 1
4603 1
4503 1
4403 1
4303 1
4203 1
4103 1
4003 1
4904 1
4804 1
4704 1
4604 1
4504 1
4404 1
4304 1
4204 1
4104 1
4004 1
4905 1
4805 1
4705 1
4605 1
4505 1
4405 1
4305 1
4205 1
4105 1
4005 1
6620 1
6619 1
6618 1
6617 1
6616 1
6615 1
6614 1
6613 1
6612 1
6611 1
6610 1
6609 1
6608 1
6607 1
6606 1
6605 1
6604 1
6603 1
6602 1
6601 1
6220 1
6219 1
6218 1
6217 1
6216 1
6215 1
6214 1
6213 1
6212 1
6211 1
6210 1
6209 1
6208 1
6207 1
6206 1
6205 1
6204 1
6203 1
6202 1
6201 1
5820 1
5819 1
5818 1
5817 1
5816 1
5815 1
5814 1
5813 1
5812 1
5811 1
5810 1
5809 1
5808 1
5807 1
5806 1
5805 1
5804 1
5803 1
5802 1
5801 1
5420 1
5419 1
5418 1
5417 1
5416 1
5415 1
5414 1
5413 1
5412 1
5411 1
5410 1
5409 1
5408 1
5407 1
5406 1
5405 1
5404 1
5403 1
5402 1
5401 1
5020 1
5019 1
5018 1
5017 1
5016 1
5015 1
5014 1
5013 1
5012 1
5011 1
5010 1
5009 1
5008 1
5007 1
5006 1
5005 1
5004 1
5003 1
5002 1
5001 1
10620 1
10619 1
10618 1
10617 1
10616 1
10615 1
10614 1
10613 1
10612 1
10611 1
10610 1
10609 1
10608 1
10607 1
10606 1
10605 1
10604 1
10603 1
10602 1
10601 1
10220 1
10219 1
10218 1
10217 1
10216 1
10215 1
10214 1
10213 1
10212 1
10211 1
10210 1
10209 1
10208 1
10207 1
10206 1
10205 1
10204 1
10203 1
10202 1
10201 1
9820 1
9819 1
9818 1
9817 1
9816 1
9815 1
9814 1
9813 1
9812 1
9811 1
9810 1
9809 1
9808 1
9807 1
9806 1
9805 1
9804 1
9803 1
9802 1
9801 1
9420 1
9419 1
9418 1
9417 1
9416 1
9415 1
9414 1
9413 1
9412 1
9411 1
9410 1
9409 1
9408 1
9407 1
9406 1
9405 1
9404 1
9403 1
9402 1
9401 1
51681 1
51361 1
51041 1
50721 1
50401 1
50081 1
49761 1
49441 1
49121 1
48801 1
48481 1
48161 1
47841 1
47521 1
47201 1
46881 1
46561 1
46241 1
45921 1
45601 1
51682 1
51362 1
51042 1
50722 1
50402 1
50082 1
49762 1
49442 1
49122 1
48802 1
48482 1
48162 1
47842 1
47522 1
47202 1
46882 1
46562 1
46242 1
45922 1
45602 1
51683 1
51363 1
51043 1
50723 1
50403 1
50083 1
49763 1
49443 1
49123 1
48803 1
48483 1
48163 1
47843 1
47523 1
47203 1
46883 1
46563 1
46243 1
45923 1
45603 1
51684 1
51364 1
51044 1
50724 1
50404 1
50084 1
49764 1
49444 1
49124 1
48804 1
48484 1
48164 1
47844 1
47524 1
47204 1
46884 1
46564 1
46244 1
45924 1
45604 1
51685 1
51365 1
51045 1
50725 1
50405 1
50085 1
49765 1
49445 1
49125 1
48805 1
48485 1
48165 1
47845 1
47525 1
47205 1
46885 1
46565 1
46245 1
45925 1
45605 1
51686 1
51366 1
51046 1
50726 1
50406 1
50086 1
49766 1
49446 1
49126 1
48806 1
48486 1
48166 1
47846 1
47526 1
47206 1
46886 1
46566 1
46246 1
45926 1
45606 1
51687 1
51367 1
51047 1
50727 1
50407 1
50087 1
49767 1
49447 1
49127 1
48807 1
48487 1
48167 1
47847 1
47527 1
47207 1
46887 1
46567 1
46247 1
45927 1
45607 1
51688 1
51368 1
51048 1
50728 1
50408 1
50088 1
49768 1
49448 1
49128 1
48808 1
48488 1
48168 1
47848 1
47528 1
47208 1
46888 1
46568 1
46248 1
45928 1
45608 1
51689 1
51369 1
51049 1
50729 1
50409 1
50089 1
49769 1
49449 1
49129 1
48809 1
48489 1
48169 1
47849 1
47529 1
47209 1
46889 1
46569 1
46249 1
45929 1
45609 1
51690 1
51370 1
51050 1
50730 1
50410 1
50090 1
49770 1
49450 1
49130 1
48810 1
48490 1
48170 1
47850 1
47530 1
47210 1
46890 1
46570 1
46250 1
45930 1
45610 1
51691 1
51371 1
51051 1
50731 1
50411 1
50091 1
49771 1
49451 1
49131 1
48811 1
48491 1
48171 1
47851 1
47531 1
47211 1
46891 1
46571 1
46251 1
45931 1
45611 1
51692 1
51372 1
51052 1
50732 1
50412 1
50092 1
49772 1
49452 1
49132 1
48812 1
48492 1
48172 1
47852 1
47532 1
47212 1
46892 1
46572 1
46252 1
45932 1
45612 1
51693 1
51373 1
51053 1
50733 1
50413 1
50093 1
49773 1
49453 1
49133 1
48813 1
48493 1
48173 1
47853 1
47533 1
47213 1
46893 1
46573 1
46253 1
45933 1
45613 1
51694 1
51374 1
51054 1
50734 1
50414 1
50094 1
49774 1
49454 1
49134 1
48814 1
48494 1
48174 1
47854 1
47534 1
47214 1
46894 1
46574 1
46254 1
45934 1
45614 1
51695 1
51375 1
51055 1
50735 1
50415 1
50095 1
49775 1
49455 1
49135 1
48815 1
48495 1
48175 1
47855 1
47535 1
47215 1
46895 1
46575 1
46255 1
45935 1
45615 1
51696 1
51376 1
51056 1
50736 1
50416 1
50096 1
49776 1
49456 1
49136 1
48816 1
48496 1
48176 1
47856 1
47536 1
47216 1
46896 1
46576 1
46256 1
45936 1
45616 1
7001 5
7005 5
7009 5
7013 5
7017 5
7021 5
7025 5
7029 5
7033 5
7037 5
7041 5
7045 5
7049 5
7053 5
7057 5
7061 5
7065 5
7069 5
7073 5
7077 5
7002 5
7006 5
7010 5
7014 5
7018 5
7022 5
7026 5
7030 5
7034 5
7038 5
7042 5
7046 5
7050 5
7054 5
7058 5
7062 5
7066 5
7070 5
7074 5
7078 5
7003 5
7007 5
7011 5
7015 5
7019 5
7023 5
7027 5
7031 5
7035 5
7039 5
7043 5
7047 5
7051 5
7055 5
7059 5
7063 5
7067 5
7071 5
7075 5
7079 5
7004 5
7008 5
7012 5
7016 5
7020 5
7024 5
7028 5
7032 5
7036 5
7040 5
7044 5
7048 5
7052 5
7056 5
7060 5
7064 5
7068 5
7072 5
7076 5
7080 5
42400 2
42380 2
42360 2
42340 2
42320 2
42300 2
42280 2
42260 2
42240 2
42220 2
42200 2
42180 2
42160 2
42140 2
42120 2
42100 2
42080 2
42060 2
42040 2
42020 2
42000 2
41980 2
41960 2
41940 2
41920 2
41900 2
41880 2
41860 2
41840 2
41820 2
41800 2
41780 2
41760 2
41740 2
41720 2
41700 2
41680 2
41660 2
41640 2
41620 2
41600 2
41580 2
41560 2
41540 2
41520 2
41500 2
41480 2
41460 2
41440 2
41420 2
41400 2
41380 2
41360 2
41340 2
41320 2
41300 2
41280 2
41260 2
41240 2
41220 2
41200 2
41180 2
41160 2
41140 2
41120 2
41100 2
41080 2
41060 2
41040 2
41020 2
41000 2
40980 2
40960 2
40940 2
40920 2
40900 2
40880 2
40860 2
40840 2
40820 2
40800 2
40780 2
40760 2
40740 2
40720 2
40700 2
40680 2
40660 2
40640 2
40620 2
40600 2
40580 2
40560 2
40540 2
40520 2
40500 2
40480 2
40460 2
40440 2
40420 2
40400 2
40380 2
40360 2
40340 2
40320 2
40300 2
40280 2
40260 2
40240 2
40220 2
40200 2
40180 2
40160 2
40140 2
40120 2
40100 2
40080 2
40060 2
40040 2
40020 2
40000 2
39980 2
39960 2
39940 2
39920 2
39900 2
39880 2
39860 2
39840 2
39820 2
39800 2
39780 2
39760 2
39740 2
39720 2
39700 2
39680 2
39660 2
39640 2
39620 2
39600 2
39580 2
39560 2
39540 2
39520 2
39500 2
39480 2
39460 2
39440 2
39420 2
39400 2
39380 2
39360 2
39340 2
39320 2
39300 2
39280 2
39260 2
39240 2
39220 2
39200 2
39180 2
39160 2
39140 2
39120 2
39100 2
39080 2
39060 2
39040 2
39020 2
39000 2
38980 2
38960 2
38940 2
38920 2
38900 2
38880 2
38860 2
38840 2
38820 2
38800 2
38780 2
38760 2
38740 2
38720 2
38700 2
38680 2
38660 2
38640 2
38620 2
38600 2
38580 2
38560 2
38540 2
38520 2
38500 2
38480 2
38460 2
38440 2
38420 2
38400 2
38380 2
38360 2
38340 2
38320 2
38300 2
38280 2
38260 2
38240 2
38220 2
38200 2
38180 2
38160 2
38140 2
38120 2
38100 2
38080 2
38060 2
38040 2
38020 2
38000 2
37980 2
37960 2
37940 2
37920 2
37900 2
37880 2
37860 2
37840 2
37820 2
37800 2
37780 2
37760 2
37740 2
37720 2
37700 2
37680 2
37660 2
37640 2
37620 2
37600 2
37580 2
37560 2
37540 2
37520 2
37500 2
37480 2
37460 2
37440 2
37420 2
37400 2
37380 2
37360 2
37340 2
37320 2
37300 2
37280 2
37260 2
37240 2
37220 2
37200 2
37180 2
37160 2
37140 2
37120 2
37100 2
37080 2
37060 2
37040 2
37020 2
37000 2
36980 2
36960 2
36940 2
36920 2
36900 2
36880 2
36860 2
36840 2
36820 2
36800 2
36780 2
36760 2
36740 2
36720 2
36700 2
36680 2
36660 2
36640 2
36620 2
36600 2
36580 2
36560 2
36540 2
36520 2
36500 2
36480 2
36460 2
36440 2
36420 2
36400 2
36380 2
36360 2
36340 2
36320 2
36300 2
36280 2
36260 2
36240 2
36220 2
36200 2
36180 2
36160 2
36140 2
36120 2
36100 2
36080 2
36060 2
36040 2
36020 2
9321 1
9241 1
9161 1
9081 1
9001 1
8921 1
8841 1
8761 1
8681 1
8601 1
9322 1
9242 1
9162 1
9082 1
9002 1
8922 1
8842 1
8762 1
8682 1
8602 1
9323 1
9243 1
9163 1
9083 1
9003 1
8923 1
8843 1
8763 1
8683 1
8603 1
9324 1
9244 1
9164 1
9084 1
9004 1
8924 1
8844 1
8764 1
8684 1
8604 1
45410 1
45409 1
45408 1
45407 1
45406 1
45405 1
45404 1
45403 1
45402 1
45401 1
45210 1
45209 1
45208 1
45207 1
45206 1
45205 1
45204 1
45203 1
45202 1
45201 1
45010 1
45009 1
45008 1
45007 1
45006 1
45005 1
45004 1
45003 1
45002 1
45001 1
44810 1
44809 1
44808 1
44807 1
44806 1
44805 1
44804 1
44803 1
44802 1
44801 1
44610 1
44609 1
44608 1
44607 1
44606 1
44605 1
44604 1
44603 1
44602 1
44601 1
44410 1
44409 1
44408 1
44407 1
44406 1
44405 1
44404 1
44403 1
44402 1
44401 1
44210 1
44209 1
44208 1
44207 1
44206 1
44205 1
44204 1
44203 1
44202 1
44201 1
44010 1
44009 1
44008 1
44007 1
44006 1
44005 1
44004 1
44003 1
44002 1
44001 1
43810 1
43809 1
43808 1
43807 1
43806 1
43805 1
43804 1
43803 1
43802 1
43801 1
43610 1
43609 1
43608 1
43607 1
43606 1
43605 1
43604 1
43603 1
43602 1
43601 1
43410 1
43409 1
43408 1
43407 1
43406 1
43405 1
43404 1
43403 1
43402 1
43401 1
43210 1
43209 1
43208 1
43207 1
43206 1
43205 1
43204 1
43203 1
43202 1
43201 1
43010 1
43009 1
43008 1
43007 1
43006 1
43005 1
43004 1
43003 1
43002 1
43001 1
42810 1
42809 1
42808 1
42807 1
42806 1
42805 1
42804 1
42803 1
42802 1
42801 1
42610 1
42609 1
42608 1
42607 1
42606 1
42605 1
42604 1
42603 1
42602 1
42601 1
42410 1
42409 1
42408 1
42407 1
42406 1
42405 1
42404 1
42403 1
42402 1
42401 1
1620 3
1640 3
1660 3
1680 3
1700 3
1720 3
1740 3
1760 3
1780 3
1800 3
1820 3
1840 3
1860 3
1880 3
1900 3
1920 3
1940 3
1960 3
1980 3
2000 3
1191 3
1192 3
1193 3
1194 3
1195 3
1196 3
1197 3
1198 3
1199 3
1200 3
781 1
761 1
741 1
721 1
701 1
681 1
661 1
641 1
621 1
601 1
581 1
561 1
541 1
521 1
501 1
481 1
461 1
441 1
421 1
401 1
12981 3
12982 3
12983 3
12984 3
12985 3
12986 3
12987 3
12988 3
12989 3
12990 3
12991 3
12992 3
12993 3
12994 3
12995 3
12996 3
12997 3
12998 3
12999 3
13000 3
12581 3
12582 3
12583 3
12584 3
12585 3
12586 3
12587 3
12588 3
12589 3
12590 3
12591 3
12592 3
12593 3
12594 3
12595 3
12596 3
12597 3
12598 3
12599 3
12600 3
12181 3
12182 3
12183 3
12184 3
12185 3
12186 3
12187 3
12188 3
12189 3
12190 3
12191 3
12192 3
12193 3
12194 3
12195 3
12196 3
12197 3
12198 3
12199 3
12200 3
11781 3
11782 3
11783 3
11784 3
11785 3
11786 3
11787 3
11788 3
11789 3
11790 3
11791 3
11792 3
11793 3
11794 3
11795 3
11796 3
11797 3
11798 3
11799 3
11800 3
11381 3
11382 3
11383 3
11384 3
11385 3
11386 3
11387 3
11388 3
11389 3
11390 3
11391 3
11392 3
11393 3
11394 3
11395 3
11396 3
11397 3
11398 3
11399 3
11400 3
14696 3
14796 3
14896 3
14996 3
15096 3
15196 3
15296 3
15396 3
15496 3
15596 3
14697 3
14797 3
14897 3
14997 3
15097 3
15197 3
15297 3
15397 3
15497 3
15597 3
14698 3
14798 3
14898 3
14998 3
15098 3
15198 3
15298 3
15398 3
15498 3
15598 3
14699 3
14799 3
14899 3
14999 3
15099 3
15199 3
15299 3
15399 3
15499 3
15599 3
14700 3
14800 3
14900 3
15000 3
15100 3
15200 3
15300 3
15400 3
15500 3
15600 3
17220 1
17219 1
17218 1
17217 1
17216 1
17215 1
17214 1
17213 1
17212 1
17211 1
17210 1
17209 1
17208 1
17207 1
17206 1
17205 1
17204 1
17203 1
17202 1
17201 1
16820 1
16819 1
16818 1
16817 1
16816 1
16815 1
16814 1
16813 1
16812 1
16811 1
16810 1
16809 1
16808 1
16807 1
16806 1
16805 1
16804 1
16803 1
16802 1
16801 1
16420 1
16419 1
16418 1
16417 1
16416 1
16415 1
16414 1
16413 1
16412 1
16411 1
16410 1
16409 1
16408 1
16407 1
16406 1
16405 1
16404 1
16403 1
16402 1
16401 1
16020 1
16019 1
16018 1
16017 1
16016 1
16015 1
16014 1
16013 1
16012 1
16011 1
16010 1
16009 1
16008 1
16007 1
16006 1
16005 1
16004 1
16003 1
16002 1
16001 1
15620 1
15619 1
15618 1
15617 1
15616 1
15615 1
15614 1
15613 1
15612 1
15611 1
15610 1
15609 1
15608 1
15607 1
15606 1
15605 1
15604 1
15603 1
15602 1
15601 1
14581 3
14582 3
14583 3
14584 3
14585 3
14586 3
14587 3
14588 3
14589 3
14590 3
14591 3
14592 3
14593 3
14594 3
14595 3
14596 3
14597 3
14598 3
14599 3
14600 3
14181 3
14182 3
14183 3
14184 3
14185 3
14186 3
14187 3
14188 3
14189 3
14190 3
14191 3
14192 3
14193 3
14194 3
14195 3
14196 3
14197 3
14198 3
14199 3
14200 3
13781 3
13782 3
13783 3
13784 3
13785 3
13786 3
13787 3
13788 3
13789 3
13790 3
13791 3
13792 3
13793 3
13794 3
13795 3
13796 3
13797 3
13798 3
13799 3
13800 3
13381 3
13382 3
13383 3
13384 3
13385 3
13386 3
13387 3
13388 3
13389 3
13390 3
13391 3
13392 3
13393 3
13394 3
13395 3
13396 3
13397 3
13398 3
13399 3
13400 3
20305 3
20625 3
20945 3
21265 3
21585 3
21905 3
22225 3
22545 3
22865 3
23185 3
23505 3
23825 3
24145 3
24465 3
24785 3
25105 3
25425 3
25745 3
26065 3
26385 3
20306 3
20626 3
20946 3
21266 3
21586 3
21906 3
22226 3
22546 3
22866 3
23186 3
23506 3
23826 3
24146 3
24466 3
24786 3
25106 3
25426 3
25746 3
26066 3
26386 3
20307 3
20627 3
20947 3
21267 3
21587 3
21907 3
22227 3
22547 3
22867 3
23187 3
23507 3
23827 3
24147 3
24467 3
24787 3
25107 3
25427 3
25747 3
26067 3
26387 3
20308 3
20628 3
20948 3
21268 3
21588 3
21908 3
22228 3
22548 3
22868 3
23188 3
23508 3
23828 3
24148 3
24468 3
24788 3
25108 3
25428 3
25748 3
26068 3
26388 3
20309 3
20629 3
20949 3
21269 3
21589 3
21909 3
22229 3
22549 3
22869 3
23189 3
23509 3
23829 3
24149 3
24469 3
24789 3
25109 3
25429 3
25749 3
26069 3
26389 3
20310 3
20630 3
20950 3
21270 3
21590 3
21910 3
22230 3
22550 3
22870 3
23190 3
23510 3
23830 3
24150 3
24470 3
24790 3
25110 3
25430 3
25750 3
26070 3
26390 3
20311 3
20631 3
20951 3
21271 3
21591 3
21911 3
22231 3
22551 3
22871 3
23191 3
23511 3
23831 3
24151 3
24471 3
24791 3
25111 3
25431 3
25751 3
26071 3
26391 3
20312 3
20632 3
20952 3
21272 3
21592 3
21912 3
22232 3
22552 3
22872 3
23192 3
23512 3
23832 3
24152 3
24472 3
24792 3
25112 3
25432 3
25752 3
26072 3
26392 3
20313 3
20633 3
20953 3
21273 3
21593 3
21913 3
22233 3
22553 3
22873 3
23193 3
23513 3
23833 3
24153 3
24473 3
24793 3
25113 3
25433 3
25753 3
26073 3
26393 3
20314 3
20634 3
20954 3
21274 3
21594 3
21914 3
22234 3
22554 3
22874 3
23194 3
23514 3
23834 3
24154 3
24474 3
24794 3
25114 3
25434 3
25754 3
26074 3
26394 3
20315 3
20635 3
20955 3
21275 3
21595 3
21915 3
22235 3
22555 3
22875 3
23195 3
23515 3
23835 3
24155 3
24475 3
24795 3
25115 3
25435 3
25755 3
26075 3
26395 3
20316 3
20636 3
20956 3
21276 3
21596 3
21916 3
22236 3
22556 3
22876 3
23196 3
23516 3
23836 3
24156 3
24476 3
24796 3
25116 3
25436 3
25756 3
26076 3
26396 3
20317 3
20637 3
20957 3
21277 3
21597 3
21917 3
22237 3
22557 3
22877 3
23197 3
23517 3
23837 3
24157 3
24477 3
24797 3
25117 3
25437 3
25757 3
26077 3
26397 3
20318 3
20638 3
20958 3
21278 3
21598 3
21918 3
22238 3
22558 3
22878 3
23198 3
23518 3
23838 3
24158 3
24478 3
24798 3
25118 3
25438 3
25758 3
26078 3
26398 3
20319 3
20639 3
20959 3
21279 3
21599 3
21919 3
22239 3
22559 3
22879 3
23199 3
23519 3
23839 3
24159 3
24479 3
24799 3
25119 3
25439 3
25759 3
26079 3
26399 3
20320 3
20640 3
20960 3
21280 3
21600 3
21920 3
22240 3
22560 3
22880 3
23200 3
23520 3
23840 3
24160 3
24480 3
24800 3
25120 3
25440 3
25760 3
26080 3
26400 3
19620 1
19619 1
19618 1
19617 1
19616 1
19615 1
19614 1
19613 1
19612 1
19611 1
19610 1
19609 1
19608 1
19607 1
19606 1
19605 1
19604 1
19603 1
19602 1
19601 1
19220 1
19219 1
19218 1
19217 1
19216 1
19215 1
19214 1
19213 1
19212 1
19211 1
19210 1
19209 1
19208 1
19207 1
19206 1
19205 1
19204 1
19203 1
19202 1
19201 1
18820 1
18819 1
18818 1
18817 1
18816 1
18815 1
18814 1
18813 1
18812 1
18811 1
18810 1
18809 1
18808 1
18807 1
18806 1
18805 1
18804 1
18803 1
18802 1
18801 1
18420 1
18419 1
18418 1
18417 1
18416 1
18415 1
18414 1
18413 1
18412 1
18411 1
18410 1
18409 1
18408 1
18407 1
18406 1
18405 1
18404 1
18403 1
18402 1
18401 1
35681 1
35361 1
35041 1
34721 1
34401 1
34081 1
33761 1
33441 1
33121 1
32801 1
32481 1
32161 1
31841 1
31521 1
31201 1
30881 1
30561 1
30241 1
29921 1
29601 1
35682 1
35362 1
35042 1
34722 1
34402 1
34082 1
33762 1
33442 1
33122 1
32802 1
32482 1
32162 1
31842 1
31522 1
31202 1
30882 1
30562 1
30242 1
29922 1
29602 1
35683 1
35363 1
35043 1
34723 1
34403 1
34083 1
33763 1
33443 1
33123 1
32803 1
32483 1
32163 1
31843 1
31523 1
31203 1
30883 1
30563 1
30243 1
29923 1
29603 1
35684 1
35364 1
35044 1
34724 1
34404 1
34084 1
33764 1
33444 1
33124 1
32804 1
32484 1
32164 1
31844 1
31524 1
31204 1
30884 1
30564 1
30244 1
29924 1
29604 1
35685 1
35365 1
35045 1
34725 1
34405 1
34085 1
33765 1
33445 1
33125 1
32805 1
32485 1
32165 1
31845 1
31525 1
31205 1
30885 1
30565 1
30245 1
29925 1
29605 1
35686 1
35366 1
35046 1
34726 1
34406 1
34086 1
33766 1
33446 1
33126 1
32806 1
32486 1
32166 1
31846 1
31526 1
31206 1
30886 1
30566 1
30246 1
29926 1
29606 1
35687 1
35367 1
35047 1
34727 1
34407 1
34087 1
33767 1
33447 1
33127 1
32807 1
32487 1
32167 1
31847 1
31527 1
31207 1
30887 1
30567 1
30247 1
29927 1
29607 1
35688 1
35368 1
35048 1
34728 1
34408 1
34088 1
33768 1
33448 1
33128 1
32808 1
32488 1
32168 1
31848 1
31528 1
31208 1
30888 1
30568 1
30248 1
29928 1
29608 1
35689 1
35369 1
35049 1
34729 1
34409 1
34089 1
33769 1
33449 1
33129 1
32809 1
32489 1
32169 1
31849 1
31529 1
31209 1
30889 1
30569 1
30249 1
29929 1
29609 1
35690 1
35370 1
35050 1
34730 1
34410 1
34090 1
33770 1
33450 1
33130 1
32810 1
32490 1
32170 1
31850 1
31530 1
31210 1
30890 1
30570 1
30250 1
29930 1
29610 1
35691 1
35371 1
35051 1
34731 1
34411 1
34091 1
33771 1
33451 1
33131 1
32811 1
32491 1
32171 1
31851 1
31531 1
31211 1
30891 1
30571 1
30251 1
29931 1
29611 1
35692 1
35372 1
35052 1
34732 1
34412 1
34092 1
33772 1
33452 1
33132 1
32812 1
32492 1
32172 1
31852 1
31532 1
31212 1
30892 1
30572 1
30252 1
29932 1
29612 1
35693 1
35373 1
35053 1
34733 1
34413 1
34093 1
33773 1
33453 1
33133 1
32813 1
32493 1
32173 1
31853 1
31533 1
31213 1
30893 1
30573 1
30253 1
29933 1
29613 1
35694 1
35374 1
35054 1
34734 1
34414 1
34094 1
33774 1
33454 1
33134 1
32814 1
32494 1
32174 1
31854 1
31534 1
31214 1
30894 1
30574 1
30254 1
29934 1
29614 1
35695 1
35375 1
35055 1
34735 1
34415 1
34095 1
33775 1
33455 1
33135 1
32815 1
32495 1
32175 1
31855 1
31535 1
31215 1
30895 1
30575 1
30255 1
29935 1
29615 1
35696 1
35376 1
35056 1
34736 1
34416 1
34096 1
33776 1
33456 1
33136 1
32816 1
32496 1
32176 1
31856 1
31536 1
31216 1
30896 1
30576 1
30256 1
29936 1
29616 1
17677 3
17757 3
17837 3
17917 3
17997 3
18077 3
18157 3
18237 3
18317 3
18397 3
17678 3
17758 3
17838 3
17918 3
17998 3
18078 3
18158 3
18238 3
18318 3
18398 3
17679 3
17759 3
17839 3
17919 3
17999 3
18079 3
18159 3
18239 3
18319 3
18399 3
17680 3
17760 3
17840 3
17920 3
18000 3
18080 3
18160 3
18240 3
18320 3
18400 3
29591 3
29592 3
29593 3
29594 3
29595 3
29596 3
29597 3
29598 3
29599 3
29600 3
29391 3
29392 3
29393 3
29394 3
29395 3
29396 3
29397 3
29398 3
29399 3
29400 3
29191 3
29192 3
29193 3
29194 3
29195 3
29196 3
29197 3
29198 3
29199 3
29200 3
28991 3
28992 3
28993 3
28994 3
28995 3
28996 3
28997 3
28998 3
28999 3
29000 3
28791 3
28792 3
28793 3
28794 3
28795 3
28796 3
28797 3
28798 3
28799 3
28800 3
28591 3
28592 3
28593 3
28594 3
28595 3
28596 3
28597 3
28598 3
28599 3
28600 3
28391 3
28392 3
28393 3
28394 3
28395 3
28396 3
28397 3
28398 3
28399 3
28400 3
28191 3
28192 3
28193 3
28194 3
28195 3
28196 3
28197 3
28198 3
28199 3
28200 3
27991 3
27992 3
27993 3
27994 3
27995 3
27996 3
27997 3
27998 3
27999 3
28000 3
27791 3
27792 3
27793 3
27794 3
27795 3
27796 3
27797 3
27798 3
27799 3
27800 3
27591 3
27592 3
27593 3
27594 3
27595 3
27596 3
27597 3
27598 3
27599 3
27600 3
27391 3
27392 3
27393 3
27394 3
27395 3
27396 3
27397 3
27398 3
27399 3
27400 3
27191 3
27192 3
27193 3
27194 3
27195 3
27196 3
27197 3
27198 3
27199 3
27200 3
26991 3
26992 3
26993 3
26994 3
26995 3
26996 3
26997 3
26998 3
26999 3
27000 3
26791 3
26792 3
26793 3
26794 3
26795 3
26796 3
26797 3
26798 3
26799 3
26800 3
26591 3
26592 3
26593 3
26594 3
26595 3
26596 3
26597 3
26598 3
26599 3
26600 3
