4430
26981 5
26982 5
26983 5
26984 5
26985 5
26986 5
26987 5
26988 5
26989 5
26990 5
26991 5
26992 5
26993 5
26994 5
26995 5
26996 5
26997 5
26998 5
26999 5
27000 5
26961 5
26962 5
26963 5
26964 5
26965 5
26966 5
26967 5
26968 5
26969 5
26970 5
26971 5
26972 5
26973 5
26974 5
26975 5
26976 5
26977 5
26978 5
26979 5
26980 5
26941 5
26942 5
26943 5
26944 5
26945 5
26946 5
26947 5
26948 5
26949 5
26950 5
26951 5
26952 5
26953 5
26954 5
26955 5
26956 5
26957 5
26958 5
26959 5
26960 5
26921 5
26922 5
26923 5
26924 5
26925 5
26926 5
26927 5
26928 5
26929 5
26930 5
26931 5
26932 5
26933 5
26934 5
26935 5
26936 5
26937 5
26938 5
26939 5
26940 5
26901 5
26902 5
26903 5
26904 5
26905 5
26906 5
26907 5
26908 5
26909 5
26910 5
26911 5
26912 5
26913 5
26914 5
26915 5
26916 5
26917 5
26918 5
26919 5
26920 5
26881 5
26882 5
26883 5
26884 5
26885 5
26886 5
26887 5
26888 5
26889 5
26890 5
26891 5
26892 5
26893 5
26894 5
26895 5
26896 5
26897 5
26898 5
26899 5
26900 5
26861 5
26862 5
26863 5
26864 5
26865 5
26866 5
26867 5
26868 5
26869 5
26870 5
26871 5
26872 5
26873 5
26874 5
26875 5
26876 5
26877 5
26878 5
26879 5
26880 5
26841 5
26842 5
26843 5
26844 5
26845 5
26846 5
26847 5
26848 5
26849 5
26850 5
26851 5
26852 5
26853 5
26854 5
26855 5
26856 5
26857 5
26858 5
26859 5
26860 5
26821 5
26822 5
26823 5
26824 5
26825 5
26826 5
26827 5
26828 5
26829 5
26830 5
26831 5
26832 5
26833 5
26834 5
26835 5
26836 5
26837 5
26838 5
26839 5
26840 5
26801 5
26802 5
26803 5
26804 5
26805 5
26806 5
26807 5
26808 5
26809 5
26810 5
26811 5
26812 5
26813 5
26814 5
26815 5
26816 5
26817 5
26818 5
26819 5
26820 5
26781 5
26782 5
26783 5
26784 5
26785 5
26786 5
26787 5
26788 5
26789 5
26790 5
26791 5
26792 5
26793 5
26794 5
26795 5
26796 5
26797 5
26798 5
26799 5
26800 5
26761 5
26762 5
26763 5
26764 5
26765 5
26766 5
26767 5
26768 5
26769 5
26770 5
26771 5
26772 5
26773 5
26774 5
26775 5
26776 5
26777 5
26778 5
26779 5
26780 5
26741 5
26742 5
26743 5
26744 5
26745 5
26746 5
26747 5
26748 5
26749 5
26750 5
26751 5
26752 5
26753 5
26754 5
26755 5
26756 5
26757 5
26758 5
26759 5
26760 5
26721 5
26722 5
26723 5
26724 5
26725 5
26726 5
26727 5
26728 5
26729 5
26730 5
26731 5
26732 5
26733 5
26734 5
26735 5
26736 5
26737 5
26738 5
26739 5
26740 5
26701 5
26702 5
26703 5
26704 5
26705 5
26706 5
26707 5
26708 5
26709 5
26710 5
26711 5
26712 5
26713 5
26714 5
26715 5
26716 5
26717 5
26718 5
26719 5
26720 5
26681 5
26682 5
26683 5
26684 5
26685 5
26686 5
26687 5
26688 5
26689 5
26690 5
26691 5
26692 5
26693 5
26694 5
26695 5
26696 5
26697 5
26698 5
26699 5
26700 5
26661 5
26662 5
26663 5
26664 5
26665 5
26666 5
26667 5
26668 5
26669 5
26670 5
26671 5
26672 5
26673 5
26674 5
26675 5
26676 5
26677 5
26678 5
26679 5
26680 5
26641 5
26642 5
26643 5
26644 5
26645 5
26646 5
26647 5
26648 5
26649 5
26650 5
26651 5
26652 5
26653 5
26654 5
26655 5
26656 5
26657 5
26658 5
26659 5
26660 5
26621 5
26622 5
26623 5
26624 5
26625 5
26626 5
26627 5
26628 5
26629 5
26630 5
26631 5
26632 5
26633 5
26634 5
26635 5
26636 5
26637 5
26638 5
26639 5
26640 5
26601 5
26602 5
26603 5
26604 5
26605 5
26606 5
26607 5
26608 5
26609 5
26610 5
26611 5
26612 5
26613 5
26614 5
26615 5
26616 5
26617 5
26618 5
26619 5
26620 5
26001 2
26002 2
26003 2
26004 2
26005 2
26006 2
26007 2
26008 2
26009 2
26010 2
26011 2
26012 2
26013 2
26014 2
26015 2
26016 2
26017 2
26018 2
26019 2
26020 2
26021 2
26022 2
26023 2
26024 2
26025 2
26026 2
26027 2
26028 2
26029 2
26030 2
26031 2
26032 2
26033 2
26034 2
26035 2
26036 2
26037 2
26038 2
26039 2
26040 2
26041 2
26042 2
26043 2
26044 2
26045 2
26046 2
26047 2
26048 2
26049 2
26050 2
26051 2
26052 2
26053 2
26054 2
26055 2
26056 2
26057 2
26058 2
26059 2
26060 2
26061 2
26062 2
26063 2
26064 2
26065 2
26066 2
26067 2
26068 2
26069 2
26070 2
26071 2
26072 2
26073 2
26074 2
26075 2
26076 2
26077 2
26078 2
26079 2
26080 2
26081 2
26082 2
26083 2
26084 2
26085 2
26086 2
26087 2
26088 2
26089 2
26090 2
26091 2
26092 2
26093 2
26094 2
26095 2
26096 2
26097 2
26098 2
26099 2
26100 2
26101 2
26102 2
26103 2
26104 2
26105 2
26106 2
26107 2
26108 2
26109 2
26110 2
26111 2
26112 2
26113 2
26114 2
26115 2
26116 2
26117 2
26118 2
26119 2
26120 2
26121 2
26122 2
26123 2
26124 2
26125 2
26126 2
26127 2
26128 2
26129 2
26130 2
26131 2
26132 2
26133 2
26134 2
26135 2
26136 2
26137 2
26138 2
26139 2
26140 2
26141 2
26142 2
26143 2
26144 2
26145 2
26146 2
26147 2
26148 2
26149 2
26150 2
26151 2
26152 2
26153 2
26154 2
26155 2
26156 2
26157 2
26158 2
26159 2
26160 2
26161 2
26162 2
26163 2
26164 2
26165 2
26166 2
26167 2
26168 2
26169 2
26170 2
26171 2
26172 2
26173 2
26174 2
26175 2
26176 2
26177 2
26178 2
26179 2
26180 2
26181 2
26182 2
26183 2
26184 2
26185 2
26186 2
26187 2
26188 2
26189 2
26190 2
26191 2
26192 2
26193 2
26194 2
26195 2
26196 2
26197 2
26198 2
26199 2
26200 2
26581 5
26582 5
26583 5
26584 5
26585 5
26586 5
26587 5
26588 5
26589 5
26590 5
26591 5
26592 5
26593 5
26594 5
26595 5
26596 5
26597 5
26598 5
26599 5
26600 5
26561 5
26562 5
26563 5
26564 5
26565 5
26566 5
26567 5
26568 5
26569 5
26570 5
26571 5
26572 5
26573 5
26574 5
26575 5
26576 5
26577 5
26578 5
26579 5
26580 5
26541 5
26542 5
26543 5
26544 5
26545 5
26546 5
26547 5
26548 5
26549 5
26550 5
26551 5
26552 5
26553 5
26554 5
26555 5
26556 5
26557 5
26558 5
26559 5
26560 5
26521 5
26522 5
26523 5
26524 5
26525 5
26526 5
26527 5
26528 5
26529 5
26530 5
26531 5
26532 5
26533 5
26534 5
26535 5
26536 5
26537 5
26538 5
26539 5
26540 5
26501 5
26502 5
26503 5
26504 5
26505 5
26506 5
26507 5
26508 5
26509 5
26510 5
26511 5
26512 5
26513 5
26514 5
26515 5
26516 5
26517 5
26518 5
26519 5
26520 5
26481 5
26482 5
26483 5
26484 5
26485 5
26486 5
26487 5
26488 5
26489 5
26490 5
26491 5
26492 5
26493 5
26494 5
26495 5
26496 5
26497 5
26498 5
26499 5
26500 5
26461 5
26462 5
26463 5
26464 5
26465 5
26466 5
26467 5
26468 5
26469 5
26470 5
26471 5
26472 5
26473 5
26474 5
26475 5
26476 5
26477 5
26478 5
26479 5
26480 5
26441 5
26442 5
26443 5
26444 5
26445 5
26446 5
26447 5
26448 5
26449 5
26450 5
26451 5
26452 5
26453 5
26454 5
26455 5
26456 5
26457 5
26458 5
26459 5
26460 5
26421 5
26422 5
26423 5
26424 5
26425 5
26426 5
26427 5
26428 5
26429 5
26430 5
26431 5
26432 5
26433 5
26434 5
26435 5
26436 5
26437 5
26438 5
26439 5
26440 5
26401 5
26402 5
26403 5
26404 5
26405 5
26406 5
26407 5
26408 5
26409 5
26410 5
26411 5
26412 5
26413 5
26414 5
26415 5
26416 5
26417 5
26418 5
26419 5
26420 5
26381 5
26382 5
26383 5
26384 5
26385 5
26386 5
26387 5
26388 5
26389 5
26390 5
26391 5
26392 5
26393 5
26394 5
26395 5
26396 5
26397 5
26398 5
26399 5
26400 5
26361 5
26362 5
26363 5
26364 5
26365 5
26366 5
26367 5
26368 5
26369 5
26370 5
26371 5
26372 5
26373 5
26374 5
26375 5
26376 5
26377 5
26378 5
26379 5
26380 5
26341 5
26342 5
26343 5
26344 5
26345 5
26346 5
26347 5
26348 5
26349 5
26350 5
26351 5
26352 5
26353 5
26354 5
26355 5
26356 5
26357 5
26358 5
26359 5
26360 5
26321 5
26322 5
26323 5
26324 5
26325 5
26326 5
26327 5
26328 5
26329 5
26330 5
26331 5
26332 5
26333 5
26334 5
26335 5
26336 5
26337 5
26338 5
26339 5
26340 5
26301 5
26302 5
26303 5
26304 5
26305 5
26306 5
26307 5
26308 5
26309 5
26310 5
26311 5
26312 5
26313 5
26314 5
26315 5
26316 5
26317 5
26318 5
26319 5
26320 5
26281 5
26282 5
26283 5
26284 5
26285 5
26286 5
26287 5
26288 5
26289 5
26290 5
26291 5
26292 5
26293 5
26294 5
26295 5
26296 5
26297 5
26298 5
26299 5
26300 5
26261 5
26262 5
26263 5
26264 5
26265 5
26266 5
26267 5
26268 5
26269 5
26270 5
26271 5
26272 5
26273 5
26274 5
26275 5
26276 5
26277 5
26278 5
26279 5
26280 5
26241 5
26242 5
26243 5
26244 5
26245 5
26246 5
26247 5
26248 5
26249 5
26250 5
26251 5
26252 5
26253 5
26254 5
26255 5
26256 5
26257 5
26258 5
26259 5
26260 5
26221 5
26222 5
26223 5
26224 5
26225 5
26226 5
26227 5
26228 5
26229 5
26230 5
26231 5
26232 5
26233 5
26234 5
26235 5
26236 5
26237 5
26238 5
26239 5
26240 5
26201 5
26202 5
26203 5
26204 5
26205 5
26206 5
26207 5
26208 5
26209 5
26210 5
26211 5
26212 5
26213 5
26214 5
26215 5
26216 5
26217 5
26218 5
26219 5
26220 5
26220 1
26219 1
26218 1
26217 1
26216 1
26215 1
26214 1
26213 1
26212 1
26211 1
26210 1
26209 1
26208 1
26207 1
26206 1
26205 1
26204 1
26203 1
26202 1
26201 1
981 1
961 1
941 1
921 1
901 1
881 1
861 1
841 1
821 1
801 1
781 1
761 1
741 1
721 1
701 1
681 1
661 1
641 1
621 1
601 1
4096 3
4196 3
4296 3
4396 3
4496 3
4596 3
4696 3
4796 3
4896 3
4996 3
5096 3
5196 3
5296 3
5396 3
5496 3
5596 3
5696 3
5796 3
5896 3
5996 3
4097 3
4197 3
4297 3
4397 3
4497 3
4597 3
4697 3
4797 3
4897 3
4997 3
5097 3
5197 3
5297 3
5397 3
5497 3
5597 3
5697 3
5797 3
5897 3
5997 3
4098 3
4198 3
4298 3
4398 3
4498 3
4598 3
4698 3
4798 3
4898 3
4998 3
5098 3
5198 3
5298 3
5398 3
5498 3
5598 3
5698 3
5798 3
5898 3
5998 3
4099 3
4199 3
4299 3
4399 3
4499 3
4599 3
4699 3
4799 3
4899 3
4999 3
5099 3
5199 3
5299 3
5399 3
5499 3
5599 3
5699 3
5799 3
5899 3
5999 3
4100 3
4200 3
4300 3
4400 3
4500 3
4600 3
4700 3
4800 3
4900 3
5000 3
5100 3
5200 3
5300 3
5400 3
5500 3
5600 3
5700 3
5800 3
5900 3
6000 3
25981 3
25982 3
25983 3
25984 3
25985 3
25986 3
25987 3
25988 3
25989 3
25990 3
25991 3
25992 3
25993 3
25994 3
25995 3
25996 3
25997 3
25998 3
25999 3
26000 3
25581 3
25582 3
25583 3
25584 3
25585 3
25586 3
25587 3
25588 3
25589 3
25590 3
25591 3
25592 3
25593 3
25594 3
25595 3
25596 3
25597 3
25598 3
25599 3
25600 3
25181 3
25182 3
25183 3
25184 3
25185 3
25186 3
25187 3
25188 3
25189 3
25190 3
25191 3
25192 3
25193 3
25194 3
25195 3
25196 3
25197 3
25198 3
25199 3
25200 3
24781 3
24782 3
24783 3
24784 3
24785 3
24786 3
24787 3
24788 3
24789 3
24790 3
24791 3
24792 3
24793 3
24794 3
24795 3
24796 3
24797 3
24798 3
24799 3
24800 3
24381 3
24382 3
24383 3
24384 3
24385 3
24386 3
24387 3
24388 3
24389 3
24390 3
24391 3
24392 3
24393 3
24394 3
24395 3
24396 3
24397 3
24398 3
24399 3
24400 3
23981 3
23982 3
23983 3
23984 3
23985 3
23986 3
23987 3
23988 3
23989 3
23990 3
23991 3
23992 3
23993 3
23994 3
23995 3
23996 3
23997 3
23998 3
23999 3
24000 3
23581 3
23582 3
23583 3
23584 3
23585 3
23586 3
23587 3
23588 3
23589 3
23590 3
23591 3
23592 3
23593 3
23594 3
23595 3
23596 3
23597 3
23598 3
23599 3
23600 3
23181 3
23182 3
23183 3
23184 3
23185 3
23186 3
23187 3
23188 3
23189 3
23190 3
23191 3
23192 3
23193 3
23194 3
23195 3
23196 3
23197 3
23198 3
23199 3
23200 3
22781 3
22782 3
22783 3
22784 3
22785 3
22786 3
22787 3
22788 3
22789 3
22790 3
22791 3
22792 3
22793 3
22794 3
22795 3
22796 3
22797 3
22798 3
22799 3
22800 3
22381 3
22382 3
22383 3
22384 3
22385 3
22386 3
22387 3
22388 3
22389 3
22390 3
22391 3
22392 3
22393 3
22394 3
22395 3
22396 3
22397 3
22398 3
22399 3
22400 3
21981 3
21982 3
21983 3
21984 3
21985 3
21986 3
21987 3
21988 3
21989 3
21990 3
21991 3
21992 3
21993 3
21994 3
21995 3
21996 3
21997 3
21998 3
21999 3
22000 3
21581 3
21582 3
21583 3
21584 3
21585 3
21586 3
21587 3
21588 3
21589 3
21590 3
21591 3
21592 3
21593 3
21594 3
21595 3
21596 3
21597 3
21598 3
21599 3
21600 3
21181 3
21182 3
21183 3
21184 3
21185 3
21186 3
21187 3
21188 3
21189 3
21190 3
21191 3
21192 3
21193 3
21194 3
21195 3
21196 3
21197 3
21198 3
21199 3
21200 3
20781 3
20782 3
20783 3
20784 3
20785 3
20786 3
20787 3
20788 3
20789 3
20790 3
20791 3
20792 3
20793 3
20794 3
20795 3
20796 3
20797 3
20798 3
20799 3
20800 3
20381 3
20382 3
20383 3
20384 3
20385 3
20386 3
20387 3
20388 3
20389 3
20390 3
20391 3
20392 3
20393 3
20394 3
20395 3
20396 3
20397 3
20398 3
20399 3
20400 3
19981 3
19982 3
19983 3
19984 3
19985 3
19986 3
19987 3
19988 3
19989 3
19990 3
19991 3
19992 3
19993 3
19994 3
19995 3
19996 3
19997 3
19998 3
19999 3
20000 3
19581 3
19582 3
19583 3
19584 3
19585 3
19586 3
19587 3
19588 3
19589 3
19590 3
19591 3
19592 3
19593 3
19594 3
19595 3
19596 3
19597 3
19598 3
19599 3
19600 3
19181 3
19182 3
19183 3
19184 3
19185 3
19186 3
19187 3
19188 3
19189 3
19190 3
19191 3
19192 3
19193 3
19194 3
19195 3
19196 3
19197 3
19198 3
19199 3
19200 3
18781 3
18782 3
18783 3
18784 3
18785 3
18786 3
18787 3
18788 3
18789 3
18790 3
18791 3
18792 3
18793 3
18794 3
18795 3
18796 3
18797 3
18798 3
18799 3
18800 3
18381 3
18382 3
18383 3
18384 3
18385 3
18386 3
18387 3
18388 3
18389 3
18390 3
18391 3
18392 3
18393 3
18394 3
18395 3
18396 3
18397 3
18398 3
18399 3
18400 3
26620 1
26619 1
26618 1
26617 1
26616 1
26615 1
26614 1
26613 1
26612 1
26611 1
26610 1
26609 1
26608 1
26607 1
26606 1
26605 1
26604 1
26603 1
26602 1
26601 1
381 1
361 1
341 1
321 1
301 1
281 1
261 1
241 1
221 1
201 1
181 1
161 1
141 1
121 1
101 1
81 1
61 1
41 1
21 1
1 1
1096 3
1196 3
1296 3
1396 3
1496 3
1596 3
1696 3
1796 3
1896 3
1996 3
2096 3
2196 3
2296 3
2396 3
2496 3
2596 3
2696 3
2796 3
2896 3
2996 3
1097 3
1197 3
1297 3
1397 3
1497 3
1597 3
1697 3
1797 3
1897 3
1997 3
2097 3
2197 3
2297 3
2397 3
2497 3
2597 3
2697 3
2797 3
2897 3
2997 3
1098 3
1198 3
1298 3
1398 3
1498 3
1598 3
1698 3
1798 3
1898 3
1998 3
2098 3
2198 3
2298 3
2398 3
2498 3
2598 3
2698 3
2798 3
2898 3
2998 3
1099 3
1199 3
1299 3
1399 3
1499 3
1599 3
1699 3
1799 3
1899 3
1999 3
2099 3
2199 3
2299 3
2399 3
2499 3
2599 3
2699 3
2799 3
2899 3
2999 3
1100 3
1200 3
1300 3
1400 3
1500 3
1600 3
1700 3
1800 3
1900 3
2000 3
2100 3
2200 3
2300 3
2400 3
2500 3
2600 3
2700 3
2800 3
2900 3
3000 3
13981 3
13982 3
13983 3
13984 3
13985 3
13986 3
13987 3
13988 3
13989 3
13990 3
13991 3
13992 3
13993 3
13994 3
13995 3
13996 3
13997 3
13998 3
13999 3
14000 3
13581 3
13582 3
13583 3
13584 3
13585 3
13586 3
13587 3
13588 3
13589 3
13590 3
13591 3
13592 3
13593 3
13594 3
13595 3
13596 3
13597 3
13598 3
13599 3
13600 3
13181 3
13182 3
13183 3
13184 3
13185 3
13186 3
13187 3
13188 3
13189 3
13190 3
13191 3
13192 3
13193 3
13194 3
13195 3
13196 3
13197 3
13198 3
13199 3
13200 3
12781 3
12782 3
12783 3
12784 3
12785 3
12786 3
12787 3
12788 3
12789 3
12790 3
12791 3
12792 3
12793 3
12794 3
12795 3
12796 3
12797 3
12798 3
12799 3
12800 3
12381 3
12382 3
12383 3
12384 3
12385 3
12386 3
12387 3
12388 3
12389 3
12390 3
12391 3
12392 3
12393 3
12394 3
12395 3
12396 3
12397 3
12398 3
12399 3
12400 3
11981 3
11982 3
11983 3
11984 3
11985 3
11986 3
11987 3
11988 3
11989 3
11990 3
11991 3
11992 3
11993 3
11994 3
11995 3
11996 3
11997 3
11998 3
11999 3
12000 3
11581 3
11582 3
11583 3
11584 3
11585 3
11586 3
11587 3
11588 3
11589 3
11590 3
11591 3
11592 3
11593 3
11594 3
11595 3
11596 3
11597 3
11598 3
11599 3
11600 3
11181 3
11182 3
11183 3
11184 3
11185 3
11186 3
11187 3
11188 3
11189 3
11190 3
11191 3
11192 3
11193 3
11194 3
11195 3
11196 3
11197 3
11198 3
11199 3
11200 3
10781 3
10782 3
10783 3
10784 3
10785 3
10786 3
10787 3
10788 3
10789 3
10790 3
10791 3
10792 3
10793 3
10794 3
10795 3
10796 3
10797 3
10798 3
10799 3
10800 3
10381 3
10382 3
10383 3
10384 3
10385 3
10386 3
10387 3
10388 3
10389 3
10390 3
10391 3
10392 3
10393 3
10394 3
10395 3
10396 3
10397 3
10398 3
10399 3
10400 3
9981 3
9982 3
9983 3
9984 3
9985 3
9986 3
9987 3
9988 3
9989 3
9990 3
9991 3
9992 3
9993 3
9994 3
9995 3
9996 3
9997 3
9998 3
9999 3
10000 3
9581 3
9582 3
9583 3
9584 3
9585 3
9586 3
9587 3
9588 3
9589 3
9590 3
9591 3
9592 3
9593 3
9594 3
9595 3
9596 3
9597 3
9598 3
9599 3
9600 3
9181 3
9182 3
9183 3
9184 3
9185 3
9186 3
9187 3
9188 3
9189 3
9190 3
9191 3
9192 3
9193 3
9194 3
9195 3
9196 3
9197 3
9198 3
9199 3
9200 3
8781 3
8782 3
8783 3
8784 3
8785 3
8786 3
8787 3
8788 3
8789 3
8790 3
8791 3
8792 3
8793 3
8794 3
8795 3
8796 3
8797 3
8798 3
8799 3
8800 3
8381 3
8382 3
8383 3
8384 3
8385 3
8386 3
8387 3
8388 3
8389 3
8390 3
8391 3
8392 3
8393 3
8394 3
8395 3
8396 3
8397 3
8398 3
8399 3
8400 3
7981 3
7982 3
7983 3
7984 3
7985 3
7986 3
7987 3
7988 3
7989 3
7990 3
7991 3
7992 3
7993 3
7994 3
7995 3
7996 3
7997 3
7998 3
7999 3
8000 3
7581 3
7582 3
7583 3
7584 3
7585 3
7586 3
7587 3
7588 3
7589 3
7590 3
7591 3
7592 3
7593 3
7594 3
7595 3
7596 3
7597 3
7598 3
7599 3
7600 3
7181 3
7182 3
7183 3
7184 3
7185 3
7186 3
7187 3
7188 3
7189 3
7190 3
7191 3
7192 3
7193 3
7194 3
7195 3
7196 3
7197 3
7198 3
7199 3
7200 3
6781 3
6782 3
6783 3
6784 3
6785 3
6786 3
6787 3
6788 3
6789 3
6790 3
6791 3
6792 3
6793 3
6794 3
6795 3
6796 3
6797 3
6798 3
6799 3
6800 3
6381 3
6382 3
6383 3
6384 3
6385 3
6386 3
6387 3
6388 3
6389 3
6390 3
6391 3
6392 3
6393 3
6394 3
6395 3
6396 3
6397 3
6398 3
6399 3
6400 3
26601 4
26621 4
26641 4
26661 4
26681 4
26701 4
26721 4
26741 4
26761 4
26781 4
26801 4
26821 4
26841 4
26861 4
26881 4
26901 4
26921 4
26941 4
26961 4
26981 4
26020 3
26040 3
26060 3
26080 3
26100 3
26120 3
26140 3
26160 3
26180 3
26200 3
26600 2
26580 2
26560 2
26540 2
26520 2
26500 2
26480 2
26460 2
26440 2
26420 2
26400 2
26380 2
26360 2
26340 2
26320 2
26300 2
26280 2
26260 2
26240 2
26220 2
400 6
399 6
398 6
397 6
396 6
395 6
394 6
393 6
392 6
391 6
390 6
389 6
388 6
387 6
386 6
385 6
384 6
383 6
382 6
381 6
591 3
592 3
593 3
594 3
595 3
596 3
597 3
598 3
599 3
600 3
601 5
602 5
603 5
604 5
605 5
606 5
607 5
608 5
609 5
610 5
611 5
612 5
613 5
614 5
615 5
616 5
617 5
618 5
619 5
620 5
2996 6
2991 6
2986 6
2981 6
2976 6
2971 6
2966 6
2961 6
2956 6
2951 6
2946 6
2941 6
2936 6
2931 6
2926 6
2921 6
2916 6
2911 6
2906 6
2901 6
2997 6
2992 6
2987 6
2982 6
2977 6
2972 6
2967 6
2962 6
2957 6
2952 6
2947 6
2942 6
2937 6
2932 6
2927 6
2922 6
2917 6
2912 6
2907 6
2902 6
2998 6
2993 6
2988 6
2983 6
2978 6
2973 6
2968 6
2963 6
2958 6
2953 6
2948 6
2943 6
2938 6
2933 6
2928 6
2923 6
2918 6
2913 6
2908 6
2903 6
2999 6
2994 6
2989 6
2984 6
2979 6
2974 6
2969 6
2964 6
2959 6
2954 6
2949 6
2944 6
2939 6
2934 6
2929 6
2924 6
2919 6
2914 6
2909 6
2904 6
3000 6
2995 6
2990 6
2985 6
2980 6
2975 6
2970 6
2965 6
2960 6
2955 6
2950 6
2945 6
2940 6
2935 6
2930 6
2925 6
2920 6
2915 6
2910 6
2905 6
3991 3
3992 3
3993 3
3994 3
3995 3
3996 3
3997 3
3998 3
3999 3
4000 3
3791 3
3792 3
3793 3
3794 3
3795 3
3796 3
3797 3
3798 3
3799 3
3800 3
3591 3
3592 3
3593 3
3594 3
3595 3
3596 3
3597 3
3598 3
3599 3
3600 3
3391 3
3392 3
3393 3
3394 3
3395 3
3396 3
3397 3
3398 3
3399 3
3400 3
3191 3
3192 3
3193 3
3194 3
3195 3
3196 3
3197 3
3198 3
3199 3
3200 3
4001 5
4006 5
4011 5
4016 5
4021 5
4026 5
4031 5
4036 5
4041 5
4046 5
4051 5
4056 5
4061 5
4066 5
4071 5
4076 5
4081 5
4086 5
4091 5
4096 5
4002 5
4007 5
4012 5
4017 5
4022 5
4027 5
4032 5
4037 5
4042 5
4047 5
4052 5
4057 5
4062 5
4067 5
4072 5
4077 5
4082 5
4087 5
4092 5
4097 5
4003 5
4008 5
4013 5
4018 5
4023 5
4028 5
4033 5
4038 5
4043 5
4048 5
4053 5
4058 5
4063 5
4068 5
4073 5
4078 5
4083 5
4088 5
4093 5
4098 5
4004 5
4009 5
4014 5
4019 5
4024 5
4029 5
4034 5
4039 5
4044 5
4049 5
4054 5
4059 5
4064 5
4069 5
4074 5
4079 5
4084 5
4089 5
4094 5
4099 5
4005 5
4010 5
4015 5
4020 5
4025 5
4030 5
4035 5
4040 5
4045 5
4050 5
4055 5
4060 5
4065 5
4070 5
4075 5
4080 5
4085 5
4090 5
4095 5
4100 5
13601 4
13621 4
13641 4
13661 4
13681 4
13701 4
13721 4
13741 4
13761 4
13781 4
13801 4
13821 4
13841 4
13861 4
13881 4
13901 4
13921 4
13941 4
13961 4
13981 4
13201 4
13221 4
13241 4
13261 4
13281 4
13301 4
13321 4
13341 4
13361 4
13381 4
13401 4
13421 4
13441 4
13461 4
13481 4
13501 4
13521 4
13541 4
13561 4
13581 4
12801 4
12821 4
12841 4
12861 4
12881 4
12901 4
12921 4
12941 4
12961 4
12981 4
13001 4
13021 4
13041 4
13061 4
13081 4
13101 4
13121 4
13141 4
13161 4
13181 4
12401 4
12421 4
12441 4
12461 4
12481 4
12501 4
12521 4
12541 4
12561 4
12581 4
12601 4
12621 4
12641 4
12661 4
12681 4
12701 4
12721 4
12741 4
12761 4
12781 4
12001 4
12021 4
12041 4
12061 4
12081 4
12101 4
12121 4
12141 4
12161 4
12181 4
12201 4
12221 4
12241 4
12261 4
12281 4
12301 4
12321 4
12341 4
12361 4
12381 4
11601 4
11621 4
11641 4
11661 4
11681 4
11701 4
11721 4
11741 4
11761 4
11781 4
11801 4
11821 4
11841 4
11861 4
11881 4
11901 4
11921 4
11941 4
11961 4
11981 4
11201 4
11221 4
11241 4
11261 4
11281 4
11301 4
11321 4
11341 4
11361 4
11381 4
11401 4
11421 4
11441 4
11461 4
11481 4
11501 4
11521 4
11541 4
11561 4
11581 4
10801 4
10821 4
10841 4
10861 4
10881 4
10901 4
10921 4
10941 4
10961 4
10981 4
11001 4
11021 4
11041 4
11061 4
11081 4
11101 4
11121 4
11141 4
11161 4
11181 4
10401 4
10421 4
10441 4
10461 4
10481 4
10501 4
10521 4
10541 4
10561 4
10581 4
10601 4
10621 4
10641 4
10661 4
10681 4
10701 4
10721 4
10741 4
10761 4
10781 4
10001 4
10021 4
10041 4
10061 4
10081 4
10101 4
10121 4
10141 4
10161 4
10181 4
10201 4
10221 4
10241 4
10261 4
10281 4
10301 4
10321 4
10341 4
10361 4
10381 4
9601 4
9621 4
9641 4
9661 4
9681 4
9701 4
9721 4
9741 4
9761 4
9781 4
9801 4
9821 4
9841 4
9861 4
9881 4
9901 4
9921 4
9941 4
9961 4
9981 4
9201 4
9221 4
9241 4
9261 4
9281 4
9301 4
9321 4
9341 4
9361 4
9381 4
9401 4
9421 4
9441 4
9461 4
9481 4
9501 4
9521 4
9541 4
9561 4
9581 4
8801 4
8821 4
8841 4
8861 4
8881 4
8901 4
8921 4
8941 4
8961 4
8981 4
9001 4
9021 4
9041 4
9061 4
9081 4
9101 4
9121 4
9141 4
9161 4
9181 4
8401 4
8421 4
8441 4
8461 4
8481 4
8501 4
8521 4
8541 4
8561 4
8581 4
8601 4
8621 4
8641 4
8661 4
8681 4
8701 4
8721 4
8741 4
8761 4
8781 4
8001 4
8021 4
8041 4
8061 4
8081 4
8101 4
8121 4
8141 4
8161 4
8181 4
8201 4
8221 4
8241 4
8261 4
8281 4
8301 4
8321 4
8341 4
8361 4
8381 4
7601 4
7621 4
7641 4
7661 4
7681 4
7701 4
7721 4
7741 4
7761 4
7781 4
7801 4
7821 4
7841 4
7861 4
7881 4
7901 4
7921 4
7941 4
7961 4
7981 4
7201 4
7221 4
7241 4
7261 4
7281 4
7301 4
7321 4
7341 4
7361 4
7381 4
7401 4
7421 4
7441 4
7461 4
7481 4
7501 4
7521 4
7541 4
7561 4
7581 4
6801 4
6821 4
6841 4
6861 4
6881 4
6901 4
6921 4
6941 4
6961 4
6981 4
7001 4
7021 4
7041 4
7061 4
7081 4
7101 4
7121 4
7141 4
7161 4
7181 4
6401 4
6421 4
6441 4
6461 4
6481 4
6501 4
6521 4
6541 4
6561 4
6581 4
6601 4
6621 4
6641 4
6661 4
6681 4
6701 4
6721 4
6741 4
6761 4
6781 4
6001 4
6021 4
6041 4
6061 4
6081 4
6101 4
6121 4
6141 4
6161 4
6181 4
6201 4
6221 4
6241 4
6261 4
6281 4
6301 4
6321 4
6341 4
6361 4
6381 4
14381 3
14781 3
15181 3
15581 3
15981 3
16381 3
16781 3
17181 3
17581 3
17981 3
14382 3
14782 3
15182 3
15582 3
15982 3
16382 3
16782 3
17182 3
17582 3
17982 3
14383 3
14783 3
15183 3
15583 3
15983 3
16383 3
16783 3
17183 3
17583 3
17983 3
14384 3
14784 3
15184 3
15584 3
15984 3
16384 3
16784 3
17184 3
17584 3
17984 3
14385 3
14785 3
15185 3
15585 3
15985 3
16385 3
16785 3
17185 3
17585 3
17985 3
14386 3
14786 3
15186 3
15586 3
15986 3
16386 3
16786 3
17186 3
17586 3
17986 3
14387 3
14787 3
15187 3
15587 3
15987 3
16387 3
16787 3
17187 3
17587 3
17987 3
14388 3
14788 3
15188 3
15588 3
15988 3
16388 3
16788 3
17188 3
17588 3
17988 3
14389 3
14789 3
15189 3
15589 3
15989 3
16389 3
16789 3
17189 3
17589 3
17989 3
14390 3
14790 3
15190 3
15590 3
15990 3
16390 3
16790 3
17190 3
17590 3
17990 3
14391 3
14791 3
15191 3
15591 3
15991 3
16391 3
16791 3
17191 3
17591 3
17991 3
14392 3
14792 3
15192 3
15592 3
15992 3
16392 3
16792 3
17192 3
17592 3
17992 3
14393 3
14793 3
15193 3
15593 3
15993 3
16393 3
16793 3
17193 3
17593 3
17993 3
14394 3
14794 3
15194 3
15594 3
15994 3
16394 3
16794 3
17194 3
17594 3
17994 3
14395 3
14795 3
15195 3
15595 3
15995 3
16395 3
16795 3
17195 3
17595 3
17995 3
14396 3
14796 3
15196 3
15596 3
15996 3
16396 3
16796 3
17196 3
17596 3
17996 3
14397 3
14797 3
15197 3
15597 3
15997 3
16397 3
16797 3
17197 3
17597 3
17997 3
14398 3
14798 3
15198 3
15598 3
15998 3
16398 3
16798 3
17198 3
17598 3
17998 3
14399 3
14799 3
15199 3
15599 3
15999 3
16399 3
16799 3
17199 3
17599 3
17999 3
14400 3
14800 3
15200 3
15600 3
16000 3
16400 3
16800 3
17200 3
17600 3
18000 3
26000 2
25980 2
25960 2
25940 2
25920 2
25900 2
25880 2
25860 2
25840 2
25820 2
25800 2
25780 2
25760 2
25740 2
25720 2
25700 2
25680 2
25660 2
25640 2
25620 2
25600 2
25580 2
25560 2
25540 2
25520 2
25500 2
25480 2
25460 2
25440 2
25420 2
25400 2
25380 2
25360 2
25340 2
25320 2
25300 2
25280 2
25260 2
25240 2
25220 2
25200 2
25180 2
25160 2
25140 2
25120 2
25100 2
25080 2
25060 2
25040 2
25020 2
25000 2
24980 2
24960 2
24940 2
24920 2
24900 2
24880 2
24860 2
24840 2
24820 2
24800 2
24780 2
24760 2
24740 2
24720 2
24700 2
24680 2
24660 2
24640 2
24620 2
24600 2
24580 2
24560 2
24540 2
24520 2
24500 2
24480 2
24460 2
24440 2
24420 2
24400 2
24380 2
24360 2
24340 2
24320 2
24300 2
24280 2
24260 2
24240 2
24220 2
24200 2
24180 2
24160 2
24140 2
24120 2
24100 2
24080 2
24060 2
24040 2
24020 2
24000 2
23980 2
23960 2
23940 2
23920 2
23900 2
23880 2
23860 2
23840 2
23820 2
23800 2
23780 2
23760 2
23740 2
23720 2
23700 2
23680 2
23660 2
23640 2
23620 2
23600 2
23580 2
23560 2
23540 2
23520 2
23500 2
23480 2
23460 2
23440 2
23420 2
23400 2
23380 2
23360 2
23340 2
23320 2
23300 2
23280 2
23260 2
23240 2
23220 2
23200 2
23180 2
23160 2
23140 2
23120 2
23100 2
23080 2
23060 2
23040 2
23020 2
23000 2
22980 2
22960 2
22940 2
22920 2
22900 2
22880 2
22860 2
22840 2
22820 2
22800 2
22780 2
22760 2
22740 2
22720 2
22700 2
22680 2
22660 2
22640 2
22620 2
22600 2
22580 2
22560 2
22540 2
22520 2
22500 2
22480 2
22460 2
22440 2
22420 2
22400 2
22380 2
22360 2
22340 2
22320 2
22300 2
22280 2
22260 2
22240 2
22220 2
22200 2
22180 2
22160 2
22140 2
22120 2
22100 2
22080 2
22060 2
22040 2
22020 2
22000 2
21980 2
21960 2
21940 2
21920 2
21900 2
21880 2
21860 2
21840 2
21820 2
21800 2
21780 2
21760 2
21740 2
21720 2
21700 2
21680 2
21660 2
21640 2
21620 2
21600 2
21580 2
21560 2
21540 2
21520 2
21500 2
21480 2
21460 2
21440 2
21420 2
21400 2
21380 2
21360 2
21340 2
21320 2
21300 2
21280 2
21260 2
21240 2
21220 2
21200 2
21180 2
21160 2
21140 2
21120 2
21100 2
21080 2
21060 2
21040 2
21020 2
21000 2
20980 2
20960 2
20940 2
20920 2
20900 2
20880 2
20860 2
20840 2
20820 2
20800 2
20780 2
20760 2
20740 2
20720 2
20700 2
20680 2
20660 2
20640 2
20620 2
20600 2
20580 2
20560 2
20540 2
20520 2
20500 2
20480 2
20460 2
20440 2
20420 2
20400 2
20380 2
20360 2
20340 2
20320 2
20300 2
20280 2
20260 2
20240 2
20220 2
20200 2
20180 2
20160 2
20140 2
20120 2
20100 2
20080 2
20060 2
20040 2
20020 2
20000 2
19980 2
19960 2
19940 2
19920 2
19900 2
19880 2
19860 2
19840 2
19820 2
19800 2
19780 2
19760 2
19740 2
19720 2
19700 2
19680 2
19660 2
19640 2
19620 2
19600 2
19580 2
19560 2
19540 2
19520 2
19500 2
19480 2
19460 2
19440 2
19420 2
19400 2
19380 2
19360 2
19340 2
19320 2
19300 2
19280 2
19260 2
19240 2
19220 2
19200 2
19180 2
19160 2
19140 2
19120 2
19100 2
19080 2
19060 2
19040 2
19020 2
19000 2
18980 2
18960 2
18940 2
18920 2
18900 2
18880 2
18860 2
18840 2
18820 2
18800 2
18780 2
18760 2
18740 2
18720 2
18700 2
18680 2
18660 2
18640 2
18620 2
18600 2
18580 2
18560 2
18540 2
18520 2
18500 2
18480 2
18460 2
18440 2
18420 2
18400 2
18380 2
18360 2
18340 2
18320 2
18300 2
18280 2
18260 2
18240 2
18220 2
18200 2
18180 2
18160 2
18140 2
18120 2
18100 2
18080 2
18060 2
18040 2
18020 2
6020 5
6019 5
6018 5
6017 5
6016 5
6015 5
6014 5
6013 5
6012 5
6011 5
6010 5
6009 5
6008 5
6007 5
6006 5
6005 5
6004 5
6003 5
6002 5
6001 5
6040 5
6039 5
6038 5
6037 5
6036 5
6035 5
6034 5
6033 5
6032 5
6031 5
6030 5
6029 5
6028 5
6027 5
6026 5
6025 5
6024 5
6023 5
6022 5
6021 5
6060 5
6059 5
6058 5
6057 5
6056 5
6055 5
6054 5
6053 5
6052 5
6051 5
6050 5
6049 5
6048 5
6047 5
6046 5
6045 5
6044 5
6043 5
6042 5
6041 5
6080 5
6079 5
6078 5
6077 5
6076 5
6075 5
6074 5
6073 5
6072 5
6071 5
6070 5
6069 5
6068 5
6067 5
6066 5
6065 5
6064 5
6063 5
6062 5
6061 5
6100 5
6099 5
6098 5
6097 5
6096 5
6095 5
6094 5
6093 5
6092 5
6091 5
6090 5
6089 5
6088 5
6087 5
6086 5
6085 5
6084 5
6083 5
6082 5
6081 5
6120 5
6119 5
6118 5
6117 5
6116 5
6115 5
6114 5
6113 5
6112 5
6111 5
6110 5
6109 5
6108 5
6107 5
6106 5
6105 5
6104 5
6103 5
6102 5
6101 5
6140 5
6139 5
6138 5
6137 5
6136 5
6135 5
6134 5
6133 5
6132 5
6131 5
6130 5
6129 5
6128 5
6127 5
6126 5
6125 5
6124 5
6123 5
6122 5
6121 5
6160 5
6159 5
6158 5
6157 5
6156 5
6155 5
6154 5
6153 5
6152 5
6151 5
6150 5
6149 5
6148 5
6147 5
6146 5
6145 5
6144 5
6143 5
6142 5
6141 5
6180 5
6179 5
6178 5
6177 5
6176 5
6175 5
6174 5
6173 5
6172 5
6171 5
6170 5
6169 5
6168 5
6167 5
6166 5
6165 5
6164 5
6163 5
6162 5
6161 5
6200 5
6199 5
6198 5
6197 5
6196 5
6195 5
6194 5
6193 5
6192 5
6191 5
6190 5
6189 5
6188 5
6187 5
6186 5
6185 5
6184 5
6183 5
6182 5
6181 5
6220 5
6219 5
6218 5
6217 5
6216 5
6215 5
6214 5
6213 5
6212 5
6211 5
6210 5
6209 5
6208 5
6207 5
6206 5
6205 5
6204 5
6203 5
6202 5
6201 5
6240 5
6239 5
6238 5
6237 5
6236 5
6235 5
6234 5
6233 5
6232 5
6231 5
6230 5
6229 5
6228 5
6227 5
6226 5
6225 5
6224 5
6223 5
6222 5
6221 5
6260 5
6259 5
6258 5
6257 5
6256 5
6255 5
6254 5
6253 5
6252 5
6251 5
6250 5
6249 5
6248 5
6247 5
6246 5
6245 5
6244 5
6243 5
6242 5
6241 5
6280 5
6279 5
6278 5
6277 5
6276 5
6275 5
6274 5
6273 5
6272 5
6271 5
6270 5
6269 5
6268 5
6267 5
6266 5
6265 5
6264 5
6263 5
6262 5
6261 5
6300 5
6299 5
6298 5
6297 5
6296 5
6295 5
6294 5
6293 5
6292 5
6291 5
6290 5
6289 5
6288 5
6287 5
6286 5
6285 5
6284 5
6283 5
6282 5
6281 5
6320 5
6319 5
6318 5
6317 5
6316 5
6315 5
6314 5
6313 5
6312 5
6311 5
6310 5
6309 5
6308 5
6307 5
6306 5
6305 5
6304 5
6303 5
6302 5
6301 5
6340 5
6339 5
6338 5
6337 5
6336 5
6335 5
6334 5
6333 5
6332 5
6331 5
6330 5
6329 5
6328 5
6327 5
6326 5
6325 5
6324 5
6323 5
6322 5
6321 5
6360 5
6359 5
6358 5
6357 5
6356 5
6355 5
6354 5
6353 5
6352 5
6351 5
6350 5
6349 5
6348 5
6347 5
6346 5
6345 5
6344 5
6343 5
6342 5
6341 5
6380 5
6379 5
6378 5
6377 5
6376 5
6375 5
6374 5
6373 5
6372 5
6371 5
6370 5
6369 5
6368 5
6367 5
6366 5
6365 5
6364 5
6363 5
6362 5
6361 5
6400 5
6399 5
6398 5
6397 5
6396 5
6395 5
6394 5
6393 5
6392 5
6391 5
6390 5
6389 5
6388 5
6387 5
6386 5
6385 5
6384 5
6383 5
6382 5
6381 5
18000 2
17980 2
17960 2
17940 2
17920 2
17900 2
17880 2
17860 2
17840 2
17820 2
17800 2
17780 2
17760 2
17740 2
17720 2
17700 2
17680 2
17660 2
17640 2
17620 2
17600 2
17580 2
17560 2
17540 2
17520 2
17500 2
17480 2
17460 2
17440 2
17420 2
17400 2
17380 2
17360 2
17340 2
17320 2
17300 2
17280 2
17260 2
17240 2
17220 2
17200 2
17180 2
17160 2
17140 2
17120 2
17100 2
17080 2
17060 2
17040 2
17020 2
17000 2
16980 2
16960 2
16940 2
16920 2
16900 2
16880 2
16860 2
16840 2
16820 2
16800 2
16780 2
16760 2
16740 2
16720 2
16700 2
16680 2
16660 2
16640 2
16620 2
16600 2
16580 2
16560 2
16540 2
16520 2
16500 2
16480 2
16460 2
16440 2
16420 2
16400 2
16380 2
16360 2
16340 2
16320 2
16300 2
16280 2
16260 2
16240 2
16220 2
16200 2
16180 2
16160 2
16140 2
16120 2
16100 2
16080 2
16060 2
16040 2
16020 2
16000 2
15980 2
15960 2
15940 2
15920 2
15900 2
15880 2
15860 2
15840 2
15820 2
15800 2
15780 2
15760 2
15740 2
15720 2
15700 2
15680 2
15660 2
15640 2
15620 2
15600 2
15580 2
15560 2
15540 2
15520 2
15500 2
15480 2
15460 2
15440 2
15420 2
15400 2
15380 2
15360 2
15340 2
15320 2
15300 2
15280 2
15260 2
15240 2
15220 2
15200 2
15180 2
15160 2
15140 2
15120 2
15100 2
15080 2
15060 2
15040 2
15020 2
15000 2
14980 2
14960 2
14940 2
14920 2
14900 2
14880 2
14860 2
14840 2
14820 2
14800 2
14780 2
14760 2
14740 2
14720 2
14700 2
14680 2
14660 2
14640 2
14620 2
14600 2
14580 2
14560 2
14540 2
14520 2
14500 2
14480 2
14460 2
14440 2
14420 2
14400 2
14380 2
14360 2
14340 2
14320 2
14300 2
14280 2
14260 2
14240 2
14220 2
14200 2
14180 2
14160 2
14140 2
14120 2
14100 2
14080 2
14060 2
14040 2
14020 2
18020 5
18019 5
18018 5
18017 5
18016 5
18015 5
18014 5
18013 5
18012 5
18011 5
18010 5
18009 5
18008 5
18007 5
18006 5
18005 5
18004 5
18003 5
18002 5
18001 5
18040 5
18039 5
18038 5
18037 5
18036 5
18035 5
18034 5
18033 5
18032 5
18031 5
18030 5
18029 5
18028 5
18027 5
18026 5
18025 5
18024 5
18023 5
18022 5
18021 5
18060 5
18059 5
18058 5
18057 5
18056 5
18055 5
18054 5
18053 5
18052 5
18051 5
18050 5
18049 5
18048 5
18047 5
18046 5
18045 5
18044 5
18043 5
18042 5
18041 5
18080 5
18079 5
18078 5
18077 5
18076 5
18075 5
18074 5
18073 5
18072 5
18071 5
18070 5
18069 5
18068 5
18067 5
18066 5
18065 5
18064 5
18063 5
18062 5
18061 5
18100 5
18099 5
18098 5
18097 5
18096 5
18095 5
18094 5
18093 5
18092 5
18091 5
18090 5
18089 5
18088 5
18087 5
18086 5
18085 5
18084 5
18083 5
18082 5
18081 5
18120 5
18119 5
18118 5
18117 5
18116 5
18115 5
18114 5
18113 5
18112 5
18111 5
18110 5
18109 5
18108 5
18107 5
18106 5
18105 5
18104 5
18103 5
18102 5
18101 5
18140 5
18139 5
18138 5
18137 5
18136 5
18135 5
18134 5
18133 5
18132 5
18131 5
18130 5
18129 5
18128 5
18127 5
18126 5
18125 5
18124 5
18123 5
18122 5
18121 5
18160 5
18159 5
18158 5
18157 5
18156 5
18155 5
18154 5
18153 5
18152 5
18151 5
18150 5
18149 5
18148 5
18147 5
18146 5
18145 5
18144 5
18143 5
18142 5
18141 5
18180 5
18179 5
18178 5
18177 5
18176 5
18175 5
18174 5
18173 5
18172 5
18171 5
18170 5
18169 5
18168 5
18167 5
18166 5
18165 5
18164 5
18163 5
18162 5
18161 5
18200 5
18199 5
18198 5
18197 5
18196 5
18195 5
18194 5
18193 5
18192 5
18191 5
18190 5
18189 5
18188 5
18187 5
18186 5
18185 5
18184 5
18183 5
18182 5
18181 5
18220 5
18219 5
18218 5
18217 5
18216 5
18215 5
18214 5
18213 5
18212 5
18211 5
18210 5
18209 5
18208 5
18207 5
18206 5
18205 5
18204 5
18203 5
18202 5
18201 5
18240 5
18239 5
18238 5
18237 5
18236 5
18235 5
18234 5
18233 5
18232 5
18231 5
18230 5
18229 5
18228 5
18227 5
18226 5
18225 5
18224 5
18223 5
18222 5
18221 5
18260 5
18259 5
18258 5
18257 5
18256 5
18255 5
18254 5
18253 5
18252 5
18251 5
18250 5
18249 5
18248 5
18247 5
18246 5
18245 5
18244 5
18243 5
18242 5
18241 5
18280 5
18279 5
18278 5
18277 5
18276 5
18275 5
18274 5
18273 5
18272 5
18271 5
18270 5
18269 5
18268 5
18267 5
18266 5
18265 5
18264 5
18263 5
18262 5
18261 5
18300 5
18299 5
18298 5
18297 5
18296 5
18295 5
18294 5
18293 5
18292 5
18291 5
18290 5
18289 5
18288 5
18287 5
18286 5
18285 5
18284 5
18283 5
18282 5
18281 5
18320 5
18319 5
18318 5
18317 5
18316 5
18315 5
18314 5
18313 5
18312 5
18311 5
18310 5
18309 5
18308 5
18307 5
18306 5
18305 5
18304 5
18303 5
18302 5
18301 5
18340 5
18339 5
18338 5
18337 5
18336 5
18335 5
18334 5
18333 5
18332 5
18331 5
18330 5
18329 5
18328 5
18327 5
18326 5
18325 5
18324 5
18323 5
18322 5
18321 5
18360 5
18359 5
18358 5
18357 5
18356 5
18355 5
18354 5
18353 5
18352 5
18351 5
18350 5
18349 5
18348 5
18347 5
18346 5
18345 5
18344 5
18343 5
18342 5
18341 5
18380 5
18379 5
18378 5
18377 5
18376 5
18375 5
18374 5
18373 5
18372 5
18371 5
18370 5
18369 5
18368 5
18367 5
18366 5
18365 5
18364 5
18363 5
18362 5
18361 5
18400 5
18399 5
18398 5
18397 5
18396 5
18395 5
18394 5
18393 5
18392 5
18391 5
18390 5
18389 5
18388 5
18387 5
18386 5
18385 5
18384 5
18383 5
18382 5
18381 5
