8000
259196 1
259194 1
259200 1
259198 1
259036 1
259034 1
259040 1
259038 1
258876 1
258874 1
258880 1
258878 1
258716 1
258714 1
258720 1
258718 1
258556 1
258554 1
258560 1
258558 1
258396 1
258394 1
258400 1
258398 1
258236 1
258234 1
258240 1
258238 1
258076 1
258074 1
258080 1
258078 1
257916 1
257914 1
257920 1
257918 1
257756 1
257754 1
257760 1
257758 1
257596 1
257594 1
257600 1
257598 1
257436 1
257434 1
257440 1
257438 1
257276 1
257274 1
257280 1
257278 1
257116 1
257114 1
257120 1
257118 1
256956 1
256954 1
256960 1
256958 1
256796 1
256794 1
256800 1
256798 1
256636 1
256634 1
256640 1
256638 1
256476 1
256474 1
256480 1
256478 1
256316 1
256314 1
256320 1
256318 1
256156 1
256154 1
256160 1
256158 1
259188 1
259186 1
259192 1
259190 1
259028 1
259026 1
259032 1
259030 1
258868 1
258866 1
258872 1
258870 1
258708 1
258706 1
258712 1
258710 1
258548 1
258546 1
258552 1
258550 1
258388 1
258386 1
258392 1
258390 1
258228 1
258226 1
258232 1
258230 1
258068 1
258066 1
258072 1
258070 1
257908 1
257906 1
257912 1
257910 1
257748 1
257746 1
257752 1
257750 1
257588 1
257586 1
257592 1
257590 1
257428 1
257426 1
257432 1
257430 1
257268 1
257266 1
257272 1
257270 1
257108 1
257106 1
257112 1
257110 1
256948 1
256946 1
256952 1
256950 1
256788 1
256786 1
256792 1
256790 1
256628 1
256626 1
256632 1
256630 1
256468 1
256466 1
256472 1
256470 1
256308 1
256306 1
256312 1
256310 1
256148 1
256146 1
256152 1
256150 1
259180 1
259178 1
259184 1
259182 1
259020 1
259018 1
259024 1
259022 1
258860 1
258858 1
258864 1
258862 1
258700 1
258698 1
258704 1
258702 1
258540 1
258538 1
258544 1
258542 1
258380 1
258378 1
258384 1
258382 1
258220 1
258218 1
258224 1
258222 1
258060 1
258058 1
258064 1
258062 1
257900 1
257898 1
257904 1
257902 1
257740 1
257738 1
257744 1
257742 1
257580 1
257578 1
257584 1
257582 1
257420 1
257418 1
257424 1
257422 1
257260 1
257258 1
257264 1
257262 1
257100 1
257098 1
257104 1
257102 1
256940 1
256938 1
256944 1
256942 1
256780 1
256778 1
256784 1
256782 1
256620 1
256618 1
256624 1
256622 1
256460 1
256458 1
256464 1
256462 1
256300 1
256298 1
256304 1
256302 1
256140 1
256138 1
256144 1
256142 1
259172 1
259170 1
259176 1
259174 1
259012 1
259010 1
259016 1
259014 1
258852 1
258850 1
258856 1
258854 1
258692 1
258690 1
258696 1
258694 1
258532 1
258530 1
258536 1
258534 1
258372 1
258370 1
258376 1
258374 1
258212 1
258210 1
258216 1
258214 1
258052 1
258050 1
258056 1
258054 1
257892 1
257890 1
257896 1
257894 1
257732 1
257730 1
257736 1
257734 1
257572 1
257570 1
257576 1
257574 1
257412 1
257410 1
257416 1
257414 1
257252 1
257250 1
257256 1
257254 1
257092 1
257090 1
257096 1
257094 1
256932 1
256930 1
256936 1
256934 1
256772 1
256770 1
256776 1
256774 1
256612 1
256610 1
256616 1
256614 1
256452 1
256450 1
256456 1
256454 1
256292 1
256290 1
256296 1
256294 1
256132 1
256130 1
256136 1
256134 1
259164 1
259162 1
259168 1
259166 1
259004 1
259002 1
259008 1
259006 1
258844 1
258842 1
258848 1
258846 1
258684 1
258682 1
258688 1
258686 1
258524 1
258522 1
258528 1
258526 1
258364 1
258362 1
258368 1
258366 1
258204 1
258202 1
258208 1
258206 1
258044 1
258042 1
258048 1
258046 1
257884 1
257882 1
257888 1
257886 1
257724 1
257722 1
257728 1
257726 1
257564 1
257562 1
257568 1
257566 1
257404 1
257402 1
257408 1
257406 1
257244 1
257242 1
257248 1
257246 1
257084 1
257082 1
257088 1
257086 1
256924 1
256922 1
256928 1
256926 1
256764 1
256762 1
256768 1
256766 1
256604 1
256602 1
256608 1
256606 1
256444 1
256442 1
256448 1
256446 1
256284 1
256282 1
256288 1
256286 1
256124 1
256122 1
256128 1
256126 1
256006 1
256008 1
256002 1
256004 1
256166 1
256168 1
256162 1
256164 1
256326 1
256328 1
256322 1
256324 1
256486 1
256488 1
256482 1
256484 1
256646 1
256648 1
256642 1
256644 1
256806 1
256808 1
256802 1
256804 1
256966 1
256968 1
256962 1
256964 1
257126 1
257128 1
257122 1
257124 1
257286 1
257288 1
257282 1
257284 1
257446 1
257448 1
257442 1
257444 1
257606 1
257608 1
257602 1
257604 1
257766 1
257768 1
257762 1
257764 1
257926 1
257928 1
257922 1
257924 1
258086 1
258088 1
258082 1
258084 1
258246 1
258248 1
258242 1
258244 1
258406 1
258408 1
258402 1
258404 1
258566 1
258568 1
258562 1
258564 1
258726 1
258728 1
258722 1
258724 1
258886 1
258888 1
258882 1
258884 1
259046 1
259048 1
259042 1
259044 1
256014 1
256016 1
256010 1
256012 1
256174 1
256176 1
256170 1
256172 1
256334 1
256336 1
256330 1
256332 1
256494 1
256496 1
256490 1
256492 1
256654 1
256656 1
256650 1
256652 1
256814 1
256816 1
256810 1
256812 1
256974 1
256976 1
256970 1
256972 1
257134 1
257136 1
257130 1
257132 1
257294 1
257296 1
257290 1
257292 1
257454 1
257456 1
257450 1
257452 1
257614 1
257616 1
257610 1
257612 1
257774 1
257776 1
257770 1
257772 1
257934 1
257936 1
257930 1
257932 1
258094 1
258096 1
258090 1
258092 1
258254 1
258256 1
258250 1
258252 1
258414 1
258416 1
258410 1
258412 1
258574 1
258576 1
258570 1
258572 1
258734 1
258736 1
258730 1
258732 1
258894 1
258896 1
258890 1
258892 1
259054 1
259056 1
259050 1
259052 1
256022 1
256024 1
256018 1
256020 1
256182 1
256184 1
256178 1
256180 1
256342 1
256344 1
256338 1
256340 1
256502 1
256504 1
256498 1
256500 1
256662 1
256664 1
256658 1
256660 1
256822 1
256824 1
256818 1
256820 1
256982 1
256984 1
256978 1
256980 1
257142 1
257144 1
257138 1
257140 1
257302 1
257304 1
257298 1
257300 1
257462 1
257464 1
257458 1
257460 1
257622 1
257624 1
257618 1
257620 1
257782 1
257784 1
257778 1
257780 1
257942 1
257944 1
257938 1
257940 1
258102 1
258104 1
258098 1
258100 1
258262 1
258264 1
258258 1
258260 1
258422 1
258424 1
258418 1
258420 1
258582 1
258584 1
258578 1
258580 1
258742 1
258744 1
258738 1
258740 1
258902 1
258904 1
258898 1
258900 1
259062 1
259064 1
259058 1
259060 1
256030 1
256032 1
256026 1
256028 1
256190 1
256192 1
256186 1
256188 1
256350 1
256352 1
256346 1
256348 1
256510 1
256512 1
256506 1
256508 1
256670 1
256672 1
256666 1
256668 1
256830 1
256832 1
256826 1
256828 1
256990 1
256992 1
256986 1
256988 1
257150 1
257152 1
257146 1
257148 1
257310 1
257312 1
257306 1
257308 1
257470 1
257472 1
257466 1
257468 1
257630 1
257632 1
257626 1
257628 1
257790 1
257792 1
257786 1
257788 1
257950 1
257952 1
257946 1
257948 1
258110 1
258112 1
258106 1
258108 1
258270 1
258272 1
258266 1
258268 1
258430 1
258432 1
258426 1
258428 1
258590 1
258592 1
258586 1
258588 1
258750 1
258752 1
258746 1
258748 1
258910 1
258912 1
258906 1
258908 1
259070 1
259072 1
259066 1
259068 1
256038 1
256040 1
256034 1
256036 1
256198 1
256200 1
256194 1
256196 1
256358 1
256360 1
256354 1
256356 1
256518 1
256520 1
256514 1
256516 1
256678 1
256680 1
256674 1
256676 1
256838 1
256840 1
256834 1
256836 1
256998 1
257000 1
256994 1
256996 1
257158 1
257160 1
257154 1
257156 1
257318 1
257320 1
257314 1
257316 1
257478 1
257480 1
257474 1
257476 1
257638 1
257640 1
257634 1
257636 1
257798 1
257800 1
257794 1
257796 1
257958 1
257960 1
257954 1
257956 1
258118 1
258120 1
258114 1
258116 1
258278 1
258280 1
258274 1
258276 1
258438 1
258440 1
258434 1
258436 1
258598 1
258600 1
258594 1
258596 1
258758 1
258760 1
258754 1
258756 1
258918 1
258920 1
258914 1
258916 1
259078 1
259080 1
259074 1
259076 1
256046 1
256048 1
256042 1
256044 1
256206 1
256208 1
256202 1
256204 1
256366 1
256368 1
256362 1
256364 1
256526 1
256528 1
256522 1
256524 1
256686 1
256688 1
256682 1
256684 1
256846 1
256848 1
256842 1
256844 1
257006 1
257008 1
257002 1
257004 1
257166 1
257168 1
257162 1
257164 1
257326 1
257328 1
257322 1
257324 1
257486 1
257488 1
257482 1
257484 1
257646 1
257648 1
257642 1
257644 1
257806 1
257808 1
257802 1
257804 1
257966 1
257968 1
257962 1
257964 1
258126 1
258128 1
258122 1
258124 1
258286 1
258288 1
258282 1
258284 1
258446 1
258448 1
258442 1
258444 1
258606 1
258608 1
258602 1
258604 1
258766 1
258768 1
258762 1
258764 1
258926 1
258928 1
258922 1
258924 1
259086 1
259088 1
259082 1
259084 1
256054 1
256056 1
256050 1
256052 1
256214 1
256216 1
256210 1
256212 1
256374 1
256376 1
256370 1
256372 1
256534 1
256536 1
256530 1
256532 1
256694 1
256696 1
256690 1
256692 1
256854 1
256856 1
256850 1
256852 1
257014 1
257016 1
257010 1
257012 1
257174 1
257176 1
257170 1
257172 1
257334 1
257336 1
257330 1
257332 1
257494 1
257496 1
257490 1
257492 1
257654 1
257656 1
257650 1
257652 1
257814 1
257816 1
257810 1
257812 1
257974 1
257976 1
257970 1
257972 1
258134 1
258136 1
258130 1
258132 1
258294 1
258296 1
258290 1
258292 1
258454 1
258456 1
258450 1
258452 1
258614 1
258616 1
258610 1
258612 1
258774 1
258776 1
258770 1
258772 1
258934 1
258936 1
258930 1
258932 1
259094 1
259096 1
259090 1
259092 1
256062 1
256064 1
256058 1
256060 1
256222 1
256224 1
256218 1
256220 1
256382 1
256384 1
256378 1
256380 1
256542 1
256544 1
256538 1
256540 1
256702 1
256704 1
256698 1
256700 1
256862 1
256864 1
256858 1
256860 1
257022 1
257024 1
257018 1
257020 1
257182 1
257184 1
257178 1
257180 1
257342 1
257344 1
257338 1
257340 1
257502 1
257504 1
257498 1
257500 1
257662 1
257664 1
257658 1
257660 1
257822 1
257824 1
257818 1
257820 1
257982 1
257984 1
257978 1
257980 1
258142 1
258144 1
258138 1
258140 1
258302 1
258304 1
258298 1
258300 1
258462 1
258464 1
258458 1
258460 1
258622 1
258624 1
258618 1
258620 1
258782 1
258784 1
258778 1
258780 1
258942 1
258944 1
258938 1
258940 1
259102 1
259104 1
259098 1
259100 1
256070 1
256072 1
256066 1
256068 1
256230 1
256232 1
256226 1
256228 1
256390 1
256392 1
256386 1
256388 1
256550 1
256552 1
256546 1
256548 1
256710 1
256712 1
256706 1
256708 1
256870 1
256872 1
256866 1
256868 1
257030 1
257032 1
257026 1
257028 1
257190 1
257192 1
257186 1
257188 1
257350 1
257352 1
257346 1
257348 1
257510 1
257512 1
257506 1
257508 1
257670 1
257672 1
257666 1
257668 1
257830 1
257832 1
257826 1
257828 1
257990 1
257992 1
257986 1
257988 1
258150 1
258152 1
258146 1
258148 1
258310 1
258312 1
258306 1
258308 1
258470 1
258472 1
258466 1
258468 1
258630 1
258632 1
258626 1
258628 1
258790 1
258792 1
258786 1
258788 1
258950 1
258952 1
258946 1
258948 1
259110 1
259112 1
259106 1
259108 1
256078 1
256080 1
256074 1
256076 1
256238 1
256240 1
256234 1
256236 1
256398 1
256400 1
256394 1
256396 1
256558 1
256560 1
256554 1
256556 1
256718 1
256720 1
256714 1
256716 1
256878 1
256880 1
256874 1
256876 1
257038 1
257040 1
257034 1
257036 1
257198 1
257200 1
257194 1
257196 1
257358 1
257360 1
257354 1
257356 1
257518 1
257520 1
257514 1
257516 1
257678 1
257680 1
257674 1
257676 1
257838 1
257840 1
257834 1
257836 1
257998 1
258000 1
257994 1
257996 1
258158 1
258160 1
258154 1
258156 1
258318 1
258320 1
258314 1
258316 1
258478 1
258480 1
258474 1
258476 1
258638 1
258640 1
258634 1
258636 1
258798 1
258800 1
258794 1
258796 1
258958 1
258960 1
258954 1
258956 1
259118 1
259120 1
259114 1
259116 1
256086 1
256088 1
256082 1
256084 1
256246 1
256248 1
256242 1
256244 1
256406 1
256408 1
256402 1
256404 1
256566 1
256568 1
256562 1
256564 1
256726 1
256728 1
256722 1
256724 1
256886 1
256888 1
256882 1
256884 1
257046 1
257048 1
257042 1
257044 1
257206 1
257208 1
257202 1
257204 1
257366 1
257368 1
257362 1
257364 1
257526 1
257528 1
257522 1
257524 1
257686 1
257688 1
257682 1
257684 1
257846 1
257848 1
257842 1
257844 1
258006 1
258008 1
258002 1
258004 1
258166 1
258168 1
258162 1
258164 1
258326 1
258328 1
258322 1
258324 1
258486 1
258488 1
258482 1
258484 1
258646 1
258648 1
258642 1
258644 1
258806 1
258808 1
258802 1
258804 1
258966 1
258968 1
258962 1
258964 1
259126 1
259128 1
259122 1
259124 1
256094 1
256096 1
256090 1
256092 1
256254 1
256256 1
256250 1
256252 1
256414 1
256416 1
256410 1
256412 1
256574 1
256576 1
256570 1
256572 1
256734 1
256736 1
256730 1
256732 1
256894 1
256896 1
256890 1
256892 1
257054 1
257056 1
257050 1
257052 1
257214 1
257216 1
257210 1
257212 1
257374 1
257376 1
257370 1
257372 1
257534 1
257536 1
257530 1
257532 1
257694 1
257696 1
257690 1
257692 1
257854 1
257856 1
257850 1
257852 1
258014 1
258016 1
258010 1
258012 1
258174 1
258176 1
258170 1
258172 1
258334 1
258336 1
258330 1
258332 1
258494 1
258496 1
258490 1
258492 1
258654 1
258656 1
258650 1
258652 1
258814 1
258816 1
258810 1
258812 1
258974 1
258976 1
258970 1
258972 1
259134 1
259136 1
259130 1
259132 1
256102 1
256104 1
256098 1
256100 1
256262 1
256264 1
256258 1
256260 1
256422 1
256424 1
256418 1
256420 1
256582 1
256584 1
256578 1
256580 1
256742 1
256744 1
256738 1
256740 1
256902 1
256904 1
256898 1
256900 1
257062 1
257064 1
257058 1
257060 1
257222 1
257224 1
257218 1
257220 1
257382 1
257384 1
257378 1
257380 1
257542 1
257544 1
257538 1
257540 1
257702 1
257704 1
257698 1
257700 1
257862 1
257864 1
257858 1
257860 1
258022 1
258024 1
258018 1
258020 1
258182 1
258184 1
258178 1
258180 1
258342 1
258344 1
258338 1
258340 1
258502 1
258504 1
258498 1
258500 1
258662 1
258664 1
258658 1
258660 1
258822 1
258824 1
258818 1
258820 1
258982 1
258984 1
258978 1
258980 1
259142 1
259144 1
259138 1
259140 1
256110 1
256112 1
256106 1
256108 1
256270 1
256272 1
256266 1
256268 1
256430 1
256432 1
256426 1
256428 1
256590 1
256592 1
256586 1
256588 1
256750 1
256752 1
256746 1
256748 1
256910 1
256912 1
256906 1
256908 1
257070 1
257072 1
257066 1
257068 1
257230 1
257232 1
257226 1
257228 1
257390 1
257392 1
257386 1
257388 1
257550 1
257552 1
257546 1
257548 1
257710 1
257712 1
257706 1
257708 1
257870 1
257872 1
257866 1
257868 1
258030 1
258032 1
258026 1
258028 1
258190 1
258192 1
258186 1
258188 1
258350 1
258352 1
258346 1
258348 1
258510 1
258512 1
258506 1
258508 1
258670 1
258672 1
258666 1
258668 1
258830 1
258832 1
258826 1
258828 1
258990 1
258992 1
258986 1
258988 1
259150 1
259152 1
259146 1
259148 1
256118 1
256120 1
256114 1
256116 1
256278 1
256280 1
256274 1
256276 1
256438 1
256440 1
256434 1
256436 1
256598 1
256600 1
256594 1
256596 1
256758 1
256760 1
256754 1
256756 1
256918 1
256920 1
256914 1
256916 1
257078 1
257080 1
257074 1
257076 1
257238 1
257240 1
257234 1
257236 1
257398 1
257400 1
257394 1
257396 1
257558 1
257560 1
257554 1
257556 1
257718 1
257720 1
257714 1
257716 1
257878 1
257880 1
257874 1
257876 1
258038 1
258040 1
258034 1
258036 1
258198 1
258200 1
258194 1
258196 1
258358 1
258360 1
258354 1
258356 1
258518 1
258520 1
258514 1
258516 1
258678 1
258680 1
258674 1
258676 1
258838 1
258840 1
258834 1
258836 1
258998 1
259000 1
258994 1
258996 1
259158 1
259160 1
259154 1
259156 1
320157 4
320159 4
320158 4
320160 4
320317 4
320319 4
320318 4
320320 4
320477 4
320479 4
320478 4
320480 4
320637 4
320639 4
320638 4
320640 4
320797 4
320799 4
320798 4
320800 4
320957 4
320959 4
320958 4
320960 4
321117 4
321119 4
321118 4
321120 4
321277 4
321279 4
321278 4
321280 4
321437 4
321439 4
321438 4
321440 4
321597 4
321599 4
321598 4
321600 4
321757 4
321759 4
321758 4
321760 4
321917 4
321919 4
321918 4
321920 4
322077 4
322079 4
322078 4
322080 4
322237 4
322239 4
322238 4
322240 4
322397 4
322399 4
322398 4
322400 4
322557 4
322559 4
322558 4
322560 4
322717 4
322719 4
322718 4
322720 4
322877 4
322879 4
322878 4
322880 4
323037 4
323039 4
323038 4
323040 4
323197 4
323199 4
323198 4
323200 4
323357 4
323359 4
323358 4
323360 4
323517 4
323519 4
323518 4
323520 4
323677 4
323679 4
323678 4
323680 4
323837 4
323839 4
323838 4
323840 4
323997 4
323999 4
323998 4
324000 4
324157 4
324159 4
324158 4
324160 4
324317 4
324319 4
324318 4
324320 4
324477 4
324479 4
324478 4
324480 4
324637 4
324639 4
324638 4
324640 4
324797 4
324799 4
324798 4
324800 4
324957 4
324959 4
324958 4
324960 4
325117 4
325119 4
325118 4
325120 4
325277 4
325279 4
325278 4
325280 4
325437 4
325439 4
325438 4
325440 4
325597 4
325599 4
325598 4
325600 4
325757 4
325759 4
325758 4
325760 4
325917 4
325919 4
325918 4
325920 4
326077 4
326079 4
326078 4
326080 4
326237 4
326239 4
326238 4
326240 4
326397 4
326399 4
326398 4
326400 4
326557 4
326559 4
326558 4
326560 4
326717 4
326719 4
326718 4
326720 4
326877 4
326879 4
326878 4
326880 4
327037 4
327039 4
327038 4
327040 4
327197 4
327199 4
327198 4
327200 4
327357 4
327359 4
327358 4
327360 4
327517 4
327519 4
327518 4
327520 4
327677 4
327679 4
327678 4
327680 4
327837 4
327839 4
327838 4
327840 4
327997 4
327999 4
327998 4
328000 4
352000 4
351998 4
351999 4
351997 4
351840 4
351838 4
351839 4
351837 4
351680 4
351678 4
351679 4
351677 4
351520 4
351518 4
351519 4
351517 4
351360 4
351358 4
351359 4
351357 4
351200 4
351198 4
351199 4
351197 4
351040 4
351038 4
351039 4
351037 4
350880 4
350878 4
350879 4
350877 4
350720 4
350718 4
350719 4
350717 4
350560 4
350558 4
350559 4
350557 4
350400 4
350398 4
350399 4
350397 4
350240 4
350238 4
350239 4
350237 4
350080 4
350078 4
350079 4
350077 4
349920 4
349918 4
349919 4
349917 4
349760 4
349758 4
349759 4
349757 4
349600 4
349598 4
349599 4
349597 4
349440 4
349438 4
349439 4
349437 4
349280 4
349278 4
349279 4
349277 4
349120 4
349118 4
349119 4
349117 4
348960 4
348958 4
348959 4
348957 4
348800 4
348798 4
348799 4
348797 4
348640 4
348638 4
348639 4
348637 4
348480 4
348478 4
348479 4
348477 4
348320 4
348318 4
348319 4
348317 4
348160 4
348158 4
348159 4
348157 4
348000 4
347998 4
347999 4
347997 4
347840 4
347838 4
347839 4
347837 4
347680 4
347678 4
347679 4
347677 4
347520 4
347518 4
347519 4
347517 4
347360 4
347358 4
347359 4
347357 4
347200 4
347198 4
347199 4
347197 4
347040 4
347038 4
347039 4
347037 4
346880 4
346878 4
346879 4
346877 4
346720 4
346718 4
346719 4
346717 4
346560 4
346558 4
346559 4
346557 4
346400 4
346398 4
346399 4
346397 4
346240 4
346238 4
346239 4
346237 4
346080 4
346078 4
346079 4
346077 4
345920 4
345918 4
345919 4
345917 4
345760 4
345758 4
345759 4
345757 4
345600 4
345598 4
345599 4
345597 4
345440 4
345438 4
345439 4
345437 4
345280 4
345278 4
345279 4
345277 4
345120 4
345118 4
345119 4
345117 4
344960 4
344958 4
344959 4
344957 4
344800 4
344798 4
344799 4
344797 4
344640 4
344638 4
344639 4
344637 4
344480 4
344478 4
344479 4
344477 4
344320 4
344318 4
344319 4
344317 4
344160 4
344158 4
344159 4
344157 4
344000 4
343998 4
343999 4
343997 4
343840 4
343838 4
343839 4
343837 4
343680 4
343678 4
343679 4
343677 4
343520 4
343518 4
343519 4
343517 4
343360 4
343358 4
343359 4
343357 4
343200 4
343198 4
343199 4
343197 4
343040 4
343038 4
343039 4
343037 4
342880 4
342878 4
342879 4
342877 4
342720 4
342718 4
342719 4
342717 4
342560 4
342558 4
342559 4
342557 4
342400 4
342398 4
342399 4
342397 4
342240 4
342238 4
342239 4
342237 4
342080 4
342078 4
342079 4
342077 4
341920 4
341918 4
341919 4
341917 4
341760 4
341758 4
341759 4
341757 4
341600 4
341598 4
341599 4
341597 4
341440 4
341438 4
341439 4
341437 4
341280 4
341278 4
341279 4
341277 4
341120 4
341118 4
341119 4
341117 4
340960 4
340958 4
340959 4
340957 4
340800 4
340798 4
340799 4
340797 4
340640 4
340638 4
340639 4
340637 4
340480 4
340478 4
340479 4
340477 4
340320 4
340318 4
340319 4
340317 4
340160 4
340158 4
340159 4
340157 4
340000 4
339998 4
339999 4
339997 4
339840 4
339838 4
339839 4
339837 4
339680 4
339678 4
339679 4
339677 4
339520 4
339518 4
339519 4
339517 4
339360 4
339358 4
339359 4
339357 4
339200 4
339198 4
339199 4
339197 4
339040 4
339038 4
339039 4
339037 4
338880 4
338878 4
338879 4
338877 4
338720 4
338718 4
338719 4
338717 4
338560 4
338558 4
338559 4
338557 4
338400 4
338398 4
338399 4
338397 4
338240 4
338238 4
338239 4
338237 4
338080 4
338078 4
338079 4
338077 4
337920 4
337918 4
337919 4
337917 4
337760 4
337758 4
337759 4
337757 4
337600 4
337598 4
337599 4
337597 4
337440 4
337438 4
337439 4
337437 4
337280 4
337278 4
337279 4
337277 4
337120 4
337118 4
337119 4
337117 4
336960 4
336958 4
336959 4
336957 4
336800 4
336798 4
336799 4
336797 4
336640 4
336638 4
336639 4
336637 4
336480 4
336478 4
336479 4
336477 4
336320 4
336318 4
336319 4
336317 4
336160 4
336158 4
336159 4
336157 4
336000 4
335998 4
335999 4
335997 4
335840 4
335838 4
335839 4
335837 4
335680 4
335678 4
335679 4
335677 4
335520 4
335518 4
335519 4
335517 4
335360 4
335358 4
335359 4
335357 4
335200 4
335198 4
335199 4
335197 4
335040 4
335038 4
335039 4
335037 4
334880 4
334878 4
334879 4
334877 4
334720 4
334718 4
334719 4
334717 4
334560 4
334558 4
334559 4
334557 4
334400 4
334398 4
334399 4
334397 4
334240 4
334238 4
334239 4
334237 4
334080 4
334078 4
334079 4
334077 4
333920 4
333918 4
333919 4
333917 4
333760 4
333758 4
333759 4
333757 4
333600 4
333598 4
333599 4
333597 4
333440 4
333438 4
333439 4
333437 4
333280 4
333278 4
333279 4
333277 4
333120 4
333118 4
333119 4
333117 4
332960 4
332958 4
332959 4
332957 4
332800 4
332798 4
332799 4
332797 4
332640 4
332638 4
332639 4
332637 4
332480 4
332478 4
332479 4
332477 4
332320 4
332318 4
332319 4
332317 4
332160 4
332158 4
332159 4
332157 4
332000 4
331998 4
331999 4
331997 4
331840 4
331838 4
331839 4
331837 4
331680 4
331678 4
331679 4
331677 4
331520 4
331518 4
331519 4
331517 4
331360 4
331358 4
331359 4
331357 4
331200 4
331198 4
331199 4
331197 4
331040 4
331038 4
331039 4
331037 4
330880 4
330878 4
330879 4
330877 4
330720 4
330718 4
330719 4
330717 4
330560 4
330558 4
330559 4
330557 4
330400 4
330398 4
330399 4
330397 4
330240 4
330238 4
330239 4
330237 4
330080 4
330078 4
330079 4
330077 4
329920 4
329918 4
329919 4
329917 4
329760 4
329758 4
329759 4
329757 4
329600 4
329598 4
329599 4
329597 4
329440 4
329438 4
329439 4
329437 4
329280 4
329278 4
329279 4
329277 4
329120 4
329118 4
329119 4
329117 4
328960 4
328958 4
328959 4
328957 4
328800 4
328798 4
328799 4
328797 4
328640 4
328638 4
328639 4
328637 4
328480 4
328478 4
328479 4
328477 4
328320 4
328318 4
328319 4
328317 4
328160 4
328158 4
328159 4
328157 4
355196 1
355194 1
355200 1
355198 1
355036 1
355034 1
355040 1
355038 1
354876 1
354874 1
354880 1
354878 1
354716 1
354714 1
354720 1
354718 1
354556 1
354554 1
354560 1
354558 1
354396 1
354394 1
354400 1
354398 1
354236 1
354234 1
354240 1
354238 1
354076 1
354074 1
354080 1
354078 1
353916 1
353914 1
353920 1
353918 1
353756 1
353754 1
353760 1
353758 1
353596 1
353594 1
353600 1
353598 1
353436 1
353434 1
353440 1
353438 1
353276 1
353274 1
353280 1
353278 1
353116 1
353114 1
353120 1
353118 1
352956 1
352954 1
352960 1
352958 1
352796 1
352794 1
352800 1
352798 1
352636 1
352634 1
352640 1
352638 1
352476 1
352474 1
352480 1
352478 1
352316 1
352314 1
352320 1
352318 1
352156 1
352154 1
352160 1
352158 1
355188 1
355186 1
355192 1
355190 1
355028 1
355026 1
355032 1
355030 1
354868 1
354866 1
354872 1
354870 1
354708 1
354706 1
354712 1
354710 1
354548 1
354546 1
354552 1
354550 1
354388 1
354386 1
354392 1
354390 1
354228 1
354226 1
354232 1
354230 1
354068 1
354066 1
354072 1
354070 1
353908 1
353906 1
353912 1
353910 1
353748 1
353746 1
353752 1
353750 1
353588 1
353586 1
353592 1
353590 1
353428 1
353426 1
353432 1
353430 1
353268 1
353266 1
353272 1
353270 1
353108 1
353106 1
353112 1
353110 1
352948 1
352946 1
352952 1
352950 1
352788 1
352786 1
352792 1
352790 1
352628 1
352626 1
352632 1
352630 1
352468 1
352466 1
352472 1
352470 1
352308 1
352306 1
352312 1
352310 1
352148 1
352146 1
352152 1
352150 1
355180 1
355178 1
355184 1
355182 1
355020 1
355018 1
355024 1
355022 1
354860 1
354858 1
354864 1
354862 1
354700 1
354698 1
354704 1
354702 1
354540 1
354538 1
354544 1
354542 1
354380 1
354378 1
354384 1
354382 1
354220 1
354218 1
354224 1
354222 1
354060 1
354058 1
354064 1
354062 1
353900 1
353898 1
353904 1
353902 1
353740 1
353738 1
353744 1
353742 1
353580 1
353578 1
353584 1
353582 1
353420 1
353418 1
353424 1
353422 1
353260 1
353258 1
353264 1
353262 1
353100 1
353098 1
353104 1
353102 1
352940 1
352938 1
352944 1
352942 1
352780 1
352778 1
352784 1
352782 1
352620 1
352618 1
352624 1
352622 1
352460 1
352458 1
352464 1
352462 1
352300 1
352298 1
352304 1
352302 1
352140 1
352138 1
352144 1
352142 1
355172 1
355170 1
355176 1
355174 1
355012 1
355010 1
355016 1
355014 1
354852 1
354850 1
354856 1
354854 1
354692 1
354690 1
354696 1
354694 1
354532 1
354530 1
354536 1
354534 1
354372 1
354370 1
354376 1
354374 1
354212 1
354210 1
354216 1
354214 1
354052 1
354050 1
354056 1
354054 1
353892 1
353890 1
353896 1
353894 1
353732 1
353730 1
353736 1
353734 1
353572 1
353570 1
353576 1
353574 1
353412 1
353410 1
353416 1
353414 1
353252 1
353250 1
353256 1
353254 1
353092 1
353090 1
353096 1
353094 1
352932 1
352930 1
352936 1
352934 1
352772 1
352770 1
352776 1
352774 1
352612 1
352610 1
352616 1
352614 1
352452 1
352450 1
352456 1
352454 1
352292 1
352290 1
352296 1
352294 1
352132 1
352130 1
352136 1
352134 1
355164 1
355162 1
355168 1
355166 1
355004 1
355002 1
355008 1
355006 1
354844 1
354842 1
354848 1
354846 1
354684 1
354682 1
354688 1
354686 1
354524 1
354522 1
354528 1
354526 1
354364 1
354362 1
354368 1
354366 1
354204 1
354202 1
354208 1
354206 1
354044 1
354042 1
354048 1
354046 1
353884 1
353882 1
353888 1
353886 1
353724 1
353722 1
353728 1
353726 1
353564 1
353562 1
353568 1
353566 1
353404 1
353402 1
353408 1
353406 1
353244 1
353242 1
353248 1
353246 1
353084 1
353082 1
353088 1
353086 1
352924 1
352922 1
352928 1
352926 1
352764 1
352762 1
352768 1
352766 1
352604 1
352602 1
352608 1
352606 1
352444 1
352442 1
352448 1
352446 1
352284 1
352282 1
352288 1
352286 1
352124 1
352122 1
352128 1
352126 1
352006 1
352008 1
352002 1
352004 1
352166 1
352168 1
352162 1
352164 1
352326 1
352328 1
352322 1
352324 1
352486 1
352488 1
352482 1
352484 1
352646 1
352648 1
352642 1
352644 1
352806 1
352808 1
352802 1
352804 1
352966 1
352968 1
352962 1
352964 1
353126 1
353128 1
353122 1
353124 1
353286 1
353288 1
353282 1
353284 1
353446 1
353448 1
353442 1
353444 1
353606 1
353608 1
353602 1
353604 1
353766 1
353768 1
353762 1
353764 1
353926 1
353928 1
353922 1
353924 1
354086 1
354088 1
354082 1
354084 1
354246 1
354248 1
354242 1
354244 1
354406 1
354408 1
354402 1
354404 1
354566 1
354568 1
354562 1
354564 1
354726 1
354728 1
354722 1
354724 1
354886 1
354888 1
354882 1
354884 1
355046 1
355048 1
355042 1
355044 1
352014 1
352016 1
352010 1
352012 1
352174 1
352176 1
352170 1
352172 1
352334 1
352336 1
352330 1
352332 1
352494 1
352496 1
352490 1
352492 1
352654 1
352656 1
352650 1
352652 1
352814 1
352816 1
352810 1
352812 1
352974 1
352976 1
352970 1
352972 1
353134 1
353136 1
353130 1
353132 1
353294 1
353296 1
353290 1
353292 1
353454 1
353456 1
353450 1
353452 1
353614 1
353616 1
353610 1
353612 1
353774 1
353776 1
353770 1
353772 1
353934 1
353936 1
353930 1
353932 1
354094 1
354096 1
354090 1
354092 1
354254 1
354256 1
354250 1
354252 1
354414 1
354416 1
354410 1
354412 1
354574 1
354576 1
354570 1
354572 1
354734 1
354736 1
354730 1
354732 1
354894 1
354896 1
354890 1
354892 1
355054 1
355056 1
355050 1
355052 1
352022 1
352024 1
352018 1
352020 1
352182 1
352184 1
352178 1
352180 1
352342 1
352344 1
352338 1
352340 1
352502 1
352504 1
352498 1
352500 1
352662 1
352664 1
352658 1
352660 1
352822 1
352824 1
352818 1
352820 1
352982 1
352984 1
352978 1
352980 1
353142 1
353144 1
353138 1
353140 1
353302 1
353304 1
353298 1
353300 1
353462 1
353464 1
353458 1
353460 1
353622 1
353624 1
353618 1
353620 1
353782 1
353784 1
353778 1
353780 1
353942 1
353944 1
353938 1
353940 1
354102 1
354104 1
354098 1
354100 1
354262 1
354264 1
354258 1
354260 1
354422 1
354424 1
354418 1
354420 1
354582 1
354584 1
354578 1
354580 1
354742 1
354744 1
354738 1
354740 1
354902 1
354904 1
354898 1
354900 1
355062 1
355064 1
355058 1
355060 1
352030 1
352032 1
352026 1
352028 1
352190 1
352192 1
352186 1
352188 1
352350 1
352352 1
352346 1
352348 1
352510 1
352512 1
352506 1
352508 1
352670 1
352672 1
352666 1
352668 1
352830 1
352832 1
352826 1
352828 1
352990 1
352992 1
352986 1
352988 1
353150 1
353152 1
353146 1
353148 1
353310 1
353312 1
353306 1
353308 1
353470 1
353472 1
353466 1
353468 1
353630 1
353632 1
353626 1
353628 1
353790 1
353792 1
353786 1
353788 1
353950 1
353952 1
353946 1
353948 1
354110 1
354112 1
354106 1
354108 1
354270 1
354272 1
354266 1
354268 1
354430 1
354432 1
354426 1
354428 1
354590 1
354592 1
354586 1
354588 1
354750 1
354752 1
354746 1
354748 1
354910 1
354912 1
354906 1
354908 1
355070 1
355072 1
355066 1
355068 1
352038 1
352040 1
352034 1
352036 1
352198 1
352200 1
352194 1
352196 1
352358 1
352360 1
352354 1
352356 1
352518 1
352520 1
352514 1
352516 1
352678 1
352680 1
352674 1
352676 1
352838 1
352840 1
352834 1
352836 1
352998 1
353000 1
352994 1
352996 1
353158 1
353160 1
353154 1
353156 1
353318 1
353320 1
353314 1
353316 1
353478 1
353480 1
353474 1
353476 1
353638 1
353640 1
353634 1
353636 1
353798 1
353800 1
353794 1
353796 1
353958 1
353960 1
353954 1
353956 1
354118 1
354120 1
354114 1
354116 1
354278 1
354280 1
354274 1
354276 1
354438 1
354440 1
354434 1
354436 1
354598 1
354600 1
354594 1
354596 1
354758 1
354760 1
354754 1
354756 1
354918 1
354920 1
354914 1
354916 1
355078 1
355080 1
355074 1
355076 1
352046 1
352048 1
352042 1
352044 1
352206 1
352208 1
352202 1
352204 1
352366 1
352368 1
352362 1
352364 1
352526 1
352528 1
352522 1
352524 1
352686 1
352688 1
352682 1
352684 1
352846 1
352848 1
352842 1
352844 1
353006 1
353008 1
353002 1
353004 1
353166 1
353168 1
353162 1
353164 1
353326 1
353328 1
353322 1
353324 1
353486 1
353488 1
353482 1
353484 1
353646 1
353648 1
353642 1
353644 1
353806 1
353808 1
353802 1
353804 1
353966 1
353968 1
353962 1
353964 1
354126 1
354128 1
354122 1
354124 1
354286 1
354288 1
354282 1
354284 1
354446 1
354448 1
354442 1
354444 1
354606 1
354608 1
354602 1
354604 1
354766 1
354768 1
354762 1
354764 1
354926 1
354928 1
354922 1
354924 1
355086 1
355088 1
355082 1
355084 1
352054 1
352056 1
352050 1
352052 1
352214 1
352216 1
352210 1
352212 1
352374 1
352376 1
352370 1
352372 1
352534 1
352536 1
352530 1
352532 1
352694 1
352696 1
352690 1
352692 1
352854 1
352856 1
352850 1
352852 1
353014 1
353016 1
353010 1
353012 1
353174 1
353176 1
353170 1
353172 1
353334 1
353336 1
353330 1
353332 1
353494 1
353496 1
353490 1
353492 1
353654 1
353656 1
353650 1
353652 1
353814 1
353816 1
353810 1
353812 1
353974 1
353976 1
353970 1
353972 1
354134 1
354136 1
354130 1
354132 1
354294 1
354296 1
354290 1
354292 1
354454 1
354456 1
354450 1
354452 1
354614 1
354616 1
354610 1
354612 1
354774 1
354776 1
354770 1
354772 1
354934 1
354936 1
354930 1
354932 1
355094 1
355096 1
355090 1
355092 1
352062 1
352064 1
352058 1
352060 1
352222 1
352224 1
352218 1
352220 1
352382 1
352384 1
352378 1
352380 1
352542 1
352544 1
352538 1
352540 1
352702 1
352704 1
352698 1
352700 1
352862 1
352864 1
352858 1
352860 1
353022 1
353024 1
353018 1
353020 1
353182 1
353184 1
353178 1
353180 1
353342 1
353344 1
353338 1
353340 1
353502 1
353504 1
353498 1
353500 1
353662 1
353664 1
353658 1
353660 1
353822 1
353824 1
353818 1
353820 1
353982 1
353984 1
353978 1
353980 1
354142 1
354144 1
354138 1
354140 1
354302 1
354304 1
354298 1
354300 1
354462 1
354464 1
354458 1
354460 1
354622 1
354624 1
354618 1
354620 1
354782 1
354784 1
354778 1
354780 1
354942 1
354944 1
354938 1
354940 1
355102 1
355104 1
355098 1
355100 1
352070 1
352072 1
352066 1
352068 1
352230 1
352232 1
352226 1
352228 1
352390 1
352392 1
352386 1
352388 1
352550 1
352552 1
352546 1
352548 1
352710 1
352712 1
352706 1
352708 1
352870 1
352872 1
352866 1
352868 1
353030 1
353032 1
353026 1
353028 1
353190 1
353192 1
353186 1
353188 1
353350 1
353352 1
353346 1
353348 1
353510 1
353512 1
353506 1
353508 1
353670 1
353672 1
353666 1
353668 1
353830 1
353832 1
353826 1
353828 1
353990 1
353992 1
353986 1
353988 1
354150 1
354152 1
354146 1
354148 1
354310 1
354312 1
354306 1
354308 1
354470 1
354472 1
354466 1
354468 1
354630 1
354632 1
354626 1
354628 1
354790 1
354792 1
354786 1
354788 1
354950 1
354952 1
354946 1
354948 1
355110 1
355112 1
355106 1
355108 1
352078 1
352080 1
352074 1
352076 1
352238 1
352240 1
352234 1
352236 1
352398 1
352400 1
352394 1
352396 1
352558 1
352560 1
352554 1
352556 1
352718 1
352720 1
352714 1
352716 1
352878 1
352880 1
352874 1
352876 1
353038 1
353040 1
353034 1
353036 1
353198 1
353200 1
353194 1
353196 1
353358 1
353360 1
353354 1
353356 1
353518 1
353520 1
353514 1
353516 1
353678 1
353680 1
353674 1
353676 1
353838 1
353840 1
353834 1
353836 1
353998 1
354000 1
353994 1
353996 1
354158 1
354160 1
354154 1
354156 1
354318 1
354320 1
354314 1
354316 1
354478 1
354480 1
354474 1
354476 1
354638 1
354640 1
354634 1
354636 1
354798 1
354800 1
354794 1
354796 1
354958 1
354960 1
354954 1
354956 1
355118 1
355120 1
355114 1
355116 1
352086 1
352088 1
352082 1
352084 1
352246 1
352248 1
352242 1
352244 1
352406 1
352408 1
352402 1
352404 1
352566 1
352568 1
352562 1
352564 1
352726 1
352728 1
352722 1
352724 1
352886 1
352888 1
352882 1
352884 1
353046 1
353048 1
353042 1
353044 1
353206 1
353208 1
353202 1
353204 1
353366 1
353368 1
353362 1
353364 1
353526 1
353528 1
353522 1
353524 1
353686 1
353688 1
353682 1
353684 1
353846 1
353848 1
353842 1
353844 1
354006 1
354008 1
354002 1
354004 1
354166 1
354168 1
354162 1
354164 1
354326 1
354328 1
354322 1
354324 1
354486 1
354488 1
354482 1
354484 1
354646 1
354648 1
354642 1
354644 1
354806 1
354808 1
354802 1
354804 1
354966 1
354968 1
354962 1
354964 1
355126 1
355128 1
355122 1
355124 1
352094 1
352096 1
352090 1
352092 1
352254 1
352256 1
352250 1
352252 1
352414 1
352416 1
352410 1
352412 1
352574 1
352576 1
352570 1
352572 1
352734 1
352736 1
352730 1
352732 1
352894 1
352896 1
352890 1
352892 1
353054 1
353056 1
353050 1
353052 1
353214 1
353216 1
353210 1
353212 1
353374 1
353376 1
353370 1
353372 1
353534 1
353536 1
353530 1
353532 1
353694 1
353696 1
353690 1
353692 1
353854 1
353856 1
353850 1
353852 1
354014 1
354016 1
354010 1
354012 1
354174 1
354176 1
354170 1
354172 1
354334 1
354336 1
354330 1
354332 1
354494 1
354496 1
354490 1
354492 1
354654 1
354656 1
354650 1
354652 1
354814 1
354816 1
354810 1
354812 1
354974 1
354976 1
354970 1
354972 1
355134 1
355136 1
355130 1
355132 1
352102 1
352104 1
352098 1
352100 1
352262 1
352264 1
352258 1
352260 1
352422 1
352424 1
352418 1
352420 1
352582 1
352584 1
352578 1
352580 1
352742 1
352744 1
352738 1
352740 1
352902 1
352904 1
352898 1
352900 1
353062 1
353064 1
353058 1
353060 1
353222 1
353224 1
353218 1
353220 1
353382 1
353384 1
353378 1
353380 1
353542 1
353544 1
353538 1
353540 1
353702 1
353704 1
353698 1
353700 1
353862 1
353864 1
353858 1
353860 1
354022 1
354024 1
354018 1
354020 1
354182 1
354184 1
354178 1
354180 1
354342 1
354344 1
354338 1
354340 1
354502 1
354504 1
354498 1
354500 1
354662 1
354664 1
354658 1
354660 1
354822 1
354824 1
354818 1
354820 1
354982 1
354984 1
354978 1
354980 1
355142 1
355144 1
355138 1
355140 1
352110 1
352112 1
352106 1
352108 1
352270 1
352272 1
352266 1
352268 1
352430 1
352432 1
352426 1
352428 1
352590 1
352592 1
352586 1
352588 1
352750 1
352752 1
352746 1
352748 1
352910 1
352912 1
352906 1
352908 1
353070 1
353072 1
353066 1
353068 1
353230 1
353232 1
353226 1
353228 1
353390 1
353392 1
353386 1
353388 1
353550 1
353552 1
353546 1
353548 1
353710 1
353712 1
353706 1
353708 1
353870 1
353872 1
353866 1
353868 1
354030 1
354032 1
354026 1
354028 1
354190 1
354192 1
354186 1
354188 1
354350 1
354352 1
354346 1
354348 1
354510 1
354512 1
354506 1
354508 1
354670 1
354672 1
354666 1
354668 1
354830 1
354832 1
354826 1
354828 1
354990 1
354992 1
354986 1
354988 1
355150 1
355152 1
355146 1
355148 1
352118 1
352120 1
352114 1
352116 1
352278 1
352280 1
352274 1
352276 1
352438 1
352440 1
352434 1
352436 1
352598 1
352600 1
352594 1
352596 1
352758 1
352760 1
352754 1
352756 1
352918 1
352920 1
352914 1
352916 1
353078 1
353080 1
353074 1
353076 1
353238 1
353240 1
353234 1
353236 1
353398 1
353400 1
353394 1
353396 1
353558 1
353560 1
353554 1
353556 1
353718 1
353720 1
353714 1
353716 1
353878 1
353880 1
353874 1
353876 1
354038 1
354040 1
354034 1
354036 1
354198 1
354200 1
354194 1
354196 1
354358 1
354360 1
354354 1
354356 1
354518 1
354520 1
354514 1
354516 1
354678 1
354680 1
354674 1
354676 1
354838 1
354840 1
354834 1
354836 1
354998 1
355000 1
354994 1
354996 1
355158 1
355160 1
355154 1
355156 1
51196 1
51194 1
51200 1
51198 1
51036 1
51034 1
51040 1
51038 1
50876 1
50874 1
50880 1
50878 1
50716 1
50714 1
50720 1
50718 1
50556 1
50554 1
50560 1
50558 1
50396 1
50394 1
50400 1
50398 1
50236 1
50234 1
50240 1
50238 1
50076 1
50074 1
50080 1
50078 1
49916 1
49914 1
49920 1
49918 1
49756 1
49754 1
49760 1
49758 1
49596 1
49594 1
49600 1
49598 1
49436 1
49434 1
49440 1
49438 1
49276 1
49274 1
49280 1
49278 1
49116 1
49114 1
49120 1
49118 1
48956 1
48954 1
48960 1
48958 1
48796 1
48794 1
48800 1
48798 1
48636 1
48634 1
48640 1
48638 1
48476 1
48474 1
48480 1
48478 1
48316 1
48314 1
48320 1
48318 1
48156 1
48154 1
48160 1
48158 1
51188 1
51186 1
51192 1
51190 1
51028 1
51026 1
51032 1
51030 1
50868 1
50866 1
50872 1
50870 1
50708 1
50706 1
50712 1
50710 1
50548 1
50546 1
50552 1
50550 1
50388 1
50386 1
50392 1
50390 1
50228 1
50226 1
50232 1
50230 1
50068 1
50066 1
50072 1
50070 1
49908 1
49906 1
49912 1
49910 1
49748 1
49746 1
49752 1
49750 1
49588 1
49586 1
49592 1
49590 1
49428 1
49426 1
49432 1
49430 1
49268 1
49266 1
49272 1
49270 1
49108 1
49106 1
49112 1
49110 1
48948 1
48946 1
48952 1
48950 1
48788 1
48786 1
48792 1
48790 1
48628 1
48626 1
48632 1
48630 1
48468 1
48466 1
48472 1
48470 1
48308 1
48306 1
48312 1
48310 1
48148 1
48146 1
48152 1
48150 1
51180 1
51178 1
51184 1
51182 1
51020 1
51018 1
51024 1
51022 1
50860 1
50858 1
50864 1
50862 1
50700 1
50698 1
50704 1
50702 1
50540 1
50538 1
50544 1
50542 1
50380 1
50378 1
50384 1
50382 1
50220 1
50218 1
50224 1
50222 1
50060 1
50058 1
50064 1
50062 1
49900 1
49898 1
49904 1
49902 1
49740 1
49738 1
49744 1
49742 1
49580 1
49578 1
49584 1
49582 1
49420 1
49418 1
49424 1
49422 1
49260 1
49258 1
49264 1
49262 1
49100 1
49098 1
49104 1
49102 1
48940 1
48938 1
48944 1
48942 1
48780 1
48778 1
48784 1
48782 1
48620 1
48618 1
48624 1
48622 1
48460 1
48458 1
48464 1
48462 1
48300 1
48298 1
48304 1
48302 1
48140 1
48138 1
48144 1
48142 1
51172 1
51170 1
51176 1
51174 1
51012 1
51010 1
51016 1
51014 1
50852 1
50850 1
50856 1
50854 1
50692 1
50690 1
50696 1
50694 1
50532 1
50530 1
50536 1
50534 1
50372 1
50370 1
50376 1
50374 1
50212 1
50210 1
50216 1
50214 1
50052 1
50050 1
50056 1
50054 1
49892 1
49890 1
49896 1
49894 1
49732 1
49730 1
49736 1
49734 1
49572 1
49570 1
49576 1
49574 1
49412 1
49410 1
49416 1
49414 1
49252 1
49250 1
49256 1
49254 1
49092 1
49090 1
49096 1
49094 1
48932 1
48930 1
48936 1
48934 1
48772 1
48770 1
48776 1
48774 1
48612 1
48610 1
48616 1
48614 1
48452 1
48450 1
48456 1
48454 1
48292 1
48290 1
48296 1
48294 1
48132 1
48130 1
48136 1
48134 1
51164 1
51162 1
51168 1
51166 1
51004 1
51002 1
51008 1
51006 1
50844 1
50842 1
50848 1
50846 1
50684 1
50682 1
50688 1
50686 1
50524 1
50522 1
50528 1
50526 1
50364 1
50362 1
50368 1
50366 1
50204 1
50202 1
50208 1
50206 1
50044 1
50042 1
50048 1
50046 1
49884 1
49882 1
49888 1
49886 1
49724 1
49722 1
49728 1
49726 1
49564 1
49562 1
49568 1
49566 1
49404 1
49402 1
49408 1
49406 1
49244 1
49242 1
49248 1
49246 1
49084 1
49082 1
49088 1
49086 1
48924 1
48922 1
48928 1
48926 1
48764 1
48762 1
48768 1
48766 1
48604 1
48602 1
48608 1
48606 1
48444 1
48442 1
48448 1
48446 1
48284 1
48282 1
48288 1
48286 1
48124 1
48122 1
48128 1
48126 1
48006 1
48008 1
48002 1
48004 1
48166 1
48168 1
48162 1
48164 1
48326 1
48328 1
48322 1
48324 1
48486 1
48488 1
48482 1
48484 1
48646 1
48648 1
48642 1
48644 1
48806 1
48808 1
48802 1
48804 1
48966 1
48968 1
48962 1
48964 1
49126 1
49128 1
49122 1
49124 1
49286 1
49288 1
49282 1
49284 1
49446 1
49448 1
49442 1
49444 1
49606 1
49608 1
49602 1
49604 1
49766 1
49768 1
49762 1
49764 1
49926 1
49928 1
49922 1
49924 1
50086 1
50088 1
50082 1
50084 1
50246 1
50248 1
50242 1
50244 1
50406 1
50408 1
50402 1
50404 1
50566 1
50568 1
50562 1
50564 1
50726 1
50728 1
50722 1
50724 1
50886 1
50888 1
50882 1
50884 1
51046 1
51048 1
51042 1
51044 1
48014 1
48016 1
48010 1
48012 1
48174 1
48176 1
48170 1
48172 1
48334 1
48336 1
48330 1
48332 1
48494 1
48496 1
48490 1
48492 1
48654 1
48656 1
48650 1
48652 1
48814 1
48816 1
48810 1
48812 1
48974 1
48976 1
48970 1
48972 1
49134 1
49136 1
49130 1
49132 1
49294 1
49296 1
49290 1
49292 1
49454 1
49456 1
49450 1
49452 1
49614 1
49616 1
49610 1
49612 1
49774 1
49776 1
49770 1
49772 1
49934 1
49936 1
49930 1
49932 1
50094 1
50096 1
50090 1
50092 1
50254 1
50256 1
50250 1
50252 1
50414 1
50416 1
50410 1
50412 1
50574 1
50576 1
50570 1
50572 1
50734 1
50736 1
50730 1
50732 1
50894 1
50896 1
50890 1
50892 1
51054 1
51056 1
51050 1
51052 1
48022 1
48024 1
48018 1
48020 1
48182 1
48184 1
48178 1
48180 1
48342 1
48344 1
48338 1
48340 1
48502 1
48504 1
48498 1
48500 1
48662 1
48664 1
48658 1
48660 1
48822 1
48824 1
48818 1
48820 1
48982 1
48984 1
48978 1
48980 1
49142 1
49144 1
49138 1
49140 1
49302 1
49304 1
49298 1
49300 1
49462 1
49464 1
49458 1
49460 1
49622 1
49624 1
49618 1
49620 1
49782 1
49784 1
49778 1
49780 1
49942 1
49944 1
49938 1
49940 1
50102 1
50104 1
50098 1
50100 1
50262 1
50264 1
50258 1
50260 1
50422 1
50424 1
50418 1
50420 1
50582 1
50584 1
50578 1
50580 1
50742 1
50744 1
50738 1
50740 1
50902 1
50904 1
50898 1
50900 1
51062 1
51064 1
51058 1
51060 1
48030 1
48032 1
48026 1
48028 1
48190 1
48192 1
48186 1
48188 1
48350 1
48352 1
48346 1
48348 1
48510 1
48512 1
48506 1
48508 1
48670 1
48672 1
48666 1
48668 1
48830 1
48832 1
48826 1
48828 1
48990 1
48992 1
48986 1
48988 1
49150 1
49152 1
49146 1
49148 1
49310 1
49312 1
49306 1
49308 1
49470 1
49472 1
49466 1
49468 1
49630 1
49632 1
49626 1
49628 1
49790 1
49792 1
49786 1
49788 1
49950 1
49952 1
49946 1
49948 1
50110 1
50112 1
50106 1
50108 1
50270 1
50272 1
50266 1
50268 1
50430 1
50432 1
50426 1
50428 1
50590 1
50592 1
50586 1
50588 1
50750 1
50752 1
50746 1
50748 1
50910 1
50912 1
50906 1
50908 1
51070 1
51072 1
51066 1
51068 1
48038 1
48040 1
48034 1
48036 1
48198 1
48200 1
48194 1
48196 1
48358 1
48360 1
48354 1
48356 1
48518 1
48520 1
48514 1
48516 1
48678 1
48680 1
48674 1
48676 1
48838 1
48840 1
48834 1
48836 1
48998 1
49000 1
48994 1
48996 1
49158 1
49160 1
49154 1
49156 1
49318 1
49320 1
49314 1
49316 1
49478 1
49480 1
49474 1
49476 1
49638 1
49640 1
49634 1
49636 1
49798 1
49800 1
49794 1
49796 1
49958 1
49960 1
49954 1
49956 1
50118 1
50120 1
50114 1
50116 1
50278 1
50280 1
50274 1
50276 1
50438 1
50440 1
50434 1
50436 1
50598 1
50600 1
50594 1
50596 1
50758 1
50760 1
50754 1
50756 1
50918 1
50920 1
50914 1
50916 1
51078 1
51080 1
51074 1
51076 1
48046 1
48048 1
48042 1
48044 1
48206 1
48208 1
48202 1
48204 1
48366 1
48368 1
48362 1
48364 1
48526 1
48528 1
48522 1
48524 1
48686 1
48688 1
48682 1
48684 1
48846 1
48848 1
48842 1
48844 1
49006 1
49008 1
49002 1
49004 1
49166 1
49168 1
49162 1
49164 1
49326 1
49328 1
49322 1
49324 1
49486 1
49488 1
49482 1
49484 1
49646 1
49648 1
49642 1
49644 1
49806 1
49808 1
49802 1
49804 1
49966 1
49968 1
49962 1
49964 1
50126 1
50128 1
50122 1
50124 1
50286 1
50288 1
50282 1
50284 1
50446 1
50448 1
50442 1
50444 1
50606 1
50608 1
50602 1
50604 1
50766 1
50768 1
50762 1
50764 1
50926 1
50928 1
50922 1
50924 1
51086 1
51088 1
51082 1
51084 1
48054 1
48056 1
48050 1
48052 1
48214 1
48216 1
48210 1
48212 1
48374 1
48376 1
48370 1
48372 1
48534 1
48536 1
48530 1
48532 1
48694 1
48696 1
48690 1
48692 1
48854 1
48856 1
48850 1
48852 1
49014 1
49016 1
49010 1
49012 1
49174 1
49176 1
49170 1
49172 1
49334 1
49336 1
49330 1
49332 1
49494 1
49496 1
49490 1
49492 1
49654 1
49656 1
49650 1
49652 1
49814 1
49816 1
49810 1
49812 1
49974 1
49976 1
49970 1
49972 1
50134 1
50136 1
50130 1
50132 1
50294 1
50296 1
50290 1
50292 1
50454 1
50456 1
50450 1
50452 1
50614 1
50616 1
50610 1
50612 1
50774 1
50776 1
50770 1
50772 1
50934 1
50936 1
50930 1
50932 1
51094 1
51096 1
51090 1
51092 1
48062 1
48064 1
48058 1
48060 1
48222 1
48224 1
48218 1
48220 1
48382 1
48384 1
48378 1
48380 1
48542 1
48544 1
48538 1
48540 1
48702 1
48704 1
48698 1
48700 1
48862 1
48864 1
48858 1
48860 1
49022 1
49024 1
49018 1
49020 1
49182 1
49184 1
49178 1
49180 1
49342 1
49344 1
49338 1
49340 1
49502 1
49504 1
49498 1
49500 1
49662 1
49664 1
49658 1
49660 1
49822 1
49824 1
49818 1
49820 1
49982 1
49984 1
49978 1
49980 1
50142 1
50144 1
50138 1
50140 1
50302 1
50304 1
50298 1
50300 1
50462 1
50464 1
50458 1
50460 1
50622 1
50624 1
50618 1
50620 1
50782 1
50784 1
50778 1
50780 1
50942 1
50944 1
50938 1
50940 1
51102 1
51104 1
51098 1
51100 1
48070 1
48072 1
48066 1
48068 1
48230 1
48232 1
48226 1
48228 1
48390 1
48392 1
48386 1
48388 1
48550 1
48552 1
48546 1
48548 1
48710 1
48712 1
48706 1
48708 1
48870 1
48872 1
48866 1
48868 1
49030 1
49032 1
49026 1
49028 1
49190 1
49192 1
49186 1
49188 1
49350 1
49352 1
49346 1
49348 1
49510 1
49512 1
49506 1
49508 1
49670 1
49672 1
49666 1
49668 1
49830 1
49832 1
49826 1
49828 1
49990 1
49992 1
49986 1
49988 1
50150 1
50152 1
50146 1
50148 1
50310 1
50312 1
50306 1
50308 1
50470 1
50472 1
50466 1
50468 1
50630 1
50632 1
50626 1
50628 1
50790 1
50792 1
50786 1
50788 1
50950 1
50952 1
50946 1
50948 1
51110 1
51112 1
51106 1
51108 1
48078 1
48080 1
48074 1
48076 1
48238 1
48240 1
48234 1
48236 1
48398 1
48400 1
48394 1
48396 1
48558 1
48560 1
48554 1
48556 1
48718 1
48720 1
48714 1
48716 1
48878 1
48880 1
48874 1
48876 1
49038 1
49040 1
49034 1
49036 1
49198 1
49200 1
49194 1
49196 1
49358 1
49360 1
49354 1
49356 1
49518 1
49520 1
49514 1
49516 1
49678 1
49680 1
49674 1
49676 1
49838 1
49840 1
49834 1
49836 1
49998 1
50000 1
49994 1
49996 1
50158 1
50160 1
50154 1
50156 1
50318 1
50320 1
50314 1
50316 1
50478 1
50480 1
50474 1
50476 1
50638 1
50640 1
50634 1
50636 1
50798 1
50800 1
50794 1
50796 1
50958 1
50960 1
50954 1
50956 1
51118 1
51120 1
51114 1
51116 1
48086 1
48088 1
48082 1
48084 1
48246 1
48248 1
48242 1
48244 1
48406 1
48408 1
48402 1
48404 1
48566 1
48568 1
48562 1
48564 1
48726 1
48728 1
48722 1
48724 1
48886 1
48888 1
48882 1
48884 1
49046 1
49048 1
49042 1
49044 1
49206 1
49208 1
49202 1
49204 1
49366 1
49368 1
49362 1
49364 1
49526 1
49528 1
49522 1
49524 1
49686 1
49688 1
49682 1
49684 1
49846 1
49848 1
49842 1
49844 1
50006 1
50008 1
50002 1
50004 1
50166 1
50168 1
50162 1
50164 1
50326 1
50328 1
50322 1
50324 1
50486 1
50488 1
50482 1
50484 1
50646 1
50648 1
50642 1
50644 1
50806 1
50808 1
50802 1
50804 1
50966 1
50968 1
50962 1
50964 1
51126 1
51128 1
51122 1
51124 1
48094 1
48096 1
48090 1
48092 1
48254 1
48256 1
48250 1
48252 1
48414 1
48416 1
48410 1
48412 1
48574 1
48576 1
48570 1
48572 1
48734 1
48736 1
48730 1
48732 1
48894 1
48896 1
48890 1
48892 1
49054 1
49056 1
49050 1
49052 1
49214 1
49216 1
49210 1
49212 1
49374 1
49376 1
49370 1
49372 1
49534 1
49536 1
49530 1
49532 1
49694 1
49696 1
49690 1
49692 1
49854 1
49856 1
49850 1
49852 1
50014 1
50016 1
50010 1
50012 1
50174 1
50176 1
50170 1
50172 1
50334 1
50336 1
50330 1
50332 1
50494 1
50496 1
50490 1
50492 1
50654 1
50656 1
50650 1
50652 1
50814 1
50816 1
50810 1
50812 1
50974 1
50976 1
50970 1
50972 1
51134 1
51136 1
51130 1
51132 1
48102 1
48104 1
48098 1
48100 1
48262 1
48264 1
48258 1
48260 1
48422 1
48424 1
48418 1
48420 1
48582 1
48584 1
48578 1
48580 1
48742 1
48744 1
48738 1
48740 1
48902 1
48904 1
48898 1
48900 1
49062 1
49064 1
49058 1
49060 1
49222 1
49224 1
49218 1
49220 1
49382 1
49384 1
49378 1
49380 1
49542 1
49544 1
49538 1
49540 1
49702 1
49704 1
49698 1
49700 1
49862 1
49864 1
49858 1
49860 1
50022 1
50024 1
50018 1
50020 1
50182 1
50184 1
50178 1
50180 1
50342 1
50344 1
50338 1
50340 1
50502 1
50504 1
50498 1
50500 1
50662 1
50664 1
50658 1
50660 1
50822 1
50824 1
50818 1
50820 1
50982 1
50984 1
50978 1
50980 1
51142 1
51144 1
51138 1
51140 1
48110 1
48112 1
48106 1
48108 1
48270 1
48272 1
48266 1
48268 1
48430 1
48432 1
48426 1
48428 1
48590 1
48592 1
48586 1
48588 1
48750 1
48752 1
48746 1
48748 1
48910 1
48912 1
48906 1
48908 1
49070 1
49072 1
49066 1
49068 1
49230 1
49232 1
49226 1
49228 1
49390 1
49392 1
49386 1
49388 1
49550 1
49552 1
49546 1
49548 1
49710 1
49712 1
49706 1
49708 1
49870 1
49872 1
49866 1
49868 1
50030 1
50032 1
50026 1
50028 1
50190 1
50192 1
50186 1
50188 1
50350 1
50352 1
50346 1
50348 1
50510 1
50512 1
50506 1
50508 1
50670 1
50672 1
50666 1
50668 1
50830 1
50832 1
50826 1
50828 1
50990 1
50992 1
50986 1
50988 1
51150 1
51152 1
51146 1
51148 1
48118 1
48120 1
48114 1
48116 1
48278 1
48280 1
48274 1
48276 1
48438 1
48440 1
48434 1
48436 1
48598 1
48600 1
48594 1
48596 1
48758 1
48760 1
48754 1
48756 1
48918 1
48920 1
48914 1
48916 1
49078 1
49080 1
49074 1
49076 1
49238 1
49240 1
49234 1
49236 1
49398 1
49400 1
49394 1
49396 1
49558 1
49560 1
49554 1
49556 1
49718 1
49720 1
49714 1
49716 1
49878 1
49880 1
49874 1
49876 1
50038 1
50040 1
50034 1
50036 1
50198 1
50200 1
50194 1
50196 1
50358 1
50360 1
50354 1
50356 1
50518 1
50520 1
50514 1
50516 1
50678 1
50680 1
50674 1
50676 1
50838 1
50840 1
50834 1
50836 1
50998 1
51000 1
50994 1
50996 1
51158 1
51160 1
51154 1
51156 1
112157 4
112159 4
112158 4
112160 4
112317 4
112319 4
112318 4
112320 4
112477 4
112479 4
112478 4
112480 4
112637 4
112639 4
112638 4
112640 4
112797 4
112799 4
112798 4
112800 4
112957 4
112959 4
112958 4
112960 4
113117 4
113119 4
113118 4
113120 4
113277 4
113279 4
113278 4
113280 4
113437 4
113439 4
113438 4
113440 4
113597 4
113599 4
113598 4
113600 4
113757 4
113759 4
113758 4
113760 4
113917 4
113919 4
113918 4
113920 4
114077 4
114079 4
114078 4
114080 4
114237 4
114239 4
114238 4
114240 4
114397 4
114399 4
114398 4
114400 4
114557 4
114559 4
114558 4
114560 4
114717 4
114719 4
114718 4
114720 4
114877 4
114879 4
114878 4
114880 4
115037 4
115039 4
115038 4
115040 4
115197 4
115199 4
115198 4
115200 4
115357 4
115359 4
115358 4
115360 4
115517 4
115519 4
115518 4
115520 4
115677 4
115679 4
115678 4
115680 4
115837 4
115839 4
115838 4
115840 4
115997 4
115999 4
115998 4
116000 4
116157 4
116159 4
116158 4
116160 4
116317 4
116319 4
116318 4
116320 4
116477 4
116479 4
116478 4
116480 4
116637 4
116639 4
116638 4
116640 4
116797 4
116799 4
116798 4
116800 4
116957 4
116959 4
116958 4
116960 4
117117 4
117119 4
117118 4
117120 4
117277 4
117279 4
117278 4
117280 4
117437 4
117439 4
117438 4
117440 4
117597 4
117599 4
117598 4
117600 4
117757 4
117759 4
117758 4
117760 4
117917 4
117919 4
117918 4
117920 4
118077 4
118079 4
118078 4
118080 4
118237 4
118239 4
118238 4
118240 4
118397 4
118399 4
118398 4
118400 4
118557 4
118559 4
118558 4
118560 4
118717 4
118719 4
118718 4
118720 4
118877 4
118879 4
118878 4
118880 4
119037 4
119039 4
119038 4
119040 4
119197 4
119199 4
119198 4
119200 4
119357 4
119359 4
119358 4
119360 4
119517 4
119519 4
119518 4
119520 4
119677 4
119679 4
119678 4
119680 4
119837 4
119839 4
119838 4
119840 4
119997 4
119999 4
119998 4
120000 4
144000 4
143998 4
143999 4
143997 4
143840 4
143838 4
143839 4
143837 4
143680 4
143678 4
143679 4
143677 4
143520 4
143518 4
143519 4
143517 4
143360 4
143358 4
143359 4
143357 4
143200 4
143198 4
143199 4
143197 4
143040 4
143038 4
143039 4
143037 4
142880 4
142878 4
142879 4
142877 4
142720 4
142718 4
142719 4
142717 4
142560 4
142558 4
142559 4
142557 4
142400 4
142398 4
142399 4
142397 4
142240 4
142238 4
142239 4
142237 4
142080 4
142078 4
142079 4
142077 4
141920 4
141918 4
141919 4
141917 4
141760 4
141758 4
141759 4
141757 4
141600 4
141598 4
141599 4
141597 4
141440 4
141438 4
141439 4
141437 4
141280 4
141278 4
141279 4
141277 4
141120 4
141118 4
141119 4
141117 4
140960 4
140958 4
140959 4
140957 4
140800 4
140798 4
140799 4
140797 4
140640 4
140638 4
140639 4
140637 4
140480 4
140478 4
140479 4
140477 4
140320 4
140318 4
140319 4
140317 4
140160 4
140158 4
140159 4
140157 4
140000 4
139998 4
139999 4
139997 4
139840 4
139838 4
139839 4
139837 4
139680 4
139678 4
139679 4
139677 4
139520 4
139518 4
139519 4
139517 4
139360 4
139358 4
139359 4
139357 4
139200 4
139198 4
139199 4
139197 4
139040 4
139038 4
139039 4
139037 4
138880 4
138878 4
138879 4
138877 4
138720 4
138718 4
138719 4
138717 4
138560 4
138558 4
138559 4
138557 4
138400 4
138398 4
138399 4
138397 4
138240 4
138238 4
138239 4
138237 4
138080 4
138078 4
138079 4
138077 4
137920 4
137918 4
137919 4
137917 4
137760 4
137758 4
137759 4
137757 4
137600 4
137598 4
137599 4
137597 4
137440 4
137438 4
137439 4
137437 4
137280 4
137278 4
137279 4
137277 4
137120 4
137118 4
137119 4
137117 4
136960 4
136958 4
136959 4
136957 4
136800 4
136798 4
136799 4
136797 4
136640 4
136638 4
136639 4
136637 4
136480 4
136478 4
136479 4
136477 4
136320 4
136318 4
136319 4
136317 4
136160 4
136158 4
136159 4
136157 4
136000 4
135998 4
135999 4
135997 4
135840 4
135838 4
135839 4
135837 4
135680 4
135678 4
135679 4
135677 4
135520 4
135518 4
135519 4
135517 4
135360 4
135358 4
135359 4
135357 4
135200 4
135198 4
135199 4
135197 4
135040 4
135038 4
135039 4
135037 4
134880 4
134878 4
134879 4
134877 4
134720 4
134718 4
134719 4
134717 4
134560 4
134558 4
134559 4
134557 4
134400 4
134398 4
134399 4
134397 4
134240 4
134238 4
134239 4
134237 4
134080 4
134078 4
134079 4
134077 4
133920 4
133918 4
133919 4
133917 4
133760 4
133758 4
133759 4
133757 4
133600 4
133598 4
133599 4
133597 4
133440 4
133438 4
133439 4
133437 4
133280 4
133278 4
133279 4
133277 4
133120 4
133118 4
133119 4
133117 4
132960 4
132958 4
132959 4
132957 4
132800 4
132798 4
132799 4
132797 4
132640 4
132638 4
132639 4
132637 4
132480 4
132478 4
132479 4
132477 4
132320 4
132318 4
132319 4
132317 4
132160 4
132158 4
132159 4
132157 4
132000 4
131998 4
131999 4
131997 4
131840 4
131838 4
131839 4
131837 4
131680 4
131678 4
131679 4
131677 4
131520 4
131518 4
131519 4
131517 4
131360 4
131358 4
131359 4
131357 4
131200 4
131198 4
131199 4
131197 4
131040 4
131038 4
131039 4
131037 4
130880 4
130878 4
130879 4
130877 4
130720 4
130718 4
130719 4
130717 4
130560 4
130558 4
130559 4
130557 4
130400 4
130398 4
130399 4
130397 4
130240 4
130238 4
130239 4
130237 4
130080 4
130078 4
130079 4
130077 4
129920 4
129918 4
129919 4
129917 4
129760 4
129758 4
129759 4
129757 4
129600 4
129598 4
129599 4
129597 4
129440 4
129438 4
129439 4
129437 4
129280 4
129278 4
129279 4
129277 4
129120 4
129118 4
129119 4
129117 4
128960 4
128958 4
128959 4
128957 4
128800 4
128798 4
128799 4
128797 4
128640 4
128638 4
128639 4
128637 4
128480 4
128478 4
128479 4
128477 4
128320 4
128318 4
128319 4
128317 4
128160 4
128158 4
128159 4
128157 4
128000 4
127998 4
127999 4
127997 4
127840 4
127838 4
127839 4
127837 4
127680 4
127678 4
127679 4
127677 4
127520 4
127518 4
127519 4
127517 4
127360 4
127358 4
127359 4
127357 4
127200 4
127198 4
127199 4
127197 4
127040 4
127038 4
127039 4
127037 4
126880 4
126878 4
126879 4
126877 4
126720 4
126718 4
126719 4
126717 4
126560 4
126558 4
126559 4
126557 4
126400 4
126398 4
126399 4
126397 4
126240 4
126238 4
126239 4
126237 4
126080 4
126078 4
126079 4
126077 4
125920 4
125918 4
125919 4
125917 4
125760 4
125758 4
125759 4
125757 4
125600 4
125598 4
125599 4
125597 4
125440 4
125438 4
125439 4
125437 4
125280 4
125278 4
125279 4
125277 4
125120 4
125118 4
125119 4
125117 4
124960 4
124958 4
124959 4
124957 4
124800 4
124798 4
124799 4
124797 4
124640 4
124638 4
124639 4
124637 4
124480 4
124478 4
124479 4
124477 4
124320 4
124318 4
124319 4
124317 4
124160 4
124158 4
124159 4
124157 4
124000 4
123998 4
123999 4
123997 4
123840 4
123838 4
123839 4
123837 4
123680 4
123678 4
123679 4
123677 4
123520 4
123518 4
123519 4
123517 4
123360 4
123358 4
123359 4
123357 4
123200 4
123198 4
123199 4
123197 4
123040 4
123038 4
123039 4
123037 4
122880 4
122878 4
122879 4
122877 4
122720 4
122718 4
122719 4
122717 4
122560 4
122558 4
122559 4
122557 4
122400 4
122398 4
122399 4
122397 4
122240 4
122238 4
122239 4
122237 4
122080 4
122078 4
122079 4
122077 4
121920 4
121918 4
121919 4
121917 4
121760 4
121758 4
121759 4
121757 4
121600 4
121598 4
121599 4
121597 4
121440 4
121438 4
121439 4
121437 4
121280 4
121278 4
121279 4
121277 4
121120 4
121118 4
121119 4
121117 4
120960 4
120958 4
120959 4
120957 4
120800 4
120798 4
120799 4
120797 4
120640 4
120638 4
120639 4
120637 4
120480 4
120478 4
120479 4
120477 4
120320 4
120318 4
120319 4
120317 4
120160 4
120158 4
120159 4
120157 4
147199 4
147200 4
147197 4
147198 4
150399 4
150400 4
150397 4
150398 4
153599 4
153600 4
153597 4
153598 4
156799 4
156800 4
156797 4
156798 4
159999 4
160000 4
159997 4
159998 4
163199 4
163200 4
163197 4
163198 4
166399 4
166400 4
166397 4
166398 4
169599 4
169600 4
169597 4
169598 4
172799 4
172800 4
172797 4
172798 4
175999 4
176000 4
175997 4
175998 4
179199 4
179200 4
179197 4
179198 4
182399 4
182400 4
182397 4
182398 4
185599 4
185600 4
185597 4
185598 4
188799 4
188800 4
188797 4
188798 4
191999 4
192000 4
191997 4
191998 4
195199 4
195200 4
195197 4
195198 4
198399 4
198400 4
198397 4
198398 4
201599 4
201600 4
201597 4
201598 4
204799 4
204800 4
204797 4
204798 4
207999 4
208000 4
207997 4
207998 4
147039 4
147040 4
147037 4
147038 4
150239 4
150240 4
150237 4
150238 4
153439 4
153440 4
153437 4
153438 4
156639 4
156640 4
156637 4
156638 4
159839 4
159840 4
159837 4
159838 4
163039 4
163040 4
163037 4
163038 4
166239 4
166240 4
166237 4
166238 4
169439 4
169440 4
169437 4
169438 4
172639 4
172640 4
172637 4
172638 4
175839 4
175840 4
175837 4
175838 4
179039 4
179040 4
179037 4
179038 4
182239 4
182240 4
182237 4
182238 4
185439 4
185440 4
185437 4
185438 4
188639 4
188640 4
188637 4
188638 4
191839 4
191840 4
191837 4
191838 4
195039 4
195040 4
195037 4
195038 4
198239 4
198240 4
198237 4
198238 4
201439 4
201440 4
201437 4
201438 4
204639 4
204640 4
204637 4
204638 4
207839 4
207840 4
207837 4
207838 4
146879 4
146880 4
146877 4
146878 4
150079 4
150080 4
150077 4
150078 4
153279 4
153280 4
153277 4
153278 4
156479 4
156480 4
156477 4
156478 4
159679 4
159680 4
159677 4
159678 4
162879 4
162880 4
162877 4
162878 4
166079 4
166080 4
166077 4
166078 4
169279 4
169280 4
169277 4
169278 4
172479 4
172480 4
172477 4
172478 4
175679 4
175680 4
175677 4
175678 4
178879 4
178880 4
178877 4
178878 4
182079 4
182080 4
182077 4
182078 4
185279 4
185280 4
185277 4
185278 4
188479 4
188480 4
188477 4
188478 4
191679 4
191680 4
191677 4
191678 4
194879 4
194880 4
194877 4
194878 4
198079 4
198080 4
198077 4
198078 4
201279 4
201280 4
201277 4
201278 4
204479 4
204480 4
204477 4
204478 4
207679 4
207680 4
207677 4
207678 4
146719 4
146720 4
146717 4
146718 4
149919 4
149920 4
149917 4
149918 4
153119 4
153120 4
153117 4
153118 4
156319 4
156320 4
156317 4
156318 4
159519 4
159520 4
159517 4
159518 4
162719 4
162720 4
162717 4
162718 4
165919 4
165920 4
165917 4
165918 4
169119 4
169120 4
169117 4
169118 4
172319 4
172320 4
172317 4
172318 4
175519 4
175520 4
175517 4
175518 4
178719 4
178720 4
178717 4
178718 4
181919 4
181920 4
181917 4
181918 4
185119 4
185120 4
185117 4
185118 4
188319 4
188320 4
188317 4
188318 4
191519 4
191520 4
191517 4
191518 4
194719 4
194720 4
194717 4
194718 4
197919 4
197920 4
197917 4
197918 4
201119 4
201120 4
201117 4
201118 4
204319 4
204320 4
204317 4
204318 4
207519 4
207520 4
207517 4
207518 4
146559 4
146560 4
146557 4
146558 4
149759 4
149760 4
149757 4
149758 4
152959 4
152960 4
152957 4
152958 4
156159 4
156160 4
156157 4
156158 4
159359 4
159360 4
159357 4
159358 4
162559 4
162560 4
162557 4
162558 4
165759 4
165760 4
165757 4
165758 4
168959 4
168960 4
168957 4
168958 4
172159 4
172160 4
172157 4
172158 4
175359 4
175360 4
175357 4
175358 4
178559 4
178560 4
178557 4
178558 4
181759 4
181760 4
181757 4
181758 4
184959 4
184960 4
184957 4
184958 4
188159 4
188160 4
188157 4
188158 4
191359 4
191360 4
191357 4
191358 4
194559 4
194560 4
194557 4
194558 4
197759 4
197760 4
197757 4
197758 4
200959 4
200960 4
200957 4
200958 4
204159 4
204160 4
204157 4
204158 4
207359 4
207360 4
207357 4
207358 4
204958 4
204957 4
204960 4
204959 4
201758 4
201757 4
201760 4
201759 4
198558 4
198557 4
198560 4
198559 4
195358 4
195357 4
195360 4
195359 4
192158 4
192157 4
192160 4
192159 4
188958 4
188957 4
188960 4
188959 4
185758 4
185757 4
185760 4
185759 4
182558 4
182557 4
182560 4
182559 4
179358 4
179357 4
179360 4
179359 4
176158 4
176157 4
176160 4
176159 4
172958 4
172957 4
172960 4
172959 4
169758 4
169757 4
169760 4
169759 4
166558 4
166557 4
166560 4
166559 4
163358 4
163357 4
163360 4
163359 4
160158 4
160157 4
160160 4
160159 4
156958 4
156957 4
156960 4
156959 4
153758 4
153757 4
153760 4
153759 4
150558 4
150557 4
150560 4
150559 4
147358 4
147357 4
147360 4
147359 4
144158 4
144157 4
144160 4
144159 4
205118 4
205117 4
205120 4
205119 4
201918 4
201917 4
201920 4
201919 4
198718 4
198717 4
198720 4
198719 4
195518 4
195517 4
195520 4
195519 4
192318 4
192317 4
192320 4
192319 4
189118 4
189117 4
189120 4
189119 4
185918 4
185917 4
185920 4
185919 4
182718 4
182717 4
182720 4
182719 4
179518 4
179517 4
179520 4
179519 4
176318 4
176317 4
176320 4
176319 4
173118 4
173117 4
173120 4
173119 4
169918 4
169917 4
169920 4
169919 4
166718 4
166717 4
166720 4
166719 4
163518 4
163517 4
163520 4
163519 4
160318 4
160317 4
160320 4
160319 4
157118 4
157117 4
157120 4
157119 4
153918 4
153917 4
153920 4
153919 4
150718 4
150717 4
150720 4
150719 4
147518 4
147517 4
147520 4
147519 4
144318 4
144317 4
144320 4
144319 4
205278 4
205277 4
205280 4
205279 4
202078 4
202077 4
202080 4
202079 4
198878 4
198877 4
198880 4
198879 4
195678 4
195677 4
195680 4
195679 4
192478 4
192477 4
192480 4
192479 4
189278 4
189277 4
189280 4
189279 4
186078 4
186077 4
186080 4
186079 4
182878 4
182877 4
182880 4
182879 4
179678 4
179677 4
179680 4
179679 4
176478 4
176477 4
176480 4
176479 4
173278 4
173277 4
173280 4
173279 4
170078 4
170077 4
170080 4
170079 4
166878 4
166877 4
166880 4
166879 4
163678 4
163677 4
163680 4
163679 4
160478 4
160477 4
160480 4
160479 4
157278 4
157277 4
157280 4
157279 4
154078 4
154077 4
154080 4
154079 4
150878 4
150877 4
150880 4
150879 4
147678 4
147677 4
147680 4
147679 4
144478 4
144477 4
144480 4
144479 4
205438 4
205437 4
205440 4
205439 4
202238 4
202237 4
202240 4
202239 4
199038 4
199037 4
199040 4
199039 4
195838 4
195837 4
195840 4
195839 4
192638 4
192637 4
192640 4
192639 4
189438 4
189437 4
189440 4
189439 4
186238 4
186237 4
186240 4
186239 4
183038 4
183037 4
183040 4
183039 4
179838 4
179837 4
179840 4
179839 4
176638 4
176637 4
176640 4
176639 4
173438 4
173437 4
173440 4
173439 4
170238 4
170237 4
170240 4
170239 4
167038 4
167037 4
167040 4
167039 4
163838 4
163837 4
163840 4
163839 4
160638 4
160637 4
160640 4
160639 4
157438 4
157437 4
157440 4
157439 4
154238 4
154237 4
154240 4
154239 4
151038 4
151037 4
151040 4
151039 4
147838 4
147837 4
147840 4
147839 4
144638 4
144637 4
144640 4
144639 4
205598 4
205597 4
205600 4
205599 4
202398 4
202397 4
202400 4
202399 4
199198 4
199197 4
199200 4
199199 4
195998 4
195997 4
196000 4
195999 4
192798 4
192797 4
192800 4
192799 4
189598 4
189597 4
189600 4
189599 4
186398 4
186397 4
186400 4
186399 4
183198 4
183197 4
183200 4
183199 4
179998 4
179997 4
180000 4
179999 4
176798 4
176797 4
176800 4
176799 4
173598 4
173597 4
173600 4
173599 4
170398 4
170397 4
170400 4
170399 4
167198 4
167197 4
167200 4
167199 4
163998 4
163997 4
164000 4
163999 4
160798 4
160797 4
160800 4
160799 4
157598 4
157597 4
157600 4
157599 4
154398 4
154397 4
154400 4
154399 4
151198 4
151197 4
151200 4
151199 4
147998 4
147997 4
148000 4
147999 4
144798 4
144797 4
144800 4
144799 4
205758 4
205757 4
205760 4
205759 4
202558 4
202557 4
202560 4
202559 4
199358 4
199357 4
199360 4
199359 4
196158 4
196157 4
196160 4
196159 4
192958 4
192957 4
192960 4
192959 4
189758 4
189757 4
189760 4
189759 4
186558 4
186557 4
186560 4
186559 4
183358 4
183357 4
183360 4
183359 4
180158 4
180157 4
180160 4
180159 4
176958 4
176957 4
176960 4
176959 4
173758 4
173757 4
173760 4
173759 4
170558 4
170557 4
170560 4
170559 4
167358 4
167357 4
167360 4
167359 4
164158 4
164157 4
164160 4
164159 4
160958 4
160957 4
160960 4
160959 4
157758 4
157757 4
157760 4
157759 4
154558 4
154557 4
154560 4
154559 4
151358 4
151357 4
151360 4
151359 4
148158 4
148157 4
148160 4
148159 4
144958 4
144957 4
144960 4
144959 4
205918 4
205917 4
205920 4
205919 4
202718 4
202717 4
202720 4
202719 4
199518 4
199517 4
199520 4
199519 4
196318 4
196317 4
196320 4
196319 4
193118 4
193117 4
193120 4
193119 4
189918 4
189917 4
189920 4
189919 4
186718 4
186717 4
186720 4
186719 4
183518 4
183517 4
183520 4
183519 4
180318 4
180317 4
180320 4
180319 4
177118 4
177117 4
177120 4
177119 4
173918 4
173917 4
173920 4
173919 4
170718 4
170717 4
170720 4
170719 4
167518 4
167517 4
167520 4
167519 4
164318 4
164317 4
164320 4
164319 4
161118 4
161117 4
161120 4
161119 4
157918 4
157917 4
157920 4
157919 4
154718 4
154717 4
154720 4
154719 4
151518 4
151517 4
151520 4
151519 4
148318 4
148317 4
148320 4
148319 4
145118 4
145117 4
145120 4
145119 4
206078 4
206077 4
206080 4
206079 4
202878 4
202877 4
202880 4
202879 4
199678 4
199677 4
199680 4
199679 4
196478 4
196477 4
196480 4
196479 4
193278 4
193277 4
193280 4
193279 4
190078 4
190077 4
190080 4
190079 4
186878 4
186877 4
186880 4
186879 4
183678 4
183677 4
183680 4
183679 4
180478 4
180477 4
180480 4
180479 4
177278 4
177277 4
177280 4
177279 4
174078 4
174077 4
174080 4
174079 4
170878 4
170877 4
170880 4
170879 4
167678 4
167677 4
167680 4
167679 4
164478 4
164477 4
164480 4
164479 4
161278 4
161277 4
161280 4
161279 4
158078 4
158077 4
158080 4
158079 4
154878 4
154877 4
154880 4
154879 4
151678 4
151677 4
151680 4
151679 4
148478 4
148477 4
148480 4
148479 4
145278 4
145277 4
145280 4
145279 4
206238 4
206237 4
206240 4
206239 4
203038 4
203037 4
203040 4
203039 4
199838 4
199837 4
199840 4
199839 4
196638 4
196637 4
196640 4
196639 4
193438 4
193437 4
193440 4
193439 4
190238 4
190237 4
190240 4
190239 4
187038 4
187037 4
187040 4
187039 4
183838 4
183837 4
183840 4
183839 4
180638 4
180637 4
180640 4
180639 4
177438 4
177437 4
177440 4
177439 4
174238 4
174237 4
174240 4
174239 4
171038 4
171037 4
171040 4
171039 4
167838 4
167837 4
167840 4
167839 4
164638 4
164637 4
164640 4
164639 4
161438 4
161437 4
161440 4
161439 4
158238 4
158237 4
158240 4
158239 4
155038 4
155037 4
155040 4
155039 4
151838 4
151837 4
151840 4
151839 4
148638 4
148637 4
148640 4
148639 4
145438 4
145437 4
145440 4
145439 4
206398 4
206397 4
206400 4
206399 4
203198 4
203197 4
203200 4
203199 4
199998 4
199997 4
200000 4
199999 4
196798 4
196797 4
196800 4
196799 4
193598 4
193597 4
193600 4
193599 4
190398 4
190397 4
190400 4
190399 4
187198 4
187197 4
187200 4
187199 4
183998 4
183997 4
184000 4
183999 4
180798 4
180797 4
180800 4
180799 4
177598 4
177597 4
177600 4
177599 4
174398 4
174397 4
174400 4
174399 4
171198 4
171197 4
171200 4
171199 4
167998 4
167997 4
168000 4
167999 4
164798 4
164797 4
164800 4
164799 4
161598 4
161597 4
161600 4
161599 4
158398 4
158397 4
158400 4
158399 4
155198 4
155197 4
155200 4
155199 4
151998 4
151997 4
152000 4
151999 4
148798 4
148797 4
148800 4
148799 4
145598 4
145597 4
145600 4
145599 4
206558 4
206557 4
206560 4
206559 4
203358 4
203357 4
203360 4
203359 4
200158 4
200157 4
200160 4
200159 4
196958 4
196957 4
196960 4
196959 4
193758 4
193757 4
193760 4
193759 4
190558 4
190557 4
190560 4
190559 4
187358 4
187357 4
187360 4
187359 4
184158 4
184157 4
184160 4
184159 4
180958 4
180957 4
180960 4
180959 4
177758 4
177757 4
177760 4
177759 4
174558 4
174557 4
174560 4
174559 4
171358 4
171357 4
171360 4
171359 4
168158 4
168157 4
168160 4
168159 4
164958 4
164957 4
164960 4
164959 4
161758 4
161757 4
161760 4
161759 4
158558 4
158557 4
158560 4
158559 4
155358 4
155357 4
155360 4
155359 4
152158 4
152157 4
152160 4
152159 4
148958 4
148957 4
148960 4
148959 4
145758 4
145757 4
145760 4
145759 4
206718 4
206717 4
206720 4
206719 4
203518 4
203517 4
203520 4
203519 4
200318 4
200317 4
200320 4
200319 4
197118 4
197117 4
197120 4
197119 4
193918 4
193917 4
193920 4
193919 4
190718 4
190717 4
190720 4
190719 4
187518 4
187517 4
187520 4
187519 4
184318 4
184317 4
184320 4
184319 4
181118 4
181117 4
181120 4
181119 4
177918 4
177917 4
177920 4
177919 4
174718 4
174717 4
174720 4
174719 4
171518 4
171517 4
171520 4
171519 4
168318 4
168317 4
168320 4
168319 4
165118 4
165117 4
165120 4
165119 4
161918 4
161917 4
161920 4
161919 4
158718 4
158717 4
158720 4
158719 4
155518 4
155517 4
155520 4
155519 4
152318 4
152317 4
152320 4
152319 4
149118 4
149117 4
149120 4
149119 4
145918 4
145917 4
145920 4
145919 4
206878 4
206877 4
206880 4
206879 4
203678 4
203677 4
203680 4
203679 4
200478 4
200477 4
200480 4
200479 4
197278 4
197277 4
197280 4
197279 4
194078 4
194077 4
194080 4
194079 4
190878 4
190877 4
190880 4
190879 4
187678 4
187677 4
187680 4
187679 4
184478 4
184477 4
184480 4
184479 4
181278 4
181277 4
181280 4
181279 4
178078 4
178077 4
178080 4
178079 4
174878 4
174877 4
174880 4
174879 4
171678 4
171677 4
171680 4
171679 4
168478 4
168477 4
168480 4
168479 4
165278 4
165277 4
165280 4
165279 4
162078 4
162077 4
162080 4
162079 4
158878 4
158877 4
158880 4
158879 4
155678 4
155677 4
155680 4
155679 4
152478 4
152477 4
152480 4
152479 4
149278 4
149277 4
149280 4
149279 4
146078 4
146077 4
146080 4
146079 4
207038 4
207037 4
207040 4
207039 4
203838 4
203837 4
203840 4
203839 4
200638 4
200637 4
200640 4
200639 4
197438 4
197437 4
197440 4
197439 4
194238 4
194237 4
194240 4
194239 4
191038 4
191037 4
191040 4
191039 4
187838 4
187837 4
187840 4
187839 4
184638 4
184637 4
184640 4
184639 4
181438 4
181437 4
181440 4
181439 4
178238 4
178237 4
178240 4
178239 4
175038 4
175037 4
175040 4
175039 4
171838 4
171837 4
171840 4
171839 4
168638 4
168637 4
168640 4
168639 4
165438 4
165437 4
165440 4
165439 4
162238 4
162237 4
162240 4
162239 4
159038 4
159037 4
159040 4
159039 4
155838 4
155837 4
155840 4
155839 4
152638 4
152637 4
152640 4
152639 4
149438 4
149437 4
149440 4
149439 4
146238 4
146237 4
146240 4
146239 4
207198 4
207197 4
207200 4
207199 4
203998 4
203997 4
204000 4
203999 4
200798 4
200797 4
200800 4
200799 4
197598 4
197597 4
197600 4
197599 4
194398 4
194397 4
194400 4
194399 4
191198 4
191197 4
191200 4
191199 4
187998 4
187997 4
188000 4
187999 4
184798 4
184797 4
184800 4
184799 4
181598 4
181597 4
181600 4
181599 4
178398 4
178397 4
178400 4
178399 4
175198 4
175197 4
175200 4
175199 4
171998 4
171997 4
172000 4
171999 4
168798 4
168797 4
168800 4
168799 4
165598 4
165597 4
165600 4
165599 4
162398 4
162397 4
162400 4
162399 4
159198 4
159197 4
159200 4
159199 4
155998 4
155997 4
156000 4
155999 4
152798 4
152797 4
152800 4
152799 4
149598 4
149597 4
149600 4
149599 4
146398 4
146397 4
146400 4
146399 4
