200 .000
3340
26001 6  3
26002 6  3
26003 6  3
26004 6  3
26005 6  3
26006 6  3
26007 6  3
26008 6  3
26009 6  3
26010 6  3
26011 6  3
26012 6  3
26013 6  3
26014 6  3
26015 6  3
26016 6  3
26017 6  3
26018 6  3
26019 6  3
26020 6  3
26021 6  3
26022 6  3
26023 6  3
26024 6  3
26025 6  3
26026 6  3
26027 6  3
26028 6  3
26029 6  3
26030 6  3
26031 6  3
26032 6  3
26033 6  3
26034 6  3
26035 6  3
26036 6  3
26037 6  3
26038 6  3
26039 6  3
26040 6  3
26041 6  3
26042 6  3
26043 6  3
26044 6  3
26045 6  3
26046 6  3
26047 6  3
26048 6  3
26049 6  3
26050 6  3
26051 6  3
26052 6  3
26053 6  3
26054 6  3
26055 6  3
26056 6  3
26057 6  3
26058 6  3
26059 6  3
26060 6  3
26061 6  3
26062 6  3
26063 6  3
26064 6  3
26065 6  3
26066 6  3
26067 6  3
26068 6  3
26069 6  3
26070 6  3
26071 6  3
26072 6  3
26073 6  3
26074 6  3
26075 6  3
26076 6  3
26077 6  3
26078 6  3
26079 6  3
26080 6  3
26081 6  3
26082 6  3
26083 6  3
26084 6  3
26085 6  3
26086 6  3
26087 6  3
26088 6  3
26089 6  3
26090 6  3
26091 6  3
26092 6  3
26093 6  3
26094 6  3
26095 6  3
26096 6  3
26097 6  3
26098 6  3
26099 6  3
26100 6  3
26101 6  3
26102 6  3
26103 6  3
26104 6  3
26105 6  3
26106 6  3
26107 6  3
26108 6  3
26109 6  3
26110 6  3
26111 6  3
26112 6  3
26113 6  3
26114 6  3
26115 6  3
26116 6  3
26117 6  3
26118 6  3
26119 6  3
26120 6  3
26121 6  3
26122 6  3
26123 6  3
26124 6  3
26125 6  3
26126 6  3
26127 6  3
26128 6  3
26129 6  3
26130 6  3
26131 6  3
26132 6  3
26133 6  3
26134 6  3
26135 6  3
26136 6  3
26137 6  3
26138 6  3
26139 6  3
26140 6  3
26141 6  3
26142 6  3
26143 6  3
26144 6  3
26145 6  3
26146 6  3
26147 6  3
26148 6  3
26149 6  3
26150 6  3
26151 6  3
26152 6  3
26153 6  3
26154 6  3
26155 6  3
26156 6  3
26157 6  3
26158 6  3
26159 6  3
26160 6  3
26161 6  3
26162 6  3
26163 6  3
26164 6  3
26165 6  3
26166 6  3
26167 6  3
26168 6  3
26169 6  3
26170 6  3
26171 6  3
26172 6  3
26173 6  3
26174 6  3
26175 6  3
26176 6  3
26177 6  3
26178 6  3
26179 6  3
26180 6  3
26181 6  3
26182 6  3
26183 6  3
26184 6  3
26185 6  3
26186 6  3
26187 6  3
26188 6  3
26189 6  3
26190 6  3
26191 6  3
26192 6  3
26193 6  3
26194 6  3
26195 6  3
26196 6  3
26197 6  3
26198 6  3
26199 6  3
26200 6  3
26201 6  3
26202 6  3
26203 6  3
26204 6  3
26205 6  3
26206 6  3
26207 6  3
26208 6  3
26209 6  3
26210 6  3
26211 6  3
26212 6  3
26213 6  3
26214 6  3
26215 6  3
26216 6  3
26217 6  3
26218 6  3
26219 6  3
26220 6  3
26221 6  3
26222 6  3
26223 6  3
26224 6  3
26225 6  3
26226 6  3
26227 6  3
26228 6  3
26229 6  3
26230 6  3
26231 6  3
26232 6  3
26233 6  3
26234 6  3
26235 6  3
26236 6  3
26237 6  3
26238 6  3
26239 6  3
26240 6  3
26241 6  3
26242 6  3
26243 6  3
26244 6  3
26245 6  3
26246 6  3
26247 6  3
26248 6  3
26249 6  3
26250 6  3
26251 6  3
26252 6  3
26253 6  3
26254 6  3
26255 6  3
26256 6  3
26257 6  3
26258 6  3
26259 6  3
26260 6  3
26261 6  3
26262 6  3
26263 6  3
26264 6  3
26265 6  3
26266 6  3
26267 6  3
26268 6  3
26269 6  3
26270 6  3
26271 6  3
26272 6  3
26273 6  3
26274 6  3
26275 6  3
26276 6  3
26277 6  3
26278 6  3
26279 6  3
26280 6  3
26281 6  3
26282 6  3
26283 6  3
26284 6  3
26285 6  3
26286 6  3
26287 6  3
26288 6  3
26289 6  3
26290 6  3
26291 6  3
26292 6  3
26293 6  3
26294 6  3
26295 6  3
26296 6  3
26297 6  3
26298 6  3
26299 6  3
26300 6  3
26301 6  3
26302 6  3
26303 6  3
26304 6  3
26305 6  3
26306 6  3
26307 6  3
26308 6  3
26309 6  3
26310 6  3
26311 6  3
26312 6  3
26313 6  3
26314 6  3
26315 6  3
26316 6  3
26317 6  3
26318 6  3
26319 6  3
26320 6  3
26321 6  3
26322 6  3
26323 6  3
26324 6  3
26325 6  3
26326 6  3
26327 6  3
26328 6  3
26329 6  3
26330 6  3
26331 6  3
26332 6  3
26333 6  3
26334 6  3
26335 6  3
26336 6  3
26337 6  3
26338 6  3
26339 6  3
26340 6  3
26341 6  3
26342 6  3
26343 6  3
26344 6  3
26345 6  3
26346 6  3
26347 6  3
26348 6  3
26349 6  3
26350 6  3
26351 6  3
26352 6  3
26353 6  3
26354 6  3
26355 6  3
26356 6  3
26357 6  3
26358 6  3
26359 6  3
26360 6  3
26361 6  3
26362 6  3
26363 6  3
26364 6  3
26365 6  3
26366 6  3
26367 6  3
26368 6  3
26369 6  3
26370 6  3
26371 6  3
26372 6  3
26373 6  3
26374 6  3
26375 6  3
26376 6  3
26377 6  3
26378 6  3
26379 6  3
26380 6  3
26381 6  3
26382 6  3
26383 6  3
26384 6  3
26385 6  3
26386 6  3
26387 6  3
26388 6  3
26389 6  3
26390 6  3
26391 6  3
26392 6  3
26393 6  3
26394 6  3
26395 6  3
26396 6  3
26397 6  3
26398 6  3
26399 6  3
26400 6  3
26401 6  3
26402 6  3
26403 6  3
26404 6  3
26405 6  3
26406 6  3
26407 6  3
26408 6  3
26409 6  3
26410 6  3
26411 6  3
26412 6  3
26413 6  3
26414 6  3
26415 6  3
26416 6  3
26417 6  3
26418 6  3
26419 6  3
26420 6  3
26421 6  3
26422 6  3
26423 6  3
26424 6  3
26425 6  3
26426 6  3
26427 6  3
26428 6  3
26429 6  3
26430 6  3
26431 6  3
26432 6  3
26433 6  3
26434 6  3
26435 6  3
26436 6  3
26437 6  3
26438 6  3
26439 6  3
26440 6  3
26441 6  3
26442 6  3
26443 6  3
26444 6  3
26445 6  3
26446 6  3
26447 6  3
26448 6  3
26449 6  3
26450 6  3
26451 6  3
26452 6  3
26453 6  3
26454 6  3
26455 6  3
26456 6  3
26457 6  3
26458 6  3
26459 6  3
26460 6  3
26461 6  3
26462 6  3
26463 6  3
26464 6  3
26465 6  3
26466 6  3
26467 6  3
26468 6  3
26469 6  3
26470 6  3
26471 6  3
26472 6  3
26473 6  3
26474 6  3
26475 6  3
26476 6  3
26477 6  3
26478 6  3
26479 6  3
26480 6  3
26481 6  3
26482 6  3
26483 6  3
26484 6  3
26485 6  3
26486 6  3
26487 6  3
26488 6  3
26489 6  3
26490 6  3
26491 6  3
26492 6  3
26493 6  3
26494 6  3
26495 6  3
26496 6  3
26497 6  3
26498 6  3
26499 6  3
26500 6  3
26501 6  3
26502 6  3
26503 6  3
26504 6  3
26505 6  3
26506 6  3
26507 6  3
26508 6  3
26509 6  3
26510 6  3
26511 6  3
26512 6  3
26513 6  3
26514 6  3
26515 6  3
26516 6  3
26517 6  3
26518 6  3
26519 6  3
26520 6  3
26521 6  3
26522 6  3
26523 6  3
26524 6  3
26525 6  3
26526 6  3
26527 6  3
26528 6  3
26529 6  3
26530 6  3
26531 6  3
26532 6  3
26533 6  3
26534 6  3
26535 6  3
26536 6  3
26537 6  3
26538 6  3
26539 6  3
26540 6  3
26541 6  3
26542 6  3
26543 6  3
26544 6  3
26545 6  3
26546 6  3
26547 6  3
26548 6  3
26549 6  3
26550 6  3
26551 6  3
26552 6  3
26553 6  3
26554 6  3
26555 6  3
26556 6  3
26557 6  3
26558 6  3
26559 6  3
26560 6  3
26561 6  3
26562 6  3
26563 6  3
26564 6  3
26565 6  3
26566 6  3
26567 6  3
26568 6  3
26569 6  3
26570 6  3
26571 6  3
26572 6  3
26573 6  3
26574 6  3
26575 6  3
26576 6  3
26577 6  3
26578 6  3
26579 6  3
26580 6  3
26581 6  3
26582 6  3
26583 6  3
26584 6  3
26585 6  3
26586 6  3
26587 6  3
26588 6  3
26589 6  3
26590 6  3
26591 6  3
26592 6  3
26593 6  3
26594 6  3
26595 6  3
26596 6  3
26597 6  3
26598 6  3
26599 6  3
26600 6  3
26601 6  3
26602 6  3
26603 6  3
26604 6  3
26605 6  3
26606 6  3
26607 6  3
26608 6  3
26609 6  3
26610 6  3
26611 6  3
26612 6  3
26613 6  3
26614 6  3
26615 6  3
26616 6  3
26617 6  3
26618 6  3
26619 6  3
26620 6  3
26621 6  3
26622 6  3
26623 6  3
26624 6  3
26625 6  3
26626 6  3
26627 6  3
26628 6  3
26629 6  3
26630 6  3
26631 6  3
26632 6  3
26633 6  3
26634 6  3
26635 6  3
26636 6  3
26637 6  3
26638 6  3
26639 6  3
26640 6  3
26641 6  3
26642 6  3
26643 6  3
26644 6  3
26645 6  3
26646 6  3
26647 6  3
26648 6  3
26649 6  3
26650 6  3
26651 6  3
26652 6  3
26653 6  3
26654 6  3
26655 6  3
26656 6  3
26657 6  3
26658 6  3
26659 6  3
26660 6  3
26661 6  3
26662 6  3
26663 6  3
26664 6  3
26665 6  3
26666 6  3
26667 6  3
26668 6  3
26669 6  3
26670 6  3
26671 6  3
26672 6  3
26673 6  3
26674 6  3
26675 6  3
26676 6  3
26677 6  3
26678 6  3
26679 6  3
26680 6  3
26681 6  3
26682 6  3
26683 6  3
26684 6  3
26685 6  3
26686 6  3
26687 6  3
26688 6  3
26689 6  3
26690 6  3
26691 6  3
26692 6  3
26693 6  3
26694 6  3
26695 6  3
26696 6  3
26697 6  3
26698 6  3
26699 6  3
26700 6  3
26701 6  3
26702 6  3
26703 6  3
26704 6  3
26705 6  3
26706 6  3
26707 6  3
26708 6  3
26709 6  3
26710 6  3
26711 6  3
26712 6  3
26713 6  3
26714 6  3
26715 6  3
26716 6  3
26717 6  3
26718 6  3
26719 6  3
26720 6  3
26721 6  3
26722 6  3
26723 6  3
26724 6  3
26725 6  3
26726 6  3
26727 6  3
26728 6  3
26729 6  3
26730 6  3
26731 6  3
26732 6  3
26733 6  3
26734 6  3
26735 6  3
26736 6  3
26737 6  3
26738 6  3
26739 6  3
26740 6  3
26741 6  3
26742 6  3
26743 6  3
26744 6  3
26745 6  3
26746 6  3
26747 6  3
26748 6  3
26749 6  3
26750 6  3
26751 6  3
26752 6  3
26753 6  3
26754 6  3
26755 6  3
26756 6  3
26757 6  3
26758 6  3
26759 6  3
26760 6  3
26761 6  3
26762 6  3
26763 6  3
26764 6  3
26765 6  3
26766 6  3
26767 6  3
26768 6  3
26769 6  3
26770 6  3
26771 6  3
26772 6  3
26773 6  3
26774 6  3
26775 6  3
26776 6  3
26777 6  3
26778 6  3
26779 6  3
26780 6  3
26781 6  3
26782 6  3
26783 6  3
26784 6  3
26785 6  3
26786 6  3
26787 6  3
26788 6  3
26789 6  3
26790 6  3
26791 6  3
26792 6  3
26793 6  3
26794 6  3
26795 6  3
26796 6  3
26797 6  3
26798 6  3
26799 6  3
26800 6  3
26801 6  3
26802 6  3
26803 6  3
26804 6  3
26805 6  3
26806 6  3
26807 6  3
26808 6  3
26809 6  3
26810 6  3
26811 6  3
26812 6  3
26813 6  3
26814 6  3
26815 6  3
26816 6  3
26817 6  3
26818 6  3
26819 6  3
26820 6  3
26821 6  3
26822 6  3
26823 6  3
26824 6  3
26825 6  3
26826 6  3
26827 6  3
26828 6  3
26829 6  3
26830 6  3
26831 6  3
26832 6  3
26833 6  3
26834 6  3
26835 6  3
26836 6  3
26837 6  3
26838 6  3
26839 6  3
26840 6  3
26841 6  3
26842 6  3
26843 6  3
26844 6  3
26845 6  3
26846 6  3
26847 6  3
26848 6  3
26849 6  3
26850 6  3
26851 6  3
26852 6  3
26853 6  3
26854 6  3
26855 6  3
26856 6  3
26857 6  3
26858 6  3
26859 6  3
26860 6  3
26861 6  3
26862 6  3
26863 6  3
26864 6  3
26865 6  3
26866 6  3
26867 6  3
26868 6  3
26869 6  3
26870 6  3
26871 6  3
26872 6  3
26873 6  3
26874 6  3
26875 6  3
26876 6  3
26877 6  3
26878 6  3
26879 6  3
26880 6  3
26881 6  3
26882 6  3
26883 6  3
26884 6  3
26885 6  3
26886 6  3
26887 6  3
26888 6  3
26889 6  3
26890 6  3
26891 6  3
26892 6  3
26893 6  3
26894 6  3
26895 6  3
26896 6  3
26897 6  3
26898 6  3
26899 6  3
26900 6  3
26901 6  3
26902 6  3
26903 6  3
26904 6  3
26905 6  3
26906 6  3
26907 6  3
26908 6  3
26909 6  3
26910 6  3
26911 6  3
26912 6  3
26913 6  3
26914 6  3
26915 6  3
26916 6  3
26917 6  3
26918 6  3
26919 6  3
26920 6  3
26921 6  3
26922 6  3
26923 6  3
26924 6  3
26925 6  3
26926 6  3
26927 6  3
26928 6  3
26929 6  3
26930 6  3
26931 6  3
26932 6  3
26933 6  3
26934 6  3
26935 6  3
26936 6  3
26937 6  3
26938 6  3
26939 6  3
26940 6  3
26941 6  3
26942 6  3
26943 6  3
26944 6  3
26945 6  3
26946 6  3
26947 6  3
26948 6  3
26949 6  3
26950 6  3
26951 6  3
26952 6  3
26953 6  3
26954 6  3
26955 6  3
26956 6  3
26957 6  3
26958 6  3
26959 6  3
26960 6  3
26961 6  3
26962 6  3
26963 6  3
26964 6  3
26965 6  3
26966 6  3
26967 6  3
26968 6  3
26969 6  3
26970 6  3
26971 6  3
26972 6  3
26973 6  3
26974 6  3
26975 6  3
26976 6  3
26977 6  3
26978 6  3
26979 6  3
26980 6  3
26981 6  3
26982 6  3
26983 6  3
26984 6  3
26985 6  3
26986 6  3
26987 6  3
26988 6  3
26989 6  3
26990 6  3
26991 6  3
26992 6  3
26993 6  3
26994 6  3
26995 6  3
26996 6  3
26997 6  3
26998 6  3
26999 6  3
27000 6  3
27001 6  3
27002 6  3
27003 6  3
27004 6  3
27005 6  3
27006 6  3
27007 6  3
27008 6  3
27009 6  3
27010 6  3
27011 6  3
27012 6  3
27013 6  3
27014 6  3
27015 6  3
27016 6  3
27017 6  3
27018 6  3
27019 6  3
27020 6  3
27021 6  3
27022 6  3
27023 6  3
27024 6  3
27025 6  3
27026 6  3
27027 6  3
27028 6  3
27029 6  3
27030 6  3
27031 6  3
27032 6  3
27033 6  3
27034 6  3
27035 6  3
27036 6  3
27037 6  3
27038 6  3
27039 6  3
27040 6  3
27041 6  3
27042 6  3
27043 6  3
27044 6  3
27045 6  3
27046 6  3
27047 6  3
27048 6  3
27049 6  3
27050 6  3
27051 6  3
27052 6  3
27053 6  3
27054 6  3
27055 6  3
27056 6  3
27057 6  3
27058 6  3
27059 6  3
27060 6  3
27061 6  3
27062 6  3
27063 6  3
27064 6  3
27065 6  3
27066 6  3
27067 6  3
27068 6  3
27069 6  3
27070 6  3
27071 6  3
27072 6  3
27073 6  3
27074 6  3
27075 6  3
27076 6  3
27077 6  3
27078 6  3
27079 6  3
27080 6  3
27081 6  3
27082 6  3
27083 6  3
27084 6  3
27085 6  3
27086 6  3
27087 6  3
27088 6  3
27089 6  3
27090 6  3
27091 6  3
27092 6  3
27093 6  3
27094 6  3
27095 6  3
27096 6  3
27097 6  3
27098 6  3
27099 6  3
27100 6  3
27101 6  3
27102 6  3
27103 6  3
27104 6  3
27105 6  3
27106 6  3
27107 6  3
27108 6  3
27109 6  3
27110 6  3
27111 6  3
27112 6  3
27113 6  3
27114 6  3
27115 6  3
27116 6  3
27117 6  3
27118 6  3
27119 6  3
27120 6  3
27121 6  3
27122 6  3
27123 6  3
27124 6  3
27125 6  3
27126 6  3
27127 6  3
27128 6  3
27129 6  3
27130 6  3
27131 6  3
27132 6  3
27133 6  3
27134 6  3
27135 6  3
27136 6  3
27137 6  3
27138 6  3
27139 6  3
27140 6  3
27141 6  3
27142 6  3
27143 6  3
27144 6  3
27145 6  3
27146 6  3
27147 6  3
27148 6  3
27149 6  3
27150 6  3
27151 6  3
27152 6  3
27153 6  3
27154 6  3
27155 6  3
27156 6  3
27157 6  3
27158 6  3
27159 6  3
27160 6  3
27161 6  3
27162 6  3
27163 6  3
27164 6  3
27165 6  3
27166 6  3
27167 6  3
27168 6  3
27169 6  3
27170 6  3
27171 6  3
27172 6  3
27173 6  3
27174 6  3
27175 6  3
27176 6  3
27177 6  3
27178 6  3
27179 6  3
27180 6  3
27181 6  3
27182 6  3
27183 6  3
27184 6  3
27185 6  3
27186 6  3
27187 6  3
27188 6  3
27189 6  3
27190 6  3
27191 6  3
27192 6  3
27193 6  3
27194 6  3
27195 6  3
27196 6  3
27197 6  3
27198 6  3
27199 6  3
27200 6  3
27201 6  3
27202 6  3
27203 6  3
27204 6  3
27205 6  3
27206 6  3
27207 6  3
27208 6  3
27209 6  3
27210 6  3
27211 6  3
27212 6  3
27213 6  3
27214 6  3
27215 6  3
27216 6  3
27217 6  3
27218 6  3
27219 6  3
27220 6  3
27221 6  3
27222 6  3
27223 6  3
27224 6  3
27225 6  3
27226 6  3
27227 6  3
27228 6  3
27229 6  3
27230 6  3
27231 6  3
27232 6  3
27233 6  3
27234 6  3
27235 6  3
27236 6  3
27237 6  3
27238 6  3
27239 6  3
27240 6  3
27241 6  3
27242 6  3
27243 6  3
27244 6  3
27245 6  3
27246 6  3
27247 6  3
27248 6  3
27249 6  3
27250 6  3
27251 6  3
27252 6  3
27253 6  3
27254 6  3
27255 6  3
27256 6  3
27257 6  3
27258 6  3
27259 6  3
27260 6  3
27261 6  3
27262 6  3
27263 6  3
27264 6  3
27265 6  3
27266 6  3
27267 6  3
27268 6  3
27269 6  3
27270 6  3
27271 6  3
27272 6  3
27273 6  3
27274 6  3
27275 6  3
27276 6  3
27277 6  3
27278 6  3
27279 6  3
27280 6  3
27281 6  3
27282 6  3
27283 6  3
27284 6  3
27285 6  3
27286 6  3
27287 6  3
27288 6  3
27289 6  3
27290 6  3
27291 6  3
27292 6  3
27293 6  3
27294 6  3
27295 6  3
27296 6  3
27297 6  3
27298 6  3
27299 6  3
27300 6  3
27301 6  3
27302 6  3
27303 6  3
27304 6  3
27305 6  3
27306 6  3
27307 6  3
27308 6  3
27309 6  3
27310 6  3
27311 6  3
27312 6  3
27313 6  3
27314 6  3
27315 6  3
27316 6  3
27317 6  3
27318 6  3
27319 6  3
27320 6  3
27321 6  3
27322 6  3
27323 6  3
27324 6  3
27325 6  3
27326 6  3
27327 6  3
27328 6  3
27329 6  3
27330 6  3
27331 6  3
27332 6  3
27333 6  3
27334 6  3
27335 6  3
27336 6  3
27337 6  3
27338 6  3
27339 6  3
27340 6  3
27341 6  3
27342 6  3
27343 6  3
27344 6  3
27345 6  3
27346 6  3
27347 6  3
27348 6  3
27349 6  3
27350 6  3
27351 6  3
27352 6  3
27353 6  3
27354 6  3
27355 6  3
27356 6  3
27357 6  3
27358 6  3
27359 6  3
27360 6  3
27361 6  3
27362 6  3
27363 6  3
27364 6  3
27365 6  3
27366 6  3
27367 6  3
27368 6  3
27369 6  3
27370 6  3
27371 6  3
27372 6  3
27373 6  3
27374 6  3
27375 6  3
27376 6  3
27377 6  3
27378 6  3
27379 6  3
27380 6  3
27381 6  3
27382 6  3
27383 6  3
27384 6  3
27385 6  3
27386 6  3
27387 6  3
27388 6  3
27389 6  3
27390 6  3
27391 6  3
27392 6  3
27393 6  3
27394 6  3
27395 6  3
27396 6  3
27397 6  3
27398 6  3
27399 6  3
27400 6  3
27401 6  3
27402 6  3
27403 6  3
27404 6  3
27405 6  3
27406 6  3
27407 6  3
27408 6  3
27409 6  3
27410 6  3
27411 6  3
27412 6  3
27413 6  3
27414 6  3
27415 6  3
27416 6  3
27417 6  3
27418 6  3
27419 6  3
27420 6  3
27421 6  3
27422 6  3
27423 6  3
27424 6  3
27425 6  3
27426 6  3
27427 6  3
27428 6  3
27429 6  3
27430 6  3
27431 6  3
27432 6  3
27433 6  3
27434 6  3
27435 6  3
27436 6  3
27437 6  3
27438 6  3
27439 6  3
27440 6  3
27441 6  3
27442 6  3
27443 6  3
27444 6  3
27445 6  3
27446 6  3
27447 6  3
27448 6  3
27449 6  3
27450 6  3
27451 6  3
27452 6  3
27453 6  3
27454 6  3
27455 6  3
27456 6  3
27457 6  3
27458 6  3
27459 6  3
27460 6  3
27461 6  3
27462 6  3
27463 6  3
27464 6  3
27465 6  3
27466 6  3
27467 6  3
27468 6  3
27469 6  3
27470 6  3
27471 6  3
27472 6  3
27473 6  3
27474 6  3
27475 6  3
27476 6  3
27477 6  3
27478 6  3
27479 6  3
27480 6  3
27481 6  3
27482 6  3
27483 6  3
27484 6  3
27485 6  3
27486 6  3
27487 6  3
27488 6  3
27489 6  3
27490 6  3
27491 6  3
27492 6  3
27493 6  3
27494 6  3
27495 6  3
27496 6  3
27497 6  3
27498 6  3
27499 6  3
27500 6  3
27501 6  3
27502 6  3
27503 6  3
27504 6  3
27505 6  3
27506 6  3
27507 6  3
27508 6  3
27509 6  3
27510 6  3
27511 6  3
27512 6  3
27513 6  3
27514 6  3
27515 6  3
27516 6  3
27517 6  3
27518 6  3
27519 6  3
27520 6  3
27521 6  3
27522 6  3
27523 6  3
27524 6  3
27525 6  3
27526 6  3
27527 6  3
27528 6  3
27529 6  3
27530 6  3
27531 6  3
27532 6  3
27533 6  3
27534 6  3
27535 6  3
27536 6  3
27537 6  3
27538 6  3
27539 6  3
27540 6  3
27541 6  3
27542 6  3
27543 6  3
27544 6  3
27545 6  3
27546 6  3
27547 6  3
27548 6  3
27549 6  3
27550 6  3
27551 6  3
27552 6  3
27553 6  3
27554 6  3
27555 6  3
27556 6  3
27557 6  3
27558 6  3
27559 6  3
27560 6  3
27561 6  3
27562 6  3
27563 6  3
27564 6  3
27565 6  3
27566 6  3
27567 6  3
27568 6  3
27569 6  3
27570 6  3
27571 6  3
27572 6  3
27573 6  3
27574 6  3
27575 6  3
27576 6  3
27577 6  3
27578 6  3
27579 6  3
27580 6  3
27581 6  3
27582 6  3
27583 6  3
27584 6  3
27585 6  3
27586 6  3
27587 6  3
27588 6  3
27589 6  3
27590 6  3
27591 6  3
27592 6  3
27593 6  3
27594 6  3
27595 6  3
27596 6  3
27597 6  3
27598 6  3
27599 6  3
27600 6  3
27601 6  3
27602 6  3
27603 6  3
27604 6  3
27605 6  3
27606 6  3
27607 6  3
27608 6  3
27609 6  3
27610 6  3
27611 6  3
27612 6  3
27613 6  3
27614 6  3
27615 6  3
27616 6  3
27617 6  3
27618 6  3
27619 6  3
27620 6  3
27621 6  3
27622 6  3
27623 6  3
27624 6  3
27625 6  3
27626 6  3
27627 6  3
27628 6  3
27629 6  3
27630 6  3
27631 6  3
27632 6  3
27633 6  3
27634 6  3
27635 6  3
27636 6  3
27637 6  3
27638 6  3
27639 6  3
27640 6  3
27641 6  3
27642 6  3
27643 6  3
27644 6  3
27645 6  3
27646 6  3
27647 6  3
27648 6  3
27649 6  3
27650 6  3
27651 6  3
27652 6  3
27653 6  3
27654 6  3
27655 6  3
27656 6  3
27657 6  3
27658 6  3
27659 6  3
27660 6  3
27661 6  3
27662 6  3
27663 6  3
27664 6  3
27665 6  3
27666 6  3
27667 6  3
27668 6  3
27669 6  3
27670 6  3
27671 6  3
27672 6  3
27673 6  3
27674 6  3
27675 6  3
27676 6  3
27677 6  3
27678 6  3
27679 6  3
27680 6  3
27681 6  3
27682 6  3
27683 6  3
27684 6  3
27685 6  3
27686 6  3
27687 6  3
27688 6  3
27689 6  3
27690 6  3
27691 6  3
27692 6  3
27693 6  3
27694 6  3
27695 6  3
27696 6  3
27697 6  3
27698 6  3
27699 6  3
27700 6  3
27701 6  3
27702 6  3
27703 6  3
27704 6  3
27705 6  3
27706 6  3
27707 6  3
27708 6  3
27709 6  3
27710 6  3
27711 6  3
27712 6  3
27713 6  3
27714 6  3
27715 6  3
27716 6  3
27717 6  3
27718 6  3
27719 6  3
27720 6  3
27721 6  3
27722 6  3
27723 6  3
27724 6  3
27725 6  3
27726 6  3
27727 6  3
27728 6  3
27729 6  3
27730 6  3
27731 6  3
27732 6  3
27733 6  3
27734 6  3
27735 6  3
27736 6  3
27737 6  3
27738 6  3
27739 6  3
27740 6  3
27741 6  3
27742 6  3
27743 6  3
27744 6  3
27745 6  3
27746 6  3
27747 6  3
27748 6  3
27749 6  3
27750 6  3
27751 6  3
27752 6  3
27753 6  3
27754 6  3
27755 6  3
27756 6  3
27757 6  3
27758 6  3
27759 6  3
27760 6  3
27761 6  3
27762 6  3
27763 6  3
27764 6  3
27765 6  3
27766 6  3
27767 6  3
27768 6  3
27769 6  3
27770 6  3
27771 6  3
27772 6  3
27773 6  3
27774 6  3
27775 6  3
27776 6  3
27777 6  3
27778 6  3
27779 6  3
27780 6  3
27781 6  3
27782 6  3
27783 6  3
27784 6  3
27785 6  3
27786 6  3
27787 6  3
27788 6  3
27789 6  3
27790 6  3
27791 6  3
27792 6  3
27793 6  3
27794 6  3
27795 6  3
27796 6  3
27797 6  3
27798 6  3
27799 6  3
27800 6  3
27801 6  3
27802 6  3
27803 6  3
27804 6  3
27805 6  3
27806 6  3
27807 6  3
27808 6  3
27809 6  3
27810 6  3
27811 6  3
27812 6  3
27813 6  3
27814 6  3
27815 6  3
27816 6  3
27817 6  3
27818 6  3
27819 6  3
27820 6  3
27821 6  3
27822 6  3
27823 6  3
27824 6  3
27825 6  3
27826 6  3
27827 6  3
27828 6  3
27829 6  3
27830 6  3
27831 6  3
27832 6  3
27833 6  3
27834 6  3
27835 6  3
27836 6  3
27837 6  3
27838 6  3
27839 6  3
27840 6  3
27841 6  3
27842 6  3
27843 6  3
27844 6  3
27845 6  3
27846 6  3
27847 6  3
27848 6  3
27849 6  3
27850 6  3
27851 6  3
27852 6  3
27853 6  3
27854 6  3
27855 6  3
27856 6  3
27857 6  3
27858 6  3
27859 6  3
27860 6  3
27861 6  3
27862 6  3
27863 6  3
27864 6  3
27865 6  3
27866 6  3
27867 6  3
27868 6  3
27869 6  3
27870 6  3
27871 6  3
27872 6  3
27873 6  3
27874 6  3
27875 6  3
27876 6  3
27877 6  3
27878 6  3
27879 6  3
27880 6  3
27881 6  3
27882 6  3
27883 6  3
27884 6  3
27885 6  3
27886 6  3
27887 6  3
27888 6  3
27889 6  3
27890 6  3
27891 6  3
27892 6  3
27893 6  3
27894 6  3
27895 6  3
27896 6  3
27897 6  3
27898 6  3
27899 6  3
27900 6  3
27901 6  3
27902 6  3
27903 6  3
27904 6  3
27905 6  3
27906 6  3
27907 6  3
27908 6  3
27909 6  3
27910 6  3
27911 6  3
27912 6  3
27913 6  3
27914 6  3
27915 6  3
27916 6  3
27917 6  3
27918 6  3
27919 6  3
27920 6  3
27921 6  3
27922 6  3
27923 6  3
27924 6  3
27925 6  3
27926 6  3
27927 6  3
27928 6  3
27929 6  3
27930 6  3
27931 6  3
27932 6  3
27933 6  3
27934 6  3
27935 6  3
27936 6  3
27937 6  3
27938 6  3
27939 6  3
27940 6  3
27941 6  3
27942 6  3
27943 6  3
27944 6  3
27945 6  3
27946 6  3
27947 6  3
27948 6  3
27949 6  3
27950 6  3
27951 6  3
27952 6  3
27953 6  3
27954 6  3
27955 6  3
27956 6  3
27957 6  3
27958 6  3
27959 6  3
27960 6  3
27961 6  3
27962 6  3
27963 6  3
27964 6  3
27965 6  3
27966 6  3
27967 6  3
27968 6  3
27969 6  3
27970 6  3
27971 6  3
27972 6  3
27973 6  3
27974 6  3
27975 6  3
27976 6  3
27977 6  3
27978 6  3
27979 6  3
27980 6  3
27981 6  3
27982 6  3
27983 6  3
27984 6  3
27985 6  3
27986 6  3
27987 6  3
27988 6  3
27989 6  3
27990 6  3
27991 6  3
27992 6  3
27993 6  3
27994 6  3
27995 6  3
27996 6  3
27997 6  3
27998 6  3
27999 6  3
28000 6  3
28001 6  3
28002 6  3
28003 6  3
28004 6  3
28005 6  3
28006 6  3
28007 6  3
28008 6  3
28009 6  3
28010 6  3
28011 6  3
28012 6  3
28013 6  3
28014 6  3
28015 6  3
28016 6  3
28017 6  3
28018 6  3
28019 6  3
28020 6  3
28021 6  3
28022 6  3
28023 6  3
28024 6  3
28025 6  3
28026 6  3
28027 6  3
28028 6  3
28029 6  3
28030 6  3
28031 6  3
28032 6  3
28033 6  3
28034 6  3
28035 6  3
28036 6  3
28037 6  3
28038 6  3
28039 6  3
28040 6  3
28041 6  3
28042 6  3
28043 6  3
28044 6  3
28045 6  3
28046 6  3
28047 6  3
28048 6  3
28049 6  3
28050 6  3
28051 6  3
28052 6  3
28053 6  3
28054 6  3
28055 6  3
28056 6  3
28057 6  3
28058 6  3
28059 6  3
28060 6  3
28061 6  3
28062 6  3
28063 6  3
28064 6  3
28065 6  3
28066 6  3
28067 6  3
28068 6  3
28069 6  3
28070 6  3
28071 6  3
28072 6  3
28073 6  3
28074 6  3
28075 6  3
28076 6  3
28077 6  3
28078 6  3
28079 6  3
28080 6  3
28081 6  3
28082 6  3
28083 6  3
28084 6  3
28085 6  3
28086 6  3
28087 6  3
28088 6  3
28089 6  3
28090 6  3
28091 6  3
28092 6  3
28093 6  3
28094 6  3
28095 6  3
28096 6  3
28097 6  3
28098 6  3
28099 6  3
28100 6  3
28101 6  3
28102 6  3
28103 6  3
28104 6  3
28105 6  3
28106 6  3
28107 6  3
28108 6  3
28109 6  3
28110 6  3
28111 6  3
28112 6  3
28113 6  3
28114 6  3
28115 6  3
28116 6  3
28117 6  3
28118 6  3
28119 6  3
28120 6  3
28121 6  3
28122 6  3
28123 6  3
28124 6  3
28125 6  3
28126 6  3
28127 6  3
28128 6  3
28129 6  3
28130 6  3
28131 6  3
28132 6  3
28133 6  3
28134 6  3
28135 6  3
28136 6  3
28137 6  3
28138 6  3
28139 6  3
28140 6  3
28141 6  3
28142 6  3
28143 6  3
28144 6  3
28145 6  3
28146 6  3
28147 6  3
28148 6  3
28149 6  3
28150 6  3
28151 6  3
28152 6  3
28153 6  3
28154 6  3
28155 6  3
28156 6  3
28157 6  3
28158 6  3
28159 6  3
28160 6  3
28161 6  3
28162 6  3
28163 6  3
28164 6  3
28165 6  3
28166 6  3
28167 6  3
28168 6  3
28169 6  3
28170 6  3
28171 6  3
28172 6  3
28173 6  3
28174 6  3
28175 6  3
28176 6  3
28177 6  3
28178 6  3
28179 6  3
28180 6  3
28181 6  3
28182 6  3
28183 6  3
28184 6  3
28185 6  3
28186 6  3
28187 6  3
28188 6  3
28189 6  3
28190 6  3
28191 6  3
28192 6  3
28193 6  3
28194 6  3
28195 6  3
28196 6  3
28197 6  3
28198 6  3
28199 6  3
28200 6  3
28201 6  3
28202 6  3
28203 6  3
28204 6  3
28205 6  3
28206 6  3
28207 6  3
28208 6  3
28209 6  3
28210 6  3
28211 6  3
28212 6  3
28213 6  3
28214 6  3
28215 6  3
28216 6  3
28217 6  3
28218 6  3
28219 6  3
28220 6  3
28221 6  3
28222 6  3
28223 6  3
28224 6  3
28225 6  3
28226 6  3
28227 6  3
28228 6  3
28229 6  3
28230 6  3
28231 6  3
28232 6  3
28233 6  3
28234 6  3
28235 6  3
28236 6  3
28237 6  3
28238 6  3
28239 6  3
28240 6  3
28241 6  3
28242 6  3
28243 6  3
28244 6  3
28245 6  3
28246 6  3
28247 6  3
28248 6  3
28249 6  3
28250 6  3
28251 6  3
28252 6  3
28253 6  3
28254 6  3
28255 6  3
28256 6  3
28257 6  3
28258 6  3
28259 6  3
28260 6  3
28261 6  3
28262 6  3
28263 6  3
28264 6  3
28265 6  3
28266 6  3
28267 6  3
28268 6  3
28269 6  3
28270 6  3
28271 6  3
28272 6  3
28273 6  3
28274 6  3
28275 6  3
28276 6  3
28277 6  3
28278 6  3
28279 6  3
28280 6  3
28281 6  3
28282 6  3
28283 6  3
28284 6  3
28285 6  3
28286 6  3
28287 6  3
28288 6  3
28289 6  3
28290 6  3
28291 6  3
28292 6  3
28293 6  3
28294 6  3
28295 6  3
28296 6  3
28297 6  3
28298 6  3
28299 6  3
28300 6  3
28301 6  3
28302 6  3
28303 6  3
28304 6  3
28305 6  3
28306 6  3
28307 6  3
28308 6  3
28309 6  3
28310 6  3
28311 6  3
28312 6  3
28313 6  3
28314 6  3
28315 6  3
28316 6  3
28317 6  3
28318 6  3
28319 6  3
28320 6  3
28321 6  3
28322 6  3
28323 6  3
28324 6  3
28325 6  3
28326 6  3
28327 6  3
28328 6  3
28329 6  3
28330 6  3
28331 6  3
28332 6  3
28333 6  3
28334 6  3
28335 6  3
28336 6  3
28337 6  3
28338 6  3
28339 6  3
28340 6  3
28341 6  3
28342 6  3
28343 6  3
28344 6  3
28345 6  3
28346 6  3
28347 6  3
28348 6  3
28349 6  3
28350 6  3
28351 6  3
28352 6  3
28353 6  3
28354 6  3
28355 6  3
28356 6  3
28357 6  3
28358 6  3
28359 6  3
28360 6  3
28361 6  3
28362 6  3
28363 6  3
28364 6  3
28365 6  3
28366 6  3
28367 6  3
28368 6  3
28369 6  3
28370 6  3
28371 6  3
28372 6  3
28373 6  3
28374 6  3
28375 6  3
28376 6  3
28377 6  3
28378 6  3
28379 6  3
28380 6  3
28381 6  3
28382 6  3
28383 6  3
28384 6  3
28385 6  3
28386 6  3
28387 6  3
28388 6  3
28389 6  3
28390 6  3
28391 6  3
28392 6  3
28393 6  3
28394 6  3
28395 6  3
28396 6  3
28397 6  3
28398 6  3
28399 6  3
28400 6  3
28401 6  3
28402 6  3
28403 6  3
28404 6  3
28405 6  3
28406 6  3
28407 6  3
28408 6  3
28409 6  3
28410 6  3
28411 6  3
28412 6  3
28413 6  3
28414 6  3
28415 6  3
28416 6  3
28417 6  3
28418 6  3
28419 6  3
28420 6  3
28421 6  3
28422 6  3
28423 6  3
28424 6  3
28425 6  3
28426 6  3
28427 6  3
28428 6  3
28429 6  3
28430 6  3
28431 6  3
28432 6  3
28433 6  3
28434 6  3
28435 6  3
28436 6  3
28437 6  3
28438 6  3
28439 6  3
28440 6  3
28441 6  3
28442 6  3
28443 6  3
28444 6  3
28445 6  3
28446 6  3
28447 6  3
28448 6  3
28449 6  3
28450 6  3
28451 6  3
28452 6  3
28453 6  3
28454 6  3
28455 6  3
28456 6  3
28457 6  3
28458 6  3
28459 6  3
28460 6  3
28461 6  3
28462 6  3
28463 6  3
28464 6  3
28465 6  3
28466 6  3
28467 6  3
28468 6  3
28469 6  3
28470 6  3
28471 6  3
28472 6  3
28473 6  3
28474 6  3
28475 6  3
28476 6  3
28477 6  3
28478 6  3
28479 6  3
28480 6  3
28481 6  3
28482 6  3
28483 6  3
28484 6  3
28485 6  3
28486 6  3
28487 6  3
28488 6  3
28489 6  3
28490 6  3
28491 6  3
28492 6  3
28493 6  3
28494 6  3
28495 6  3
28496 6  3
28497 6  3
28498 6  3
28499 6  3
28500 6  3
28501 6  3
28502 6  3
28503 6  3
28504 6  3
28505 6  3
28506 6  3
28507 6  3
28508 6  3
28509 6  3
28510 6  3
28511 6  3
28512 6  3
28513 6  3
28514 6  3
28515 6  3
28516 6  3
28517 6  3
28518 6  3
28519 6  3
28520 6  3
28521 6  3
28522 6  3
28523 6  3
28524 6  3
28525 6  3
28526 6  3
28527 6  3
28528 6  3
28529 6  3
28530 6  3
28531 6  3
28532 6  3
28533 6  3
28534 6  3
28535 6  3
28536 6  3
28537 6  3
28538 6  3
28539 6  3
28540 6  3
28541 6  3
28542 6  3
28543 6  3
28544 6  3
28545 6  3
28546 6  3
28547 6  3
28548 6  3
28549 6  3
28550 6  3
28551 6  3
28552 6  3
28553 6  3
28554 6  3
28555 6  3
28556 6  3
28557 6  3
28558 6  3
28559 6  3
28560 6  3
28561 6  3
28562 6  3
28563 6  3
28564 6  3
28565 6  3
28566 6  3
28567 6  3
28568 6  3
28569 6  3
28570 6  3
28571 6  3
28572 6  3
28573 6  3
28574 6  3
28575 6  3
28576 6  3
28577 6  3
28578 6  3
28579 6  3
28580 6  3
28581 6  3
28582 6  3
28583 6  3
28584 6  3
28585 6  3
28586 6  3
28587 6  3
28588 6  3
28589 6  3
28590 6  3
28591 6  3
28592 6  3
28593 6  3
28594 6  3
28595 6  3
28596 6  3
28597 6  3
28598 6  3
28599 6  3
28600 6  3
28601 6  3
28602 6  3
28603 6  3
28604 6  3
28605 6  3
28606 6  3
28607 6  3
28608 6  3
28609 6  3
28610 6  3
28611 6  3
28612 6  3
28613 6  3
28614 6  3
28615 6  3
28616 6  3
28617 6  3
28618 6  3
28619 6  3
28620 6  3
28621 6  3
28622 6  3
28623 6  3
28624 6  3
28625 6  3
28626 6  3
28627 6  3
28628 6  3
28629 6  3
28630 6  3
28631 6  3
28632 6  3
28633 6  3
28634 6  3
28635 6  3
28636 6  3
28637 6  3
28638 6  3
28639 6  3
28640 6  3
28641 6  3
28642 6  3
28643 6  3
28644 6  3
28645 6  3
28646 6  3
28647 6  3
28648 6  3
28649 6  3
28650 6  3
28651 6  3
28652 6  3
28653 6  3
28654 6  3
28655 6  3
28656 6  3
28657 6  3
28658 6  3
28659 6  3
28660 6  3
28661 6  3
28662 6  3
28663 6  3
28664 6  3
28665 6  3
28666 6  3
28667 6  3
28668 6  3
28669 6  3
28670 6  3
28671 6  3
28672 6  3
28673 6  3
28674 6  3
28675 6  3
28676 6  3
28677 6  3
28678 6  3
28679 6  3
28680 6  3
28681 6  3
28682 6  3
28683 6  3
28684 6  3
28685 6  3
28686 6  3
28687 6  3
28688 6  3
28689 6  3
28690 6  3
28691 6  3
28692 6  3
28693 6  3
28694 6  3
28695 6  3
28696 6  3
28697 6  3
28698 6  3
28699 6  3
28700 6  3
28701 6  3
28702 6  3
28703 6  3
28704 6  3
28705 6  3
28706 6  3
28707 6  3
28708 6  3
28709 6  3
28710 6  3
28711 6  3
28712 6  3
28713 6  3
28714 6  3
28715 6  3
28716 6  3
28717 6  3
28718 6  3
28719 6  3
28720 6  3
28721 6  3
28722 6  3
28723 6  3
28724 6  3
28725 6  3
28726 6  3
28727 6  3
28728 6  3
28729 6  3
28730 6  3
28731 6  3
28732 6  3
28733 6  3
28734 6  3
28735 6  3
28736 6  3
28737 6  3
28738 6  3
28739 6  3
28740 6  3
28741 6  3
28742 6  3
28743 6  3
28744 6  3
28745 6  3
28746 6  3
28747 6  3
28748 6  3
28749 6  3
28750 6  3
28751 6  3
28752 6  3
28753 6  3
28754 6  3
28755 6  3
28756 6  3
28757 6  3
28758 6  3
28759 6  3
28760 6  3
28761 6  3
28762 6  3
28763 6  3
28764 6  3
28765 6  3
28766 6  3
28767 6  3
28768 6  3
28769 6  3
28770 6  3
28771 6  3
28772 6  3
28773 6  3
28774 6  3
28775 6  3
28776 6  3
28777 6  3
28778 6  3
28779 6  3
28780 6  3
28781 6  3
28782 6  3
28783 6  3
28784 6  3
28785 6  3
28786 6  3
28787 6  3
28788 6  3
28789 6  3
28790 6  3
28791 6  3
28792 6  3
28793 6  3
28794 6  3
28795 6  3
28796 6  3
28797 6  3
28798 6  3
28799 6  3
28800 6  3
28801 6  3
28802 6  3
28803 6  3
28804 6  3
28805 6  3
28806 6  3
28807 6  3
28808 6  3
28809 6  3
28810 6  3
28811 6  3
28812 6  3
28813 6  3
28814 6  3
28815 6  3
28816 6  3
28817 6  3
28818 6  3
28819 6  3
28820 6  3
28821 6  3
28822 6  3
28823 6  3
28824 6  3
28825 6  3
28826 6  3
28827 6  3
28828 6  3
28829 6  3
28830 6  3
28831 6  3
28832 6  3
28833 6  3
28834 6  3
28835 6  3
28836 6  3
28837 6  3
28838 6  3
28839 6  3
28840 6  3
28841 6  3
28842 6  3
28843 6  3
28844 6  3
28845 6  3
28846 6  3
28847 6  3
28848 6  3
28849 6  3
28850 6  3
28851 6  3
28852 6  3
28853 6  3
28854 6  3
28855 6  3
28856 6  3
28857 6  3
28858 6  3
28859 6  3
28860 6  3
28861 6  3
28862 6  3
28863 6  3
28864 6  3
28865 6  3
28866 6  3
28867 6  3
28868 6  3
28869 6  3
28870 6  3
28871 6  3
28872 6  3
28873 6  3
28874 6  3
28875 6  3
28876 6  3
28877 6  3
28878 6  3
28879 6  3
28880 6  3
28881 6  3
28882 6  3
28883 6  3
28884 6  3
28885 6  3
28886 6  3
28887 6  3
28888 6  3
28889 6  3
28890 6  3
28891 6  3
28892 6  3
28893 6  3
28894 6  3
28895 6  3
28896 6  3
28897 6  3
28898 6  3
28899 6  3
28900 6  3
28901 6  3
28902 6  3
28903 6  3
28904 6  3
28905 6  3
28906 6  3
28907 6  3
28908 6  3
28909 6  3
28910 6  3
28911 6  3
28912 6  3
28913 6  3
28914 6  3
28915 6  3
28916 6  3
28917 6  3
28918 6  3
28919 6  3
28920 6  3
28921 6  3
28922 6  3
28923 6  3
28924 6  3
28925 6  3
28926 6  3
28927 6  3
28928 6  3
28929 6  3
28930 6  3
28931 6  3
28932 6  3
28933 6  3
28934 6  3
28935 6  3
28936 6  3
28937 6  3
28938 6  3
28939 6  3
28940 6  3
28941 6  3
28942 6  3
28943 6  3
28944 6  3
28945 6  3
28946 6  3
28947 6  3
28948 6  3
28949 6  3
28950 6  3
28951 6  3
28952 6  3
28953 6  3
28954 6  3
28955 6  3
28956 6  3
28957 6  3
28958 6  3
28959 6  3
28960 6  3
28961 6  3
28962 6  3
28963 6  3
28964 6  3
28965 6  3
28966 6  3
28967 6  3
28968 6  3
28969 6  3
28970 6  3
28971 6  3
28972 6  3
28973 6  3
28974 6  3
28975 6  3
28976 6  3
28977 6  3
28978 6  3
28979 6  3
28980 6  3
28981 6  3
28982 6  3
28983 6  3
28984 6  3
28985 6  3
28986 6  3
28987 6  3
28988 6  3
28989 6  3
28990 6  3
28991 6  3
28992 6  3
28993 6  3
28994 6  3
28995 6  3
28996 6  3
28997 6  3
28998 6  3
28999 6  3
29000 6  3
29001 6  3
29002 6  3
29003 6  3
29004 6  3
29005 6  3
29006 6  3
29007 6  3
29008 6  3
29009 6  3
29010 6  3
29011 6  3
29012 6  3
29013 6  3
29014 6  3
29015 6  3
29016 6  3
29017 6  3
29018 6  3
29019 6  3
29020 6  3
29021 6  3
29022 6  3
29023 6  3
29024 6  3
29025 6  3
29026 6  3
29027 6  3
29028 6  3
29029 6  3
29030 6  3
29031 6  3
29032 6  3
29033 6  3
29034 6  3
29035 6  3
29036 6  3
29037 6  3
29038 6  3
29039 6  3
29040 6  3
29041 6  3
29042 6  3
29043 6  3
29044 6  3
29045 6  3
29046 6  3
29047 6  3
29048 6  3
29049 6  3
29050 6  3
29051 6  3
29052 6  3
29053 6  3
29054 6  3
29055 6  3
29056 6  3
29057 6  3
29058 6  3
29059 6  3
29060 6  3
29061 6  3
29062 6  3
29063 6  3
29064 6  3
29065 6  3
29066 6  3
29067 6  3
29068 6  3
29069 6  3
29070 6  3
29071 6  3
29072 6  3
29073 6  3
29074 6  3
29075 6  3
29076 6  3
29077 6  3
29078 6  3
29079 6  3
29080 6  3
29081 6  3
29082 6  3
29083 6  3
29084 6  3
29085 6  3
29086 6  3
29087 6  3
29088 6  3
29089 6  3
29090 6  3
29091 6  3
29092 6  3
29093 6  3
29094 6  3
29095 6  3
29096 6  3
29097 6  3
29098 6  3
29099 6  3
29100 6  3
29101 6  3
29102 6  3
29103 6  3
29104 6  3
29105 6  3
29106 6  3
29107 6  3
29108 6  3
29109 6  3
29110 6  3
29111 6  3
29112 6  3
29113 6  3
29114 6  3
29115 6  3
29116 6  3
29117 6  3
29118 6  3
29119 6  3
29120 6  3
29121 6  3
29122 6  3
29123 6  3
29124 6  3
29125 6  3
29126 6  3
29127 6  3
29128 6  3
29129 6  3
29130 6  3
29131 6  3
29132 6  3
29133 6  3
29134 6  3
29135 6  3
29136 6  3
29137 6  3
29138 6  3
29139 6  3
29140 6  3
29141 6  3
29142 6  3
29143 6  3
29144 6  3
29145 6  3
29146 6  3
29147 6  3
29148 6  3
29149 6  3
29150 6  3
29151 6  3
29152 6  3
29153 6  3
29154 6  3
29155 6  3
29156 6  3
29157 6  3
29158 6  3
29159 6  3
29160 6  3
29161 6  3
29162 6  3
29163 6  3
29164 6  3
29165 6  3
29166 6  3
29167 6  3
29168 6  3
29169 6  3
29170 6  3
29171 6  3
29172 6  3
29173 6  3
29174 6  3
29175 6  3
29176 6  3
29177 6  3
29178 6  3
29179 6  3
29180 6  3
29181 6  3
29182 6  3
29183 6  3
29184 6  3
29185 6  3
29186 6  3
29187 6  3
29188 6  3
29189 6  3
29190 6  3
29191 6  3
29192 6  3
29193 6  3
29194 6  3
29195 6  3
29196 6  3
29197 6  3
29198 6  3
29199 6  3
29200 6  3
29201 6  3
29202 6  3
29203 6  3
29204 6  3
29205 6  3
29206 6  3
29207 6  3
29208 6  3
29209 6  3
29210 6  3
29211 6  3
29212 6  3
29213 6  3
29214 6  3
29215 6  3
29216 6  3
29217 6  3
29218 6  3
29219 6  3
29220 6  3
29221 6  3
29222 6  3
29223 6  3
29224 6  3
29225 6  3
29226 6  3
29227 6  3
29228 6  3
29229 6  3
29230 6  3
29231 6  3
29232 6  3
29233 6  3
29234 6  3
29235 6  3
29236 6  3
29237 6  3
29238 6  3
29239 6  3
29240 6  3
29241 6  3
29242 6  3
29243 6  3
29244 6  3
29245 6  3
29246 6  3
29247 6  3
29248 6  3
29249 6  3
29250 6  3
29251 6  3
29252 6  3
29253 6  3
29254 6  3
29255 6  3
29256 6  3
29257 6  3
29258 6  3
29259 6  3
29260 6  3
29261 6  3
29262 6  3
29263 6  3
29264 6  3
29265 6  3
29266 6  3
29267 6  3
29268 6  3
29269 6  3
29270 6  3
29271 6  3
29272 6  3
29273 6  3
29274 6  3
29275 6  3
29276 6  3
29277 6  3
29278 6  3
29279 6  3
29280 6  3
29281 6  3
29282 6  3
29283 6  3
29284 6  3
29285 6  3
29286 6  3
29287 6  3
29288 6  3
29289 6  3
29290 6  3
29291 6  3
29292 6  3
29293 6  3
29294 6  3
29295 6  3
29296 6  3
29297 6  3
29298 6  3
29299 6  3
29300 6  3
29301 6  3
29302 6  3
29303 6  3
29304 6  3
29305 6  3
29306 6  3
29307 6  3
29308 6  3
29309 6  3
29310 6  3
29311 6  3
29312 6  3
29313 6  3
29314 6  3
29315 6  3
29316 6  3
29317 6  3
29318 6  3
29319 6  3
29320 6  3
29321 6  3
29322 6  3
29323 6  3
29324 6  3
29325 6  3
29326 6  3
29327 6  3
29328 6  3
29329 6  3
29330 6  3
29331 6  3
29332 6  3
29333 6  3
29334 6  3
29335 6  3
29336 6  3
29337 6  3
29338 6  3
29339 6  3
29340 6  3
