2 0.0
2000
38400 3
38200 3
38000 3
37800 3
37600 3
37400 3
37200 3
37000 3
36800 3
36600 3
36400 3
36200 3
36000 3
35800 3
35600 3
35400 3
35200 3
35000 3
34800 3
34600 3
38399 3
38199 3
37999 3
37799 3
37599 3
37399 3
37199 3
36999 3
36799 3
36599 3
36399 3
36199 3
35999 3
35799 3
35599 3
35399 3
35199 3
34999 3
34799 3
34599 3
38398 3
38198 3
37998 3
37798 3
37598 3
37398 3
37198 3
36998 3
36798 3
36598 3
36398 3
36198 3
35998 3
35798 3
35598 3
35398 3
35198 3
34998 3
34798 3
34598 3
38397 3
38197 3
37997 3
37797 3
37597 3
37397 3
37197 3
36997 3
36797 3
36597 3
36397 3
36197 3
35997 3
35797 3
35597 3
35397 3
35197 3
34997 3
34797 3
34597 3
38396 3
38196 3
37996 3
37796 3
37596 3
37396 3
37196 3
36996 3
36796 3
36596 3
36396 3
36196 3
35996 3
35796 3
35596 3
35396 3
35196 3
34996 3
34796 3
34596 3
38395 3
38195 3
37995 3
37795 3
37595 3
37395 3
37195 3
36995 3
36795 3
36595 3
36395 3
36195 3
35995 3
35795 3
35595 3
35395 3
35195 3
34995 3
34795 3
34595 3
38394 3
38194 3
37994 3
37794 3
37594 3
37394 3
37194 3
36994 3
36794 3
36594 3
36394 3
36194 3
35994 3
35794 3
35594 3
35394 3
35194 3
34994 3
34794 3
34594 3
38393 3
38193 3
37993 3
37793 3
37593 3
37393 3
37193 3
36993 3
36793 3
36593 3
36393 3
36193 3
35993 3
35793 3
35593 3
35393 3
35193 3
34993 3
34793 3
34593 3
38392 3
38192 3
37992 3
37792 3
37592 3
37392 3
37192 3
36992 3
36792 3
36592 3
36392 3
36192 3
35992 3
35792 3
35592 3
35392 3
35192 3
34992 3
34792 3
34592 3
38391 3
38191 3
37991 3
37791 3
37591 3
37391 3
37191 3
36991 3
36791 3
36591 3
36391 3
36191 3
35991 3
35791 3
35591 3
35391 3
35191 3
34991 3
34791 3
34591 3
12220 2
12020 2
11820 2
11620 2
11420 2
11220 2
11020 2
10820 2
10620 2
10420 2
10220 2
10020 2
9820 2
9620 2
9420 2
9220 2
9020 2
8820 2
8620 2
8420 2
12240 2
12040 2
11840 2
11640 2
11440 2
11240 2
11040 2
10840 2
10640 2
10440 2
10240 2
10040 2
9840 2
9640 2
9440 2
9240 2
9040 2
8840 2
8640 2
8440 2
12260 2
12060 2
11860 2
11660 2
11460 2
11260 2
11060 2
10860 2
10660 2
10460 2
10260 2
10060 2
9860 2
9660 2
9460 2
9260 2
9060 2
8860 2
8660 2
8460 2
12280 2
12080 2
11880 2
11680 2
11480 2
11280 2
11080 2
10880 2
10680 2
10480 2
10280 2
10080 2
9880 2
9680 2
9480 2
9280 2
9080 2
8880 2
8680 2
8480 2
12300 2
12100 2
11900 2
11700 2
11500 2
11300 2
11100 2
10900 2
10700 2
10500 2
10300 2
10100 2
9900 2
9700 2
9500 2
9300 2
9100 2
8900 2
8700 2
8500 2
12320 2
12120 2
11920 2
11720 2
11520 2
11320 2
11120 2
10920 2
10720 2
10520 2
10320 2
10120 2
9920 2
9720 2
9520 2
9320 2
9120 2
8920 2
8720 2
8520 2
12340 2
12140 2
11940 2
11740 2
11540 2
11340 2
11140 2
10940 2
10740 2
10540 2
10340 2
10140 2
9940 2
9740 2
9540 2
9340 2
9140 2
8940 2
8740 2
8540 2
12360 2
12160 2
11960 2
11760 2
11560 2
11360 2
11160 2
10960 2
10760 2
10560 2
10360 2
10160 2
9960 2
9760 2
9560 2
9360 2
9160 2
8960 2
8760 2
8560 2
12380 2
12180 2
11980 2
11780 2
11580 2
11380 2
11180 2
10980 2
10780 2
10580 2
10380 2
10180 2
9980 2
9780 2
9580 2
9380 2
9180 2
8980 2
8780 2
8580 2
12400 2
12200 2
12000 2
11800 2
11600 2
11400 2
11200 2
11000 2
10800 2
10600 2
10400 2
10200 2
10000 2
9800 2
9600 2
9400 2
9200 2
9000 2
8800 2
8600 2
34400 2
34380 2
34360 2
34340 2
34320 2
34300 2
34280 2
34260 2
34240 2
34220 2
34200 2
34180 2
34160 2
34140 2
34120 2
34100 2
34080 2
34060 2
34040 2
34020 2
34000 2
33980 2
33960 2
33940 2
33920 2
33900 2
33880 2
33860 2
33840 2
33820 2
33800 2
33780 2
33760 2
33740 2
33720 2
33700 2
33680 2
33660 2
33640 2
33620 2
33600 2
33580 2
33560 2
33540 2
33520 2
33500 2
33480 2
33460 2
33440 2
33420 2
33400 2
33380 2
33360 2
33340 2
33320 2
33300 2
33280 2
33260 2
33240 2
33220 2
33200 2
33180 2
33160 2
33140 2
33120 2
33100 2
33080 2
33060 2
33040 2
33020 2
33000 2
32980 2
32960 2
32940 2
32920 2
32900 2
32880 2
32860 2
32840 2
32820 2
32800 2
32780 2
32760 2
32740 2
32720 2
32700 2
32680 2
32660 2
32640 2
32620 2
32600 2
32580 2
32560 2
32540 2
32520 2
32500 2
32480 2
32460 2
32440 2
32420 2
32400 2
32380 2
32360 2
32340 2
32320 2
32300 2
32280 2
32260 2
32240 2
32220 2
32200 2
32180 2
32160 2
32140 2
32120 2
32100 2
32080 2
32060 2
32040 2
32020 2
32000 2
31980 2
31960 2
31940 2
31920 2
31900 2
31880 2
31860 2
31840 2
31820 2
31800 2
31780 2
31760 2
31740 2
31720 2
31700 2
31680 2
31660 2
31640 2
31620 2
31600 2
31580 2
31560 2
31540 2
31520 2
31500 2
31480 2
31460 2
31440 2
31420 2
31400 2
31380 2
31360 2
31340 2
31320 2
31300 2
31280 2
31260 2
31240 2
31220 2
31200 2
31180 2
31160 2
31140 2
31120 2
31100 2
31080 2
31060 2
31040 2
31020 2
31000 2
30980 2
30960 2
30940 2
30920 2
30900 2
30880 2
30860 2
30840 2
30820 2
30800 2
30780 2
30760 2
30740 2
30720 2
30700 2
30680 2
30660 2
30640 2
30620 2
30600 2
30580 2
30560 2
30540 2
30520 2
30500 2
30480 2
30460 2
30440 2
30420 2
30400 2
30380 2
30360 2
30340 2
30320 2
30300 2
30280 2
30260 2
30240 2
30220 2
30200 2
30180 2
30160 2
30140 2
30120 2
30100 2
30080 2
30060 2
30040 2
30020 2
30000 2
29980 2
29960 2
29940 2
29920 2
29900 2
29880 2
29860 2
29840 2
29820 2
29800 2
29780 2
29760 2
29740 2
29720 2
29700 2
29680 2
29660 2
29640 2
29620 2
41601 5
41609 5
41617 5
41625 5
41633 5
41641 5
41649 5
41657 5
41665 5
41673 5
41681 5
41689 5
41697 5
41705 5
41713 5
41721 5
41729 5
41737 5
41745 5
41753 5
41602 5
41610 5
41618 5
41626 5
41634 5
41642 5
41650 5
41658 5
41666 5
41674 5
41682 5
41690 5
41698 5
41706 5
41714 5
41722 5
41730 5
41738 5
41746 5
41754 5
41603 5
41611 5
41619 5
41627 5
41635 5
41643 5
41651 5
41659 5
41667 5
41675 5
41683 5
41691 5
41699 5
41707 5
41715 5
41723 5
41731 5
41739 5
41747 5
41755 5
41604 5
41612 5
41620 5
41628 5
41636 5
41644 5
41652 5
41660 5
41668 5
41676 5
41684 5
41692 5
41700 5
41708 5
41716 5
41724 5
41732 5
41740 5
41748 5
41756 5
41605 5
41613 5
41621 5
41629 5
41637 5
41645 5
41653 5
41661 5
41669 5
41677 5
41685 5
41693 5
41701 5
41709 5
41717 5
41725 5
41733 5
41741 5
41749 5
41757 5
41606 5
41614 5
41622 5
41630 5
41638 5
41646 5
41654 5
41662 5
41670 5
41678 5
41686 5
41694 5
41702 5
41710 5
41718 5
41726 5
41734 5
41742 5
41750 5
41758 5
41607 5
41615 5
41623 5
41631 5
41639 5
41647 5
41655 5
41663 5
41671 5
41679 5
41687 5
41695 5
41703 5
41711 5
41719 5
41727 5
41735 5
41743 5
41751 5
41759 5
41608 5
41616 5
41624 5
41632 5
41640 5
41648 5
41656 5
41664 5
41672 5
41680 5
41688 5
41696 5
41704 5
41712 5
41720 5
41728 5
41736 5
41744 5
41752 5
41760 5
3829 3
4069 3
4309 3
4549 3
4789 3
5029 3
5269 3
5509 3
5749 3
5989 3
6229 3
6469 3
6709 3
6949 3
7189 3
7429 3
7669 3
7909 3
8149 3
8389 3
3830 3
4070 3
4310 3
4550 3
4790 3
5030 3
5270 3
5510 3
5750 3
5990 3
6230 3
6470 3
6710 3
6950 3
7190 3
7430 3
7670 3
7910 3
8150 3
8390 3
3831 3
4071 3
4311 3
4551 3
4791 3
5031 3
5271 3
5511 3
5751 3
5991 3
6231 3
6471 3
6711 3
6951 3
7191 3
7431 3
7671 3
7911 3
8151 3
8391 3
3832 3
4072 3
4312 3
4552 3
4792 3
5032 3
5272 3
5512 3
5752 3
5992 3
6232 3
6472 3
6712 3
6952 3
7192 3
7432 3
7672 3
7912 3
8152 3
8392 3
3833 3
4073 3
4313 3
4553 3
4793 3
5033 3
5273 3
5513 3
5753 3
5993 3
6233 3
6473 3
6713 3
6953 3
7193 3
7433 3
7673 3
7913 3
8153 3
8393 3
3834 3
4074 3
4314 3
4554 3
4794 3
5034 3
5274 3
5514 3
5754 3
5994 3
6234 3
6474 3
6714 3
6954 3
7194 3
7434 3
7674 3
7914 3
8154 3
8394 3
3835 3
4075 3
4315 3
4555 3
4795 3
5035 3
5275 3
5515 3
5755 3
5995 3
6235 3
6475 3
6715 3
6955 3
7195 3
7435 3
7675 3
7915 3
8155 3
8395 3
3836 3
4076 3
4316 3
4556 3
4796 3
5036 3
5276 3
5516 3
5756 3
5996 3
6236 3
6476 3
6716 3
6956 3
7196 3
7436 3
7676 3
7916 3
8156 3
8396 3
3837 3
4077 3
4317 3
4557 3
4797 3
5037 3
5277 3
5517 3
5757 3
5997 3
6237 3
6477 3
6717 3
6957 3
7197 3
7437 3
7677 3
7917 3
8157 3
8397 3
3838 3
4078 3
4318 3
4558 3
4798 3
5038 3
5278 3
5518 3
5758 3
5998 3
6238 3
6478 3
6718 3
6958 3
7198 3
7438 3
7678 3
7918 3
8158 3
8398 3
3839 3
4079 3
4319 3
4559 3
4799 3
5039 3
5279 3
5519 3
5759 3
5999 3
6239 3
6479 3
6719 3
6959 3
7199 3
7439 3
7679 3
7919 3
8159 3
8399 3
3840 3
4080 3
4320 3
4560 3
4800 3
5040 3
5280 3
5520 3
5760 3
6000 3
6240 3
6480 3
6720 3
6960 3
7200 3
7440 3
7680 3
7920 3
8160 3
8400 3
18781 3
18782 3
18783 3
18784 3
18785 3
18786 3
18787 3
18788 3
18789 3
18790 3
18791 3
18792 3
18793 3
18794 3
18795 3
18796 3
18797 3
18798 3
18799 3
18800 3
18381 3
18382 3
18383 3
18384 3
18385 3
18386 3
18387 3
18388 3
18389 3
18390 3
18391 3
18392 3
18393 3
18394 3
18395 3
18396 3
18397 3
18398 3
18399 3
18400 3
17981 3
17982 3
17983 3
17984 3
17985 3
17986 3
17987 3
17988 3
17989 3
17990 3
17991 3
17992 3
17993 3
17994 3
17995 3
17996 3
17997 3
17998 3
17999 3
18000 3
17581 3
17582 3
17583 3
17584 3
17585 3
17586 3
17587 3
17588 3
17589 3
17590 3
17591 3
17592 3
17593 3
17594 3
17595 3
17596 3
17597 3
17598 3
17599 3
17600 3
17181 3
17182 3
17183 3
17184 3
17185 3
17186 3
17187 3
17188 3
17189 3
17190 3
17191 3
17192 3
17193 3
17194 3
17195 3
17196 3
17197 3
17198 3
17199 3
17200 3
16781 3
16782 3
16783 3
16784 3
16785 3
16786 3
16787 3
16788 3
16789 3
16790 3
16791 3
16792 3
16793 3
16794 3
16795 3
16796 3
16797 3
16798 3
16799 3
16800 3
16381 3
16382 3
16383 3
16384 3
16385 3
16386 3
16387 3
16388 3
16389 3
16390 3
16391 3
16392 3
16393 3
16394 3
16395 3
16396 3
16397 3
16398 3
16399 3
16400 3
15981 3
15982 3
15983 3
15984 3
15985 3
15986 3
15987 3
15988 3
15989 3
15990 3
15991 3
15992 3
15993 3
15994 3
15995 3
15996 3
15997 3
15998 3
15999 3
16000 3
41600 2
41580 2
41560 2
41540 2
41520 2
41500 2
41480 2
41460 2
41440 2
41420 2
41400 2
41380 2
41360 2
41340 2
41320 2
41300 2
41280 2
41260 2
41240 2
41220 2
41200 2
41180 2
41160 2
41140 2
41120 2
41100 2
41080 2
41060 2
41040 2
41020 2
41000 2
40980 2
40960 2
40940 2
40920 2
40900 2
40880 2
40860 2
40840 2
40820 2
40800 2
40780 2
40760 2
40740 2
40720 2
40700 2
40680 2
40660 2
40640 2
40620 2
40600 2
40580 2
40560 2
40540 2
40520 2
40500 2
40480 2
40460 2
40440 2
40420 2
40400 2
40380 2
40360 2
40340 2
40320 2
40300 2
40280 2
40260 2
40240 2
40220 2
40200 2
40180 2
40160 2
40140 2
40120 2
40100 2
40080 2
40060 2
40040 2
40020 2
40000 2
39980 2
39960 2
39940 2
39920 2
39900 2
39880 2
39860 2
39840 2
39820 2
39800 2
39780 2
39760 2
39740 2
39720 2
39700 2
39680 2
39660 2
39640 2
39620 2
39600 2
39580 2
39560 2
39540 2
39520 2
39500 2
39480 2
39460 2
39440 2
39420 2
39400 2
39380 2
39360 2
39340 2
39320 2
39300 2
39280 2
39260 2
39240 2
39220 2
39200 2
39180 2
39160 2
39140 2
39120 2
39100 2
39080 2
39060 2
39040 2
39020 2
39000 2
38980 2
38960 2
38940 2
38920 2
38900 2
38880 2
38860 2
38840 2
38820 2
38800 2
38780 2
38760 2
38740 2
38720 2
38700 2
38680 2
38660 2
38640 2
38620 2
38600 2
38580 2
38560 2
38540 2
38520 2
38500 2
38480 2
38460 2
38440 2
38420 2
45761 5
45773 5
45785 5
45797 5
45809 5
45821 5
45833 5
45845 5
45857 5
45869 5
45881 5
45893 5
45905 5
45917 5
45929 5
45941 5
45953 5
45965 5
45977 5
45989 5
45762 5
45774 5
45786 5
45798 5
45810 5
45822 5
45834 5
45846 5
45858 5
45870 5
45882 5
45894 5
45906 5
45918 5
45930 5
45942 5
45954 5
45966 5
45978 5
45990 5
45763 5
45775 5
45787 5
45799 5
45811 5
45823 5
45835 5
45847 5
45859 5
45871 5
45883 5
45895 5
45907 5
45919 5
45931 5
45943 5
45955 5
45967 5
45979 5
45991 5
45764 5
45776 5
45788 5
45800 5
45812 5
45824 5
45836 5
45848 5
45860 5
45872 5
45884 5
45896 5
45908 5
45920 5
45932 5
45944 5
45956 5
45968 5
45980 5
45992 5
45765 5
45777 5
45789 5
45801 5
45813 5
45825 5
45837 5
45849 5
45861 5
45873 5
45885 5
45897 5
45909 5
45921 5
45933 5
45945 5
45957 5
45969 5
45981 5
45993 5
45766 5
45778 5
45790 5
45802 5
45814 5
45826 5
45838 5
45850 5
45862 5
45874 5
45886 5
45898 5
45910 5
45922 5
45934 5
45946 5
45958 5
45970 5
45982 5
45994 5
45767 5
45779 5
45791 5
45803 5
45815 5
45827 5
45839 5
45851 5
45863 5
45875 5
45887 5
45899 5
45911 5
45923 5
45935 5
45947 5
45959 5
45971 5
45983 5
45995 5
45768 5
45780 5
45792 5
45804 5
45816 5
45828 5
45840 5
45852 5
45864 5
45876 5
45888 5
45900 5
45912 5
45924 5
45936 5
45948 5
45960 5
45972 5
45984 5
45996 5
45769 5
45781 5
45793 5
45805 5
45817 5
45829 5
45841 5
45853 5
45865 5
45877 5
45889 5
45901 5
45913 5
45925 5
45937 5
45949 5
45961 5
45973 5
45985 5
45997 5
45770 5
45782 5
45794 5
45806 5
45818 5
45830 5
45842 5
45854 5
45866 5
45878 5
45890 5
45902 5
45914 5
45926 5
45938 5
45950 5
45962 5
45974 5
45986 5
45998 5
45771 5
45783 5
45795 5
45807 5
45819 5
45831 5
45843 5
45855 5
45867 5
45879 5
45891 5
45903 5
45915 5
45927 5
45939 5
45951 5
45963 5
45975 5
45987 5
45999 5
45772 5
45784 5
45796 5
45808 5
45820 5
45832 5
45844 5
45856 5
45868 5
45880 5
45892 5
45904 5
45916 5
45928 5
45940 5
45952 5
45964 5
45976 5
45988 5
46000 5
12553 3
12713 3
12873 3
13033 3
13193 3
13353 3
13513 3
13673 3
13833 3
13993 3
14153 3
14313 3
14473 3
14633 3
14793 3
14953 3
15113 3
15273 3
15433 3
15593 3
12554 3
12714 3
12874 3
13034 3
13194 3
13354 3
13514 3
13674 3
13834 3
13994 3
14154 3
14314 3
14474 3
14634 3
14794 3
14954 3
15114 3
15274 3
15434 3
15594 3
12555 3
12715 3
12875 3
13035 3
13195 3
13355 3
13515 3
13675 3
13835 3
13995 3
14155 3
14315 3
14475 3
14635 3
14795 3
14955 3
15115 3
15275 3
15435 3
15595 3
12556 3
12716 3
12876 3
13036 3
13196 3
13356 3
13516 3
13676 3
13836 3
13996 3
14156 3
14316 3
14476 3
14636 3
14796 3
14956 3
15116 3
15276 3
15436 3
15596 3
12557 3
12717 3
12877 3
13037 3
13197 3
13357 3
13517 3
13677 3
13837 3
13997 3
14157 3
14317 3
14477 3
14637 3
14797 3
14957 3
15117 3
15277 3
15437 3
15597 3
12558 3
12718 3
12878 3
13038 3
13198 3
13358 3
13518 3
13678 3
13838 3
13998 3
14158 3
14318 3
14478 3
14638 3
14798 3
14958 3
15118 3
15278 3
15438 3
15598 3
12559 3
12719 3
12879 3
13039 3
13199 3
13359 3
13519 3
13679 3
13839 3
13999 3
14159 3
14319 3
14479 3
14639 3
14799 3
14959 3
15119 3
15279 3
15439 3
15599 3
12560 3
12720 3
12880 3
13040 3
13200 3
13360 3
13520 3
13680 3
13840 3
14000 3
14160 3
14320 3
14480 3
14640 3
14800 3
14960 3
15120 3
15280 3
15440 3
15600 3
24541 3
24542 3
24543 3
24544 3
24545 3
24546 3
24547 3
24548 3
24549 3
24550 3
24551 3
24552 3
24553 3
24554 3
24555 3
24556 3
24557 3
24558 3
24559 3
24560 3
24141 3
24142 3
24143 3
24144 3
24145 3
24146 3
24147 3
24148 3
24149 3
24150 3
24151 3
24152 3
24153 3
24154 3
24155 3
24156 3
24157 3
24158 3
24159 3
24160 3
23741 3
23742 3
23743 3
23744 3
23745 3
23746 3
23747 3
23748 3
23749 3
23750 3
23751 3
23752 3
23753 3
23754 3
23755 3
23756 3
23757 3
23758 3
23759 3
23760 3
23341 3
23342 3
23343 3
23344 3
23345 3
23346 3
23347 3
23348 3
23349 3
23350 3
23351 3
23352 3
23353 3
23354 3
23355 3
23356 3
23357 3
23358 3
23359 3
23360 3
22941 3
22942 3
22943 3
22944 3
22945 3
22946 3
22947 3
22948 3
22949 3
22950 3
22951 3
22952 3
22953 3
22954 3
22955 3
22956 3
22957 3
22958 3
22959 3
22960 3
22541 3
22542 3
22543 3
22544 3
22545 3
22546 3
22547 3
22548 3
22549 3
22550 3
22551 3
22552 3
22553 3
22554 3
22555 3
22556 3
22557 3
22558 3
22559 3
22560 3
22141 3
22142 3
22143 3
22144 3
22145 3
22146 3
22147 3
22148 3
22149 3
22150 3
22151 3
22152 3
22153 3
22154 3
22155 3
22156 3
22157 3
22158 3
22159 3
22160 3
21741 3
21742 3
21743 3
21744 3
21745 3
21746 3
21747 3
21748 3
21749 3
21750 3
21751 3
21752 3
21753 3
21754 3
21755 3
21756 3
21757 3
21758 3
21759 3
21760 3
21341 3
21342 3
21343 3
21344 3
21345 3
21346 3
21347 3
21348 3
21349 3
21350 3
21351 3
21352 3
21353 3
21354 3
21355 3
21356 3
21357 3
21358 3
21359 3
21360 3
20941 3
20942 3
20943 3
20944 3
20945 3
20946 3
20947 3
20948 3
20949 3
20950 3
20951 3
20952 3
20953 3
20954 3
20955 3
20956 3
20957 3
20958 3
20959 3
20960 3
20541 3
20542 3
20543 3
20544 3
20545 3
20546 3
20547 3
20548 3
20549 3
20550 3
20551 3
20552 3
20553 3
20554 3
20555 3
20556 3
20557 3
20558 3
20559 3
20560 3
20141 3
20142 3
20143 3
20144 3
20145 3
20146 3
20147 3
20148 3
20149 3
20150 3
20151 3
20152 3
20153 3
20154 3
20155 3
20156 3
20157 3
20158 3
20159 3
20160 3
