  -5.00000000000000       0.000000000000000E+000  0.000000000000000E+000
          50
1896  3  1  0  0  1
1897  3  1  0  0  0
1898  3  1  0  0  0
1899  3  1  0  0  0
1900  3  1  1  0  0
1996  3  0  0  0  1
1997  3  0  0  0  0
1998  3  0  0  0  0
1999  3  0  0  0  0
2000  3  0  1  0  0
2096  3  0  0  0  1
2097  3  0  0  0  0
2098  3  0  0  0  0
2099  3  0  0  0  0
2100  3  0  1  0  0
2196  3  0  0  0  1
2197  3  0  0  0  0
2198  3  0  0  0  0
2199  3  0  0  0  0
2200  3  0  1  0  0
2296  3  0  0  0  1
2297  3  0  0  0  0
2298  3  0  0  0  0
2299  3  0  0  0  0
2300  3  0  1  0  0
2396  3  0  0  0  1
2397  3  0  0  0  0
2398  3  0  0  0  0
2399  3  0  0  0  0
2400  3  0  1  0  0
2496  3  0  0  0  1
2497  3  0  0  0  0
2498  3  0  0  0  0
2499  3  0  0  0  0
2500  3  0  1  0  0
2596  3  0  0  0  1
2597  3  0  0  0  0
2598  3  0  0  0  0
2599  3  0  0  0  0
2600  3  0  1  0  0
2696  3  0  0  0  1
2697  3  0  0  0  0
2698  3  0  0  0  0
2699  3  0  0  0  0
2700  3  0  1  0  0
2796  3  0  0  1  1
2797  3  0  0  1  0
2798  3  0  0  1  0
2799  3  0  0  1  0
2800  3  0  1  1  0
