2080
401 5
402 5
403 5
404 5
405 5
406 5
407 5
408 5
409 5
410 5
411 5
412 5
413 5
414 5
415 5
416 5
417 5
418 5
419 5
420 5
381 3
382 3
383 3
384 3
385 3
386 3
387 3
388 3
389 3
390 3
391 3
392 3
393 3
394 3
395 3
396 3
397 3
398 3
399 3
400 3
17600 2
17580 2
17560 2
17540 2
17520 2
17500 2
17480 2
17460 2
17440 2
17420 2
17400 2
17380 2
17360 2
17340 2
17320 2
17300 2
17280 2
17260 2
17240 2
17220 2
17200 2
17180 2
17160 2
17140 2
17120 2
17100 2
17080 2
17060 2
17040 2
17020 2
17000 2
16980 2
16960 2
16940 2
16920 2
16900 2
16880 2
16860 2
16840 2
16820 2
16800 2
16780 2
16760 2
16740 2
16720 2
16700 2
16680 2
16660 2
16640 2
16620 2
16600 2
16580 2
16560 2
16540 2
16520 2
16500 2
16480 2
16460 2
16440 2
16420 2
16400 2
16380 2
16360 2
16340 2
16320 2
16300 2
16280 2
16260 2
16240 2
16220 2
16200 2
16180 2
16160 2
16140 2
16120 2
16100 2
16080 2
16060 2
16040 2
16020 2
16000 2
15980 2
15960 2
15940 2
15920 2
15900 2
15880 2
15860 2
15840 2
15820 2
15800 2
15780 2
15760 2
15740 2
15720 2
15700 2
15680 2
15660 2
15640 2
15620 2
2096 3
2196 3
2296 3
2396 3
2496 3
2596 3
2696 3
2796 3
2896 3
2996 3
3096 3
3196 3
3296 3
3396 3
3496 3
3596 3
3696 3
3796 3
3896 3
3996 3
2097 3
2197 3
2297 3
2397 3
2497 3
2597 3
2697 3
2797 3
2897 3
2997 3
3097 3
3197 3
3297 3
3397 3
3497 3
3597 3
3697 3
3797 3
3897 3
3997 3
2098 3
2198 3
2298 3
2398 3
2498 3
2598 3
2698 3
2798 3
2898 3
2998 3
3098 3
3198 3
3298 3
3398 3
3498 3
3598 3
3698 3
3798 3
3898 3
3998 3
2099 3
2199 3
2299 3
2399 3
2499 3
2599 3
2699 3
2799 3
2899 3
2999 3
3099 3
3199 3
3299 3
3399 3
3499 3
3599 3
3699 3
3799 3
3899 3
3999 3
2100 3
2200 3
2300 3
2400 3
2500 3
2600 3
2700 3
2800 3
2900 3
3000 3
3100 3
3200 3
3300 3
3400 3
3500 3
3600 3
3700 3
3800 3
3900 3
4000 3
19601 4
19621 4
19641 4
19661 4
19681 4
19701 4
19721 4
19741 4
19761 4
19781 4
19801 4
19821 4
19841 4
19861 4
19881 4
19901 4
19921 4
19941 4
19961 4
19981 4
19201 4
19221 4
19241 4
19261 4
19281 4
19301 4
19321 4
19341 4
19361 4
19381 4
19401 4
19421 4
19441 4
19461 4
19481 4
19501 4
19521 4
19541 4
19561 4
19581 4
18801 4
18821 4
18841 4
18861 4
18881 4
18901 4
18921 4
18941 4
18961 4
18981 4
19001 4
19021 4
19041 4
19061 4
19081 4
19101 4
19121 4
19141 4
19161 4
19181 4
18401 4
18421 4
18441 4
18461 4
18481 4
18501 4
18521 4
18541 4
18561 4
18581 4
18601 4
18621 4
18641 4
18661 4
18681 4
18701 4
18721 4
18741 4
18761 4
18781 4
35985 6
35969 6
35953 6
35937 6
35921 6
35905 6
35889 6
35873 6
35857 6
35841 6
35825 6
35809 6
35793 6
35777 6
35761 6
35745 6
35729 6
35713 6
35697 6
35681 6
35986 6
35970 6
35954 6
35938 6
35922 6
35906 6
35890 6
35874 6
35858 6
35842 6
35826 6
35810 6
35794 6
35778 6
35762 6
35746 6
35730 6
35714 6
35698 6
35682 6
35987 6
35971 6
35955 6
35939 6
35923 6
35907 6
35891 6
35875 6
35859 6
35843 6
35827 6
35811 6
35795 6
35779 6
35763 6
35747 6
35731 6
35715 6
35699 6
35683 6
35988 6
35972 6
35956 6
35940 6
35924 6
35908 6
35892 6
35876 6
35860 6
35844 6
35828 6
35812 6
35796 6
35780 6
35764 6
35748 6
35732 6
35716 6
35700 6
35684 6
35989 6
35973 6
35957 6
35941 6
35925 6
35909 6
35893 6
35877 6
35861 6
35845 6
35829 6
35813 6
35797 6
35781 6
35765 6
35749 6
35733 6
35717 6
35701 6
35685 6
35990 6
35974 6
35958 6
35942 6
35926 6
35910 6
35894 6
35878 6
35862 6
35846 6
35830 6
35814 6
35798 6
35782 6
35766 6
35750 6
35734 6
35718 6
35702 6
35686 6
35991 6
35975 6
35959 6
35943 6
35927 6
35911 6
35895 6
35879 6
35863 6
35847 6
35831 6
35815 6
35799 6
35783 6
35767 6
35751 6
35735 6
35719 6
35703 6
35687 6
35992 6
35976 6
35960 6
35944 6
35928 6
35912 6
35896 6
35880 6
35864 6
35848 6
35832 6
35816 6
35800 6
35784 6
35768 6
35752 6
35736 6
35720 6
35704 6
35688 6
35993 6
35977 6
35961 6
35945 6
35929 6
35913 6
35897 6
35881 6
35865 6
35849 6
35833 6
35817 6
35801 6
35785 6
35769 6
35753 6
35737 6
35721 6
35705 6
35689 6
35994 6
35978 6
35962 6
35946 6
35930 6
35914 6
35898 6
35882 6
35866 6
35850 6
35834 6
35818 6
35802 6
35786 6
35770 6
35754 6
35738 6
35722 6
35706 6
35690 6
35995 6
35979 6
35963 6
35947 6
35931 6
35915 6
35899 6
35883 6
35867 6
35851 6
35835 6
35819 6
35803 6
35787 6
35771 6
35755 6
35739 6
35723 6
35707 6
35691 6
35996 6
35980 6
35964 6
35948 6
35932 6
35916 6
35900 6
35884 6
35868 6
35852 6
35836 6
35820 6
35804 6
35788 6
35772 6
35756 6
35740 6
35724 6
35708 6
35692 6
35997 6
35981 6
35965 6
35949 6
35933 6
35917 6
35901 6
35885 6
35869 6
35853 6
35837 6
35821 6
35805 6
35789 6
35773 6
35757 6
35741 6
35725 6
35709 6
35693 6
35998 6
35982 6
35966 6
35950 6
35934 6
35918 6
35902 6
35886 6
35870 6
35854 6
35838 6
35822 6
35806 6
35790 6
35774 6
35758 6
35742 6
35726 6
35710 6
35694 6
35999 6
35983 6
35967 6
35951 6
35935 6
35919 6
35903 6
35887 6
35871 6
35855 6
35839 6
35823 6
35807 6
35791 6
35775 6
35759 6
35743 6
35727 6
35711 6
35695 6
36000 6
35984 6
35968 6
35952 6
35936 6
35920 6
35904 6
35888 6
35872 6
35856 6
35840 6
35824 6
35808 6
35792 6
35776 6
35760 6
35744 6
35728 6
35712 6
35696 6
8521 1
8441 1
8361 1
8281 1
8201 1
8121 1
8041 1
7961 1
7881 1
7801 1
7721 1
7641 1
7561 1
7481 1
7401 1
7321 1
7241 1
7161 1
7081 1
7001 1
8522 1
8442 1
8362 1
8282 1
8202 1
8122 1
8042 1
7962 1
7882 1
7802 1
7722 1
7642 1
7562 1
7482 1
7402 1
7322 1
7242 1
7162 1
7082 1
7002 1
8523 1
8443 1
8363 1
8283 1
8203 1
8123 1
8043 1
7963 1
7883 1
7803 1
7723 1
7643 1
7563 1
7483 1
7403 1
7323 1
7243 1
7163 1
7083 1
7003 1
8524 1
8444 1
8364 1
8284 1
8204 1
8124 1
8044 1
7964 1
7884 1
7804 1
7724 1
7644 1
7564 1
7484 1
7404 1
7324 1
7244 1
7164 1
7084 1
7004 1
42020 1
42019 1
42018 1
42017 1
42016 1
42015 1
42014 1
42013 1
42012 1
42011 1
42010 1
42009 1
42008 1
42007 1
42006 1
42005 1
42004 1
42003 1
42002 1
42001 1
41620 1
41619 1
41618 1
41617 1
41616 1
41615 1
41614 1
41613 1
41612 1
41611 1
41610 1
41609 1
41608 1
41607 1
41606 1
41605 1
41604 1
41603 1
41602 1
41601 1
41220 1
41219 1
41218 1
41217 1
41216 1
41215 1
41214 1
41213 1
41212 1
41211 1
41210 1
41209 1
41208 1
41207 1
41206 1
41205 1
41204 1
41203 1
41202 1
41201 1
40820 1
40819 1
40818 1
40817 1
40816 1
40815 1
40814 1
40813 1
40812 1
40811 1
40810 1
40809 1
40808 1
40807 1
40806 1
40805 1
40804 1
40803 1
40802 1
40801 1
40420 1
40419 1
40418 1
40417 1
40416 1
40415 1
40414 1
40413 1
40412 1
40411 1
40410 1
40409 1
40408 1
40407 1
40406 1
40405 1
40404 1
40403 1
40402 1
40401 1
40020 1
40019 1
40018 1
40017 1
40016 1
40015 1
40014 1
40013 1
40012 1
40011 1
40010 1
40009 1
40008 1
40007 1
40006 1
40005 1
40004 1
40003 1
40002 1
40001 1
39620 1
39619 1
39618 1
39617 1
39616 1
39615 1
39614 1
39613 1
39612 1
39611 1
39610 1
39609 1
39608 1
39607 1
39606 1
39605 1
39604 1
39603 1
39602 1
39601 1
39220 1
39219 1
39218 1
39217 1
39216 1
39215 1
39214 1
39213 1
39212 1
39211 1
39210 1
39209 1
39208 1
39207 1
39206 1
39205 1
39204 1
39203 1
39202 1
39201 1
38820 1
38819 1
38818 1
38817 1
38816 1
38815 1
38814 1
38813 1
38812 1
38811 1
38810 1
38809 1
38808 1
38807 1
38806 1
38805 1
38804 1
38803 1
38802 1
38801 1
38420 1
38419 1
38418 1
38417 1
38416 1
38415 1
38414 1
38413 1
38412 1
38411 1
38410 1
38409 1
38408 1
38407 1
38406 1
38405 1
38404 1
38403 1
38402 1
38401 1
38020 1
38019 1
38018 1
38017 1
38016 1
38015 1
38014 1
38013 1
38012 1
38011 1
38010 1
38009 1
38008 1
38007 1
38006 1
38005 1
38004 1
38003 1
38002 1
38001 1
37620 1
37619 1
37618 1
37617 1
37616 1
37615 1
37614 1
37613 1
37612 1
37611 1
37610 1
37609 1
37608 1
37607 1
37606 1
37605 1
37604 1
37603 1
37602 1
37601 1
37220 1
37219 1
37218 1
37217 1
37216 1
37215 1
37214 1
37213 1
37212 1
37211 1
37210 1
37209 1
37208 1
37207 1
37206 1
37205 1
37204 1
37203 1
37202 1
37201 1
36820 1
36819 1
36818 1
36817 1
36816 1
36815 1
36814 1
36813 1
36812 1
36811 1
36810 1
36809 1
36808 1
36807 1
36806 1
36805 1
36804 1
36803 1
36802 1
36801 1
36420 1
36419 1
36418 1
36417 1
36416 1
36415 1
36414 1
36413 1
36412 1
36411 1
36410 1
36409 1
36408 1
36407 1
36406 1
36405 1
36404 1
36403 1
36402 1
36401 1
36020 1
36019 1
36018 1
36017 1
36016 1
36015 1
36014 1
36013 1
36012 1
36011 1
36010 1
36009 1
36008 1
36007 1
36006 1
36005 1
36004 1
36003 1
36002 1
36001 1
1201 5
1202 5
1203 5
1204 5
1205 5
1206 5
1207 5
1208 5
1209 5
1210 5
1211 5
1212 5
1213 5
1214 5
1215 5
1216 5
1217 5
1218 5
1219 5
1220 5
1601 5
1602 5
1603 5
1604 5
1605 5
1606 5
1607 5
1608 5
1609 5
1610 5
1611 5
1612 5
1613 5
1614 5
1615 5
1616 5
1617 5
1618 5
1619 5
1620 5
7000 2
6980 2
6960 2
6940 2
6920 2
6900 2
6880 2
6860 2
6840 2
6820 2
6800 2
6780 2
6760 2
6740 2
6720 2
6700 2
6680 2
6660 2
6640 2
6620 2
6600 2
6580 2
6560 2
6540 2
6520 2
6500 2
6480 2
6460 2
6440 2
6420 2
6400 2
6380 2
6360 2
6340 2
6320 2
6300 2
6280 2
6260 2
6240 2
6220 2
6200 2
6180 2
6160 2
6140 2
6120 2
6100 2
6080 2
6060 2
6040 2
6020 2
6000 2
5980 2
5960 2
5940 2
5920 2
5900 2
5880 2
5860 2
5840 2
5820 2
5800 2
5780 2
5760 2
5740 2
5720 2
5700 2
5680 2
5660 2
5640 2
5620 2
5600 2
5580 2
5560 2
5540 2
5520 2
5500 2
5480 2
5460 2
5440 2
5420 2
5400 2
5380 2
5360 2
5340 2
5320 2
5300 2
5280 2
5260 2
5240 2
5220 2
5200 2
5180 2
5160 2
5140 2
5120 2
5100 2
5080 2
5060 2
5040 2
5020 2
13000 2
12980 2
12960 2
12940 2
12920 2
12900 2
12880 2
12860 2
12840 2
12820 2
12800 2
12780 2
12760 2
12740 2
12720 2
12700 2
12680 2
12660 2
12640 2
12620 2
12600 2
12580 2
12560 2
12540 2
12520 2
12500 2
12480 2
12460 2
12440 2
12420 2
12400 2
12380 2
12360 2
12340 2
12320 2
12300 2
12280 2
12260 2
12240 2
12220 2
12200 2
12180 2
12160 2
12140 2
12120 2
12100 2
12080 2
12060 2
12040 2
12020 2
12000 2
11980 2
11960 2
11940 2
11920 2
11900 2
11880 2
11860 2
11840 2
11820 2
11800 2
11780 2
11760 2
11740 2
11720 2
11700 2
11680 2
11660 2
11640 2
11620 2
11600 2
11580 2
11560 2
11540 2
11520 2
11500 2
11480 2
11460 2
11440 2
11420 2
11400 2
11380 2
11360 2
11340 2
11320 2
11300 2
11280 2
11260 2
11240 2
11220 2
11200 2
11180 2
11160 2
11140 2
11120 2
11100 2
11080 2
11060 2
11040 2
11020 2
14201 4
14221 4
14241 4
14261 4
14281 4
14301 4
14321 4
14341 4
14361 4
14381 4
14401 4
14421 4
14441 4
14461 4
14481 4
14501 4
14521 4
14541 4
14561 4
14581 4
13801 4
13821 4
13841 4
13861 4
13881 4
13901 4
13921 4
13941 4
13961 4
13981 4
14001 4
14021 4
14041 4
14061 4
14081 4
14101 4
14121 4
14141 4
14161 4
14181 4
13401 4
13421 4
13441 4
13461 4
13481 4
13501 4
13521 4
13541 4
13561 4
13581 4
13601 4
13621 4
13641 4
13661 4
13681 4
13701 4
13721 4
13741 4
13761 4
13781 4
13001 4
13021 4
13041 4
13061 4
13081 4
13101 4
13121 4
13141 4
13161 4
13181 4
13201 4
13221 4
13241 4
13261 4
13281 4
13301 4
13321 4
13341 4
13361 4
13381 4
26385 6
26369 6
26353 6
26337 6
26321 6
26305 6
26289 6
26273 6
26257 6
26241 6
26225 6
26209 6
26193 6
26177 6
26161 6
26145 6
26129 6
26113 6
26097 6
26081 6
26386 6
26370 6
26354 6
26338 6
26322 6
26306 6
26290 6
26274 6
26258 6
26242 6
26226 6
26210 6
26194 6
26178 6
26162 6
26146 6
26130 6
26114 6
26098 6
26082 6
26387 6
26371 6
26355 6
26339 6
26323 6
26307 6
26291 6
26275 6
26259 6
26243 6
26227 6
26211 6
26195 6
26179 6
26163 6
26147 6
26131 6
26115 6
26099 6
26083 6
26388 6
26372 6
26356 6
26340 6
26324 6
26308 6
26292 6
26276 6
26260 6
26244 6
26228 6
26212 6
26196 6
26180 6
26164 6
26148 6
26132 6
26116 6
26100 6
26084 6
26389 6
26373 6
26357 6
26341 6
26325 6
26309 6
26293 6
26277 6
26261 6
26245 6
26229 6
26213 6
26197 6
26181 6
26165 6
26149 6
26133 6
26117 6
26101 6
26085 6
26390 6
26374 6
26358 6
26342 6
26326 6
26310 6
26294 6
26278 6
26262 6
26246 6
26230 6
26214 6
26198 6
26182 6
26166 6
26150 6
26134 6
26118 6
26102 6
26086 6
26391 6
26375 6
26359 6
26343 6
26327 6
26311 6
26295 6
26279 6
26263 6
26247 6
26231 6
26215 6
26199 6
26183 6
26167 6
26151 6
26135 6
26119 6
26103 6
26087 6
26392 6
26376 6
26360 6
26344 6
26328 6
26312 6
26296 6
26280 6
26264 6
26248 6
26232 6
26216 6
26200 6
26184 6
26168 6
26152 6
26136 6
26120 6
26104 6
26088 6
26393 6
26377 6
26361 6
26345 6
26329 6
26313 6
26297 6
26281 6
26265 6
26249 6
26233 6
26217 6
26201 6
26185 6
26169 6
26153 6
26137 6
26121 6
26105 6
26089 6
26394 6
26378 6
26362 6
26346 6
26330 6
26314 6
26298 6
26282 6
26266 6
26250 6
26234 6
26218 6
26202 6
26186 6
26170 6
26154 6
26138 6
26122 6
26106 6
26090 6
26395 6
26379 6
26363 6
26347 6
26331 6
26315 6
26299 6
26283 6
26267 6
26251 6
26235 6
26219 6
26203 6
26187 6
26171 6
26155 6
26139 6
26123 6
26107 6
26091 6
26396 6
26380 6
26364 6
26348 6
26332 6
26316 6
26300 6
26284 6
26268 6
26252 6
26236 6
26220 6
26204 6
26188 6
26172 6
26156 6
26140 6
26124 6
26108 6
26092 6
26397 6
26381 6
26365 6
26349 6
26333 6
26317 6
26301 6
26285 6
26269 6
26253 6
26237 6
26221 6
26205 6
26189 6
26173 6
26157 6
26141 6
26125 6
26109 6
26093 6
26398 6
26382 6
26366 6
26350 6
26334 6
26318 6
26302 6
26286 6
26270 6
26254 6
26238 6
26222 6
26206 6
26190 6
26174 6
26158 6
26142 6
26126 6
26110 6
26094 6
26399 6
26383 6
26367 6
26351 6
26335 6
26319 6
26303 6
26287 6
26271 6
26255 6
26239 6
26223 6
26207 6
26191 6
26175 6
26159 6
26143 6
26127 6
26111 6
26095 6
26400 6
26384 6
26368 6
26352 6
26336 6
26320 6
26304 6
26288 6
26272 6
26256 6
26240 6
26224 6
26208 6
26192 6
26176 6
26160 6
26144 6
26128 6
26112 6
26096 6
10601 4
10621 4
10641 4
10661 4
10681 4
10701 4
10721 4
10741 4
10761 4
10781 4
10801 4
10821 4
10841 4
10861 4
10881 4
10901 4
10921 4
10941 4
10961 4
10981 4
10201 4
10221 4
10241 4
10261 4
10281 4
10301 4
10321 4
10341 4
10361 4
10381 4
10401 4
10421 4
10441 4
10461 4
10481 4
10501 4
10521 4
10541 4
10561 4
10581 4
9801 4
9821 4
9841 4
9861 4
9881 4
9901 4
9921 4
9941 4
9961 4
9981 4
10001 4
10021 4
10041 4
10061 4
10081 4
10101 4
10121 4
10141 4
10161 4
10181 4
9401 4
9421 4
9441 4
9461 4
9481 4
9501 4
9521 4
9541 4
9561 4
9581 4
9601 4
9621 4
9641 4
9661 4
9681 4
9701 4
9721 4
9741 4
9761 4
9781 4
51985 6
51969 6
51953 6
51937 6
51921 6
51905 6
51889 6
51873 6
51857 6
51841 6
51825 6
51809 6
51793 6
51777 6
51761 6
51745 6
51729 6
51713 6
51697 6
51681 6
51986 6
51970 6
51954 6
51938 6
51922 6
51906 6
51890 6
51874 6
51858 6
51842 6
51826 6
51810 6
51794 6
51778 6
51762 6
51746 6
51730 6
51714 6
51698 6
51682 6
51987 6
51971 6
51955 6
51939 6
51923 6
51907 6
51891 6
51875 6
51859 6
51843 6
51827 6
51811 6
51795 6
51779 6
51763 6
51747 6
51731 6
51715 6
51699 6
51683 6
51988 6
51972 6
51956 6
51940 6
51924 6
51908 6
51892 6
51876 6
51860 6
51844 6
51828 6
51812 6
51796 6
51780 6
51764 6
51748 6
51732 6
51716 6
51700 6
51684 6
51989 6
51973 6
51957 6
51941 6
51925 6
51909 6
51893 6
51877 6
51861 6
51845 6
51829 6
51813 6
51797 6
51781 6
51765 6
51749 6
51733 6
51717 6
51701 6
51685 6
51990 6
51974 6
51958 6
51942 6
51926 6
51910 6
51894 6
51878 6
51862 6
51846 6
51830 6
51814 6
51798 6
51782 6
51766 6
51750 6
51734 6
51718 6
51702 6
51686 6
51991 6
51975 6
51959 6
51943 6
51927 6
51911 6
51895 6
51879 6
51863 6
51847 6
51831 6
51815 6
51799 6
51783 6
51767 6
51751 6
51735 6
51719 6
51703 6
51687 6
51992 6
51976 6
51960 6
51944 6
51928 6
51912 6
51896 6
51880 6
51864 6
51848 6
51832 6
51816 6
51800 6
51784 6
51768 6
51752 6
51736 6
51720 6
51704 6
51688 6
51993 6
51977 6
51961 6
51945 6
51929 6
51913 6
51897 6
51881 6
51865 6
51849 6
51833 6
51817 6
51801 6
51785 6
51769 6
51753 6
51737 6
51721 6
51705 6
51689 6
51994 6
51978 6
51962 6
51946 6
51930 6
51914 6
51898 6
51882 6
51866 6
51850 6
51834 6
51818 6
51802 6
51786 6
51770 6
51754 6
51738 6
51722 6
51706 6
51690 6
51995 6
51979 6
51963 6
51947 6
51931 6
51915 6
51899 6
51883 6
51867 6
51851 6
51835 6
51819 6
51803 6
51787 6
51771 6
51755 6
51739 6
51723 6
51707 6
51691 6
51996 6
51980 6
51964 6
51948 6
51932 6
51916 6
51900 6
51884 6
51868 6
51852 6
51836 6
51820 6
51804 6
51788 6
51772 6
51756 6
51740 6
51724 6
51708 6
51692 6
51997 6
51981 6
51965 6
51949 6
51933 6
51917 6
51901 6
51885 6
51869 6
51853 6
51837 6
51821 6
51805 6
51789 6
51773 6
51757 6
51741 6
51725 6
51709 6
51693 6
51998 6
51982 6
51966 6
51950 6
51934 6
51918 6
51902 6
51886 6
51870 6
51854 6
51838 6
51822 6
51806 6
51790 6
51774 6
51758 6
51742 6
51726 6
51710 6
51694 6
51999 6
51983 6
51967 6
51951 6
51935 6
51919 6
51903 6
51887 6
51871 6
51855 6
51839 6
51823 6
51807 6
51791 6
51775 6
51759 6
51743 6
51727 6
51711 6
51695 6
52000 6
51984 6
51968 6
51952 6
51936 6
51920 6
51904 6
51888 6
51872 6
51856 6
51840 6
51824 6
51808 6
51792 6
51776 6
51760 6
51744 6
51728 6
51712 6
51696 6
