1760
3651 5
3652 5
3653 5
3654 5
3655 5
3656 5
3657 5
3658 5
3659 5
3660 5
241 3
242 3
243 3
244 3
245 3
246 3
247 3
248 3
249 3
250 3
4500 2
4490 2
4480 2
4470 2
4460 2
4450 2
4440 2
4430 2
4420 2
4410 2
4400 2
4390 2
4380 2
4370 2
4360 2
4350 2
4340 2
4330 2
4320 2
4310 2
4300 2
4290 2
4280 2
4270 2
4260 2
4250 2
4240 2
4230 2
4220 2
4210 2
728 3
758 3
788 3
818 3
848 3
878 3
908 3
938 3
968 3
998 3
729 3
759 3
789 3
819 3
849 3
879 3
909 3
939 3
969 3
999 3
730 3
760 3
790 3
820 3
850 3
880 3
910 3
940 3
970 3
1000 3
6910 1
6909 1
6908 1
6907 1
6906 1
6905 1
6904 1
6903 1
6902 1
6901 1
6810 1
6809 1
6808 1
6807 1
6806 1
6805 1
6804 1
6803 1
6802 1
6801 1
6710 1
6709 1
6708 1
6707 1
6706 1
6705 1
6704 1
6703 1
6702 1
6701 1
6610 1
6609 1
6608 1
6607 1
6606 1
6605 1
6604 1
6603 1
6602 1
6601 1
6510 1
6509 1
6508 1
6507 1
6506 1
6505 1
6504 1
6503 1
6502 1
6501 1
6410 1
6409 1
6408 1
6407 1
6406 1
6405 1
6404 1
6403 1
6402 1
6401 1
6310 1
6309 1
6308 1
6307 1
6306 1
6305 1
6304 1
6303 1
6302 1
6301 1
6210 1
6209 1
6208 1
6207 1
6206 1
6205 1
6204 1
6203 1
6202 1
6201 1
6110 1
6109 1
6108 1
6107 1
6106 1
6105 1
6104 1
6103 1
6102 1
6101 1
6010 1
6009 1
6008 1
6007 1
6006 1
6005 1
6004 1
6003 1
6002 1
6001 1
2591 3
2691 3
2791 3
2891 3
2991 3
3091 3
3191 3
3291 3
3391 3
3491 3
2592 3
2692 3
2792 3
2892 3
2992 3
3092 3
3192 3
3292 3
3392 3
3492 3
2593 3
2693 3
2793 3
2893 3
2993 3
3093 3
3193 3
3293 3
3393 3
3493 3
2594 3
2694 3
2794 3
2894 3
2994 3
3094 3
3194 3
3294 3
3394 3
3494 3
2595 3
2695 3
2795 3
2895 3
2995 3
3095 3
3195 3
3295 3
3395 3
3495 3
2596 3
2696 3
2796 3
2896 3
2996 3
3096 3
3196 3
3296 3
3396 3
3496 3
2597 3
2697 3
2797 3
2897 3
2997 3
3097 3
3197 3
3297 3
3397 3
3497 3
2598 3
2698 3
2798 3
2898 3
2998 3
3098 3
3198 3
3298 3
3398 3
3498 3
2599 3
2699 3
2799 3
2899 3
2999 3
3099 3
3199 3
3299 3
3399 3
3499 3
2600 3
2700 3
2800 3
2900 3
3000 3
3100 3
3200 3
3300 3
3400 3
3500 3
250 2
240 2
230 2
220 2
210 2
200 2
190 2
180 2
170 2
160 2
105 1
104 1
103 1
102 1
101 1
91 1
81 1
71 1
61 1
51 1
41 1
31 1
21 1
11 1
1 1
701 5
704 5
707 5
710 5
713 5
716 5
719 5
722 5
725 5
728 5
702 5
705 5
708 5
711 5
714 5
717 5
720 5
723 5
726 5
729 5
703 5
706 5
709 5
712 5
715 5
718 5
721 5
724 5
727 5
730 5
671 1
641 1
611 1
581 1
551 1
672 1
642 1
612 1
582 1
552 1
673 1
643 1
613 1
583 1
553 1
460 1
459 1
458 1
457 1
456 1
455 1
454 1
453 1
452 1
451 1
360 1
359 1
358 1
357 1
356 1
355 1
354 1
353 1
352 1
351 1
260 1
259 1
258 1
257 1
256 1
255 1
254 1
253 1
252 1
251 1
2501 5
2511 5
2521 5
2531 5
2541 5
2551 5
2561 5
2571 5
2581 5
2591 5
2502 5
2512 5
2522 5
2532 5
2542 5
2552 5
2562 5
2572 5
2582 5
2592 5
2503 5
2513 5
2523 5
2533 5
2543 5
2553 5
2563 5
2573 5
2583 5
2593 5
2504 5
2514 5
2524 5
2534 5
2544 5
2554 5
2564 5
2574 5
2584 5
2594 5
2505 5
2515 5
2525 5
2535 5
2545 5
2555 5
2565 5
2575 5
2585 5
2595 5
2506 5
2516 5
2526 5
2536 5
2546 5
2556 5
2566 5
2576 5
2586 5
2596 5
2507 5
2517 5
2527 5
2537 5
2547 5
2557 5
2567 5
2577 5
2587 5
2597 5
2508 5
2518 5
2528 5
2538 5
2548 5
2558 5
2568 5
2578 5
2588 5
2598 5
2509 5
2519 5
2529 5
2539 5
2549 5
2559 5
2569 5
2579 5
2589 5
2599 5
2510 5
2520 5
2530 5
2540 5
2550 5
2560 5
2570 5
2580 5
2590 5
2600 5
2410 2
2310 2
2210 2
2110 2
2010 2
2420 2
2320 2
2220 2
2120 2
2020 2
2430 2
2330 2
2230 2
2130 2
2030 2
2440 2
2340 2
2240 2
2140 2
2040 2
2450 2
2350 2
2250 2
2150 2
2050 2
2460 2
2360 2
2260 2
2160 2
2060 2
2470 2
2370 2
2270 2
2170 2
2070 2
2480 2
2380 2
2280 2
2180 2
2080 2
2490 2
2390 2
2290 2
2190 2
2090 2
2500 2
2400 2
2300 2
2200 2
2100 2
1901 4
1911 4
1921 4
1931 4
1941 4
1951 4
1961 4
1971 4
1981 4
1991 4
1801 4
1811 4
1821 4
1831 4
1841 4
1851 4
1861 4
1871 4
1881 4
1891 4
1701 4
1711 4
1721 4
1731 4
1741 4
1751 4
1761 4
1771 4
1781 4
1791 4
1601 4
1611 4
1621 4
1631 4
1641 4
1651 4
1661 4
1671 4
1681 4
1691 4
1501 4
1511 4
1521 4
1531 4
1541 4
1551 4
1561 4
1571 4
1581 4
1591 4
1401 4
1411 4
1421 4
1431 4
1441 4
1451 4
1461 4
1471 4
1481 4
1491 4
1301 4
1311 4
1321 4
1331 4
1341 4
1351 4
1361 4
1371 4
1381 4
1391 4
1201 4
1211 4
1221 4
1231 4
1241 4
1251 4
1261 4
1271 4
1281 4
1291 4
1101 4
1111 4
1121 4
1131 4
1141 4
1151 4
1161 4
1171 4
1181 4
1191 4
1001 4
1011 4
1021 4
1031 4
1041 4
1051 4
1061 4
1071 4
1081 4
1091 4
1 5
2 5
3 5
4 5
5 5
6 5
7 5
8 5
9 5
10 5
3501 5
3502 5
3503 5
3504 5
3505 5
3506 5
3507 5
3508 5
3509 5
3510 5
550 2
540 2
530 2
520 2
510 2
500 2
490 2
480 2
470 2
460 2
450 2
440 2
430 2
420 2
410 2
400 2
390 2
380 2
370 2
360 2
350 2
340 2
330 2
320 2
310 2
300 2
290 2
280 2
270 2
260 2
4050 2
4040 2
4030 2
4020 2
4010 2
4000 2
3990 2
3980 2
3970 2
3960 2
3950 2
3940 2
3930 2
3920 2
3910 2
3900 2
3890 2
3880 2
3870 2
3860 2
3850 2
3840 2
3830 2
3820 2
3810 2
3800 2
3790 2
3780 2
3770 2
3760 2
1910 1
1909 1
1908 1
1907 1
1906 1
1905 1
1904 1
1903 1
1902 1
1901 1
1810 1
1809 1
1808 1
1807 1
1806 1
1805 1
1804 1
1803 1
1802 1
1801 1
1710 1
1709 1
1708 1
1707 1
1706 1
1705 1
1704 1
1703 1
1702 1
1701 1
1610 1
1609 1
1608 1
1607 1
1606 1
1605 1
1604 1
1603 1
1602 1
1601 1
1510 1
1509 1
1508 1
1507 1
1506 1
1505 1
1504 1
1503 1
1502 1
1501 1
1410 1
1409 1
1408 1
1407 1
1406 1
1405 1
1404 1
1403 1
1402 1
1401 1
1310 1
1309 1
1308 1
1307 1
1306 1
1305 1
1304 1
1303 1
1302 1
1301 1
1210 1
1209 1
1208 1
1207 1
1206 1
1205 1
1204 1
1203 1
1202 1
1201 1
1110 1
1109 1
1108 1
1107 1
1106 1
1105 1
1104 1
1103 1
1102 1
1101 1
1010 1
1009 1
1008 1
1007 1
1006 1
1005 1
1004 1
1003 1
1002 1
1001 1
5410 1
5409 1
5408 1
5407 1
5406 1
5405 1
5404 1
5403 1
5402 1
5401 1
5310 1
5309 1
5308 1
5307 1
5306 1
5305 1
5304 1
5303 1
5302 1
5301 1
5210 1
5209 1
5208 1
5207 1
5206 1
5205 1
5204 1
5203 1
5202 1
5201 1
5110 1
5109 1
5108 1
5107 1
5106 1
5105 1
5104 1
5103 1
5102 1
5101 1
5010 1
5009 1
5008 1
5007 1
5006 1
5005 1
5004 1
5003 1
5002 1
5001 1
4910 1
4909 1
4908 1
4907 1
4906 1
4905 1
4904 1
4903 1
4902 1
4901 1
4810 1
4809 1
4808 1
4807 1
4806 1
4805 1
4804 1
4803 1
4802 1
4801 1
4710 1
4709 1
4708 1
4707 1
4706 1
4705 1
4704 1
4703 1
4702 1
4701 1
4610 1
4609 1
4608 1
4607 1
4606 1
4605 1
4604 1
4603 1
4602 1
4601 1
4510 1
4509 1
4508 1
4507 1
4506 1
4505 1
4504 1
4503 1
4502 1
4501 1
3510 3
3520 3
3530 3
3540 3
3550 3
3560 3
3570 3
3580 3
3590 3
3600 3
3646 3
3647 3
3648 3
3649 3
3650 3
3741 1
3731 1
3721 1
3711 1
3701 1
3691 1
3681 1
3671 1
3661 1
3651 1
4041 3
4042 3
4043 3
4044 3
4045 3
4046 3
4047 3
4048 3
4049 3
4050 3
3941 3
3942 3
3943 3
3944 3
3945 3
3946 3
3947 3
3948 3
3949 3
3950 3
3841 3
3842 3
3843 3
3844 3
3845 3
3846 3
3847 3
3848 3
3849 3
3850 3
4078 3
4108 3
4138 3
4168 3
4198 3
4079 3
4109 3
4139 3
4169 3
4199 3
4080 3
4110 3
4140 3
4170 3
4200 3
4410 1
4409 1
4408 1
4407 1
4406 1
4405 1
4404 1
4403 1
4402 1
4401 1
4310 1
4309 1
4308 1
4307 1
4306 1
4305 1
4304 1
4303 1
4302 1
4301 1
4210 1
4209 1
4208 1
4207 1
4206 1
4205 1
4204 1
4203 1
4202 1
4201 1
5500 2
5490 2
5480 2
5470 2
5460 2
5450 2
5440 2
5430 2
5420 2
5410 2
5400 2
5390 2
5380 2
5370 2
5360 2
5350 2
5340 2
5330 2
5320 2
5310 2
5300 2
5290 2
5280 2
5270 2
5260 2
5250 2
5240 2
5230 2
5220 2
5210 2
5200 2
5190 2
5180 2
5170 2
5160 2
5150 2
5140 2
5130 2
5120 2
5110 2
5100 2
5090 2
5080 2
5070 2
5060 2
5050 2
5040 2
5030 2
5020 2
5010 2
5000 2
4990 2
4980 2
4970 2
4960 2
4950 2
4940 2
4930 2
4920 2
4910 2
4900 2
4890 2
4880 2
4870 2
4860 2
4850 2
4840 2
4830 2
4820 2
4810 2
4800 2
4790 2
4780 2
4770 2
4760 2
4750 2
4740 2
4730 2
4720 2
4710 2
4700 2
4690 2
4680 2
4670 2
4660 2
4650 2
4640 2
4630 2
4620 2
4610 2
4600 2
4590 2
4580 2
4570 2
4560 2
4550 2
4540 2
4530 2
4520 2
4510 2
5901 1
5801 1
5701 1
5601 1
5501 1
5902 1
5802 1
5702 1
5602 1
5502 1
5903 1
5803 1
5703 1
5603 1
5503 1
5904 1
5804 1
5704 1
5604 1
5504 1
5905 1
5805 1
5705 1
5605 1
5505 1
5906 1
5806 1
5706 1
5606 1
5506 1
5907 1
5807 1
5707 1
5607 1
5507 1
5908 1
5808 1
5708 1
5608 1
5508 1
5909 1
5809 1
5709 1
5609 1
5509 1
5910 1
5810 1
5710 1
5610 1
5510 1
6901 4
6911 4
6921 4
6931 4
6941 4
6951 4
6961 4
6971 4
6981 4
6991 4
6801 4
6811 4
6821 4
6831 4
6841 4
6851 4
6861 4
6871 4
6881 4
6891 4
6701 4
6711 4
6721 4
6731 4
6741 4
6751 4
6761 4
6771 4
6781 4
6791 4
6601 4
6611 4
6621 4
6631 4
6641 4
6651 4
6661 4
6671 4
6681 4
6691 4
6501 4
6511 4
6521 4
6531 4
6541 4
6551 4
6561 4
6571 4
6581 4
6591 4
6401 4
6411 4
6421 4
6431 4
6441 4
6451 4
6461 4
6471 4
6481 4
6491 4
6301 4
6311 4
6321 4
6331 4
6341 4
6351 4
6361 4
6371 4
6381 4
6391 4
6201 4
6211 4
6221 4
6231 4
6241 4
6251 4
6261 4
6271 4
6281 4
6291 4
6101 4
6111 4
6121 4
6131 4
6141 4
6151 4
6161 4
6171 4
6181 4
6191 4
6001 4
6011 4
6021 4
6031 4
6041 4
6051 4
6061 4
6071 4
6081 4
6091 4
4591 5
4592 5
4593 5
4594 5
4595 5
4596 5
4597 5
4598 5
4599 5
4600 5
4581 5
4582 5
4583 5
4584 5
4585 5
4586 5
4587 5
4588 5
4589 5
4590 5
4571 5
4572 5
4573 5
4574 5
4575 5
4576 5
4577 5
4578 5
4579 5
4580 5
4561 5
4562 5
4563 5
4564 5
4565 5
4566 5
4567 5
4568 5
4569 5
4570 5
4551 5
4552 5
4553 5
4554 5
4555 5
4556 5
4557 5
4558 5
4559 5
4560 5
4541 5
4542 5
4543 5
4544 5
4545 5
4546 5
4547 5
4548 5
4549 5
4550 5
4531 5
4532 5
4533 5
4534 5
4535 5
4536 5
4537 5
4538 5
4539 5
4540 5
4521 5
4522 5
4523 5
4524 5
4525 5
4526 5
4527 5
4528 5
4529 5
4530 5
4511 5
4512 5
4513 5
4514 5
4515 5
4516 5
4517 5
4518 5
4519 5
4520 5
4501 5
4502 5
4503 5
4504 5
4505 5
4506 5
4507 5
4508 5
4509 5
4510 5
5510 2
5520 2
5530 2
5540 2
5550 2
5560 2
5570 2
5580 2
5590 2
5600 2
5610 2
5620 2
5630 2
5640 2
5650 2
5660 2
5670 2
5680 2
5690 2
5700 2
5710 2
5720 2
5730 2
5740 2
5750 2
5760 2
5770 2
5780 2
5790 2
5800 2
5810 2
5820 2
5830 2
5840 2
5850 2
5860 2
5870 2
5880 2
5890 2
5900 2
5910 2
5920 2
5930 2
5940 2
5950 2
5960 2
5970 2
5980 2
5990 2
6000 2
6091 5
6092 5
6093 5
6094 5
6095 5
6096 5
6097 5
6098 5
6099 5
6100 5
6081 5
6082 5
6083 5
6084 5
6085 5
6086 5
6087 5
6088 5
6089 5
6090 5
6071 5
6072 5
6073 5
6074 5
6075 5
6076 5
6077 5
6078 5
6079 5
6080 5
6061 5
6062 5
6063 5
6064 5
6065 5
6066 5
6067 5
6068 5
6069 5
6070 5
6051 5
6052 5
6053 5
6054 5
6055 5
6056 5
6057 5
6058 5
6059 5
6060 5
6041 5
6042 5
6043 5
6044 5
6045 5
6046 5
6047 5
6048 5
6049 5
6050 5
6031 5
6032 5
6033 5
6034 5
6035 5
6036 5
6037 5
6038 5
6039 5
6040 5
6021 5
6022 5
6023 5
6024 5
6025 5
6026 5
6027 5
6028 5
6029 5
6030 5
6011 5
6012 5
6013 5
6014 5
6015 5
6016 5
6017 5
6018 5
6019 5
6020 5
6001 5
6002 5
6003 5
6004 5
6005 5
6006 5
6007 5
6008 5
6009 5
6010 5
1091 5
1092 5
1093 5
1094 5
1095 5
1096 5
1097 5
1098 5
1099 5
1100 5
1081 5
1082 5
1083 5
1084 5
1085 5
1086 5
1087 5
1088 5
1089 5
1090 5
1071 5
1072 5
1073 5
1074 5
1075 5
1076 5
1077 5
1078 5
1079 5
1080 5
1061 5
1062 5
1063 5
1064 5
1065 5
1066 5
1067 5
1068 5
1069 5
1070 5
1051 5
1052 5
1053 5
1054 5
1055 5
1056 5
1057 5
1058 5
1059 5
1060 5
1041 5
1042 5
1043 5
1044 5
1045 5
1046 5
1047 5
1048 5
1049 5
1050 5
1031 5
1032 5
1033 5
1034 5
1035 5
1036 5
1037 5
1038 5
1039 5
1040 5
1021 5
1022 5
1023 5
1024 5
1025 5
1026 5
1027 5
1028 5
1029 5
1030 5
1011 5
1012 5
1013 5
1014 5
1015 5
1016 5
1017 5
1018 5
1019 5
1020 5
1001 5
1002 5
1003 5
1004 5
1005 5
1006 5
1007 5
1008 5
1009 5
1010 5
2491 3
2492 3
2493 3
2494 3
2495 3
2496 3
2497 3
2498 3
2499 3
2500 3
2391 3
2392 3
2393 3
2394 3
2395 3
2396 3
2397 3
2398 3
2399 3
2400 3
2291 3
2292 3
2293 3
2294 3
2295 3
2296 3
2297 3
2298 3
2299 3
2300 3
2191 3
2192 3
2193 3
2194 3
2195 3
2196 3
2197 3
2198 3
2199 3
2200 3
2091 3
2092 3
2093 3
2094 3
2095 3
2096 3
2097 3
2098 3
2099 3
2100 3
3410 2
3310 2
3210 2
3110 2
3010 2
2910 2
2810 2
2710 2
2610 2
2510 2
3420 2
3320 2
3220 2
3120 2
3020 2
2920 2
2820 2
2720 2
2620 2
2520 2
3430 2
3330 2
3230 2
3130 2
3030 2
2930 2
2830 2
2730 2
2630 2
2530 2
3440 2
3340 2
3240 2
3140 2
3040 2
2940 2
2840 2
2740 2
2640 2
2540 2
3450 2
3350 2
3250 2
3150 2
3050 2
2950 2
2850 2
2750 2
2650 2
2550 2
3460 2
3360 2
3260 2
3160 2
3060 2
2960 2
2860 2
2760 2
2660 2
2560 2
3470 2
3370 2
3270 2
3170 2
3070 2
2970 2
2870 2
2770 2
2670 2
2570 2
3480 2
3380 2
3280 2
3180 2
3080 2
2980 2
2880 2
2780 2
2680 2
2580 2
3490 2
3390 2
3290 2
3190 2
3090 2
2990 2
2890 2
2790 2
2690 2
2590 2
3500 2
3400 2
3300 2
3200 2
3100 2
3000 2
2900 2
2800 2
2700 2
2600 2
