500
3750 4
3749 4
3748 4
3747 4
3746 4
3745 4
3744 4
3743 4
3742 4
3741 4
3740 4
3739 4
3738 4
3737 4
3736 4
3735 4
3734 4
3733 4
3732 4
3731 4
3730 4
3729 4
3728 4
3727 4
3726 4
3725 4
3724 4
3723 4
3722 4
3721 4
3720 4
3719 4
3718 4
3717 4
3716 4
3715 4
3714 4
3713 4
3712 4
3711 4
3710 4
3709 4
3708 4
3707 4
3706 4
3705 4
3704 4
3703 4
3702 4
3701 4
3700 4
3699 4
3698 4
3697 4
3696 4
3695 4
3694 4
3693 4
3692 4
3691 4
3690 4
3689 4
3688 4
3687 4
3686 4
3685 4
3684 4
3683 4
3682 4
3681 4
3680 4
3679 4
3678 4
3677 4
3676 4
3675 4
3674 4
3673 4
3672 4
3671 4
3670 4
3669 4
3668 4
3667 4
3666 4
3665 4
3664 4
3663 4
3662 4
3661 4
3660 4
3659 4
3658 4
3657 4
3656 4
3655 4
3654 4
3653 4
3652 4
3651 4
3601 6
3606 6
3611 6
3616 6
3621 6
3626 6
3631 6
3636 6
3641 6
3646 6
3602 6
3607 6
3612 6
3617 6
3622 6
3627 6
3632 6
3637 6
3642 6
3647 6
3603 6
3608 6
3613 6
3618 6
3623 6
3628 6
3633 6
3638 6
3643 6
3648 6
3604 6
3609 6
3614 6
3619 6
3624 6
3629 6
3634 6
3639 6
3644 6
3649 6
3605 6
3610 6
3615 6
3620 6
3625 6
3630 6
3635 6
3640 6
3645 6
3650 6
3600 4
3599 4
3598 4
3597 4
3596 4
3595 4
3594 4
3593 4
3592 4
3591 4
3590 4
3589 4
3588 4
3587 4
3586 4
3585 4
3584 4
3583 4
3582 4
3581 4
3580 4
3579 4
3578 4
3577 4
3576 4
3575 4
3574 4
3573 4
3572 4
3571 4
3570 4
3569 4
3568 4
3567 4
3566 4
3565 4
3564 4
3563 4
3562 4
3561 4
3560 4
3559 4
3558 4
3557 4
3556 4
3555 4
3554 4
3553 4
3552 4
3551 4
3550 4
3549 4
3548 4
3547 4
3546 4
3545 4
3544 4
3543 4
3542 4
3541 4
3540 4
3539 4
3538 4
3537 4
3536 4
3535 4
3534 4
3533 4
3532 4
3531 4
3530 4
3529 4
3528 4
3527 4
3526 4
3525 4
3524 4
3523 4
3522 4
3521 4
3520 4
3519 4
3518 4
3517 4
3516 4
3515 4
3514 4
3513 4
3512 4
3511 4
3510 4
3509 4
3508 4
3507 4
3506 4
3505 4
3504 4
3503 4
3502 4
3501 4
10 6
9 6
8 6
7 6
6 6
5 6
4 6
3 6
2 6
1 6
20 6
19 6
18 6
17 6
16 6
15 6
14 6
13 6
12 6
11 6
30 6
29 6
28 6
27 6
26 6
25 6
24 6
23 6
22 6
21 6
40 6
39 6
38 6
37 6
36 6
35 6
34 6
33 6
32 6
31 6
50 6
49 6
48 6
47 6
46 6
45 6
44 6
43 6
42 6
41 6
60 6
59 6
58 6
57 6
56 6
55 6
54 6
53 6
52 6
51 6
70 6
69 6
68 6
67 6
66 6
65 6
64 6
63 6
62 6
61 6
80 6
79 6
78 6
77 6
76 6
75 6
74 6
73 6
72 6
71 6
90 6
89 6
88 6
87 6
86 6
85 6
84 6
83 6
82 6
81 6
100 6
99 6
98 6
97 6
96 6
95 6
94 6
93 6
92 6
91 6
101 6
106 6
111 6
116 6
121 6
126 6
131 6
136 6
141 6
146 6
102 6
107 6
112 6
117 6
122 6
127 6
132 6
137 6
142 6
147 6
103 6
108 6
113 6
118 6
123 6
128 6
133 6
138 6
143 6
148 6
104 6
109 6
114 6
119 6
124 6
129 6
134 6
139 6
144 6
149 6
105 6
110 6
115 6
120 6
125 6
130 6
135 6
140 6
145 6
150 6
250 4
249 4
248 4
247 4
246 4
245 4
244 4
243 4
242 4
241 4
240 4
239 4
238 4
237 4
236 4
235 4
234 4
233 4
232 4
231 4
230 4
229 4
228 4
227 4
226 4
225 4
224 4
223 4
222 4
221 4
220 4
219 4
218 4
217 4
216 4
215 4
214 4
213 4
212 4
211 4
210 4
209 4
208 4
207 4
206 4
205 4
204 4
203 4
202 4
201 4
200 4
199 4
198 4
197 4
196 4
195 4
194 4
193 4
192 4
191 4
190 4
189 4
188 4
187 4
186 4
185 4
184 4
183 4
182 4
181 4
180 4
179 4
178 4
177 4
176 4
175 4
174 4
173 4
172 4
171 4
170 4
169 4
168 4
167 4
166 4
165 4
164 4
163 4
162 4
161 4
160 4
159 4
158 4
157 4
156 4
155 4
154 4
153 4
152 4
151 4
