2704
54393 5
54419 5
54420 5
54421 5
54422 5
54423 5
54424 5
54425 5
54426 5
54427 5
54428 5
54429 5
54430 5
54431 5
54432 5
54433 5
54434 5
54435 5
54436 5
54437 5
54438 5
54439 5
54440 5
54441 5
54442 5
54443 5
54444 5
54445 5
54446 5
54447 5
54448 5
54449 5
54450 5
54451 5
54452 5
54453 5
54454 5
54455 5
54456 5
54457 5
54458 5
54459 5
54460 5
54461 5
54462 5
54463 5
54464 5
54465 5
54466 5
54467 5
54468 5
54724 5
54394 5
54395 5
54396 5
54397 5
54398 5
54474 5
54475 5
54476 5
54477 5
54478 5
54479 5
54480 5
54481 5
54482 5
54483 5
54484 5
54485 5
54486 5
54487 5
54488 5
54489 5
54490 5
54491 5
54492 5
54493 5
54494 5
54495 5
54496 5
54497 5
54498 5
54499 5
54500 5
54501 5
54502 5
54503 5
54504 5
54505 5
54506 5
54507 5
54508 5
54509 5
54510 5
54511 5
54512 5
54513 5
54514 5
54515 5
54516 5
54517 5
54518 5
54519 5
54520 5
54521 5
54522 5
54523 5
54524 5
54525 5
54526 5
54527 5
54528 5
54529 5
54530 5
54531 5
54532 5
54533 5
54534 5
54535 5
54536 5
54537 5
54538 5
54539 5
54540 5
54541 5
54542 5
54543 5
54544 5
54545 5
54546 5
54547 5
54548 5
54549 5
54550 5
54551 5
54552 5
54553 5
54554 5
54555 5
54556 5
54557 5
54558 5
54559 5
54560 5
54561 5
54562 5
54563 5
54564 5
54565 5
54566 5
54567 5
54568 5
54569 5
54570 5
54571 5
54572 5
54573 5
54574 5
54575 5
54576 5
54577 5
54578 5
54579 5
54580 5
54581 5
54582 5
54583 5
54584 5
54585 5
54586 5
54587 5
54588 5
54589 5
54590 5
54591 5
54592 5
54593 5
54594 5
54595 5
54596 5
54597 5
54598 5
54599 5
54600 5
54601 5
54602 5
54603 5
54604 5
54605 5
54606 5
54607 5
54608 5
54609 5
54610 5
54611 5
54612 5
54613 5
54614 5
54615 5
54616 5
54617 5
54618 5
54619 5
54620 5
54621 5
54622 5
54623 5
54624 5
54625 5
54626 5
54627 5
54628 5
54629 5
54630 5
54631 5
54632 5
54633 5
54634 5
54635 5
54636 5
54637 5
54638 5
54639 5
54640 5
54641 5
54642 5
54643 5
54644 5
54645 5
54646 5
54647 5
54648 5
54649 5
54650 5
54651 5
54652 5
54653 5
54654 5
54655 5
54656 5
54657 5
54658 5
54659 5
54660 5
54661 5
54662 5
54663 5
54664 5
54665 5
54666 5
54667 5
54668 5
54669 5
54670 5
54671 5
54672 5
54673 5
54674 5
54675 5
54676 5
54677 5
54678 5
54679 5
54680 5
54681 5
54682 5
54683 5
54684 5
54685 5
54686 5
54687 5
54688 5
54689 5
54690 5
54691 5
54692 5
54693 5
54694 5
54695 5
54696 5
54697 5
54698 5
54699 5
54700 5
54701 5
54702 5
54703 5
54704 5
54705 5
54706 5
54707 5
54708 5
54709 5
54710 5
54711 5
54712 5
54713 5
54714 5
54715 5
54716 5
54717 5
54718 5
54719 5
54720 5
54721 5
54722 5
54723 5
54469 5
54470 5
54471 5
54472 5
54473 5
54399 5
54400 5
54401 5
54402 5
54403 5
54404 5
54405 5
54406 5
54407 5
54408 5
54409 5
54410 5
54411 5
54412 5
54413 5
54414 5
54415 5
54416 5
54417 5
54418 5
54725 5
54726 5
54727 5
54728 5
54729 5
54730 5
54731 5
54732 5
54733 5
54734 5
54735 5
54736 5
54737 5
54738 5
54739 5
54740 5
54741 5
54742 5
54743 5
54744 5
54745 5
54746 5
54747 5
54748 5
54749 5
54750 5
54751 5
54752 5
54753 5
54754 5
54755 5
54756 5
54757 5
54758 5
54759 5
54760 5
54761 5
54762 5
54763 5
54764 5
54765 5
54766 5
54767 5
54768 5
54769 5
54770 5
54771 5
54772 5
54773 5
54774 5
54775 5
54776 5
54777 5
54778 5
54779 5
54780 5
54781 5
54782 5
54783 5
54784 5
54785 5
54786 5
54787 5
54788 5
54789 5
54790 5
54791 5
54792 5
54793 5
54794 5
54795 5
54796 5
54797 5
54798 5
54799 5
54800 5
54801 5
54802 5
54803 5
54804 5
54805 5
54806 5
54807 5
54808 5
54809 5
54810 5
54811 5
54812 5
54813 5
54814 5
54815 5
54816 5
54817 5
54818 5
54819 5
54820 5
54821 5
54822 5
54823 5
54824 5
54825 5
54826 5
54827 5
54828 5
54829 5
54830 5
54831 5
54832 5
54833 5
54834 5
54835 5
54836 5
54837 5
54838 5
54839 5
54840 5
54841 5
54842 5
54843 5
54844 5
54845 5
54846 5
54847 5
54848 5
54849 5
54850 5
54851 5
54852 5
54853 5
54854 5
54855 5
54856 5
54857 5
54858 5
54859 5
54860 5
54861 5
54862 5
54863 5
54864 5
54865 5
54866 5
54867 5
54868 5
54869 5
54870 5
54871 5
54872 5
54873 5
54874 5
54875 5
54876 5
54877 5
54878 5
54879 5
54880 5
54881 5
54882 5
54883 5
54884 5
54885 5
54886 5
54887 5
54888 5
54889 5
54890 5
54891 5
54892 5
54893 5
54894 5
54895 5
54896 5
54897 5
54898 5
54899 5
54900 5
54901 5
54902 5
54903 5
54904 5
54905 5
54906 5
54907 5
54908 5
54909 5
54910 5
54911 5
54912 5
54913 5
54914 5
54915 5
54916 5
54917 5
54918 5
54919 5
54920 5
54921 5
54922 5
54923 5
54924 5
54925 5
54926 5
54927 5
54928 5
54929 5
54930 5
54931 5
54932 5
54933 5
54934 5
54935 5
54936 5
54937 5
54938 5
54939 5
54940 5
54941 5
54942 5
54943 5
54944 5
54945 5
54946 5
54947 5
54948 5
54949 5
54950 5
54951 5
54952 5
54953 5
54954 5
54955 5
54956 5
54957 5
54958 5
54959 5
54960 5
54961 5
54962 5
54963 5
54964 5
54965 5
54966 5
54967 5
54968 5
54969 5
54970 5
54971 5
54972 5
54973 5
54974 5
54975 5
54976 5
54977 5
54978 5
54979 5
54980 5
54981 5
54982 5
54983 5
54984 5
54985 5
54986 5
54987 5
54988 5
54989 5
54990 5
54991 5
54992 5
54993 5
54994 5
54995 5
54996 5
54997 5
54998 5
54999 5
55000 5
55001 5
55002 5
55003 5
55004 5
55005 5
55006 5
55007 5
55008 5
55009 5
55010 5
55011 5
55012 5
55013 5
55014 5
55015 5
55016 5
55017 5
55018 5
55019 5
55020 5
55021 5
55022 5
55023 5
55024 5
55025 5
55026 5
55027 5
55028 5
55029 5
55030 5
55031 5
55032 5
55033 5
55034 5
55035 5
55036 5
55037 5
55038 5
55039 5
55040 5
55041 5
55042 5
55043 5
55044 5
55045 5
55046 5
55047 5
55048 5
55049 5
55050 5
55051 5
55052 5
55053 5
55054 5
55055 5
55056 5
55057 5
55058 5
55059 5
55060 5
55061 5
55062 5
55063 5
55064 5
55065 5
55066 5
55067 5
55068 5
55069 5
55070 5
55071 5
55072 5
55073 5
55074 5
55075 5
55076 5
55077 5
55078 5
55079 5
55080 5
55081 5
55082 5
55083 5
55084 5
55085 5
55086 5
55087 5
55088 5
55089 5
55090 5
55091 5
55092 5
55093 5
55094 5
55095 5
55096 5
55097 5
55098 5
55099 5
55100 5
55101 5
55102 5
55103 5
55104 5
55105 5
55106 5
55107 5
55108 5
55109 5
55110 5
55111 5
55112 5
55113 5
55114 5
55115 5
55116 5
55117 5
55118 5
55119 5
55120 5
55121 5
55122 5
55123 5
55124 5
55125 5
55126 5
55127 5
55128 5
55129 5
55130 5
55131 5
55132 5
55133 5
55134 5
55135 5
55136 5
55137 5
55138 5
55139 5
55140 5
55141 5
55142 5
55143 5
55144 5
55145 5
55146 5
55147 5
55148 5
55149 5
55150 5
55151 5
55152 5
55153 5
55154 5
55155 5
55156 5
55157 5
55158 5
55159 5
55160 5
55161 5
55162 5
55163 5
55164 5
55165 5
55166 5
55167 5
55168 5
55169 5
55170 5
55171 5
55172 5
55173 5
55174 5
55175 5
55176 5
55177 5
55178 5
55179 5
55180 5
55181 5
55182 5
55183 5
55184 5
55185 5
55186 5
55187 5
55188 5
55189 5
55190 5
55191 5
55192 5
55193 5
55194 5
55195 5
55196 5
55197 5
55198 5
55199 5
55200 5
55201 5
55202 5
55203 5
55204 5
55205 5
55206 5
55207 5
55208 5
55209 5
55210 5
55211 5
55212 5
55213 5
55214 5
55215 5
55216 5
55217 5
55218 5
55219 5
55220 5
55221 5
55222 5
55223 5
55224 5
55225 5
55226 5
55227 5
55228 5
55229 5
55230 5
55231 5
55232 5
55233 5
55234 5
55235 5
55236 5
55237 5
55238 5
55239 5
55240 5
55241 5
55242 5
55243 5
55244 5
55245 5
55246 5
55247 5
55248 5
55249 5
55250 5
55251 5
55252 5
55253 5
55254 5
55255 5
55256 5
55257 5
55258 5
55259 5
55260 5
55261 5
55262 5
55263 5
55264 5
55265 5
55266 5
55267 5
55268 5
55269 5
55270 5
55271 5
55272 5
55273 5
55274 5
55275 5
55276 5
55277 5
55278 5
55279 5
55280 5
55281 5
55282 5
55283 5
55284 5
55285 5
55286 5
55287 5
55288 5
55289 5
55290 5
55291 5
55292 5
55293 5
55294 5
55295 5
55296 5
55297 5
55298 5
55299 5
55300 5
55301 5
55302 5
55303 5
55304 5
55305 5
55306 5
55307 5
55308 5
55309 5
55310 5
55311 5
55312 5
55313 5
55314 5
55315 5
55316 5
55317 5
55318 5
55319 5
55320 5
55321 5
55322 5
55323 5
55324 5
55325 5
55326 5
55327 5
55328 5
55329 5
55330 5
55331 5
55332 5
55333 5
55334 5
55335 5
55336 5
55337 5
55338 5
55339 5
55340 5
55341 5
55342 5
55343 5
55344 5
55345 5
55346 5
55347 5
55348 5
55349 5
55350 5
55351 5
55352 5
55353 5
55354 5
55355 5
55356 5
55357 5
55358 5
55359 5
55360 5
55361 5
55362 5
55363 5
55364 5
55365 5
55366 5
55367 5
55368 5
55369 5
55370 5
55371 5
55372 5
55373 5
55374 5
55375 5
55376 5
55377 5
55378 5
55379 5
55380 5
55381 5
55382 5
55383 5
55384 5
55385 5
55386 5
55387 5
55388 5
55389 5
55390 5
55391 5
55392 5
55393 5
55394 5
55395 5
55396 5
55397 5
55398 5
55399 5
55400 5
55401 5
55402 5
55403 5
55404 5
55405 5
55406 5
55407 5
55408 5
55409 5
55410 5
55411 5
55412 5
55413 5
55414 5
55415 5
55416 5
55417 5
55418 5
55419 5
55420 5
55421 5
55422 5
55423 5
55424 5
55425 5
55426 5
55427 5
55428 5
55429 5
55430 5
55431 5
55432 5
55433 5
55434 5
55435 5
55436 5
55437 5
55438 5
55439 5
55440 5
55441 5
55442 5
55443 5
55444 5
55445 5
55446 5
55447 5
55448 5
55449 5
55450 5
55451 5
55452 5
55453 5
55454 5
55455 5
55456 5
55457 5
55458 5
55459 5
55460 5
55461 5
55462 5
55463 5
55464 5
55465 5
55466 5
55467 5
55468 5
55469 5
55470 5
55471 5
55472 5
55473 5
55474 5
55475 5
55476 5
55477 5
55478 5
55479 5
55480 5
55481 5
55482 5
55483 5
55484 5
55485 5
55486 5
55487 5
55488 5
55489 5
55490 5
55491 5
55492 5
55493 5
55494 5
55495 5
55496 5
55497 5
55498 5
55499 5
55500 5
55501 5
55502 5
55503 5
55504 5
55505 5
55506 5
55507 5
55508 5
55509 5
55510 5
55511 5
55512 5
55513 5
55514 5
55515 5
55516 5
55517 5
55518 5
55519 5
55520 5
55521 5
55522 5
55523 5
55524 5
55525 5
55526 5
55527 5
55528 5
55529 5
55530 5
55531 5
55532 5
55533 5
55534 5
55535 5
55536 5
55537 5
55538 5
55539 5
55540 5
55541 5
55542 5
55543 5
55544 5
55545 5
55546 5
55547 5
55548 5
55549 5
55550 5
55551 5
55552 5
55553 5
55554 5
55555 5
55556 5
55557 5
55558 5
55559 5
55560 5
55561 5
55562 5
55563 5
55564 5
55565 5
55566 5
55567 5
55568 5
55569 5
55570 5
55571 5
55572 5
55573 5
55574 5
55575 5
55576 5
55577 5
55578 5
55579 5
55580 5
55581 5
55582 5
55583 5
55584 5
55585 5
55586 5
55587 5
55588 5
55589 5
55590 5
55591 5
55592 5
55593 5
55594 5
55595 5
55596 5
55597 5
55598 5
55599 5
55600 5
55601 5
55602 5
55603 5
55604 5
55605 5
55606 5
55607 5
55608 5
55609 5
55610 5
55611 5
55612 5
55613 5
55614 5
55615 5
55616 5
55617 5
55618 5
55619 5
55620 5
55621 5
55622 5
55623 5
55624 5
55625 5
55626 5
55627 5
55628 5
55629 5
55630 5
55631 5
55632 5
55633 5
55634 5
55635 5
55636 5
55637 5
55638 5
55639 5
55640 5
55641 5
55642 5
55643 5
55644 5
55645 5
55646 5
55647 5
55648 5
55649 5
55650 5
55651 5
55652 5
55653 5
55654 5
55655 5
55656 5
55657 5
55658 5
55659 5
55660 5
55661 5
55662 5
55663 5
55664 5
55665 5
55666 5
55667 5
55668 5
55669 5
55670 5
55671 5
55672 5
55673 5
55674 5
55675 5
55676 5
55677 5
55678 5
55679 5
55680 5
55681 5
55682 5
55683 5
55684 5
55685 5
55686 5
55687 5
55688 5
55689 5
55690 5
55691 5
55692 5
55693 5
55694 5
55695 5
55696 5
55697 5
55698 5
55699 5
55700 5
55701 5
55702 5
55703 5
55704 5
55705 5
55706 5
55707 5
55708 5
55709 5
55710 5
55711 5
55712 5
55713 5
55714 5
55715 5
55716 5
55717 5
55718 5
55719 5
55720 5
55721 5
55722 5
55723 5
55724 5
55725 5
55726 5
55727 5
55728 5
55729 5
55730 5
55731 5
55732 5
55733 5
55734 5
55735 5
55736 5
55737 5
55738 5
55739 5
55740 5
55741 5
55742 5
55743 5
55744 5
52001 5
52002 5
52003 5
52004 5
52005 5
52006 5
52007 5
52008 5
52009 5
52010 5
52011 5
52012 5
52013 5
52014 5
52015 5
52016 5
52017 5
52018 5
52019 5
52020 5
52021 5
52022 5
52023 5
52024 5
52025 5
52026 5
52027 5
52028 5
52029 5
52030 5
52031 5
52033 5
52034 5
52035 5
52036 5
52037 5
52038 5
52039 5
52040 5
52041 5
52042 5
52043 5
52044 5
52045 5
52046 5
52047 5
52048 5
52049 5
52050 5
52051 5
52052 5
52032 5
52053 5
52054 5
52055 5
52056 5
52057 5
52058 5
52059 5
52060 5
52061 5
52062 5
52063 5
52064 5
52065 5
52066 5
52067 5
52068 5
52069 5
52070 5
52071 5
52072 5
52073 5
52074 5
52075 5
52076 5
52077 5
52078 5
52079 5
52080 5
52081 5
52082 5
52083 5
52084 5
52085 5
52086 5
52087 5
52088 5
52089 5
52090 5
52091 5
52092 5
52093 5
52094 5
52095 5
52096 5
52097 5
52098 5
52099 5
52100 5
52101 5
52102 5
52103 5
52104 5
52105 5
52106 5
52107 5
52108 5
52109 5
52110 5
52111 5
52112 5
52113 5
52114 5
52115 5
52116 5
52117 5
52118 5
52119 5
52120 5
52121 5
52122 5
52123 5
52124 5
52125 5
52126 5
52127 5
52128 5
52129 5
52130 5
52131 5
52132 5
52133 5
52134 5
52135 5
52136 5
52137 5
52138 5
52139 5
52140 5
52141 5
52142 5
52143 5
52144 5
52145 5
52146 5
52147 5
52148 5
52149 5
52150 5
52151 5
52152 5
52153 5
52154 5
52155 5
52156 5
52157 5
52158 5
52159 5
52160 5
52161 5
52162 5
52163 5
52164 5
52165 5
52166 5
52167 5
52168 5
52169 5
52170 5
52171 5
52172 5
52173 5
52174 5
52175 5
52176 5
52177 5
52178 5
52179 5
52180 5
52181 5
52182 5
52183 5
52184 5
52185 5
52186 5
52187 5
52188 5
52189 5
52190 5
52191 5
52192 5
52193 5
52194 5
52195 5
52196 5
52197 5
52198 5
52199 5
52200 5
52201 5
52202 5
52203 5
52204 5
52205 5
52206 5
52207 5
52208 5
52209 5
52210 5
52211 5
52212 5
52213 5
52214 5
52215 5
52216 5
52217 5
52218 5
52219 5
52220 5
52221 5
52222 5
52223 5
52224 5
52225 5
52226 5
52227 5
52228 5
52229 5
52230 5
52231 5
52232 5
52233 5
52234 5
52235 5
52236 5
52237 5
52238 5
52239 5
52240 5
52241 5
52242 5
52243 5
52244 5
52245 5
52246 5
52247 5
52248 5
52249 5
52250 5
52251 5
52252 5
52253 5
52254 5
52255 5
52256 5
52257 5
52258 5
52259 5
52260 5
52261 5
52262 5
52263 5
52264 5
52265 5
52266 5
52267 5
52268 5
52269 5
52270 5
52271 5
52272 5
52273 5
52274 5
52275 5
52276 5
52277 5
52278 5
52279 5
52280 5
52281 5
52282 5
52283 5
52284 5
52285 5
52286 5
52287 5
52288 5
52289 5
52290 5
52291 5
52292 5
52293 5
52294 5
52295 5
52296 5
52297 5
52298 5
52299 5
52300 5
52301 5
52302 5
52303 5
52304 5
52305 5
52306 5
52307 5
52308 5
52309 5
52310 5
52311 5
52312 5
52313 5
52314 5
52315 5
52316 5
52317 5
52318 5
52319 5
52320 5
52321 5
52322 5
52323 5
52324 5
52325 5
52326 5
52327 5
52328 5
52329 5
52330 5
52331 5
52332 5
52333 5
52334 5
52335 5
52336 5
52337 5
52338 5
52339 5
52340 5
52341 5
52342 5
52343 5
52344 5
52345 5
52346 5
52347 5
52348 5
52349 5
52350 5
52351 5
52352 5
52353 5
52354 5
52355 5
52356 5
52357 5
52358 5
52359 5
52360 5
52361 5
52362 5
52363 5
52364 5
52365 5
52366 5
52367 5
52368 5
52369 5
52370 5
52371 5
52372 5
52373 5
52374 5
52375 5
52376 5
52377 5
52378 5
52379 5
52380 5
52381 5
52382 5
52383 5
52384 5
52385 5
52386 5
52387 5
52388 5
52389 5
52390 5
52391 5
52392 5
52393 5
52394 5
52395 5
52396 5
52397 5
52398 5
52399 5
52400 5
52401 5
52402 5
52403 5
52404 5
52405 5
52406 5
52407 5
52408 5
52409 5
52410 5
52411 5
52412 5
52413 5
52414 5
52415 5
52416 5
52417 5
52418 5
52419 5
52420 5
52421 5
52422 5
52423 5
52424 5
52425 5
52426 5
52427 5
52428 5
52429 5
52430 5
52431 5
52432 5
52433 5
52434 5
52435 5
52436 5
52437 5
52438 5
52439 5
52440 5
52441 5
52442 5
52443 5
52444 5
52445 5
52446 5
52447 5
52448 5
52449 5
52450 5
52451 5
52452 5
52453 5
52454 5
52455 5
52456 5
52457 5
52458 5
52459 5
52460 5
52461 5
52462 5
52463 5
52464 5
52465 5
52466 5
52467 5
52468 5
52469 5
52470 5
52471 5
52472 5
52473 5
52474 5
52475 5
52476 5
52477 5
52478 5
52479 5
52480 5
52481 5
52482 5
52483 5
52484 5
52485 5
52486 5
52487 5
52488 5
52489 5
52490 5
52491 5
52492 5
52493 5
52494 5
52495 5
52496 5
52497 5
52498 5
52499 5
52500 5
52501 5
52502 5
52503 5
52504 5
52505 5
52506 5
52507 5
52508 5
52509 5
52510 5
52511 5
52512 5
52513 5
52514 5
52515 5
52516 5
52517 5
52518 5
52519 5
52520 5
52521 5
52522 5
52523 5
52524 5
52525 5
52526 5
52527 5
52528 5
52529 5
52530 5
52531 5
52532 5
52533 5
52534 5
52535 5
52536 5
52537 5
52538 5
52539 5
52540 5
52541 5
52542 5
52543 5
52544 5
52545 5
52546 5
52547 5
52548 5
52549 5
52550 5
52551 5
52552 5
52553 5
52554 5
52555 5
52556 5
52557 5
52558 5
52559 5
52560 5
52561 5
52562 5
52563 5
52564 5
52565 5
52566 5
52567 5
52568 5
52569 5
52570 5
52571 5
52572 5
52573 5
52574 5
52575 5
52576 5
52577 5
52578 5
52579 5
52580 5
52581 5
52582 5
52583 5
52584 5
52585 5
52586 5
52587 5
52588 5
52589 5
52590 5
52591 5
52592 5
52593 5
52594 5
52595 5
52596 5
52597 5
52598 5
52599 5
52600 5
52601 5
52602 5
52603 5
52604 5
52605 5
52606 5
52607 5
52608 5
52609 5
52610 5
52611 5
52612 5
52613 5
52614 5
52615 5
52616 5
52617 5
52618 5
52619 5
52620 5
52621 5
52622 5
52623 5
52624 5
52625 5
52626 5
52627 5
52628 5
52629 5
52630 5
52631 5
52632 5
52633 5
52634 5
52635 5
52636 5
52637 5
52638 5
52639 5
52640 5
52641 5
52642 5
52643 5
52644 5
52645 5
52646 5
52647 5
52648 5
52649 5
52650 5
52651 5
52652 5
52653 5
52654 5
52655 5
52656 5
52657 5
52658 5
52659 5
52660 5
52661 5
52662 5
52663 5
52664 5
52665 5
52666 5
52667 5
52668 5
52669 5
52670 5
52671 5
52672 5
52673 5
52674 5
52675 5
52676 5
52677 5
52678 5
52679 5
52680 5
52681 5
52682 5
52683 5
52684 5
52685 5
52686 5
52687 5
52688 5
52689 5
52690 5
52691 5
52692 5
52693 5
52694 5
52695 5
52696 5
52697 5
52698 5
52699 5
52700 5
52701 5
52702 5
52703 5
52704 5
52705 5
52706 5
52707 5
52708 5
52709 5
52710 5
52711 5
52712 5
52713 5
52714 5
52715 5
52716 5
52717 5
52718 5
52719 5
52720 5
52721 5
52722 5
52723 5
52724 5
52725 5
52726 5
52727 5
52728 5
52729 5
52730 5
52731 5
52732 5
52733 5
52734 5
52735 5
52736 5
52737 5
52738 5
52739 5
52740 5
52741 5
52742 5
52743 5
52744 5
52745 5
52746 5
52747 5
52748 5
52749 5
52750 5
52751 5
52752 5
52753 5
52754 5
52755 5
52756 5
52757 5
52758 5
52759 5
52760 5
52761 5
52762 5
52763 5
52764 5
52765 5
52766 5
52767 5
52768 5
52769 5
52770 5
52771 5
52772 5
52773 5
52774 5
52775 5
52776 5
52777 5
52778 5
52779 5
52780 5
52781 5
52782 5
52783 5
52784 5
52785 5
52786 5
52787 5
52788 5
52789 5
52790 5
52791 5
52792 5
52793 5
52794 5
52795 5
52796 5
52797 5
52798 5
52799 5
52800 5
52801 5
52802 5
52803 5
52804 5
52805 5
52806 5
52807 5
52808 5
52809 5
52810 5
52811 5
52812 5
52813 5
52814 5
52815 5
52816 5
52817 5
52818 5
52819 5
52820 5
52821 5
52822 5
52823 5
52824 5
52825 5
52826 5
52827 5
52828 5
52829 5
52830 5
52831 5
52832 5
52833 5
52834 5
52835 5
52836 5
52837 5
52838 5
52839 5
52840 5
52841 5
52842 5
52843 5
52844 5
52845 5
52846 5
52847 5
52848 5
52849 5
52850 5
52851 5
52852 5
52853 5
52854 5
52855 5
52856 5
52857 5
52858 5
52859 5
52860 5
52861 5
52862 5
52863 5
52864 5
52865 5
52866 5
52867 5
52868 5
52869 5
52870 5
52871 5
52872 5
52873 5
52874 5
52875 5
52876 5
52877 5
52878 5
52879 5
52880 5
52881 5
52882 5
52883 5
52884 5
52885 5
52886 5
52887 5
52888 5
52889 5
52890 5
52891 5
52892 5
52893 5
52894 5
52895 5
52896 5
52897 5
52898 5
52899 5
52900 5
52901 5
52902 5
52903 5
52904 5
52905 5
52906 5
52907 5
52908 5
52909 5
52910 5
52911 5
52912 5
52913 5
52914 5
52915 5
52916 5
52917 5
52918 5
52919 5
52920 5
52921 5
52922 5
52923 5
52924 5
52925 5
52926 5
52927 5
52928 5
52929 5
52930 5
52931 5
52932 5
52933 5
52934 5
52935 5
52936 5
52937 5
52938 5
52939 5
52940 5
52941 5
52942 5
52943 5
52944 5
52945 5
52946 5
52947 5
52948 5
52949 5
52950 5
52951 5
52952 5
52953 5
52954 5
52955 5
52956 5
52957 5
52958 5
52959 5
52960 5
52961 5
52962 5
52963 5
52964 5
52965 5
52966 5
52967 5
52968 5
52969 5
52970 5
52971 5
52972 5
52973 5
52974 5
52975 5
52976 5
52977 5
52978 5
52979 5
52980 5
52981 5
52982 5
52983 5
52984 5
52985 5
52986 5
52987 5
52988 5
52989 5
52990 5
52991 5
52992 5
52993 5
52994 5
52995 5
52996 5
52997 5
52998 5
52999 5
53000 5
53001 5
53002 5
53003 5
53004 5
53005 5
53006 5
53007 5
53008 5
53009 5
53010 5
53011 5
53012 5
53013 5
53014 5
53015 5
53016 5
53017 5
53018 5
53019 5
53020 5
53021 5
53022 5
53023 5
53024 5
53025 5
53026 5
53027 5
53028 5
53029 5
53030 5
53031 5
53032 5
53033 5
53034 5
53035 5
53036 5
53037 5
53038 5
53039 5
53040 5
53041 5
53042 5
53043 5
53044 5
53045 5
53046 5
53047 5
53048 5
53049 5
53050 5
53051 5
53052 5
53053 5
53054 5
53055 5
53056 5
53057 5
53058 5
53059 5
53060 5
53061 5
53062 5
53063 5
53064 5
53065 5
53066 5
53067 5
53068 5
53069 5
53070 5
53071 5
53072 5
53073 5
53074 5
53075 5
53076 5
53077 5
53078 5
53079 5
53080 5
53081 5
53082 5
53083 5
53084 5
53085 5
53086 5
53087 5
53088 5
53089 5
53090 5
53091 5
53092 5
53093 5
53094 5
53095 5
53096 5
53097 5
53098 5
53099 5
53100 5
53101 5
53102 5
53103 5
53104 5
53105 5
53106 5
53107 5
53108 5
53109 5
53110 5
53111 5
53112 5
53113 5
53114 5
53115 5
53116 5
53117 5
53118 5
53119 5
53120 5
53121 5
53122 5
53123 5
53124 5
53125 5
53126 5
53127 5
53128 5
53129 5
53130 5
53131 5
53132 5
53133 5
53134 5
53135 5
53136 5
53137 5
53138 5
53139 5
53140 5
53141 5
53142 5
53143 5
53144 5
53145 5
53146 5
53147 5
53148 5
53149 5
53150 5
53151 5
53152 5
53153 5
53154 5
53155 5
53156 5
53157 5
53158 5
53159 5
53160 5
53161 5
53162 5
53163 5
53164 5
53165 5
53166 5
53167 5
53168 5
53169 5
53170 5
53171 5
53172 5
53173 5
53174 5
53175 5
53176 5
53177 5
53178 5
53179 5
53180 5
53181 5
53182 5
53183 5
53184 5
53185 5
53186 5
53187 5
53188 5
53189 5
53190 5
53191 5
53192 5
53193 5
53194 5
53195 5
53196 5
53197 5
53198 5
53199 5
53200 5
53201 5
53202 5
53203 5
53204 5
53205 5
53206 5
53207 5
53208 5
53209 5
53210 5
53211 5
53212 5
53213 5
53214 5
53215 5
53216 5
53217 5
53218 5
53219 5
53220 5
53221 5
53222 5
53223 5
53224 5
53225 5
53226 5
53227 5
53228 5
53229 5
53230 5
53231 5
53232 5
53233 5
53234 5
53235 5
53236 5
53237 5
53238 5
53239 5
53240 5
53241 5
53242 5
53243 5
53244 5
53245 5
53246 5
53247 5
53248 5
53249 5
53250 5
53251 5
53252 5
53253 5
53254 5
53255 5
53256 5
53257 5
53258 5
53259 5
53260 5
53261 5
53262 5
53263 5
53264 5
53265 5
53266 5
53267 5
53268 5
53269 5
53270 5
53271 5
53272 5
53273 5
53274 5
53275 5
53276 5
53277 5
53278 5
53279 5
53280 5
53281 5
53282 5
53283 5
53284 5
53285 5
53286 5
53287 5
53288 5
53289 5
53290 5
53291 5
53292 5
53293 5
53294 5
53295 5
53296 5
53297 5
53298 5
53299 5
53300 5
53301 5
53302 5
53303 5
53304 5
53305 5
53306 5
53307 5
53308 5
53309 5
53310 5
53311 5
53312 5
53313 5
53314 5
53315 5
53316 5
53317 5
53318 5
53319 5
53320 5
53321 5
53322 5
53323 5
53324 5
53325 5
53326 5
53327 5
53328 5
53329 5
53330 5
53331 5
53332 5
53333 5
53334 5
53335 5
53336 5
53337 5
53338 5
53339 5
53340 5
53341 5
53342 5
53343 5
53344 5
53345 5
53346 5
53347 5
53348 5
53349 5
53350 5
53351 5
53352 5
