8000
215999 4
215997 4
215995 4
215993 4
215991 4
215989 4
215987 4
215985 4
215983 4
215981 4
215979 4
215977 4
215975 4
215973 4
215971 4
215969 4
215967 4
215965 4
215963 4
215961 4
215959 4
215957 4
215955 4
215953 4
215951 4
215949 4
215947 4
215945 4
215943 4
215941 4
215939 4
215937 4
215935 4
215933 4
215931 4
215929 4
215927 4
215925 4
215923 4
215921 4
215919 4
215917 4
215915 4
215913 4
215911 4
215909 4
215907 4
215905 4
215903 4
215901 4
215899 4
215897 4
215895 4
215893 4
215891 4
215889 4
215887 4
215885 4
215883 4
215881 4
215879 4
215877 4
215875 4
215873 4
215871 4
215869 4
215867 4
215865 4
215863 4
215861 4
215859 4
215857 4
215855 4
215853 4
215851 4
215849 4
215847 4
215845 4
215843 4
215841 4
215839 4
215837 4
215835 4
215833 4
215831 4
215829 4
215827 4
215825 4
215823 4
215821 4
215819 4
215817 4
215815 4
215813 4
215811 4
215809 4
215807 4
215805 4
215803 4
215801 4
215799 4
215797 4
215795 4
215793 4
215791 4
215789 4
215787 4
215785 4
215783 4
215781 4
215779 4
215777 4
215775 4
215773 4
215771 4
215769 4
215767 4
215765 4
215763 4
215761 4
215759 4
215757 4
215755 4
215753 4
215751 4
215749 4
215747 4
215745 4
215743 4
215741 4
215739 4
215737 4
215735 4
215733 4
215731 4
215729 4
215727 4
215725 4
215723 4
215721 4
215719 4
215717 4
215715 4
215713 4
215711 4
215709 4
215707 4
215705 4
215703 4
215701 4
215699 4
215697 4
215695 4
215693 4
215691 4
215689 4
215687 4
215685 4
215683 4
215681 4
215679 4
215677 4
215675 4
215673 4
215671 4
215669 4
215667 4
215665 4
215663 4
215661 4
215659 4
215657 4
215655 4
215653 4
215651 4
215649 4
215647 4
215645 4
215643 4
215641 4
215639 4
215637 4
215635 4
215633 4
215631 4
215629 4
215627 4
215625 4
215623 4
215621 4
215619 4
215617 4
215615 4
215613 4
215611 4
215609 4
215607 4
215605 4
215603 4
215601 4
215599 4
215597 4
215595 4
215593 4
215591 4
215589 4
215587 4
215585 4
215583 4
215581 4
215579 4
215577 4
215575 4
215573 4
215571 4
215569 4
215567 4
215565 4
215563 4
215561 4
215559 4
215557 4
215555 4
215553 4
215551 4
215549 4
215547 4
215545 4
215543 4
215541 4
215539 4
215537 4
215535 4
215533 4
215531 4
215529 4
215527 4
215525 4
215523 4
215521 4
215519 4
215517 4
215515 4
215513 4
215511 4
215509 4
215507 4
215505 4
215503 4
215501 4
215499 4
215497 4
215495 4
215493 4
215491 4
215489 4
215487 4
215485 4
215483 4
215481 4
215479 4
215477 4
215475 4
215473 4
215471 4
215469 4
215467 4
215465 4
215463 4
215461 4
215459 4
215457 4
215455 4
215453 4
215451 4
215449 4
215447 4
215445 4
215443 4
215441 4
215439 4
215437 4
215435 4
215433 4
215431 4
215429 4
215427 4
215425 4
215423 4
215421 4
215419 4
215417 4
215415 4
215413 4
215411 4
215409 4
215407 4
215405 4
215403 4
215401 4
215399 4
215397 4
215395 4
215393 4
215391 4
215389 4
215387 4
215385 4
215383 4
215381 4
215379 4
215377 4
215375 4
215373 4
215371 4
215369 4
215367 4
215365 4
215363 4
215361 4
215359 4
215357 4
215355 4
215353 4
215351 4
215349 4
215347 4
215345 4
215343 4
215341 4
215339 4
215337 4
215335 4
215333 4
215331 4
215329 4
215327 4
215325 4
215323 4
215321 4
215319 4
215317 4
215315 4
215313 4
215311 4
215309 4
215307 4
215305 4
215303 4
215301 4
215299 4
215297 4
215295 4
215293 4
215291 4
215289 4
215287 4
215285 4
215283 4
215281 4
215279 4
215277 4
215275 4
215273 4
215271 4
215269 4
215267 4
215265 4
215263 4
215261 4
215259 4
215257 4
215255 4
215253 4
215251 4
215249 4
215247 4
215245 4
215243 4
215241 4
215239 4
215237 4
215235 4
215233 4
215231 4
215229 4
215227 4
215225 4
215223 4
215221 4
215219 4
215217 4
215215 4
215213 4
215211 4
215209 4
215207 4
215205 4
215203 4
215201 4
215199 4
215197 4
215195 4
215193 4
215191 4
215189 4
215187 4
215185 4
215183 4
215181 4
215179 4
215177 4
215175 4
215173 4
215171 4
215169 4
215167 4
215165 4
215163 4
215161 4
215159 4
215157 4
215155 4
215153 4
215151 4
215149 4
215147 4
215145 4
215143 4
215141 4
215139 4
215137 4
215135 4
215133 4
215131 4
215129 4
215127 4
215125 4
215123 4
215121 4
215119 4
215117 4
215115 4
215113 4
215111 4
215109 4
215107 4
215105 4
215103 4
215101 4
215099 4
215097 4
215095 4
215093 4
215091 4
215089 4
215087 4
215085 4
215083 4
215081 4
215079 4
215077 4
215075 4
215073 4
215071 4
215069 4
215067 4
215065 4
215063 4
215061 4
215059 4
215057 4
215055 4
215053 4
215051 4
215049 4
215047 4
215045 4
215043 4
215041 4
215039 4
215037 4
215035 4
215033 4
215031 4
215029 4
215027 4
215025 4
215023 4
215021 4
215019 4
215017 4
215015 4
215013 4
215011 4
215009 4
215007 4
215005 4
215003 4
215001 4
214999 4
214997 4
214995 4
214993 4
214991 4
214989 4
214987 4
214985 4
214983 4
214981 4
214979 4
214977 4
214975 4
214973 4
214971 4
214969 4
214967 4
214965 4
214963 4
214961 4
214959 4
214957 4
214955 4
214953 4
214951 4
214949 4
214947 4
214945 4
214943 4
214941 4
214939 4
214937 4
214935 4
214933 4
214931 4
214929 4
214927 4
214925 4
214923 4
214921 4
214919 4
214917 4
214915 4
214913 4
214911 4
214909 4
214907 4
214905 4
214903 4
214901 4
214899 4
214897 4
214895 4
214893 4
214891 4
214889 4
214887 4
214885 4
214883 4
214881 4
214879 4
214877 4
214875 4
214873 4
214871 4
214869 4
214867 4
214865 4
214863 4
214861 4
214859 4
214857 4
214855 4
214853 4
214851 4
214849 4
214847 4
214845 4
214843 4
214841 4
214839 4
214837 4
214835 4
214833 4
214831 4
214829 4
214827 4
214825 4
214823 4
214821 4
214819 4
214817 4
214815 4
214813 4
214811 4
214809 4
214807 4
214805 4
214803 4
214801 4
214799 4
214797 4
214795 4
214793 4
214791 4
214789 4
214787 4
214785 4
214783 4
214781 4
214779 4
214777 4
214775 4
214773 4
214771 4
214769 4
214767 4
214765 4
214763 4
214761 4
214759 4
214757 4
214755 4
214753 4
214751 4
214749 4
214747 4
214745 4
214743 4
214741 4
214739 4
214737 4
214735 4
214733 4
214731 4
214729 4
214727 4
214725 4
214723 4
214721 4
214719 4
214717 4
214715 4
214713 4
214711 4
214709 4
214707 4
214705 4
214703 4
214701 4
214699 4
214697 4
214695 4
214693 4
214691 4
214689 4
214687 4
214685 4
214683 4
214681 4
214679 4
214677 4
214675 4
214673 4
214671 4
214669 4
214667 4
214665 4
214663 4
214661 4
214659 4
214657 4
214655 4
214653 4
214651 4
214649 4
214647 4
214645 4
214643 4
214641 4
214639 4
214637 4
214635 4
214633 4
214631 4
214629 4
214627 4
214625 4
214623 4
214621 4
214619 4
214617 4
214615 4
214613 4
214611 4
214609 4
214607 4
214605 4
214603 4
214601 4
214599 4
214597 4
214595 4
214593 4
214591 4
214589 4
214587 4
214585 4
214583 4
214581 4
214579 4
214577 4
214575 4
214573 4
214571 4
214569 4
214567 4
214565 4
214563 4
214561 4
214559 4
214557 4
214555 4
214553 4
214551 4
214549 4
214547 4
214545 4
214543 4
214541 4
214539 4
214537 4
214535 4
214533 4
214531 4
214529 4
214527 4
214525 4
214523 4
214521 4
214519 4
214517 4
214515 4
214513 4
214511 4
214509 4
214507 4
214505 4
214503 4
214501 4
214499 4
214497 4
214495 4
214493 4
214491 4
214489 4
214487 4
214485 4
214483 4
214481 4
214479 4
214477 4
214475 4
214473 4
214471 4
214469 4
214467 4
214465 4
214463 4
214461 4
214459 4
214457 4
214455 4
214453 4
214451 4
214449 4
214447 4
214445 4
214443 4
214441 4
214439 4
214437 4
214435 4
214433 4
214431 4
214429 4
214427 4
214425 4
214423 4
214421 4
214419 4
214417 4
214415 4
214413 4
214411 4
214409 4
214407 4
214405 4
214403 4
214401 4
214399 4
214397 4
214395 4
214393 4
214391 4
214389 4
214387 4
214385 4
214383 4
214381 4
214379 4
214377 4
214375 4
214373 4
214371 4
214369 4
214367 4
214365 4
214363 4
214361 4
214359 4
214357 4
214355 4
214353 4
214351 4
214349 4
214347 4
214345 4
214343 4
214341 4
214339 4
214337 4
214335 4
214333 4
214331 4
214329 4
214327 4
214325 4
214323 4
214321 4
214319 4
214317 4
214315 4
214313 4
214311 4
214309 4
214307 4
214305 4
214303 4
214301 4
214299 4
214297 4
214295 4
214293 4
214291 4
214289 4
214287 4
214285 4
214283 4
214281 4
214279 4
214277 4
214275 4
214273 4
214271 4
214269 4
214267 4
214265 4
214263 4
214261 4
214259 4
214257 4
214255 4
214253 4
214251 4
214249 4
214247 4
214245 4
214243 4
214241 4
214239 4
214237 4
214235 4
214233 4
214231 4
214229 4
214227 4
214225 4
214223 4
214221 4
214219 4
214217 4
214215 4
214213 4
214211 4
214209 4
214207 4
214205 4
214203 4
214201 4
214199 4
214197 4
214195 4
214193 4
214191 4
214189 4
214187 4
214185 4
214183 4
214181 4
214179 4
214177 4
214175 4
214173 4
214171 4
214169 4
214167 4
214165 4
214163 4
214161 4
214159 4
214157 4
214155 4
214153 4
214151 4
214149 4
214147 4
214145 4
214143 4
214141 4
214139 4
214137 4
214135 4
214133 4
214131 4
214129 4
214127 4
214125 4
214123 4
214121 4
214119 4
214117 4
214115 4
214113 4
214111 4
214109 4
214107 4
214105 4
214103 4
214101 4
214099 4
214097 4
214095 4
214093 4
214091 4
214089 4
214087 4
214085 4
214083 4
214081 4
214079 4
214077 4
214075 4
214073 4
214071 4
214069 4
214067 4
214065 4
214063 4
214061 4
214059 4
214057 4
214055 4
214053 4
214051 4
214049 4
214047 4
214045 4
214043 4
214041 4
214039 4
214037 4
214035 4
214033 4
214031 4
214029 4
214027 4
214025 4
214023 4
214021 4
214019 4
214017 4
214015 4
214013 4
214011 4
214009 4
214007 4
214005 4
214003 4
214001 4
213999 4
213997 4
213995 4
213993 4
213991 4
213989 4
213987 4
213985 4
213983 4
213981 4
213979 4
213977 4
213975 4
213973 4
213971 4
213969 4
213967 4
213965 4
213963 4
213961 4
213959 4
213957 4
213955 4
213953 4
213951 4
213949 4
213947 4
213945 4
213943 4
213941 4
213939 4
213937 4
213935 4
213933 4
213931 4
213929 4
213927 4
213925 4
213923 4
213921 4
213919 4
213917 4
213915 4
213913 4
213911 4
213909 4
213907 4
213905 4
213903 4
213901 4
213899 4
213897 4
213895 4
213893 4
213891 4
213889 4
213887 4
213885 4
213883 4
213881 4
213879 4
213877 4
213875 4
213873 4
213871 4
213869 4
213867 4
213865 4
213863 4
213861 4
213859 4
213857 4
213855 4
213853 4
213851 4
213849 4
213847 4
213845 4
213843 4
213841 4
213839 4
213837 4
213835 4
213833 4
213831 4
213829 4
213827 4
213825 4
213823 4
213821 4
213819 4
213817 4
213815 4
213813 4
213811 4
213809 4
213807 4
213805 4
213803 4
213801 4
213799 4
213797 4
213795 4
213793 4
213791 4
213789 4
213787 4
213785 4
213783 4
213781 4
213779 4
213777 4
213775 4
213773 4
213771 4
213769 4
213767 4
213765 4
213763 4
213761 4
213759 4
213757 4
213755 4
213753 4
213751 4
213749 4
213747 4
213745 4
213743 4
213741 4
213739 4
213737 4
213735 4
213733 4
213731 4
213729 4
213727 4
213725 4
213723 4
213721 4
213719 4
213717 4
213715 4
213713 4
213711 4
213709 4
213707 4
213705 4
213703 4
213701 4
213699 4
213697 4
213695 4
213693 4
213691 4
213689 4
213687 4
213685 4
213683 4
213681 4
213679 4
213677 4
213675 4
213673 4
213671 4
213669 4
213667 4
213665 4
213663 4
213661 4
213659 4
213657 4
213655 4
213653 4
213651 4
213649 4
213647 4
213645 4
213643 4
213641 4
213639 4
213637 4
213635 4
213633 4
213631 4
213629 4
213627 4
213625 4
213623 4
213621 4
213619 4
213617 4
213615 4
213613 4
213611 4
213609 4
213607 4
213605 4
213603 4
213601 4
213599 4
213597 4
213595 4
213593 4
213591 4
213589 4
213587 4
213585 4
213583 4
213581 4
213579 4
213577 4
213575 4
213573 4
213571 4
213569 4
213567 4
213565 4
213563 4
213561 4
213559 4
213557 4
213555 4
213553 4
213551 4
213549 4
213547 4
213545 4
213543 4
213541 4
213539 4
213537 4
213535 4
213533 4
213531 4
213529 4
213527 4
213525 4
213523 4
213521 4
213519 4
213517 4
213515 4
213513 4
213511 4
213509 4
213507 4
213505 4
213503 4
213501 4
213499 4
213497 4
213495 4
213493 4
213491 4
213489 4
213487 4
213485 4
213483 4
213481 4
213479 4
213477 4
213475 4
213473 4
213471 4
213469 4
213467 4
213465 4
213463 4
213461 4
213459 4
213457 4
213455 4
213453 4
213451 4
213449 4
213447 4
213445 4
213443 4
213441 4
213439 4
213437 4
213435 4
213433 4
213431 4
213429 4
213427 4
213425 4
213423 4
213421 4
213419 4
213417 4
213415 4
213413 4
213411 4
213409 4
213407 4
213405 4
213403 4
213401 4
213399 4
213397 4
213395 4
213393 4
213391 4
213389 4
213387 4
213385 4
213383 4
213381 4
213379 4
213377 4
213375 4
213373 4
213371 4
213369 4
213367 4
213365 4
213363 4
213361 4
213359 4
213357 4
213355 4
213353 4
213351 4
213349 4
213347 4
213345 4
213343 4
213341 4
213339 4
213337 4
213335 4
213333 4
213331 4
213329 4
213327 4
213325 4
213323 4
213321 4
213319 4
213317 4
213315 4
213313 4
213311 4
213309 4
213307 4
213305 4
213303 4
213301 4
213299 4
213297 4
213295 4
213293 4
213291 4
213289 4
213287 4
213285 4
213283 4
213281 4
213279 4
213277 4
213275 4
213273 4
213271 4
213269 4
213267 4
213265 4
213263 4
213261 4
213259 4
213257 4
213255 4
213253 4
213251 4
213249 4
213247 4
213245 4
213243 4
213241 4
213239 4
213237 4
213235 4
213233 4
213231 4
213229 4
213227 4
213225 4
213223 4
213221 4
213219 4
213217 4
213215 4
213213 4
213211 4
213209 4
213207 4
213205 4
213203 4
213201 4
213199 4
213197 4
213195 4
213193 4
213191 4
213189 4
213187 4
213185 4
213183 4
213181 4
213179 4
213177 4
213175 4
213173 4
213171 4
213169 4
213167 4
213165 4
213163 4
213161 4
213159 4
213157 4
213155 4
213153 4
213151 4
213149 4
213147 4
213145 4
213143 4
213141 4
213139 4
213137 4
213135 4
213133 4
213131 4
213129 4
213127 4
213125 4
213123 4
213121 4
213119 4
213117 4
213115 4
213113 4
213111 4
213109 4
213107 4
213105 4
213103 4
213101 4
213099 4
213097 4
213095 4
213093 4
213091 4
213089 4
213087 4
213085 4
213083 4
213081 4
213079 4
213077 4
213075 4
213073 4
213071 4
213069 4
213067 4
213065 4
213063 4
213061 4
213059 4
213057 4
213055 4
213053 4
213051 4
213049 4
213047 4
213045 4
213043 4
213041 4
213039 4
213037 4
213035 4
213033 4
213031 4
213029 4
213027 4
213025 4
213023 4
213021 4
213019 4
213017 4
213015 4
213013 4
213011 4
213009 4
213007 4
213005 4
213003 4
213001 4
212999 4
212997 4
212995 4
212993 4
212991 4
212989 4
212987 4
212985 4
212983 4
212981 4
212979 4
212977 4
212975 4
212973 4
212971 4
212969 4
212967 4
212965 4
212963 4
212961 4
212959 4
212957 4
212955 4
212953 4
212951 4
212949 4
212947 4
212945 4
212943 4
212941 4
212939 4
212937 4
212935 4
212933 4
212931 4
212929 4
212927 4
212925 4
212923 4
212921 4
212919 4
212917 4
212915 4
212913 4
212911 4
212909 4
212907 4
212905 4
212903 4
212901 4
212899 4
212897 4
212895 4
212893 4
212891 4
212889 4
212887 4
212885 4
212883 4
212881 4
212879 4
212877 4
212875 4
212873 4
212871 4
212869 4
212867 4
212865 4
212863 4
212861 4
212859 4
212857 4
212855 4
212853 4
212851 4
212849 4
212847 4
212845 4
212843 4
212841 4
212839 4
212837 4
212835 4
212833 4
212831 4
212829 4
212827 4
212825 4
212823 4
212821 4
212819 4
212817 4
212815 4
212813 4
212811 4
212809 4
212807 4
212805 4
212803 4
212801 4
212001 6
212021 6
212041 6
212061 6
212081 6
212101 6
212121 6
212141 6
212161 6
212181 6
212201 6
212221 6
212241 6
212261 6
212281 6
212301 6
212321 6
212341 6
212361 6
212381 6
212401 6
212421 6
212441 6
212461 6
212481 6
212501 6
212521 6
212541 6
212561 6
212581 6
212601 6
212621 6
212641 6
212661 6
212681 6
212701 6
212721 6
212741 6
212761 6
212781 6
212002 6
212022 6
212042 6
212062 6
212082 6
212102 6
212122 6
212142 6
212162 6
212182 6
212202 6
212222 6
212242 6
212262 6
212282 6
212302 6
212322 6
212342 6
212362 6
212382 6
212402 6
212422 6
212442 6
212462 6
212482 6
212502 6
212522 6
212542 6
212562 6
212582 6
212602 6
212622 6
212642 6
212662 6
212682 6
212702 6
212722 6
212742 6
212762 6
212782 6
212003 6
212023 6
212043 6
212063 6
212083 6
212103 6
212123 6
212143 6
212163 6
212183 6
212203 6
212223 6
212243 6
212263 6
212283 6
212303 6
212323 6
212343 6
212363 6
212383 6
212403 6
212423 6
212443 6
212463 6
212483 6
212503 6
212523 6
212543 6
212563 6
212583 6
212603 6
212623 6
212643 6
212663 6
212683 6
212703 6
212723 6
212743 6
212763 6
212783 6
212004 6
212024 6
212044 6
212064 6
212084 6
212104 6
212124 6
212144 6
212164 6
212184 6
212204 6
212224 6
212244 6
212264 6
212284 6
212304 6
212324 6
212344 6
212364 6
212384 6
212404 6
212424 6
212444 6
212464 6
212484 6
212504 6
212524 6
212544 6
212564 6
212584 6
212604 6
212624 6
212644 6
212664 6
212684 6
212704 6
212724 6
212744 6
212764 6
212784 6
212005 6
212025 6
212045 6
212065 6
212085 6
212105 6
212125 6
212145 6
212165 6
212185 6
212205 6
212225 6
212245 6
212265 6
212285 6
212305 6
212325 6
212345 6
212365 6
212385 6
212405 6
212425 6
212445 6
212465 6
212485 6
212505 6
212525 6
212545 6
212565 6
212585 6
212605 6
212625 6
212645 6
212665 6
212685 6
212705 6
212725 6
212745 6
212765 6
212785 6
212006 6
212026 6
212046 6
212066 6
212086 6
212106 6
212126 6
212146 6
212166 6
212186 6
212206 6
212226 6
212246 6
212266 6
212286 6
212306 6
212326 6
212346 6
212366 6
212386 6
212406 6
212426 6
212446 6
212466 6
212486 6
212506 6
212526 6
212546 6
212566 6
212586 6
212606 6
212626 6
212646 6
212666 6
212686 6
212706 6
212726 6
212746 6
212766 6
212786 6
212007 6
212027 6
212047 6
212067 6
212087 6
212107 6
212127 6
212147 6
212167 6
212187 6
212207 6
212227 6
212247 6
212267 6
212287 6
212307 6
212327 6
212347 6
212367 6
212387 6
212407 6
212427 6
212447 6
212467 6
212487 6
212507 6
212527 6
212547 6
212567 6
212587 6
212607 6
212627 6
212647 6
212667 6
212687 6
212707 6
212727 6
212747 6
212767 6
212787 6
212008 6
212028 6
212048 6
212068 6
212088 6
212108 6
212128 6
212148 6
212168 6
212188 6
212208 6
212228 6
212248 6
212268 6
212288 6
212308 6
212328 6
212348 6
212368 6
212388 6
212408 6
212428 6
212448 6
212468 6
212488 6
212508 6
212528 6
212548 6
212568 6
212588 6
212608 6
212628 6
212648 6
212668 6
212688 6
212708 6
212728 6
212748 6
212768 6
212788 6
212009 6
212029 6
212049 6
212069 6
212089 6
212109 6
212129 6
212149 6
212169 6
212189 6
212209 6
212229 6
212249 6
212269 6
212289 6
212309 6
212329 6
212349 6
212369 6
212389 6
212409 6
212429 6
212449 6
212469 6
212489 6
212509 6
212529 6
212549 6
212569 6
212589 6
212609 6
212629 6
212649 6
212669 6
212689 6
212709 6
212729 6
212749 6
212769 6
212789 6
212010 6
212030 6
212050 6
212070 6
212090 6
212110 6
212130 6
212150 6
212170 6
212190 6
212210 6
212230 6
212250 6
212270 6
212290 6
212310 6
212330 6
212350 6
212370 6
212390 6
212410 6
212430 6
212450 6
212470 6
212490 6
212510 6
212530 6
212550 6
212570 6
212590 6
212610 6
212630 6
212650 6
212670 6
212690 6
212710 6
212730 6
212750 6
212770 6
212790 6
212011 6
212031 6
212051 6
212071 6
212091 6
212111 6
212131 6
212151 6
212171 6
212191 6
212211 6
212231 6
212251 6
212271 6
212291 6
212311 6
212331 6
212351 6
212371 6
212391 6
212411 6
212431 6
212451 6
212471 6
212491 6
212511 6
212531 6
212551 6
212571 6
212591 6
212611 6
212631 6
212651 6
212671 6
212691 6
212711 6
212731 6
212751 6
212771 6
212791 6
212012 6
212032 6
212052 6
212072 6
212092 6
212112 6
212132 6
212152 6
212172 6
212192 6
212212 6
212232 6
212252 6
212272 6
212292 6
212312 6
212332 6
212352 6
212372 6
212392 6
212412 6
212432 6
212452 6
212472 6
212492 6
212512 6
212532 6
212552 6
212572 6
212592 6
212612 6
212632 6
212652 6
212672 6
212692 6
212712 6
212732 6
212752 6
212772 6
212792 6
212013 6
212033 6
212053 6
212073 6
212093 6
212113 6
212133 6
212153 6
212173 6
212193 6
212213 6
212233 6
212253 6
212273 6
212293 6
212313 6
212333 6
212353 6
212373 6
212393 6
212413 6
212433 6
212453 6
212473 6
212493 6
212513 6
212533 6
212553 6
212573 6
212593 6
212613 6
212633 6
212653 6
212673 6
212693 6
212713 6
212733 6
212753 6
212773 6
212793 6
212014 6
212034 6
212054 6
212074 6
212094 6
212114 6
212134 6
212154 6
212174 6
212194 6
212214 6
212234 6
212254 6
212274 6
212294 6
212314 6
212334 6
212354 6
212374 6
212394 6
212414 6
212434 6
212454 6
212474 6
212494 6
212514 6
212534 6
212554 6
212574 6
212594 6
212614 6
212634 6
212654 6
212674 6
212694 6
212714 6
212734 6
212754 6
212774 6
212794 6
212015 6
212035 6
212055 6
212075 6
212095 6
212115 6
212135 6
212155 6
212175 6
212195 6
212215 6
212235 6
212255 6
212275 6
212295 6
212315 6
212335 6
212355 6
212375 6
212395 6
212415 6
212435 6
212455 6
212475 6
212495 6
212515 6
212535 6
212555 6
212575 6
212595 6
212615 6
212635 6
212655 6
212675 6
212695 6
212715 6
212735 6
212755 6
212775 6
212795 6
212016 6
212036 6
212056 6
212076 6
212096 6
212116 6
212136 6
212156 6
212176 6
212196 6
212216 6
212236 6
212256 6
212276 6
212296 6
212316 6
212336 6
212356 6
212376 6
212396 6
212416 6
212436 6
212456 6
212476 6
212496 6
212516 6
212536 6
212556 6
212576 6
212596 6
212616 6
212636 6
212656 6
212676 6
212696 6
212716 6
212736 6
212756 6
212776 6
212796 6
212017 6
212037 6
212057 6
212077 6
212097 6
212117 6
212137 6
212157 6
212177 6
212197 6
212217 6
212237 6
212257 6
212277 6
212297 6
212317 6
212337 6
212357 6
212377 6
212397 6
212417 6
212437 6
212457 6
212477 6
212497 6
212517 6
212537 6
212557 6
212577 6
212597 6
212617 6
212637 6
212657 6
212677 6
212697 6
212717 6
212737 6
212757 6
212777 6
212797 6
212018 6
212038 6
212058 6
212078 6
212098 6
212118 6
212138 6
212158 6
212178 6
212198 6
212218 6
212238 6
212258 6
212278 6
212298 6
212318 6
212338 6
212358 6
212378 6
212398 6
212418 6
212438 6
212458 6
212478 6
212498 6
212518 6
212538 6
212558 6
212578 6
212598 6
212618 6
212638 6
212658 6
212678 6
212698 6
212718 6
212738 6
212758 6
212778 6
212798 6
212019 6
212039 6
212059 6
212079 6
212099 6
212119 6
212139 6
212159 6
212179 6
212199 6
212219 6
212239 6
212259 6
212279 6
212299 6
212319 6
212339 6
212359 6
212379 6
212399 6
212419 6
212439 6
212459 6
212479 6
212499 6
212519 6
212539 6
212559 6
212579 6
212599 6
212619 6
212639 6
212659 6
212679 6
212699 6
212719 6
212739 6
212759 6
212779 6
212799 6
212020 6
212040 6
212060 6
212080 6
212100 6
212120 6
212140 6
212160 6
212180 6
212200 6
212220 6
212240 6
212260 6
212280 6
212300 6
212320 6
212340 6
212360 6
212380 6
212400 6
212420 6
212440 6
212460 6
212480 6
212500 6
212520 6
212540 6
212560 6
212580 6
212600 6
212620 6
212640 6
212660 6
212680 6
212700 6
212720 6
212740 6
212760 6
212780 6
212800 6
211199 4
211197 4
211195 4
211193 4
211191 4
211189 4
211187 4
211185 4
211183 4
211181 4
211179 4
211177 4
211175 4
211173 4
211171 4
211169 4
211167 4
211165 4
211163 4
211161 4
211159 4
211157 4
211155 4
211153 4
211151 4
211149 4
211147 4
211145 4
211143 4
211141 4
211139 4
211137 4
211135 4
211133 4
211131 4
211129 4
211127 4
211125 4
211123 4
211121 4
211119 4
211117 4
211115 4
211113 4
211111 4
211109 4
211107 4
211105 4
211103 4
211101 4
211099 4
211097 4
211095 4
211093 4
211091 4
211089 4
211087 4
211085 4
211083 4
211081 4
211079 4
211077 4
211075 4
211073 4
211071 4
211069 4
211067 4
211065 4
211063 4
211061 4
211059 4
211057 4
211055 4
211053 4
211051 4
211049 4
211047 4
211045 4
211043 4
211041 4
211039 4
211037 4
211035 4
211033 4
211031 4
211029 4
211027 4
211025 4
211023 4
211021 4
211019 4
211017 4
211015 4
211013 4
211011 4
211009 4
211007 4
211005 4
211003 4
211001 4
210999 4
210997 4
210995 4
210993 4
210991 4
210989 4
210987 4
210985 4
210983 4
210981 4
210979 4
210977 4
210975 4
210973 4
210971 4
210969 4
210967 4
210965 4
210963 4
210961 4
210959 4
210957 4
210955 4
210953 4
210951 4
210949 4
210947 4
210945 4
210943 4
210941 4
210939 4
210937 4
210935 4
210933 4
210931 4
210929 4
210927 4
210925 4
210923 4
210921 4
210919 4
210917 4
210915 4
210913 4
210911 4
210909 4
210907 4
210905 4
210903 4
210901 4
210899 4
210897 4
210895 4
210893 4
210891 4
210889 4
210887 4
210885 4
210883 4
210881 4
210879 4
210877 4
210875 4
210873 4
210871 4
210869 4
210867 4
210865 4
210863 4
210861 4
210859 4
210857 4
210855 4
210853 4
210851 4
210849 4
210847 4
210845 4
210843 4
210841 4
210839 4
210837 4
210835 4
210833 4
210831 4
210829 4
210827 4
210825 4
210823 4
210821 4
210819 4
210817 4
210815 4
210813 4
210811 4
210809 4
210807 4
210805 4
210803 4
210801 4
210799 4
210797 4
210795 4
210793 4
210791 4
210789 4
210787 4
210785 4
210783 4
210781 4
210779 4
210777 4
210775 4
210773 4
210771 4
210769 4
210767 4
210765 4
210763 4
210761 4
210759 4
210757 4
210755 4
210753 4
210751 4
210749 4
210747 4
210745 4
210743 4
210741 4
210739 4
210737 4
210735 4
210733 4
210731 4
210729 4
210727 4
210725 4
210723 4
210721 4
210719 4
210717 4
210715 4
210713 4
210711 4
210709 4
210707 4
210705 4
210703 4
210701 4
210699 4
210697 4
210695 4
210693 4
210691 4
210689 4
210687 4
210685 4
210683 4
210681 4
210679 4
210677 4
210675 4
210673 4
210671 4
210669 4
210667 4
210665 4
210663 4
210661 4
210659 4
210657 4
210655 4
210653 4
210651 4
210649 4
210647 4
210645 4
210643 4
210641 4
210639 4
210637 4
210635 4
210633 4
210631 4
210629 4
210627 4
210625 4
210623 4
210621 4
210619 4
210617 4
210615 4
210613 4
210611 4
210609 4
210607 4
210605 4
210603 4
210601 4
210599 4
210597 4
210595 4
210593 4
210591 4
210589 4
210587 4
210585 4
210583 4
210581 4
210579 4
210577 4
210575 4
210573 4
210571 4
210569 4
210567 4
210565 4
210563 4
210561 4
210559 4
210557 4
210555 4
210553 4
210551 4
210549 4
210547 4
210545 4
210543 4
210541 4
210539 4
210537 4
210535 4
210533 4
210531 4
210529 4
210527 4
210525 4
210523 4
210521 4
210519 4
210517 4
210515 4
210513 4
210511 4
210509 4
210507 4
210505 4
210503 4
210501 4
210499 4
210497 4
210495 4
210493 4
210491 4
210489 4
210487 4
210485 4
210483 4
210481 4
210479 4
210477 4
210475 4
210473 4
210471 4
210469 4
210467 4
210465 4
210463 4
210461 4
210459 4
210457 4
210455 4
210453 4
210451 4
210449 4
210447 4
210445 4
210443 4
210441 4
210439 4
210437 4
210435 4
210433 4
210431 4
210429 4
210427 4
210425 4
210423 4
210421 4
210419 4
210417 4
210415 4
210413 4
210411 4
210409 4
210407 4
210405 4
210403 4
210401 4
210399 4
210397 4
210395 4
210393 4
210391 4
210389 4
210387 4
210385 4
210383 4
210381 4
210379 4
210377 4
210375 4
210373 4
210371 4
210369 4
210367 4
210365 4
210363 4
210361 4
210359 4
210357 4
210355 4
210353 4
210351 4
210349 4
210347 4
210345 4
210343 4
210341 4
210339 4
210337 4
210335 4
210333 4
210331 4
210329 4
210327 4
210325 4
210323 4
210321 4
210319 4
210317 4
210315 4
210313 4
210311 4
210309 4
210307 4
210305 4
210303 4
210301 4
210299 4
210297 4
210295 4
210293 4
210291 4
210289 4
210287 4
210285 4
210283 4
210281 4
210279 4
210277 4
210275 4
210273 4
210271 4
210269 4
210267 4
210265 4
210263 4
210261 4
210259 4
210257 4
210255 4
210253 4
210251 4
210249 4
210247 4
210245 4
210243 4
210241 4
210239 4
210237 4
210235 4
210233 4
210231 4
210229 4
210227 4
210225 4
210223 4
210221 4
210219 4
210217 4
210215 4
210213 4
210211 4
210209 4
210207 4
210205 4
210203 4
210201 4
210199 4
210197 4
210195 4
210193 4
210191 4
210189 4
210187 4
210185 4
210183 4
210181 4
210179 4
210177 4
210175 4
210173 4
210171 4
210169 4
210167 4
210165 4
210163 4
210161 4
210159 4
210157 4
210155 4
210153 4
210151 4
210149 4
210147 4
210145 4
210143 4
210141 4
210139 4
210137 4
210135 4
210133 4
210131 4
210129 4
210127 4
210125 4
210123 4
210121 4
210119 4
210117 4
210115 4
210113 4
210111 4
210109 4
210107 4
210105 4
210103 4
210101 4
210099 4
210097 4
210095 4
210093 4
210091 4
210089 4
210087 4
210085 4
210083 4
210081 4
210079 4
210077 4
210075 4
210073 4
210071 4
210069 4
210067 4
210065 4
210063 4
210061 4
210059 4
210057 4
210055 4
210053 4
210051 4
210049 4
210047 4
210045 4
210043 4
210041 4
210039 4
210037 4
210035 4
210033 4
210031 4
210029 4
210027 4
210025 4
210023 4
210021 4
210019 4
210017 4
210015 4
210013 4
210011 4
210009 4
210007 4
210005 4
210003 4
210001 4
209999 4
209997 4
209995 4
209993 4
209991 4
209989 4
209987 4
209985 4
209983 4
209981 4
209979 4
209977 4
209975 4
209973 4
209971 4
209969 4
209967 4
209965 4
209963 4
209961 4
209959 4
209957 4
209955 4
209953 4
209951 4
209949 4
209947 4
209945 4
209943 4
209941 4
209939 4
209937 4
209935 4
209933 4
209931 4
209929 4
209927 4
209925 4
209923 4
209921 4
209919 4
209917 4
209915 4
209913 4
209911 4
209909 4
209907 4
209905 4
209903 4
209901 4
209899 4
209897 4
209895 4
209893 4
209891 4
209889 4
209887 4
209885 4
209883 4
209881 4
209879 4
209877 4
209875 4
209873 4
209871 4
209869 4
209867 4
209865 4
209863 4
209861 4
209859 4
209857 4
209855 4
209853 4
209851 4
209849 4
209847 4
209845 4
209843 4
209841 4
209839 4
209837 4
209835 4
209833 4
209831 4
209829 4
209827 4
209825 4
209823 4
209821 4
209819 4
209817 4
209815 4
209813 4
209811 4
209809 4
209807 4
209805 4
209803 4
209801 4
209799 4
209797 4
209795 4
209793 4
209791 4
209789 4
209787 4
209785 4
209783 4
209781 4
209779 4
209777 4
209775 4
209773 4
209771 4
209769 4
209767 4
209765 4
209763 4
209761 4
209759 4
209757 4
209755 4
209753 4
209751 4
209749 4
209747 4
209745 4
209743 4
209741 4
209739 4
209737 4
209735 4
209733 4
209731 4
209729 4
209727 4
209725 4
209723 4
209721 4
209719 4
209717 4
209715 4
209713 4
209711 4
209709 4
209707 4
209705 4
209703 4
209701 4
209699 4
209697 4
209695 4
209693 4
209691 4
209689 4
209687 4
209685 4
209683 4
209681 4
209679 4
209677 4
209675 4
209673 4
209671 4
209669 4
209667 4
209665 4
209663 4
209661 4
209659 4
209657 4
209655 4
209653 4
209651 4
209649 4
209647 4
209645 4
209643 4
209641 4
209639 4
209637 4
209635 4
209633 4
209631 4
209629 4
209627 4
209625 4
209623 4
209621 4
209619 4
209617 4
209615 4
209613 4
209611 4
209609 4
209607 4
209605 4
209603 4
209601 4
209599 4
209597 4
209595 4
209593 4
209591 4
209589 4
209587 4
209585 4
209583 4
209581 4
209579 4
209577 4
209575 4
209573 4
209571 4
209569 4
209567 4
209565 4
209563 4
209561 4
209559 4
209557 4
209555 4
209553 4
209551 4
209549 4
209547 4
209545 4
209543 4
209541 4
209539 4
209537 4
209535 4
209533 4
209531 4
209529 4
209527 4
209525 4
209523 4
209521 4
209519 4
209517 4
209515 4
209513 4
209511 4
209509 4
209507 4
209505 4
209503 4
209501 4
209499 4
209497 4
209495 4
209493 4
209491 4
209489 4
209487 4
209485 4
209483 4
209481 4
209479 4
209477 4
209475 4
209473 4
209471 4
209469 4
209467 4
209465 4
209463 4
209461 4
209459 4
209457 4
209455 4
209453 4
209451 4
209449 4
209447 4
209445 4
209443 4
209441 4
209439 4
209437 4
209435 4
209433 4
209431 4
209429 4
209427 4
209425 4
209423 4
209421 4
209419 4
209417 4
209415 4
209413 4
209411 4
209409 4
209407 4
209405 4
209403 4
209401 4
209399 4
209397 4
209395 4
209393 4
209391 4
209389 4
209387 4
209385 4
209383 4
209381 4
209379 4
209377 4
209375 4
209373 4
209371 4
209369 4
209367 4
209365 4
209363 4
209361 4
209359 4
209357 4
209355 4
209353 4
209351 4
209349 4
209347 4
209345 4
209343 4
209341 4
209339 4
209337 4
209335 4
209333 4
209331 4
209329 4
209327 4
209325 4
209323 4
209321 4
209319 4
209317 4
209315 4
209313 4
209311 4
209309 4
209307 4
209305 4
209303 4
209301 4
209299 4
209297 4
209295 4
209293 4
209291 4
209289 4
209287 4
209285 4
209283 4
209281 4
209279 4
209277 4
209275 4
209273 4
209271 4
209269 4
209267 4
209265 4
209263 4
209261 4
209259 4
209257 4
209255 4
209253 4
209251 4
209249 4
209247 4
209245 4
209243 4
209241 4
209239 4
209237 4
209235 4
209233 4
209231 4
209229 4
209227 4
209225 4
209223 4
209221 4
209219 4
209217 4
209215 4
209213 4
209211 4
209209 4
209207 4
209205 4
209203 4
209201 4
209199 4
209197 4
209195 4
209193 4
209191 4
209189 4
209187 4
209185 4
209183 4
209181 4
209179 4
209177 4
209175 4
209173 4
209171 4
209169 4
209167 4
209165 4
209163 4
209161 4
209159 4
209157 4
209155 4
209153 4
209151 4
209149 4
209147 4
209145 4
209143 4
209141 4
209139 4
209137 4
209135 4
209133 4
209131 4
209129 4
209127 4
209125 4
209123 4
209121 4
209119 4
209117 4
209115 4
209113 4
209111 4
209109 4
209107 4
209105 4
209103 4
209101 4
209099 4
209097 4
209095 4
209093 4
209091 4
209089 4
209087 4
209085 4
209083 4
209081 4
209079 4
209077 4
209075 4
209073 4
209071 4
209069 4
209067 4
209065 4
209063 4
209061 4
209059 4
209057 4
209055 4
209053 4
209051 4
209049 4
209047 4
209045 4
209043 4
209041 4
209039 4
209037 4
209035 4
209033 4
209031 4
209029 4
209027 4
209025 4
209023 4
209021 4
209019 4
209017 4
209015 4
209013 4
209011 4
209009 4
209007 4
209005 4
209003 4
209001 4
208999 4
208997 4
208995 4
208993 4
208991 4
208989 4
208987 4
208985 4
208983 4
208981 4
208979 4
208977 4
208975 4
208973 4
208971 4
208969 4
208967 4
208965 4
208963 4
208961 4
208959 4
208957 4
208955 4
208953 4
208951 4
208949 4
208947 4
208945 4
208943 4
208941 4
208939 4
208937 4
208935 4
208933 4
208931 4
208929 4
208927 4
208925 4
208923 4
208921 4
208919 4
208917 4
208915 4
208913 4
208911 4
208909 4
208907 4
208905 4
208903 4
208901 4
208899 4
208897 4
208895 4
208893 4
208891 4
208889 4
208887 4
208885 4
208883 4
208881 4
208879 4
208877 4
208875 4
208873 4
208871 4
208869 4
208867 4
208865 4
208863 4
208861 4
208859 4
208857 4
208855 4
208853 4
208851 4
208849 4
208847 4
208845 4
208843 4
208841 4
208839 4
208837 4
208835 4
208833 4
208831 4
208829 4
208827 4
208825 4
208823 4
208821 4
208819 4
208817 4
208815 4
208813 4
208811 4
208809 4
208807 4
208805 4
208803 4
208801 4
208799 4
208797 4
208795 4
208793 4
208791 4
208789 4
208787 4
208785 4
208783 4
208781 4
208779 4
208777 4
208775 4
208773 4
208771 4
208769 4
208767 4
208765 4
208763 4
208761 4
208759 4
208757 4
208755 4
208753 4
208751 4
208749 4
208747 4
208745 4
208743 4
208741 4
208739 4
208737 4
208735 4
208733 4
208731 4
208729 4
208727 4
208725 4
208723 4
208721 4
208719 4
208717 4
208715 4
208713 4
208711 4
208709 4
208707 4
208705 4
208703 4
208701 4
208699 4
208697 4
208695 4
208693 4
208691 4
208689 4
208687 4
208685 4
208683 4
208681 4
208679 4
208677 4
208675 4
208673 4
208671 4
208669 4
208667 4
208665 4
208663 4
208661 4
208659 4
208657 4
208655 4
208653 4
208651 4
208649 4
208647 4
208645 4
208643 4
208641 4
208639 4
208637 4
208635 4
208633 4
208631 4
208629 4
208627 4
208625 4
208623 4
208621 4
208619 4
208617 4
208615 4
208613 4
208611 4
208609 4
208607 4
208605 4
208603 4
208601 4
208599 4
208597 4
208595 4
208593 4
208591 4
208589 4
208587 4
208585 4
208583 4
208581 4
208579 4
208577 4
208575 4
208573 4
208571 4
208569 4
208567 4
208565 4
208563 4
208561 4
208559 4
208557 4
208555 4
208553 4
208551 4
208549 4
208547 4
208545 4
208543 4
208541 4
208539 4
208537 4
208535 4
208533 4
208531 4
208529 4
208527 4
208525 4
208523 4
208521 4
208519 4
208517 4
208515 4
208513 4
208511 4
208509 4
208507 4
208505 4
208503 4
208501 4
208499 4
208497 4
208495 4
208493 4
208491 4
208489 4
208487 4
208485 4
208483 4
208481 4
208479 4
208477 4
208475 4
208473 4
208471 4
208469 4
208467 4
208465 4
208463 4
208461 4
208459 4
208457 4
208455 4
208453 4
208451 4
208449 4
208447 4
208445 4
208443 4
208441 4
208439 4
208437 4
208435 4
208433 4
208431 4
208429 4
208427 4
208425 4
208423 4
208421 4
208419 4
208417 4
208415 4
208413 4
208411 4
208409 4
208407 4
208405 4
208403 4
208401 4
208399 4
208397 4
208395 4
208393 4
208391 4
208389 4
208387 4
208385 4
208383 4
208381 4
208379 4
208377 4
208375 4
208373 4
208371 4
208369 4
208367 4
208365 4
208363 4
208361 4
208359 4
208357 4
208355 4
208353 4
208351 4
208349 4
208347 4
208345 4
208343 4
208341 4
208339 4
208337 4
208335 4
208333 4
208331 4
208329 4
208327 4
208325 4
208323 4
208321 4
208319 4
208317 4
208315 4
208313 4
208311 4
208309 4
208307 4
208305 4
208303 4
208301 4
208299 4
208297 4
208295 4
208293 4
208291 4
208289 4
208287 4
208285 4
208283 4
208281 4
208279 4
208277 4
208275 4
208273 4
208271 4
208269 4
208267 4
208265 4
208263 4
208261 4
208259 4
208257 4
208255 4
208253 4
208251 4
208249 4
208247 4
208245 4
208243 4
208241 4
208239 4
208237 4
208235 4
208233 4
208231 4
208229 4
208227 4
208225 4
208223 4
208221 4
208219 4
208217 4
208215 4
208213 4
208211 4
208209 4
208207 4
208205 4
208203 4
208201 4
208199 4
208197 4
208195 4
208193 4
208191 4
208189 4
208187 4
208185 4
208183 4
208181 4
208179 4
208177 4
208175 4
208173 4
208171 4
208169 4
208167 4
208165 4
208163 4
208161 4
208159 4
208157 4
208155 4
208153 4
208151 4
208149 4
208147 4
208145 4
208143 4
208141 4
208139 4
208137 4
208135 4
208133 4
208131 4
208129 4
208127 4
208125 4
208123 4
208121 4
208119 4
208117 4
208115 4
208113 4
208111 4
208109 4
208107 4
208105 4
208103 4
208101 4
208099 4
208097 4
208095 4
208093 4
208091 4
208089 4
208087 4
208085 4
208083 4
208081 4
208079 4
208077 4
208075 4
208073 4
208071 4
208069 4
208067 4
208065 4
208063 4
208061 4
208059 4
208057 4
208055 4
208053 4
208051 4
208049 4
208047 4
208045 4
208043 4
208041 4
208039 4
208037 4
208035 4
208033 4
208031 4
208029 4
208027 4
208025 4
208023 4
208021 4
208019 4
208017 4
208015 4
208013 4
208011 4
208009 4
208007 4
208005 4
208003 4
208001 4
1640 6
1639 6
1638 6
1637 6
1636 6
1635 6
1634 6
1633 6
1632 6
1631 6
1630 6
1629 6
1628 6
1627 6
1626 6
1625 6
1624 6
1623 6
1622 6
1621 6
1620 6
1619 6
1618 6
1617 6
1616 6
1615 6
1614 6
1613 6
1612 6
1611 6
1610 6
1609 6
1608 6
1607 6
1606 6
1605 6
1604 6
1603 6
1602 6
1601 6
1680 6
1679 6
1678 6
1677 6
1676 6
1675 6
1674 6
1673 6
1672 6
1671 6
1670 6
1669 6
1668 6
1667 6
1666 6
1665 6
1664 6
1663 6
1662 6
1661 6
1660 6
1659 6
1658 6
1657 6
1656 6
1655 6
1654 6
1653 6
1652 6
1651 6
1650 6
1649 6
1648 6
1647 6
1646 6
1645 6
1644 6
1643 6
1642 6
1641 6
1720 6
1719 6
1718 6
1717 6
1716 6
1715 6
1714 6
1713 6
1712 6
1711 6
1710 6
1709 6
1708 6
1707 6
1706 6
1705 6
1704 6
1703 6
1702 6
1701 6
1700 6
1699 6
1698 6
1697 6
1696 6
1695 6
1694 6
1693 6
1692 6
1691 6
1690 6
1689 6
1688 6
1687 6
1686 6
1685 6
1684 6
1683 6
1682 6
1681 6
1760 6
1759 6
1758 6
1757 6
1756 6
1755 6
1754 6
1753 6
1752 6
1751 6
1750 6
1749 6
1748 6
1747 6
1746 6
1745 6
1744 6
1743 6
1742 6
1741 6
1740 6
1739 6
1738 6
1737 6
1736 6
1735 6
1734 6
1733 6
1732 6
1731 6
1730 6
1729 6
1728 6
1727 6
1726 6
1725 6
1724 6
1723 6
1722 6
1721 6
1800 6
1799 6
1798 6
1797 6
1796 6
1795 6
1794 6
1793 6
1792 6
1791 6
1790 6
1789 6
1788 6
1787 6
1786 6
1785 6
1784 6
1783 6
1782 6
1781 6
1780 6
1779 6
1778 6
1777 6
1776 6
1775 6
1774 6
1773 6
1772 6
1771 6
1770 6
1769 6
1768 6
1767 6
1766 6
1765 6
1764 6
1763 6
1762 6
1761 6
1840 6
1839 6
1838 6
1837 6
1836 6
1835 6
1834 6
1833 6
1832 6
1831 6
1830 6
1829 6
1828 6
1827 6
1826 6
1825 6
1824 6
1823 6
1822 6
1821 6
1820 6
1819 6
1818 6
1817 6
1816 6
1815 6
1814 6
1813 6
1812 6
1811 6
1810 6
1809 6
1808 6
1807 6
1806 6
1805 6
1804 6
1803 6
1802 6
1801 6
1880 6
1879 6
1878 6
1877 6
1876 6
1875 6
1874 6
1873 6
1872 6
1871 6
1870 6
1869 6
1868 6
1867 6
1866 6
1865 6
1864 6
1863 6
1862 6
1861 6
1860 6
1859 6
1858 6
1857 6
1856 6
1855 6
1854 6
1853 6
1852 6
1851 6
1850 6
1849 6
1848 6
1847 6
1846 6
1845 6
1844 6
1843 6
1842 6
1841 6
1920 6
1919 6
1918 6
1917 6
1916 6
1915 6
1914 6
1913 6
1912 6
1911 6
1910 6
1909 6
1908 6
1907 6
1906 6
1905 6
1904 6
1903 6
1902 6
1901 6
1900 6
1899 6
1898 6
1897 6
1896 6
1895 6
1894 6
1893 6
1892 6
1891 6
1890 6
1889 6
1888 6
1887 6
1886 6
1885 6
1884 6
1883 6
1882 6
1881 6
1960 6
1959 6
1958 6
1957 6
1956 6
1955 6
1954 6
1953 6
1952 6
1951 6
1950 6
1949 6
1948 6
1947 6
1946 6
1945 6
1944 6
1943 6
1942 6
1941 6
1940 6
1939 6
1938 6
1937 6
1936 6
1935 6
1934 6
1933 6
1932 6
1931 6
1930 6
1929 6
1928 6
1927 6
1926 6
1925 6
1924 6
1923 6
1922 6
1921 6
2000 6
1999 6
1998 6
1997 6
1996 6
1995 6
1994 6
1993 6
1992 6
1991 6
1990 6
1989 6
1988 6
1987 6
1986 6
1985 6
1984 6
1983 6
1982 6
1981 6
1980 6
1979 6
1978 6
1977 6
1976 6
1975 6
1974 6
1973 6
1972 6
1971 6
1970 6
1969 6
1968 6
1967 6
1966 6
1965 6
1964 6
1963 6
1962 6
1961 6
2040 6
2039 6
2038 6
2037 6
2036 6
2035 6
2034 6
2033 6
2032 6
2031 6
2030 6
2029 6
2028 6
2027 6
2026 6
2025 6
2024 6
2023 6
2022 6
2021 6
2020 6
2019 6
2018 6
2017 6
2016 6
2015 6
2014 6
2013 6
2012 6
2011 6
2010 6
2009 6
2008 6
2007 6
2006 6
2005 6
2004 6
2003 6
2002 6
2001 6
2080 6
2079 6
2078 6
2077 6
2076 6
2075 6
2074 6
2073 6
2072 6
2071 6
2070 6
2069 6
2068 6
2067 6
2066 6
2065 6
2064 6
2063 6
2062 6
2061 6
2060 6
2059 6
2058 6
2057 6
2056 6
2055 6
2054 6
2053 6
2052 6
2051 6
2050 6
2049 6
2048 6
2047 6
2046 6
2045 6
2044 6
2043 6
2042 6
2041 6
2120 6
2119 6
2118 6
2117 6
2116 6
2115 6
2114 6
2113 6
2112 6
2111 6
2110 6
2109 6
2108 6
2107 6
2106 6
2105 6
2104 6
2103 6
2102 6
2101 6
2100 6
2099 6
2098 6
2097 6
2096 6
2095 6
2094 6
2093 6
2092 6
2091 6
2090 6
2089 6
2088 6
2087 6
2086 6
2085 6
2084 6
2083 6
2082 6
2081 6
2160 6
2159 6
2158 6
2157 6
2156 6
2155 6
2154 6
2153 6
2152 6
2151 6
2150 6
2149 6
2148 6
2147 6
2146 6
2145 6
2144 6
2143 6
2142 6
2141 6
2140 6
2139 6
2138 6
2137 6
2136 6
2135 6
2134 6
2133 6
2132 6
2131 6
2130 6
2129 6
2128 6
2127 6
2126 6
2125 6
2124 6
2123 6
2122 6
2121 6
2200 6
2199 6
2198 6
2197 6
2196 6
2195 6
2194 6
2193 6
2192 6
2191 6
2190 6
2189 6
2188 6
2187 6
2186 6
2185 6
2184 6
2183 6
2182 6
2181 6
2180 6
2179 6
2178 6
2177 6
2176 6
2175 6
2174 6
2173 6
2172 6
2171 6
2170 6
2169 6
2168 6
2167 6
2166 6
2165 6
2164 6
2163 6
2162 6
2161 6
2240 6
2239 6
2238 6
2237 6
2236 6
2235 6
2234 6
2233 6
2232 6
2231 6
2230 6
2229 6
2228 6
2227 6
2226 6
2225 6
2224 6
2223 6
2222 6
2221 6
2220 6
2219 6
2218 6
2217 6
2216 6
2215 6
2214 6
2213 6
2212 6
2211 6
2210 6
2209 6
2208 6
2207 6
2206 6
2205 6
2204 6
2203 6
2202 6
2201 6
2280 6
2279 6
2278 6
2277 6
2276 6
2275 6
2274 6
2273 6
2272 6
2271 6
2270 6
2269 6
2268 6
2267 6
2266 6
2265 6
2264 6
2263 6
2262 6
2261 6
2260 6
2259 6
2258 6
2257 6
2256 6
2255 6
2254 6
2253 6
2252 6
2251 6
2250 6
2249 6
2248 6
2247 6
2246 6
2245 6
2244 6
2243 6
2242 6
2241 6
2320 6
2319 6
2318 6
2317 6
2316 6
2315 6
2314 6
2313 6
2312 6
2311 6
2310 6
2309 6
2308 6
2307 6
2306 6
2305 6
2304 6
2303 6
2302 6
2301 6
2300 6
2299 6
2298 6
2297 6
2296 6
2295 6
2294 6
2293 6
2292 6
2291 6
2290 6
2289 6
2288 6
2287 6
2286 6
2285 6
2284 6
2283 6
2282 6
2281 6
2360 6
2359 6
2358 6
2357 6
2356 6
2355 6
2354 6
2353 6
2352 6
2351 6
2350 6
2349 6
2348 6
2347 6
2346 6
2345 6
2344 6
2343 6
2342 6
2341 6
2340 6
2339 6
2338 6
2337 6
2336 6
2335 6
2334 6
2333 6
2332 6
2331 6
2330 6
2329 6
2328 6
2327 6
2326 6
2325 6
2324 6
2323 6
2322 6
2321 6
2400 6
2399 6
2398 6
2397 6
2396 6
2395 6
2394 6
2393 6
2392 6
2391 6
2390 6
2389 6
2388 6
2387 6
2386 6
2385 6
2384 6
2383 6
2382 6
2381 6
2380 6
2379 6
2378 6
2377 6
2376 6
2375 6
2374 6
2373 6
2372 6
2371 6
2370 6
2369 6
2368 6
2367 6
2366 6
2365 6
2364 6
2363 6
2362 6
2361 6
2440 6
2439 6
2438 6
2437 6
2436 6
2435 6
2434 6
2433 6
2432 6
2431 6
2430 6
2429 6
2428 6
2427 6
2426 6
2425 6
2424 6
2423 6
2422 6
2421 6
2420 6
2419 6
2418 6
2417 6
2416 6
2415 6
2414 6
2413 6
2412 6
2411 6
2410 6
2409 6
2408 6
2407 6
2406 6
2405 6
2404 6
2403 6
2402 6
2401 6
2480 6
2479 6
2478 6
2477 6
2476 6
2475 6
2474 6
2473 6
2472 6
2471 6
2470 6
2469 6
2468 6
2467 6
2466 6
2465 6
2464 6
2463 6
2462 6
2461 6
2460 6
2459 6
2458 6
2457 6
2456 6
2455 6
2454 6
2453 6
2452 6
2451 6
2450 6
2449 6
2448 6
2447 6
2446 6
2445 6
2444 6
2443 6
2442 6
2441 6
2520 6
2519 6
2518 6
2517 6
2516 6
2515 6
2514 6
2513 6
2512 6
2511 6
2510 6
2509 6
2508 6
2507 6
2506 6
2505 6
2504 6
2503 6
2502 6
2501 6
2500 6
2499 6
2498 6
2497 6
2496 6
2495 6
2494 6
2493 6
2492 6
2491 6
2490 6
2489 6
2488 6
2487 6
2486 6
2485 6
2484 6
2483 6
2482 6
2481 6
2560 6
2559 6
2558 6
2557 6
2556 6
2555 6
2554 6
2553 6
2552 6
2551 6
2550 6
2549 6
2548 6
2547 6
2546 6
2545 6
2544 6
2543 6
2542 6
2541 6
2540 6
2539 6
2538 6
2537 6
2536 6
2535 6
2534 6
2533 6
2532 6
2531 6
2530 6
2529 6
2528 6
2527 6
2526 6
2525 6
2524 6
2523 6
2522 6
2521 6
2600 6
2599 6
2598 6
2597 6
2596 6
2595 6
2594 6
2593 6
2592 6
2591 6
2590 6
2589 6
2588 6
2587 6
2586 6
2585 6
2584 6
2583 6
2582 6
2581 6
2580 6
2579 6
2578 6
2577 6
2576 6
2575 6
2574 6
2573 6
2572 6
2571 6
2570 6
2569 6
2568 6
2567 6
2566 6
2565 6
2564 6
2563 6
2562 6
2561 6
2640 6
2639 6
2638 6
2637 6
2636 6
2635 6
2634 6
2633 6
2632 6
2631 6
2630 6
2629 6
2628 6
2627 6
2626 6
2625 6
2624 6
2623 6
2622 6
2621 6
2620 6
2619 6
2618 6
2617 6
2616 6
2615 6
2614 6
2613 6
2612 6
2611 6
2610 6
2609 6
2608 6
2607 6
2606 6
2605 6
2604 6
2603 6
2602 6
2601 6
2680 6
2679 6
2678 6
2677 6
2676 6
2675 6
2674 6
2673 6
2672 6
2671 6
2670 6
2669 6
2668 6
2667 6
2666 6
2665 6
2664 6
2663 6
2662 6
2661 6
2660 6
2659 6
2658 6
2657 6
2656 6
2655 6
2654 6
2653 6
2652 6
2651 6
2650 6
2649 6
2648 6
2647 6
2646 6
2645 6
2644 6
2643 6
2642 6
2641 6
2720 6
2719 6
2718 6
2717 6
2716 6
2715 6
2714 6
2713 6
2712 6
2711 6
2710 6
2709 6
2708 6
2707 6
2706 6
2705 6
2704 6
2703 6
2702 6
2701 6
2700 6
2699 6
2698 6
2697 6
2696 6
2695 6
2694 6
2693 6
2692 6
2691 6
2690 6
2689 6
2688 6
2687 6
2686 6
2685 6
2684 6
2683 6
2682 6
2681 6
2760 6
2759 6
2758 6
2757 6
2756 6
2755 6
2754 6
2753 6
2752 6
2751 6
2750 6
2749 6
2748 6
2747 6
2746 6
2745 6
2744 6
2743 6
2742 6
2741 6
2740 6
2739 6
2738 6
2737 6
2736 6
2735 6
2734 6
2733 6
2732 6
2731 6
2730 6
2729 6
2728 6
2727 6
2726 6
2725 6
2724 6
2723 6
2722 6
2721 6
2800 6
2799 6
2798 6
2797 6
2796 6
2795 6
2794 6
2793 6
2792 6
2791 6
2790 6
2789 6
2788 6
2787 6
2786 6
2785 6
2784 6
2783 6
2782 6
2781 6
2780 6
2779 6
2778 6
2777 6
2776 6
2775 6
2774 6
2773 6
2772 6
2771 6
2770 6
2769 6
2768 6
2767 6
2766 6
2765 6
2764 6
2763 6
2762 6
2761 6
2840 6
2839 6
2838 6
2837 6
2836 6
2835 6
2834 6
2833 6
2832 6
2831 6
2830 6
2829 6
2828 6
2827 6
2826 6
2825 6
2824 6
2823 6
2822 6
2821 6
2820 6
2819 6
2818 6
2817 6
2816 6
2815 6
2814 6
2813 6
2812 6
2811 6
2810 6
2809 6
2808 6
2807 6
2806 6
2805 6
2804 6
2803 6
2802 6
2801 6
2880 6
2879 6
2878 6
2877 6
2876 6
2875 6
2874 6
2873 6
2872 6
2871 6
2870 6
2869 6
2868 6
2867 6
2866 6
2865 6
2864 6
2863 6
2862 6
2861 6
2860 6
2859 6
2858 6
2857 6
2856 6
2855 6
2854 6
2853 6
2852 6
2851 6
2850 6
2849 6
2848 6
2847 6
2846 6
2845 6
2844 6
2843 6
2842 6
2841 6
2920 6
2919 6
2918 6
2917 6
2916 6
2915 6
2914 6
2913 6
2912 6
2911 6
2910 6
2909 6
2908 6
2907 6
2906 6
2905 6
2904 6
2903 6
2902 6
2901 6
2900 6
2899 6
2898 6
2897 6
2896 6
2895 6
2894 6
2893 6
2892 6
2891 6
2890 6
2889 6
2888 6
2887 6
2886 6
2885 6
2884 6
2883 6
2882 6
2881 6
2960 6
2959 6
2958 6
2957 6
2956 6
2955 6
2954 6
2953 6
2952 6
2951 6
2950 6
2949 6
2948 6
2947 6
2946 6
2945 6
2944 6
2943 6
2942 6
2941 6
2940 6
2939 6
2938 6
2937 6
2936 6
2935 6
2934 6
2933 6
2932 6
2931 6
2930 6
2929 6
2928 6
2927 6
2926 6
2925 6
2924 6
2923 6
2922 6
2921 6
3000 6
2999 6
2998 6
2997 6
2996 6
2995 6
2994 6
2993 6
2992 6
2991 6
2990 6
2989 6
2988 6
2987 6
2986 6
2985 6
2984 6
2983 6
2982 6
2981 6
2980 6
2979 6
2978 6
2977 6
2976 6
2975 6
2974 6
2973 6
2972 6
2971 6
2970 6
2969 6
2968 6
2967 6
2966 6
2965 6
2964 6
2963 6
2962 6
2961 6
3040 6
3039 6
3038 6
3037 6
3036 6
3035 6
3034 6
3033 6
3032 6
3031 6
3030 6
3029 6
3028 6
3027 6
3026 6
3025 6
3024 6
3023 6
3022 6
3021 6
3020 6
3019 6
3018 6
3017 6
3016 6
3015 6
3014 6
3013 6
3012 6
3011 6
3010 6
3009 6
3008 6
3007 6
3006 6
3005 6
3004 6
3003 6
3002 6
3001 6
3080 6
3079 6
3078 6
3077 6
3076 6
3075 6
3074 6
3073 6
3072 6
3071 6
3070 6
3069 6
3068 6
3067 6
3066 6
3065 6
3064 6
3063 6
3062 6
3061 6
3060 6
3059 6
3058 6
3057 6
3056 6
3055 6
3054 6
3053 6
3052 6
3051 6
3050 6
3049 6
3048 6
3047 6
3046 6
3045 6
3044 6
3043 6
3042 6
3041 6
3120 6
3119 6
3118 6
3117 6
3116 6
3115 6
3114 6
3113 6
3112 6
3111 6
3110 6
3109 6
3108 6
3107 6
3106 6
3105 6
3104 6
3103 6
3102 6
3101 6
3100 6
3099 6
3098 6
3097 6
3096 6
3095 6
3094 6
3093 6
3092 6
3091 6
3090 6
3089 6
3088 6
3087 6
3086 6
3085 6
3084 6
3083 6
3082 6
3081 6
3160 6
3159 6
3158 6
3157 6
3156 6
3155 6
3154 6
3153 6
3152 6
3151 6
3150 6
3149 6
3148 6
3147 6
3146 6
3145 6
3144 6
3143 6
3142 6
3141 6
3140 6
3139 6
3138 6
3137 6
3136 6
3135 6
3134 6
3133 6
3132 6
3131 6
3130 6
3129 6
3128 6
3127 6
3126 6
3125 6
3124 6
3123 6
3122 6
3121 6
3200 6
3199 6
3198 6
3197 6
3196 6
3195 6
3194 6
3193 6
3192 6
3191 6
3190 6
3189 6
3188 6
3187 6
3186 6
3185 6
3184 6
3183 6
3182 6
3181 6
3180 6
3179 6
3178 6
3177 6
3176 6
3175 6
3174 6
3173 6
3172 6
3171 6
3170 6
3169 6
3168 6
3167 6
3166 6
3165 6
3164 6
3163 6
3162 6
3161 6
4001 6
4021 6
4041 6
4061 6
4081 6
4101 6
4121 6
4141 6
4161 6
4181 6
4201 6
4221 6
4241 6
4261 6
4281 6
4301 6
4321 6
4341 6
4361 6
4381 6
4401 6
4421 6
4441 6
4461 6
4481 6
4501 6
4521 6
4541 6
4561 6
4581 6
4601 6
4621 6
4641 6
4661 6
4681 6
4701 6
4721 6
4741 6
4761 6
4781 6
4002 6
4022 6
4042 6
4062 6
4082 6
4102 6
4122 6
4142 6
4162 6
4182 6
4202 6
4222 6
4242 6
4262 6
4282 6
4302 6
4322 6
4342 6
4362 6
4382 6
4402 6
4422 6
4442 6
4462 6
4482 6
4502 6
4522 6
4542 6
4562 6
4582 6
4602 6
4622 6
4642 6
4662 6
4682 6
4702 6
4722 6
4742 6
4762 6
4782 6
4003 6
4023 6
4043 6
4063 6
4083 6
4103 6
4123 6
4143 6
4163 6
4183 6
4203 6
4223 6
4243 6
4263 6
4283 6
4303 6
4323 6
4343 6
4363 6
4383 6
4403 6
4423 6
4443 6
4463 6
4483 6
4503 6
4523 6
4543 6
4563 6
4583 6
4603 6
4623 6
4643 6
4663 6
4683 6
4703 6
4723 6
4743 6
4763 6
4783 6
4004 6
4024 6
4044 6
4064 6
4084 6
4104 6
4124 6
4144 6
4164 6
4184 6
4204 6
4224 6
4244 6
4264 6
4284 6
4304 6
4324 6
4344 6
4364 6
4384 6
4404 6
4424 6
4444 6
4464 6
4484 6
4504 6
4524 6
4544 6
4564 6
4584 6
4604 6
4624 6
4644 6
4664 6
4684 6
4704 6
4724 6
4744 6
4764 6
4784 6
4005 6
4025 6
4045 6
4065 6
4085 6
4105 6
4125 6
4145 6
4165 6
4185 6
4205 6
4225 6
4245 6
4265 6
4285 6
4305 6
4325 6
4345 6
4365 6
4385 6
4405 6
4425 6
4445 6
4465 6
4485 6
4505 6
4525 6
4545 6
4565 6
4585 6
4605 6
4625 6
4645 6
4665 6
4685 6
4705 6
4725 6
4745 6
4765 6
4785 6
4006 6
4026 6
4046 6
4066 6
4086 6
4106 6
4126 6
4146 6
4166 6
4186 6
4206 6
4226 6
4246 6
4266 6
4286 6
4306 6
4326 6
4346 6
4366 6
4386 6
4406 6
4426 6
4446 6
4466 6
4486 6
4506 6
4526 6
4546 6
4566 6
4586 6
4606 6
4626 6
4646 6
4666 6
4686 6
4706 6
4726 6
4746 6
4766 6
4786 6
4007 6
4027 6
4047 6
4067 6
4087 6
4107 6
4127 6
4147 6
4167 6
4187 6
4207 6
4227 6
4247 6
4267 6
4287 6
4307 6
4327 6
4347 6
4367 6
4387 6
4407 6
4427 6
4447 6
4467 6
4487 6
4507 6
4527 6
4547 6
4567 6
4587 6
4607 6
4627 6
4647 6
4667 6
4687 6
4707 6
4727 6
4747 6
4767 6
4787 6
4008 6
4028 6
4048 6
4068 6
4088 6
4108 6
4128 6
4148 6
4168 6
4188 6
4208 6
4228 6
4248 6
4268 6
4288 6
4308 6
4328 6
4348 6
4368 6
4388 6
4408 6
4428 6
4448 6
4468 6
4488 6
4508 6
4528 6
4548 6
4568 6
4588 6
4608 6
4628 6
4648 6
4668 6
4688 6
4708 6
4728 6
4748 6
4768 6
4788 6
4009 6
4029 6
4049 6
4069 6
4089 6
4109 6
4129 6
4149 6
4169 6
4189 6
4209 6
4229 6
4249 6
4269 6
4289 6
4309 6
4329 6
4349 6
4369 6
4389 6
4409 6
4429 6
4449 6
4469 6
4489 6
4509 6
4529 6
4549 6
4569 6
4589 6
4609 6
4629 6
4649 6
4669 6
4689 6
4709 6
4729 6
4749 6
4769 6
4789 6
4010 6
4030 6
4050 6
4070 6
4090 6
4110 6
4130 6
4150 6
4170 6
4190 6
4210 6
4230 6
4250 6
4270 6
4290 6
4310 6
4330 6
4350 6
4370 6
4390 6
4410 6
4430 6
4450 6
4470 6
4490 6
4510 6
4530 6
4550 6
4570 6
4590 6
4610 6
4630 6
4650 6
4670 6
4690 6
4710 6
4730 6
4750 6
4770 6
4790 6
4011 6
4031 6
4051 6
4071 6
4091 6
4111 6
4131 6
4151 6
4171 6
4191 6
4211 6
4231 6
4251 6
4271 6
4291 6
4311 6
4331 6
4351 6
4371 6
4391 6
4411 6
4431 6
4451 6
4471 6
4491 6
4511 6
4531 6
4551 6
4571 6
4591 6
4611 6
4631 6
4651 6
4671 6
4691 6
4711 6
4731 6
4751 6
4771 6
4791 6
4012 6
4032 6
4052 6
4072 6
4092 6
4112 6
4132 6
4152 6
4172 6
4192 6
4212 6
4232 6
4252 6
4272 6
4292 6
4312 6
4332 6
4352 6
4372 6
4392 6
4412 6
4432 6
4452 6
4472 6
4492 6
4512 6
4532 6
4552 6
4572 6
4592 6
4612 6
4632 6
4652 6
4672 6
4692 6
4712 6
4732 6
4752 6
4772 6
4792 6
4013 6
4033 6
4053 6
4073 6
4093 6
4113 6
4133 6
4153 6
4173 6
4193 6
4213 6
4233 6
4253 6
4273 6
4293 6
4313 6
4333 6
4353 6
4373 6
4393 6
4413 6
4433 6
4453 6
4473 6
4493 6
4513 6
4533 6
4553 6
4573 6
4593 6
4613 6
4633 6
4653 6
4673 6
4693 6
4713 6
4733 6
4753 6
4773 6
4793 6
4014 6
4034 6
4054 6
4074 6
4094 6
4114 6
4134 6
4154 6
4174 6
4194 6
4214 6
4234 6
4254 6
4274 6
4294 6
4314 6
4334 6
4354 6
4374 6
4394 6
4414 6
4434 6
4454 6
4474 6
4494 6
4514 6
4534 6
4554 6
4574 6
4594 6
4614 6
4634 6
4654 6
4674 6
4694 6
4714 6
4734 6
4754 6
4774 6
4794 6
4015 6
4035 6
4055 6
4075 6
4095 6
4115 6
4135 6
4155 6
4175 6
4195 6
4215 6
4235 6
4255 6
4275 6
4295 6
4315 6
4335 6
4355 6
4375 6
4395 6
4415 6
4435 6
4455 6
4475 6
4495 6
4515 6
4535 6
4555 6
4575 6
4595 6
4615 6
4635 6
4655 6
4675 6
4695 6
4715 6
4735 6
4755 6
4775 6
4795 6
4016 6
4036 6
4056 6
4076 6
4096 6
4116 6
4136 6
4156 6
4176 6
4196 6
4216 6
4236 6
4256 6
4276 6
4296 6
4316 6
4336 6
4356 6
4376 6
4396 6
4416 6
4436 6
4456 6
4476 6
4496 6
4516 6
4536 6
4556 6
4576 6
4596 6
4616 6
4636 6
4656 6
4676 6
4696 6
4716 6
4736 6
4756 6
4776 6
4796 6
4017 6
4037 6
4057 6
4077 6
4097 6
4117 6
4137 6
4157 6
4177 6
4197 6
4217 6
4237 6
4257 6
4277 6
4297 6
4317 6
4337 6
4357 6
4377 6
4397 6
4417 6
4437 6
4457 6
4477 6
4497 6
4517 6
4537 6
4557 6
4577 6
4597 6
4617 6
4637 6
4657 6
4677 6
4697 6
4717 6
4737 6
4757 6
4777 6
4797 6
4018 6
4038 6
4058 6
4078 6
4098 6
4118 6
4138 6
4158 6
4178 6
4198 6
4218 6
4238 6
4258 6
4278 6
4298 6
4318 6
4338 6
4358 6
4378 6
4398 6
4418 6
4438 6
4458 6
4478 6
4498 6
4518 6
4538 6
4558 6
4578 6
4598 6
4618 6
4638 6
4658 6
4678 6
4698 6
4718 6
4738 6
4758 6
4778 6
4798 6
4019 6
4039 6
4059 6
4079 6
4099 6
4119 6
4139 6
4159 6
4179 6
4199 6
4219 6
4239 6
4259 6
4279 6
4299 6
4319 6
4339 6
4359 6
4379 6
4399 6
4419 6
4439 6
4459 6
4479 6
4499 6
4519 6
4539 6
4559 6
4579 6
4599 6
4619 6
4639 6
4659 6
4679 6
4699 6
4719 6
4739 6
4759 6
4779 6
4799 6
4020 6
4040 6
4060 6
4080 6
4100 6
4120 6
4140 6
4160 6
4180 6
4200 6
4220 6
4240 6
4260 6
4280 6
4300 6
4320 6
4340 6
4360 6
4380 6
4400 6
4420 6
4440 6
4460 6
4480 6
4500 6
4520 6
4540 6
4560 6
4580 6
4600 6
4620 6
4640 6
4660 6
4680 6
4700 6
4720 6
4740 6
4760 6
4780 6
4800 6
7999 4
7997 4
7995 4
7993 4
7991 4
7989 4
7987 4
7985 4
7983 4
7981 4
7979 4
7977 4
7975 4
7973 4
7971 4
7969 4
7967 4
7965 4
7963 4
7961 4
7959 4
7957 4
7955 4
7953 4
7951 4
7949 4
7947 4
7945 4
7943 4
7941 4
7939 4
7937 4
7935 4
7933 4
7931 4
7929 4
7927 4
7925 4
7923 4
7921 4
7919 4
7917 4
7915 4
7913 4
7911 4
7909 4
7907 4
7905 4
7903 4
7901 4
7899 4
7897 4
7895 4
7893 4
7891 4
7889 4
7887 4
7885 4
7883 4
7881 4
7879 4
7877 4
7875 4
7873 4
7871 4
7869 4
7867 4
7865 4
7863 4
7861 4
7859 4
7857 4
7855 4
7853 4
7851 4
7849 4
7847 4
7845 4
7843 4
7841 4
7839 4
7837 4
7835 4
7833 4
7831 4
7829 4
7827 4
7825 4
7823 4
7821 4
7819 4
7817 4
7815 4
7813 4
7811 4
7809 4
7807 4
7805 4
7803 4
7801 4
7799 4
7797 4
7795 4
7793 4
7791 4
7789 4
7787 4
7785 4
7783 4
7781 4
7779 4
7777 4
7775 4
7773 4
7771 4
7769 4
7767 4
7765 4
7763 4
7761 4
7759 4
7757 4
7755 4
7753 4
7751 4
7749 4
7747 4
7745 4
7743 4
7741 4
7739 4
7737 4
7735 4
7733 4
7731 4
7729 4
7727 4
7725 4
7723 4
7721 4
7719 4
7717 4
7715 4
7713 4
7711 4
7709 4
7707 4
7705 4
7703 4
7701 4
7699 4
7697 4
7695 4
7693 4
7691 4
7689 4
7687 4
7685 4
7683 4
7681 4
7679 4
7677 4
7675 4
7673 4
7671 4
7669 4
7667 4
7665 4
7663 4
7661 4
7659 4
7657 4
7655 4
7653 4
7651 4
7649 4
7647 4
7645 4
7643 4
7641 4
7639 4
7637 4
7635 4
7633 4
7631 4
7629 4
7627 4
7625 4
7623 4
7621 4
7619 4
7617 4
7615 4
7613 4
7611 4
7609 4
7607 4
7605 4
7603 4
7601 4
7599 4
7597 4
7595 4
7593 4
7591 4
7589 4
7587 4
7585 4
7583 4
7581 4
7579 4
7577 4
7575 4
7573 4
7571 4
7569 4
7567 4
7565 4
7563 4
7561 4
7559 4
7557 4
7555 4
7553 4
7551 4
7549 4
7547 4
7545 4
7543 4
7541 4
7539 4
7537 4
7535 4
7533 4
7531 4
7529 4
7527 4
7525 4
7523 4
7521 4
7519 4
7517 4
7515 4
7513 4
7511 4
7509 4
7507 4
7505 4
7503 4
7501 4
7499 4
7497 4
7495 4
7493 4
7491 4
7489 4
7487 4
7485 4
7483 4
7481 4
7479 4
7477 4
7475 4
7473 4
7471 4
7469 4
7467 4
7465 4
7463 4
7461 4
7459 4
7457 4
7455 4
7453 4
7451 4
7449 4
7447 4
7445 4
7443 4
7441 4
7439 4
7437 4
7435 4
7433 4
7431 4
7429 4
7427 4
7425 4
7423 4
7421 4
7419 4
7417 4
7415 4
7413 4
7411 4
7409 4
7407 4
7405 4
7403 4
7401 4
7399 4
7397 4
7395 4
7393 4
7391 4
7389 4
7387 4
7385 4
7383 4
7381 4
7379 4
7377 4
7375 4
7373 4
7371 4
7369 4
7367 4
7365 4
7363 4
7361 4
7359 4
7357 4
7355 4
7353 4
7351 4
7349 4
7347 4
7345 4
7343 4
7341 4
7339 4
7337 4
7335 4
7333 4
7331 4
7329 4
7327 4
7325 4
7323 4
7321 4
7319 4
7317 4
7315 4
7313 4
7311 4
7309 4
7307 4
7305 4
7303 4
7301 4
7299 4
7297 4
7295 4
7293 4
7291 4
7289 4
7287 4
7285 4
7283 4
7281 4
7279 4
7277 4
7275 4
7273 4
7271 4
7269 4
7267 4
7265 4
7263 4
7261 4
7259 4
7257 4
7255 4
7253 4
7251 4
7249 4
7247 4
7245 4
7243 4
7241 4
7239 4
7237 4
7235 4
7233 4
7231 4
7229 4
7227 4
7225 4
7223 4
7221 4
7219 4
7217 4
7215 4
7213 4
7211 4
7209 4
7207 4
7205 4
7203 4
7201 4
7199 4
7197 4
7195 4
7193 4
7191 4
7189 4
7187 4
7185 4
7183 4
7181 4
7179 4
7177 4
7175 4
7173 4
7171 4
7169 4
7167 4
7165 4
7163 4
7161 4
7159 4
7157 4
7155 4
7153 4
7151 4
7149 4
7147 4
7145 4
7143 4
7141 4
7139 4
7137 4
7135 4
7133 4
7131 4
7129 4
7127 4
7125 4
7123 4
7121 4
7119 4
7117 4
7115 4
7113 4
7111 4
7109 4
7107 4
7105 4
7103 4
7101 4
7099 4
7097 4
7095 4
7093 4
7091 4
7089 4
7087 4
7085 4
7083 4
7081 4
7079 4
7077 4
7075 4
7073 4
7071 4
7069 4
7067 4
7065 4
7063 4
7061 4
7059 4
7057 4
7055 4
7053 4
7051 4
7049 4
7047 4
7045 4
7043 4
7041 4
7039 4
7037 4
7035 4
7033 4
7031 4
7029 4
7027 4
7025 4
7023 4
7021 4
7019 4
7017 4
7015 4
7013 4
7011 4
7009 4
7007 4
7005 4
7003 4
7001 4
6999 4
6997 4
6995 4
6993 4
6991 4
6989 4
6987 4
6985 4
6983 4
6981 4
6979 4
6977 4
6975 4
6973 4
6971 4
6969 4
6967 4
6965 4
6963 4
6961 4
6959 4
6957 4
6955 4
6953 4
6951 4
6949 4
6947 4
6945 4
6943 4
6941 4
6939 4
6937 4
6935 4
6933 4
6931 4
6929 4
6927 4
6925 4
6923 4
6921 4
6919 4
6917 4
6915 4
6913 4
6911 4
6909 4
6907 4
6905 4
6903 4
6901 4
6899 4
6897 4
6895 4
6893 4
6891 4
6889 4
6887 4
6885 4
6883 4
6881 4
6879 4
6877 4
6875 4
6873 4
6871 4
6869 4
6867 4
6865 4
6863 4
6861 4
6859 4
6857 4
6855 4
6853 4
6851 4
6849 4
6847 4
6845 4
6843 4
6841 4
6839 4
6837 4
6835 4
6833 4
6831 4
6829 4
6827 4
6825 4
6823 4
6821 4
6819 4
6817 4
6815 4
6813 4
6811 4
6809 4
6807 4
6805 4
6803 4
6801 4
6799 4
6797 4
6795 4
6793 4
6791 4
6789 4
6787 4
6785 4
6783 4
6781 4
6779 4
6777 4
6775 4
6773 4
6771 4
6769 4
6767 4
6765 4
6763 4
6761 4
6759 4
6757 4
6755 4
6753 4
6751 4
6749 4
6747 4
6745 4
6743 4
6741 4
6739 4
6737 4
6735 4
6733 4
6731 4
6729 4
6727 4
6725 4
6723 4
6721 4
6719 4
6717 4
6715 4
6713 4
6711 4
6709 4
6707 4
6705 4
6703 4
6701 4
6699 4
6697 4
6695 4
6693 4
6691 4
6689 4
6687 4
6685 4
6683 4
6681 4
6679 4
6677 4
6675 4
6673 4
6671 4
6669 4
6667 4
6665 4
6663 4
6661 4
6659 4
6657 4
6655 4
6653 4
6651 4
6649 4
6647 4
6645 4
6643 4
6641 4
6639 4
6637 4
6635 4
6633 4
6631 4
6629 4
6627 4
6625 4
6623 4
6621 4
6619 4
6617 4
6615 4
6613 4
6611 4
6609 4
6607 4
6605 4
6603 4
6601 4
6599 4
6597 4
6595 4
6593 4
6591 4
6589 4
6587 4
6585 4
6583 4
6581 4
6579 4
6577 4
6575 4
6573 4
6571 4
6569 4
6567 4
6565 4
6563 4
6561 4
6559 4
6557 4
6555 4
6553 4
6551 4
6549 4
6547 4
6545 4
6543 4
6541 4
6539 4
6537 4
6535 4
6533 4
6531 4
6529 4
6527 4
6525 4
6523 4
6521 4
6519 4
6517 4
6515 4
6513 4
6511 4
6509 4
6507 4
6505 4
6503 4
6501 4
6499 4
6497 4
6495 4
6493 4
6491 4
6489 4
6487 4
6485 4
6483 4
6481 4
6479 4
6477 4
6475 4
6473 4
6471 4
6469 4
6467 4
6465 4
6463 4
6461 4
6459 4
6457 4
6455 4
6453 4
6451 4
6449 4
6447 4
6445 4
6443 4
6441 4
6439 4
6437 4
6435 4
6433 4
6431 4
6429 4
6427 4
6425 4
6423 4
6421 4
6419 4
6417 4
6415 4
6413 4
6411 4
6409 4
6407 4
6405 4
6403 4
6401 4
6399 4
6397 4
6395 4
6393 4
6391 4
6389 4
6387 4
6385 4
6383 4
6381 4
6379 4
6377 4
6375 4
6373 4
6371 4
6369 4
6367 4
6365 4
6363 4
6361 4
6359 4
6357 4
6355 4
6353 4
6351 4
6349 4
6347 4
6345 4
6343 4
6341 4
6339 4
6337 4
6335 4
6333 4
6331 4
6329 4
6327 4
6325 4
6323 4
6321 4
6319 4
6317 4
6315 4
6313 4
6311 4
6309 4
6307 4
6305 4
6303 4
6301 4
6299 4
6297 4
6295 4
6293 4
6291 4
6289 4
6287 4
6285 4
6283 4
6281 4
6279 4
6277 4
6275 4
6273 4
6271 4
6269 4
6267 4
6265 4
6263 4
6261 4
6259 4
6257 4
6255 4
6253 4
6251 4
6249 4
6247 4
6245 4
6243 4
6241 4
6239 4
6237 4
6235 4
6233 4
6231 4
6229 4
6227 4
6225 4
6223 4
6221 4
6219 4
6217 4
6215 4
6213 4
6211 4
6209 4
6207 4
6205 4
6203 4
6201 4
6199 4
6197 4
6195 4
6193 4
6191 4
6189 4
6187 4
6185 4
6183 4
6181 4
6179 4
6177 4
6175 4
6173 4
6171 4
6169 4
6167 4
6165 4
6163 4
6161 4
6159 4
6157 4
6155 4
6153 4
6151 4
6149 4
6147 4
6145 4
6143 4
6141 4
6139 4
6137 4
6135 4
6133 4
6131 4
6129 4
6127 4
6125 4
6123 4
6121 4
6119 4
6117 4
6115 4
6113 4
6111 4
6109 4
6107 4
6105 4
6103 4
6101 4
6099 4
6097 4
6095 4
6093 4
6091 4
6089 4
6087 4
6085 4
6083 4
6081 4
6079 4
6077 4
6075 4
6073 4
6071 4
6069 4
6067 4
6065 4
6063 4
6061 4
6059 4
6057 4
6055 4
6053 4
6051 4
6049 4
6047 4
6045 4
6043 4
6041 4
6039 4
6037 4
6035 4
6033 4
6031 4
6029 4
6027 4
6025 4
6023 4
6021 4
6019 4
6017 4
6015 4
6013 4
6011 4
6009 4
6007 4
6005 4
6003 4
6001 4
5999 4
5997 4
5995 4
5993 4
5991 4
5989 4
5987 4
5985 4
5983 4
5981 4
5979 4
5977 4
5975 4
5973 4
5971 4
5969 4
5967 4
5965 4
5963 4
5961 4
5959 4
5957 4
5955 4
5953 4
5951 4
5949 4
5947 4
5945 4
5943 4
5941 4
5939 4
5937 4
5935 4
5933 4
5931 4
5929 4
5927 4
5925 4
5923 4
5921 4
5919 4
5917 4
5915 4
5913 4
5911 4
5909 4
5907 4
5905 4
5903 4
5901 4
5899 4
5897 4
5895 4
5893 4
5891 4
5889 4
5887 4
5885 4
5883 4
5881 4
5879 4
5877 4
5875 4
5873 4
5871 4
5869 4
5867 4
5865 4
5863 4
5861 4
5859 4
5857 4
5855 4
5853 4
5851 4
5849 4
5847 4
5845 4
5843 4
5841 4
5839 4
5837 4
5835 4
5833 4
5831 4
5829 4
5827 4
5825 4
5823 4
5821 4
5819 4
5817 4
5815 4
5813 4
5811 4
5809 4
5807 4
5805 4
5803 4
5801 4
5799 4
5797 4
5795 4
5793 4
5791 4
5789 4
5787 4
5785 4
5783 4
5781 4
5779 4
5777 4
5775 4
5773 4
5771 4
5769 4
5767 4
5765 4
5763 4
5761 4
5759 4
5757 4
5755 4
5753 4
5751 4
5749 4
5747 4
5745 4
5743 4
5741 4
5739 4
5737 4
5735 4
5733 4
5731 4
5729 4
5727 4
5725 4
5723 4
5721 4
5719 4
5717 4
5715 4
5713 4
5711 4
5709 4
5707 4
5705 4
5703 4
5701 4
5699 4
5697 4
5695 4
5693 4
5691 4
5689 4
5687 4
5685 4
5683 4
5681 4
5679 4
5677 4
5675 4
5673 4
5671 4
5669 4
5667 4
5665 4
5663 4
5661 4
5659 4
5657 4
5655 4
5653 4
5651 4
5649 4
5647 4
5645 4
5643 4
5641 4
5639 4
5637 4
5635 4
5633 4
5631 4
5629 4
5627 4
5625 4
5623 4
5621 4
5619 4
5617 4
5615 4
5613 4
5611 4
5609 4
5607 4
5605 4
5603 4
5601 4
5599 4
5597 4
5595 4
5593 4
5591 4
5589 4
5587 4
5585 4
5583 4
5581 4
5579 4
5577 4
5575 4
5573 4
5571 4
5569 4
5567 4
5565 4
5563 4
5561 4
5559 4
5557 4
5555 4
5553 4
5551 4
5549 4
5547 4
5545 4
5543 4
5541 4
5539 4
5537 4
5535 4
5533 4
5531 4
5529 4
5527 4
5525 4
5523 4
5521 4
5519 4
5517 4
5515 4
5513 4
5511 4
5509 4
5507 4
5505 4
5503 4
5501 4
5499 4
5497 4
5495 4
5493 4
5491 4
5489 4
5487 4
5485 4
5483 4
5481 4
5479 4
5477 4
5475 4
5473 4
5471 4
5469 4
5467 4
5465 4
5463 4
5461 4
5459 4
5457 4
5455 4
5453 4
5451 4
5449 4
5447 4
5445 4
5443 4
5441 4
5439 4
5437 4
5435 4
5433 4
5431 4
5429 4
5427 4
5425 4
5423 4
5421 4
5419 4
5417 4
5415 4
5413 4
5411 4
5409 4
5407 4
5405 4
5403 4
5401 4
5399 4
5397 4
5395 4
5393 4
5391 4
5389 4
5387 4
5385 4
5383 4
5381 4
5379 4
5377 4
5375 4
5373 4
5371 4
5369 4
5367 4
5365 4
5363 4
5361 4
5359 4
5357 4
5355 4
5353 4
5351 4
5349 4
5347 4
5345 4
5343 4
5341 4
5339 4
5337 4
5335 4
5333 4
5331 4
5329 4
5327 4
5325 4
5323 4
5321 4
5319 4
5317 4
5315 4
5313 4
5311 4
5309 4
5307 4
5305 4
5303 4
5301 4
5299 4
5297 4
5295 4
5293 4
5291 4
5289 4
5287 4
5285 4
5283 4
5281 4
5279 4
5277 4
5275 4
5273 4
5271 4
5269 4
5267 4
5265 4
5263 4
5261 4
5259 4
5257 4
5255 4
5253 4
5251 4
5249 4
5247 4
5245 4
5243 4
5241 4
5239 4
5237 4
5235 4
5233 4
5231 4
5229 4
5227 4
5225 4
5223 4
5221 4
5219 4
5217 4
5215 4
5213 4
5211 4
5209 4
5207 4
5205 4
5203 4
5201 4
5199 4
5197 4
5195 4
5193 4
5191 4
5189 4
5187 4
5185 4
5183 4
5181 4
5179 4
5177 4
5175 4
5173 4
5171 4
5169 4
5167 4
5165 4
5163 4
5161 4
5159 4
5157 4
5155 4
5153 4
5151 4
5149 4
5147 4
5145 4
5143 4
5141 4
5139 4
5137 4
5135 4
5133 4
5131 4
5129 4
5127 4
5125 4
5123 4
5121 4
5119 4
5117 4
5115 4
5113 4
5111 4
5109 4
5107 4
5105 4
5103 4
5101 4
5099 4
5097 4
5095 4
5093 4
5091 4
5089 4
5087 4
5085 4
5083 4
5081 4
5079 4
5077 4
5075 4
5073 4
5071 4
5069 4
5067 4
5065 4
5063 4
5061 4
5059 4
5057 4
5055 4
5053 4
5051 4
5049 4
5047 4
5045 4
5043 4
5041 4
5039 4
5037 4
5035 4
5033 4
5031 4
5029 4
5027 4
5025 4
5023 4
5021 4
5019 4
5017 4
5015 4
5013 4
5011 4
5009 4
5007 4
5005 4
5003 4
5001 4
4999 4
4997 4
4995 4
4993 4
4991 4
4989 4
4987 4
4985 4
4983 4
4981 4
4979 4
4977 4
4975 4
4973 4
4971 4
4969 4
4967 4
4965 4
4963 4
4961 4
4959 4
4957 4
4955 4
4953 4
4951 4
4949 4
4947 4
4945 4
4943 4
4941 4
4939 4
4937 4
4935 4
4933 4
4931 4
4929 4
4927 4
4925 4
4923 4
4921 4
4919 4
4917 4
4915 4
4913 4
4911 4
4909 4
4907 4
4905 4
4903 4
4901 4
4899 4
4897 4
4895 4
4893 4
4891 4
4889 4
4887 4
4885 4
4883 4
4881 4
4879 4
4877 4
4875 4
4873 4
4871 4
4869 4
4867 4
4865 4
4863 4
4861 4
4859 4
4857 4
4855 4
4853 4
4851 4
4849 4
4847 4
4845 4
4843 4
4841 4
4839 4
4837 4
4835 4
4833 4
4831 4
4829 4
4827 4
4825 4
4823 4
4821 4
4819 4
4817 4
4815 4
4813 4
4811 4
4809 4
4807 4
4805 4
4803 4
4801 4
