200 .000
6680
52001 6  3
52002 6  3
52003 6  3
52004 6  3
52005 6  3
52006 6  3
52007 6  3
52008 6  3
52009 6  3
52010 6  3
52011 6  3
52012 6  3
52013 6  3
52014 6  3
52015 6  3
52016 6  3
52017 6  3
52018 6  3
52019 6  3
52020 6  3
52021 6  3
52022 6  3
52023 6  3
52024 6  3
52025 6  3
52026 6  3
52027 6  3
52028 6  3
52029 6  3
52030 6  3
52031 6  3
52032 6  3
52033 6  3
52034 6  3
52035 6  3
52036 6  3
52037 6  3
52038 6  3
52039 6  3
52040 6  3
52041 6  3
52042 6  3
52043 6  3
52044 6  3
52045 6  3
52046 6  3
52047 6  3
52048 6  3
52049 6  3
52050 6  3
52051 6  3
52052 6  3
52053 6  3
52054 6  3
52055 6  3
52056 6  3
52057 6  3
52058 6  3
52059 6  3
52060 6  3
52061 6  3
52062 6  3
52063 6  3
52064 6  3
52065 6  3
52066 6  3
52067 6  3
52068 6  3
52069 6  3
52070 6  3
52071 6  3
52072 6  3
52073 6  3
52074 6  3
52075 6  3
52076 6  3
52077 6  3
52078 6  3
52079 6  3
52080 6  3
52081 6  3
52082 6  3
52083 6  3
52084 6  3
52085 6  3
52086 6  3
52087 6  3
52088 6  3
52089 6  3
52090 6  3
52091 6  3
52092 6  3
52093 6  3
52094 6  3
52095 6  3
52096 6  3
52097 6  3
52098 6  3
52099 6  3
52100 6  3
52101 6  3
52102 6  3
52103 6  3
52104 6  3
52105 6  3
52106 6  3
52107 6  3
52108 6  3
52109 6  3
52110 6  3
52111 6  3
52112 6  3
52113 6  3
52114 6  3
52115 6  3
52116 6  3
52117 6  3
52118 6  3
52119 6  3
52120 6  3
52121 6  3
52122 6  3
52123 6  3
52124 6  3
52125 6  3
52126 6  3
52127 6  3
52128 6  3
52129 6  3
52130 6  3
52131 6  3
52132 6  3
52133 6  3
52134 6  3
52135 6  3
52136 6  3
52137 6  3
52138 6  3
52139 6  3
52140 6  3
52141 6  3
52142 6  3
52143 6  3
52144 6  3
52145 6  3
52146 6  3
52147 6  3
52148 6  3
52149 6  3
52150 6  3
52151 6  3
52152 6  3
52153 6  3
52154 6  3
52155 6  3
52156 6  3
52157 6  3
52158 6  3
52159 6  3
52160 6  3
52161 6  3
52162 6  3
52163 6  3
52164 6  3
52165 6  3
52166 6  3
52167 6  3
52168 6  3
52169 6  3
52170 6  3
52171 6  3
52172 6  3
52173 6  3
52174 6  3
52175 6  3
52176 6  3
52177 6  3
52178 6  3
52179 6  3
52180 6  3
52181 6  3
52182 6  3
52183 6  3
52184 6  3
52185 6  3
52186 6  3
52187 6  3
52188 6  3
52189 6  3
52190 6  3
52191 6  3
52192 6  3
52193 6  3
52194 6  3
52195 6  3
52196 6  3
52197 6  3
52198 6  3
52199 6  3
52200 6  3
52201 6  3
52202 6  3
52203 6  3
52204 6  3
52205 6  3
52206 6  3
52207 6  3
52208 6  3
52209 6  3
52210 6  3
52211 6  3
52212 6  3
52213 6  3
52214 6  3
52215 6  3
52216 6  3
52217 6  3
52218 6  3
52219 6  3
52220 6  3
52221 6  3
52222 6  3
52223 6  3
52224 6  3
52225 6  3
52226 6  3
52227 6  3
52228 6  3
52229 6  3
52230 6  3
52231 6  3
52232 6  3
52233 6  3
52234 6  3
52235 6  3
52236 6  3
52237 6  3
52238 6  3
52239 6  3
52240 6  3
52241 6  3
52242 6  3
52243 6  3
52244 6  3
52245 6  3
52246 6  3
52247 6  3
52248 6  3
52249 6  3
52250 6  3
52251 6  3
52252 6  3
52253 6  3
52254 6  3
52255 6  3
52256 6  3
52257 6  3
52258 6  3
52259 6  3
52260 6  3
52261 6  3
52262 6  3
52263 6  3
52264 6  3
52265 6  3
52266 6  3
52267 6  3
52268 6  3
52269 6  3
52270 6  3
52271 6  3
52272 6  3
52273 6  3
52274 6  3
52275 6  3
52276 6  3
52277 6  3
52278 6  3
52279 6  3
52280 6  3
52281 6  3
52282 6  3
52283 6  3
52284 6  3
52285 6  3
52286 6  3
52287 6  3
52288 6  3
52289 6  3
52290 6  3
52291 6  3
52292 6  3
52293 6  3
52294 6  3
52295 6  3
52296 6  3
52297 6  3
52298 6  3
52299 6  3
52300 6  3
52301 6  3
52302 6  3
52303 6  3
52304 6  3
52305 6  3
52306 6  3
52307 6  3
52308 6  3
52309 6  3
52310 6  3
52311 6  3
52312 6  3
52313 6  3
52314 6  3
52315 6  3
52316 6  3
52317 6  3
52318 6  3
52319 6  3
52320 6  3
52321 6  3
52322 6  3
52323 6  3
52324 6  3
52325 6  3
52326 6  3
52327 6  3
52328 6  3
52329 6  3
52330 6  3
52331 6  3
52332 6  3
52333 6  3
52334 6  3
52335 6  3
52336 6  3
52337 6  3
52338 6  3
52339 6  3
52340 6  3
52341 6  3
52342 6  3
52343 6  3
52344 6  3
52345 6  3
52346 6  3
52347 6  3
52348 6  3
52349 6  3
52350 6  3
52351 6  3
52352 6  3
52353 6  3
52354 6  3
52355 6  3
52356 6  3
52357 6  3
52358 6  3
52359 6  3
52360 6  3
52361 6  3
52362 6  3
52363 6  3
52364 6  3
52365 6  3
52366 6  3
52367 6  3
52368 6  3
52369 6  3
52370 6  3
52371 6  3
52372 6  3
52373 6  3
52374 6  3
52375 6  3
52376 6  3
52377 6  3
52378 6  3
52379 6  3
52380 6  3
52381 6  3
52382 6  3
52383 6  3
52384 6  3
52385 6  3
52386 6  3
52387 6  3
52388 6  3
52389 6  3
52390 6  3
52391 6  3
52392 6  3
52393 6  3
52394 6  3
52395 6  3
52396 6  3
52397 6  3
52398 6  3
52399 6  3
52400 6  3
52401 6  3
52402 6  3
52403 6  3
52404 6  3
52405 6  3
52406 6  3
52407 6  3
52408 6  3
52409 6  3
52410 6  3
52411 6  3
52412 6  3
52413 6  3
52414 6  3
52415 6  3
52416 6  3
52417 6  3
52418 6  3
52419 6  3
52420 6  3
52421 6  3
52422 6  3
52423 6  3
52424 6  3
52425 6  3
52426 6  3
52427 6  3
52428 6  3
52429 6  3
52430 6  3
52431 6  3
52432 6  3
52433 6  3
52434 6  3
52435 6  3
52436 6  3
52437 6  3
52438 6  3
52439 6  3
52440 6  3
52441 6  3
52442 6  3
52443 6  3
52444 6  3
52445 6  3
52446 6  3
52447 6  3
52448 6  3
52449 6  3
52450 6  3
52451 6  3
52452 6  3
52453 6  3
52454 6  3
52455 6  3
52456 6  3
52457 6  3
52458 6  3
52459 6  3
52460 6  3
52461 6  3
52462 6  3
52463 6  3
52464 6  3
52465 6  3
52466 6  3
52467 6  3
52468 6  3
52469 6  3
52470 6  3
52471 6  3
52472 6  3
52473 6  3
52474 6  3
52475 6  3
52476 6  3
52477 6  3
52478 6  3
52479 6  3
52480 6  3
52481 6  3
52482 6  3
52483 6  3
52484 6  3
52485 6  3
52486 6  3
52487 6  3
52488 6  3
52489 6  3
52490 6  3
52491 6  3
52492 6  3
52493 6  3
52494 6  3
52495 6  3
52496 6  3
52497 6  3
52498 6  3
52499 6  3
52500 6  3
52501 6  3
52502 6  3
52503 6  3
52504 6  3
52505 6  3
52506 6  3
52507 6  3
52508 6  3
52509 6  3
52510 6  3
52511 6  3
52512 6  3
52513 6  3
52514 6  3
52515 6  3
52516 6  3
52517 6  3
52518 6  3
52519 6  3
52520 6  3
52521 6  3
52522 6  3
52523 6  3
52524 6  3
52525 6  3
52526 6  3
52527 6  3
52528 6  3
52529 6  3
52530 6  3
52531 6  3
52532 6  3
52533 6  3
52534 6  3
52535 6  3
52536 6  3
52537 6  3
52538 6  3
52539 6  3
52540 6  3
52541 6  3
52542 6  3
52543 6  3
52544 6  3
52545 6  3
52546 6  3
52547 6  3
52548 6  3
52549 6  3
52550 6  3
52551 6  3
52552 6  3
52553 6  3
52554 6  3
52555 6  3
52556 6  3
52557 6  3
52558 6  3
52559 6  3
52560 6  3
52561 6  3
52562 6  3
52563 6  3
52564 6  3
52565 6  3
52566 6  3
52567 6  3
52568 6  3
52569 6  3
52570 6  3
52571 6  3
52572 6  3
52573 6  3
52574 6  3
52575 6  3
52576 6  3
52577 6  3
52578 6  3
52579 6  3
52580 6  3
52581 6  3
52582 6  3
52583 6  3
52584 6  3
52585 6  3
52586 6  3
52587 6  3
52588 6  3
52589 6  3
52590 6  3
52591 6  3
52592 6  3
52593 6  3
52594 6  3
52595 6  3
52596 6  3
52597 6  3
52598 6  3
52599 6  3
52600 6  3
52601 6  3
52602 6  3
52603 6  3
52604 6  3
52605 6  3
52606 6  3
52607 6  3
52608 6  3
52609 6  3
52610 6  3
52611 6  3
52612 6  3
52613 6  3
52614 6  3
52615 6  3
52616 6  3
52617 6  3
52618 6  3
52619 6  3
52620 6  3
52621 6  3
52622 6  3
52623 6  3
52624 6  3
52625 6  3
52626 6  3
52627 6  3
52628 6  3
52629 6  3
52630 6  3
52631 6  3
52632 6  3
52633 6  3
52634 6  3
52635 6  3
52636 6  3
52637 6  3
52638 6  3
52639 6  3
52640 6  3
52641 6  3
52642 6  3
52643 6  3
52644 6  3
52645 6  3
52646 6  3
52647 6  3
52648 6  3
52649 6  3
52650 6  3
52651 6  3
52652 6  3
52653 6  3
52654 6  3
52655 6  3
52656 6  3
52657 6  3
52658 6  3
52659 6  3
52660 6  3
52661 6  3
52662 6  3
52663 6  3
52664 6  3
52665 6  3
52666 6  3
52667 6  3
52668 6  3
52669 6  3
52670 6  3
52671 6  3
52672 6  3
52673 6  3
52674 6  3
52675 6  3
52676 6  3
52677 6  3
52678 6  3
52679 6  3
52680 6  3
52681 6  3
52682 6  3
52683 6  3
52684 6  3
52685 6  3
52686 6  3
52687 6  3
52688 6  3
52689 6  3
52690 6  3
52691 6  3
52692 6  3
52693 6  3
52694 6  3
52695 6  3
52696 6  3
52697 6  3
52698 6  3
52699 6  3
52700 6  3
52701 6  3
52702 6  3
52703 6  3
52704 6  3
52705 6  3
52706 6  3
52707 6  3
52708 6  3
52709 6  3
52710 6  3
52711 6  3
52712 6  3
52713 6  3
52714 6  3
52715 6  3
52716 6  3
52717 6  3
52718 6  3
52719 6  3
52720 6  3
52721 6  3
52722 6  3
52723 6  3
52724 6  3
52725 6  3
52726 6  3
52727 6  3
52728 6  3
52729 6  3
52730 6  3
52731 6  3
52732 6  3
52733 6  3
52734 6  3
52735 6  3
52736 6  3
52737 6  3
52738 6  3
52739 6  3
52740 6  3
52741 6  3
52742 6  3
52743 6  3
52744 6  3
52745 6  3
52746 6  3
52747 6  3
52748 6  3
52749 6  3
52750 6  3
52751 6  3
52752 6  3
52753 6  3
52754 6  3
52755 6  3
52756 6  3
52757 6  3
52758 6  3
52759 6  3
52760 6  3
52761 6  3
52762 6  3
52763 6  3
52764 6  3
52765 6  3
52766 6  3
52767 6  3
52768 6  3
52769 6  3
52770 6  3
52771 6  3
52772 6  3
52773 6  3
52774 6  3
52775 6  3
52776 6  3
52777 6  3
52778 6  3
52779 6  3
52780 6  3
52781 6  3
52782 6  3
52783 6  3
52784 6  3
52785 6  3
52786 6  3
52787 6  3
52788 6  3
52789 6  3
52790 6  3
52791 6  3
52792 6  3
52793 6  3
52794 6  3
52795 6  3
52796 6  3
52797 6  3
52798 6  3
52799 6  3
52800 6  3
52801 6  3
52802 6  3
52803 6  3
52804 6  3
52805 6  3
52806 6  3
52807 6  3
52808 6  3
52809 6  3
52810 6  3
52811 6  3
52812 6  3
52813 6  3
52814 6  3
52815 6  3
52816 6  3
52817 6  3
52818 6  3
52819 6  3
52820 6  3
52821 6  3
52822 6  3
52823 6  3
52824 6  3
52825 6  3
52826 6  3
52827 6  3
52828 6  3
52829 6  3
52830 6  3
52831 6  3
52832 6  3
52833 6  3
52834 6  3
52835 6  3
52836 6  3
52837 6  3
52838 6  3
52839 6  3
52840 6  3
52841 6  3
52842 6  3
52843 6  3
52844 6  3
52845 6  3
52846 6  3
52847 6  3
52848 6  3
52849 6  3
52850 6  3
52851 6  3
52852 6  3
52853 6  3
52854 6  3
52855 6  3
52856 6  3
52857 6  3
52858 6  3
52859 6  3
52860 6  3
52861 6  3
52862 6  3
52863 6  3
52864 6  3
52865 6  3
52866 6  3
52867 6  3
52868 6  3
52869 6  3
52870 6  3
52871 6  3
52872 6  3
52873 6  3
52874 6  3
52875 6  3
52876 6  3
52877 6  3
52878 6  3
52879 6  3
52880 6  3
52881 6  3
52882 6  3
52883 6  3
52884 6  3
52885 6  3
52886 6  3
52887 6  3
52888 6  3
52889 6  3
52890 6  3
52891 6  3
52892 6  3
52893 6  3
52894 6  3
52895 6  3
52896 6  3
52897 6  3
52898 6  3
52899 6  3
52900 6  3
52901 6  3
52902 6  3
52903 6  3
52904 6  3
52905 6  3
52906 6  3
52907 6  3
52908 6  3
52909 6  3
52910 6  3
52911 6  3
52912 6  3
52913 6  3
52914 6  3
52915 6  3
52916 6  3
52917 6  3
52918 6  3
52919 6  3
52920 6  3
52921 6  3
52922 6  3
52923 6  3
52924 6  3
52925 6  3
52926 6  3
52927 6  3
52928 6  3
52929 6  3
52930 6  3
52931 6  3
52932 6  3
52933 6  3
52934 6  3
52935 6  3
52936 6  3
52937 6  3
52938 6  3
52939 6  3
52940 6  3
52941 6  3
52942 6  3
52943 6  3
52944 6  3
52945 6  3
52946 6  3
52947 6  3
52948 6  3
52949 6  3
52950 6  3
52951 6  3
52952 6  3
52953 6  3
52954 6  3
52955 6  3
52956 6  3
52957 6  3
52958 6  3
52959 6  3
52960 6  3
52961 6  3
52962 6  3
52963 6  3
52964 6  3
52965 6  3
52966 6  3
52967 6  3
52968 6  3
52969 6  3
52970 6  3
52971 6  3
52972 6  3
52973 6  3
52974 6  3
52975 6  3
52976 6  3
52977 6  3
52978 6  3
52979 6  3
52980 6  3
52981 6  3
52982 6  3
52983 6  3
52984 6  3
52985 6  3
52986 6  3
52987 6  3
52988 6  3
52989 6  3
52990 6  3
52991 6  3
52992 6  3
52993 6  3
52994 6  3
52995 6  3
52996 6  3
52997 6  3
52998 6  3
52999 6  3
53000 6  3
53001 6  3
53002 6  3
53003 6  3
53004 6  3
53005 6  3
53006 6  3
53007 6  3
53008 6  3
53009 6  3
53010 6  3
53011 6  3
53012 6  3
53013 6  3
53014 6  3
53015 6  3
53016 6  3
53017 6  3
53018 6  3
53019 6  3
53020 6  3
53021 6  3
53022 6  3
53023 6  3
53024 6  3
53025 6  3
53026 6  3
53027 6  3
53028 6  3
53029 6  3
53030 6  3
53031 6  3
53032 6  3
53033 6  3
53034 6  3
53035 6  3
53036 6  3
53037 6  3
53038 6  3
53039 6  3
53040 6  3
53041 6  3
53042 6  3
53043 6  3
53044 6  3
53045 6  3
53046 6  3
53047 6  3
53048 6  3
53049 6  3
53050 6  3
53051 6  3
53052 6  3
53053 6  3
53054 6  3
53055 6  3
53056 6  3
53057 6  3
53058 6  3
53059 6  3
53060 6  3
53061 6  3
53062 6  3
53063 6  3
53064 6  3
53065 6  3
53066 6  3
53067 6  3
53068 6  3
53069 6  3
53070 6  3
53071 6  3
53072 6  3
53073 6  3
53074 6  3
53075 6  3
53076 6  3
53077 6  3
53078 6  3
53079 6  3
53080 6  3
53081 6  3
53082 6  3
53083 6  3
53084 6  3
53085 6  3
53086 6  3
53087 6  3
53088 6  3
53089 6  3
53090 6  3
53091 6  3
53092 6  3
53093 6  3
53094 6  3
53095 6  3
53096 6  3
53097 6  3
53098 6  3
53099 6  3
53100 6  3
53101 6  3
53102 6  3
53103 6  3
53104 6  3
53105 6  3
53106 6  3
53107 6  3
53108 6  3
53109 6  3
53110 6  3
53111 6  3
53112 6  3
53113 6  3
53114 6  3
53115 6  3
53116 6  3
53117 6  3
53118 6  3
53119 6  3
53120 6  3
53121 6  3
53122 6  3
53123 6  3
53124 6  3
53125 6  3
53126 6  3
53127 6  3
53128 6  3
53129 6  3
53130 6  3
53131 6  3
53132 6  3
53133 6  3
53134 6  3
53135 6  3
53136 6  3
53137 6  3
53138 6  3
53139 6  3
53140 6  3
53141 6  3
53142 6  3
53143 6  3
53144 6  3
53145 6  3
53146 6  3
53147 6  3
53148 6  3
53149 6  3
53150 6  3
53151 6  3
53152 6  3
53153 6  3
53154 6  3
53155 6  3
53156 6  3
53157 6  3
53158 6  3
53159 6  3
53160 6  3
53161 6  3
53162 6  3
53163 6  3
53164 6  3
53165 6  3
53166 6  3
53167 6  3
53168 6  3
53169 6  3
53170 6  3
53171 6  3
53172 6  3
53173 6  3
53174 6  3
53175 6  3
53176 6  3
53177 6  3
53178 6  3
53179 6  3
53180 6  3
53181 6  3
53182 6  3
53183 6  3
53184 6  3
53185 6  3
53186 6  3
53187 6  3
53188 6  3
53189 6  3
53190 6  3
53191 6  3
53192 6  3
53193 6  3
53194 6  3
53195 6  3
53196 6  3
53197 6  3
53198 6  3
53199 6  3
53200 6  3
53201 6  3
53202 6  3
53203 6  3
53204 6  3
53205 6  3
53206 6  3
53207 6  3
53208 6  3
53209 6  3
53210 6  3
53211 6  3
53212 6  3
53213 6  3
53214 6  3
53215 6  3
53216 6  3
53217 6  3
53218 6  3
53219 6  3
53220 6  3
53221 6  3
53222 6  3
53223 6  3
53224 6  3
53225 6  3
53226 6  3
53227 6  3
53228 6  3
53229 6  3
53230 6  3
53231 6  3
53232 6  3
53233 6  3
53234 6  3
53235 6  3
53236 6  3
53237 6  3
53238 6  3
53239 6  3
53240 6  3
53241 6  3
53242 6  3
53243 6  3
53244 6  3
53245 6  3
53246 6  3
53247 6  3
53248 6  3
53249 6  3
53250 6  3
53251 6  3
53252 6  3
53253 6  3
53254 6  3
53255 6  3
53256 6  3
53257 6  3
53258 6  3
53259 6  3
53260 6  3
53261 6  3
53262 6  3
53263 6  3
53264 6  3
53265 6  3
53266 6  3
53267 6  3
53268 6  3
53269 6  3
53270 6  3
53271 6  3
53272 6  3
53273 6  3
53274 6  3
53275 6  3
53276 6  3
53277 6  3
53278 6  3
53279 6  3
53280 6  3
53281 6  3
53282 6  3
53283 6  3
53284 6  3
53285 6  3
53286 6  3
53287 6  3
53288 6  3
53289 6  3
53290 6  3
53291 6  3
53292 6  3
53293 6  3
53294 6  3
53295 6  3
53296 6  3
53297 6  3
53298 6  3
53299 6  3
53300 6  3
53301 6  3
53302 6  3
53303 6  3
53304 6  3
53305 6  3
53306 6  3
53307 6  3
53308 6  3
53309 6  3
53310 6  3
53311 6  3
53312 6  3
53313 6  3
53314 6  3
53315 6  3
53316 6  3
53317 6  3
53318 6  3
53319 6  3
53320 6  3
53321 6  3
53322 6  3
53323 6  3
53324 6  3
53325 6  3
53326 6  3
53327 6  3
53328 6  3
53329 6  3
53330 6  3
53331 6  3
53332 6  3
53333 6  3
53334 6  3
53335 6  3
53336 6  3
53337 6  3
53338 6  3
53339 6  3
53340 6  3
53341 6  3
53342 6  3
53343 6  3
53344 6  3
53345 6  3
53346 6  3
53347 6  3
53348 6  3
53349 6  3
53350 6  3
53351 6  3
53352 6  3
53353 6  3
53354 6  3
53355 6  3
53356 6  3
53357 6  3
53358 6  3
53359 6  3
53360 6  3
53361 6  3
53362 6  3
53363 6  3
53364 6  3
53365 6  3
53366 6  3
53367 6  3
53368 6  3
53369 6  3
53370 6  3
53371 6  3
53372 6  3
53373 6  3
53374 6  3
53375 6  3
53376 6  3
53377 6  3
53378 6  3
53379 6  3
53380 6  3
53381 6  3
53382 6  3
53383 6  3
53384 6  3
53385 6  3
53386 6  3
53387 6  3
53388 6  3
53389 6  3
53390 6  3
53391 6  3
53392 6  3
53393 6  3
53394 6  3
53395 6  3
53396 6  3
53397 6  3
53398 6  3
53399 6  3
53400 6  3
53401 6  3
53402 6  3
53403 6  3
53404 6  3
53405 6  3
53406 6  3
53407 6  3
53408 6  3
53409 6  3
53410 6  3
53411 6  3
53412 6  3
53413 6  3
53414 6  3
53415 6  3
53416 6  3
53417 6  3
53418 6  3
53419 6  3
53420 6  3
53421 6  3
53422 6  3
53423 6  3
53424 6  3
53425 6  3
53426 6  3
53427 6  3
53428 6  3
53429 6  3
53430 6  3
53431 6  3
53432 6  3
53433 6  3
53434 6  3
53435 6  3
53436 6  3
53437 6  3
53438 6  3
53439 6  3
53440 6  3
53441 6  3
53442 6  3
53443 6  3
53444 6  3
53445 6  3
53446 6  3
53447 6  3
53448 6  3
53449 6  3
53450 6  3
53451 6  3
53452 6  3
53453 6  3
53454 6  3
53455 6  3
53456 6  3
53457 6  3
53458 6  3
53459 6  3
53460 6  3
53461 6  3
53462 6  3
53463 6  3
53464 6  3
53465 6  3
53466 6  3
53467 6  3
53468 6  3
53469 6  3
53470 6  3
53471 6  3
53472 6  3
53473 6  3
53474 6  3
53475 6  3
53476 6  3
53477 6  3
53478 6  3
53479 6  3
53480 6  3
53481 6  3
53482 6  3
53483 6  3
53484 6  3
53485 6  3
53486 6  3
53487 6  3
53488 6  3
53489 6  3
53490 6  3
53491 6  3
53492 6  3
53493 6  3
53494 6  3
53495 6  3
53496 6  3
53497 6  3
53498 6  3
53499 6  3
53500 6  3
53501 6  3
53502 6  3
53503 6  3
53504 6  3
53505 6  3
53506 6  3
53507 6  3
53508 6  3
53509 6  3
53510 6  3
53511 6  3
53512 6  3
53513 6  3
53514 6  3
53515 6  3
53516 6  3
53517 6  3
53518 6  3
53519 6  3
53520 6  3
53521 6  3
53522 6  3
53523 6  3
53524 6  3
53525 6  3
53526 6  3
53527 6  3
53528 6  3
53529 6  3
53530 6  3
53531 6  3
53532 6  3
53533 6  3
53534 6  3
53535 6  3
53536 6  3
53537 6  3
53538 6  3
53539 6  3
53540 6  3
53541 6  3
53542 6  3
53543 6  3
53544 6  3
53545 6  3
53546 6  3
53547 6  3
53548 6  3
53549 6  3
53550 6  3
53551 6  3
53552 6  3
53553 6  3
53554 6  3
53555 6  3
53556 6  3
53557 6  3
53558 6  3
53559 6  3
53560 6  3
53561 6  3
53562 6  3
53563 6  3
53564 6  3
53565 6  3
53566 6  3
53567 6  3
53568 6  3
53569 6  3
53570 6  3
53571 6  3
53572 6  3
53573 6  3
53574 6  3
53575 6  3
53576 6  3
53577 6  3
53578 6  3
53579 6  3
53580 6  3
53581 6  3
53582 6  3
53583 6  3
53584 6  3
53585 6  3
53586 6  3
53587 6  3
53588 6  3
53589 6  3
53590 6  3
53591 6  3
53592 6  3
53593 6  3
53594 6  3
53595 6  3
53596 6  3
53597 6  3
53598 6  3
53599 6  3
53600 6  3
53601 6  3
53602 6  3
53603 6  3
53604 6  3
53605 6  3
53606 6  3
53607 6  3
53608 6  3
53609 6  3
53610 6  3
53611 6  3
53612 6  3
53613 6  3
53614 6  3
53615 6  3
53616 6  3
53617 6  3
53618 6  3
53619 6  3
53620 6  3
53621 6  3
53622 6  3
53623 6  3
53624 6  3
53625 6  3
53626 6  3
53627 6  3
53628 6  3
53629 6  3
53630 6  3
53631 6  3
53632 6  3
53633 6  3
53634 6  3
53635 6  3
53636 6  3
53637 6  3
53638 6  3
53639 6  3
53640 6  3
53641 6  3
53642 6  3
53643 6  3
53644 6  3
53645 6  3
53646 6  3
53647 6  3
53648 6  3
53649 6  3
53650 6  3
53651 6  3
53652 6  3
53653 6  3
53654 6  3
53655 6  3
53656 6  3
53657 6  3
53658 6  3
53659 6  3
53660 6  3
53661 6  3
53662 6  3
53663 6  3
53664 6  3
53665 6  3
53666 6  3
53667 6  3
53668 6  3
53669 6  3
53670 6  3
53671 6  3
53672 6  3
53673 6  3
53674 6  3
53675 6  3
53676 6  3
53677 6  3
53678 6  3
53679 6  3
53680 6  3
53681 6  3
53682 6  3
53683 6  3
53684 6  3
53685 6  3
53686 6  3
53687 6  3
53688 6  3
53689 6  3
53690 6  3
53691 6  3
53692 6  3
53693 6  3
53694 6  3
53695 6  3
53696 6  3
53697 6  3
53698 6  3
53699 6  3
53700 6  3
53701 6  3
53702 6  3
53703 6  3
53704 6  3
53705 6  3
53706 6  3
53707 6  3
53708 6  3
53709 6  3
53710 6  3
53711 6  3
53712 6  3
53713 6  3
53714 6  3
53715 6  3
53716 6  3
53717 6  3
53718 6  3
53719 6  3
53720 6  3
53721 6  3
53722 6  3
53723 6  3
53724 6  3
53725 6  3
53726 6  3
53727 6  3
53728 6  3
53729 6  3
53730 6  3
53731 6  3
53732 6  3
53733 6  3
53734 6  3
53735 6  3
53736 6  3
53737 6  3
53738 6  3
53739 6  3
53740 6  3
53741 6  3
53742 6  3
53743 6  3
53744 6  3
53745 6  3
53746 6  3
53747 6  3
53748 6  3
53749 6  3
53750 6  3
53751 6  3
53752 6  3
53753 6  3
53754 6  3
53755 6  3
53756 6  3
53757 6  3
53758 6  3
53759 6  3
53760 6  3
53761 6  3
53762 6  3
53763 6  3
53764 6  3
53765 6  3
53766 6  3
53767 6  3
53768 6  3
53769 6  3
53770 6  3
53771 6  3
53772 6  3
53773 6  3
53774 6  3
53775 6  3
53776 6  3
53777 6  3
53778 6  3
53779 6  3
53780 6  3
53781 6  3
53782 6  3
53783 6  3
53784 6  3
53785 6  3
53786 6  3
53787 6  3
53788 6  3
53789 6  3
53790 6  3
53791 6  3
53792 6  3
53793 6  3
53794 6  3
53795 6  3
53796 6  3
53797 6  3
53798 6  3
53799 6  3
53800 6  3
53801 6  3
53802 6  3
53803 6  3
53804 6  3
53805 6  3
53806 6  3
53807 6  3
53808 6  3
53809 6  3
53810 6  3
53811 6  3
53812 6  3
53813 6  3
53814 6  3
53815 6  3
53816 6  3
53817 6  3
53818 6  3
53819 6  3
53820 6  3
53821 6  3
53822 6  3
53823 6  3
53824 6  3
53825 6  3
53826 6  3
53827 6  3
53828 6  3
53829 6  3
53830 6  3
53831 6  3
53832 6  3
53833 6  3
53834 6  3
53835 6  3
53836 6  3
53837 6  3
53838 6  3
53839 6  3
53840 6  3
53841 6  3
53842 6  3
53843 6  3
53844 6  3
53845 6  3
53846 6  3
53847 6  3
53848 6  3
53849 6  3
53850 6  3
53851 6  3
53852 6  3
53853 6  3
53854 6  3
53855 6  3
53856 6  3
53857 6  3
53858 6  3
53859 6  3
53860 6  3
53861 6  3
53862 6  3
53863 6  3
53864 6  3
53865 6  3
53866 6  3
53867 6  3
53868 6  3
53869 6  3
53870 6  3
53871 6  3
53872 6  3
53873 6  3
53874 6  3
53875 6  3
53876 6  3
53877 6  3
53878 6  3
53879 6  3
53880 6  3
53881 6  3
53882 6  3
53883 6  3
53884 6  3
53885 6  3
53886 6  3
53887 6  3
53888 6  3
53889 6  3
53890 6  3
53891 6  3
53892 6  3
53893 6  3
53894 6  3
53895 6  3
53896 6  3
53897 6  3
53898 6  3
53899 6  3
53900 6  3
53901 6  3
53902 6  3
53903 6  3
53904 6  3
53905 6  3
53906 6  3
53907 6  3
53908 6  3
53909 6  3
53910 6  3
53911 6  3
53912 6  3
53913 6  3
53914 6  3
53915 6  3
53916 6  3
53917 6  3
53918 6  3
53919 6  3
53920 6  3
53921 6  3
53922 6  3
53923 6  3
53924 6  3
53925 6  3
53926 6  3
53927 6  3
53928 6  3
53929 6  3
53930 6  3
53931 6  3
53932 6  3
53933 6  3
53934 6  3
53935 6  3
53936 6  3
53937 6  3
53938 6  3
53939 6  3
53940 6  3
53941 6  3
53942 6  3
53943 6  3
53944 6  3
53945 6  3
53946 6  3
53947 6  3
53948 6  3
53949 6  3
53950 6  3
53951 6  3
53952 6  3
53953 6  3
53954 6  3
53955 6  3
53956 6  3
53957 6  3
53958 6  3
53959 6  3
53960 6  3
53961 6  3
53962 6  3
53963 6  3
53964 6  3
53965 6  3
53966 6  3
53967 6  3
53968 6  3
53969 6  3
53970 6  3
53971 6  3
53972 6  3
53973 6  3
53974 6  3
53975 6  3
53976 6  3
53977 6  3
53978 6  3
53979 6  3
53980 6  3
53981 6  3
53982 6  3
53983 6  3
53984 6  3
53985 6  3
53986 6  3
53987 6  3
53988 6  3
53989 6  3
53990 6  3
53991 6  3
53992 6  3
53993 6  3
53994 6  3
53995 6  3
53996 6  3
53997 6  3
53998 6  3
53999 6  3
54000 6  3
54001 6  3
54002 6  3
54003 6  3
54004 6  3
54005 6  3
54006 6  3
54007 6  3
54008 6  3
54009 6  3
54010 6  3
54011 6  3
54012 6  3
54013 6  3
54014 6  3
54015 6  3
54016 6  3
54017 6  3
54018 6  3
54019 6  3
54020 6  3
54021 6  3
54022 6  3
54023 6  3
54024 6  3
54025 6  3
54026 6  3
54027 6  3
54028 6  3
54029 6  3
54030 6  3
54031 6  3
54032 6  3
54033 6  3
54034 6  3
54035 6  3
54036 6  3
54037 6  3
54038 6  3
54039 6  3
54040 6  3
54041 6  3
54042 6  3
54043 6  3
54044 6  3
54045 6  3
54046 6  3
54047 6  3
54048 6  3
54049 6  3
54050 6  3
54051 6  3
54052 6  3
54053 6  3
54054 6  3
54055 6  3
54056 6  3
54057 6  3
54058 6  3
54059 6  3
54060 6  3
54061 6  3
54062 6  3
54063 6  3
54064 6  3
54065 6  3
54066 6  3
54067 6  3
54068 6  3
54069 6  3
54070 6  3
54071 6  3
54072 6  3
54073 6  3
54074 6  3
54075 6  3
54076 6  3
54077 6  3
54078 6  3
54079 6  3
54080 6  3
54081 6  3
54082 6  3
54083 6  3
54084 6  3
54085 6  3
54086 6  3
54087 6  3
54088 6  3
54089 6  3
54090 6  3
54091 6  3
54092 6  3
54093 6  3
54094 6  3
54095 6  3
54096 6  3
54097 6  3
54098 6  3
54099 6  3
54100 6  3
54101 6  3
54102 6  3
54103 6  3
54104 6  3
54105 6  3
54106 6  3
54107 6  3
54108 6  3
54109 6  3
54110 6  3
54111 6  3
54112 6  3
54113 6  3
54114 6  3
54115 6  3
54116 6  3
54117 6  3
54118 6  3
54119 6  3
54120 6  3
54121 6  3
54122 6  3
54123 6  3
54124 6  3
54125 6  3
54126 6  3
54127 6  3
54128 6  3
54129 6  3
54130 6  3
54131 6  3
54132 6  3
54133 6  3
54134 6  3
54135 6  3
54136 6  3
54137 6  3
54138 6  3
54139 6  3
54140 6  3
54141 6  3
54142 6  3
54143 6  3
54144 6  3
54145 6  3
54146 6  3
54147 6  3
54148 6  3
54149 6  3
54150 6  3
54151 6  3
54152 6  3
54153 6  3
54154 6  3
54155 6  3
54156 6  3
54157 6  3
54158 6  3
54159 6  3
54160 6  3
54161 6  3
54162 6  3
54163 6  3
54164 6  3
54165 6  3
54166 6  3
54167 6  3
54168 6  3
54169 6  3
54170 6  3
54171 6  3
54172 6  3
54173 6  3
54174 6  3
54175 6  3
54176 6  3
54177 6  3
54178 6  3
54179 6  3
54180 6  3
54181 6  3
54182 6  3
54183 6  3
54184 6  3
54185 6  3
54186 6  3
54187 6  3
54188 6  3
54189 6  3
54190 6  3
54191 6  3
54192 6  3
54193 6  3
54194 6  3
54195 6  3
54196 6  3
54197 6  3
54198 6  3
54199 6  3
54200 6  3
54201 6  3
54202 6  3
54203 6  3
54204 6  3
54205 6  3
54206 6  3
54207 6  3
54208 6  3
54209 6  3
54210 6  3
54211 6  3
54212 6  3
54213 6  3
54214 6  3
54215 6  3
54216 6  3
54217 6  3
54218 6  3
54219 6  3
54220 6  3
54221 6  3
54222 6  3
54223 6  3
54224 6  3
54225 6  3
54226 6  3
54227 6  3
54228 6  3
54229 6  3
54230 6  3
54231 6  3
54232 6  3
54233 6  3
54234 6  3
54235 6  3
54236 6  3
54237 6  3
54238 6  3
54239 6  3
54240 6  3
54241 6  3
54242 6  3
54243 6  3
54244 6  3
54245 6  3
54246 6  3
54247 6  3
54248 6  3
54249 6  3
54250 6  3
54251 6  3
54252 6  3
54253 6  3
54254 6  3
54255 6  3
54256 6  3
54257 6  3
54258 6  3
54259 6  3
54260 6  3
54261 6  3
54262 6  3
54263 6  3
54264 6  3
54265 6  3
54266 6  3
54267 6  3
54268 6  3
54269 6  3
54270 6  3
54271 6  3
54272 6  3
54273 6  3
54274 6  3
54275 6  3
54276 6  3
54277 6  3
54278 6  3
54279 6  3
54280 6  3
54281 6  3
54282 6  3
54283 6  3
54284 6  3
54285 6  3
54286 6  3
54287 6  3
54288 6  3
54289 6  3
54290 6  3
54291 6  3
54292 6  3
54293 6  3
54294 6  3
54295 6  3
54296 6  3
54297 6  3
54298 6  3
54299 6  3
54300 6  3
54301 6  3
54302 6  3
54303 6  3
54304 6  3
54305 6  3
54306 6  3
54307 6  3
54308 6  3
54309 6  3
54310 6  3
54311 6  3
54312 6  3
54313 6  3
54314 6  3
54315 6  3
54316 6  3
54317 6  3
54318 6  3
54319 6  3
54320 6  3
54321 6  3
54322 6  3
54323 6  3
54324 6  3
54325 6  3
54326 6  3
54327 6  3
54328 6  3
54329 6  3
54330 6  3
54331 6  3
54332 6  3
54333 6  3
54334 6  3
54335 6  3
54336 6  3
54337 6  3
54338 6  3
54339 6  3
54340 6  3
54341 6  3
54342 6  3
54343 6  3
54344 6  3
54345 6  3
54346 6  3
54347 6  3
54348 6  3
54349 6  3
54350 6  3
54351 6  3
54352 6  3
54353 6  3
54354 6  3
54355 6  3
54356 6  3
54357 6  3
54358 6  3
54359 6  3
54360 6  3
54361 6  3
54362 6  3
54363 6  3
54364 6  3
54365 6  3
54366 6  3
54367 6  3
54368 6  3
54369 6  3
54370 6  3
54371 6  3
54372 6  3
54373 6  3
54374 6  3
54375 6  3
54376 6  3
54377 6  3
54378 6  3
54379 6  3
54380 6  3
54381 6  3
54382 6  3
54383 6  3
54384 6  3
54385 6  3
54386 6  3
54387 6  3
54388 6  3
54389 6  3
54390 6  3
54391 6  3
54392 6  3
54393 6  3
54394 6  3
54395 6  3
54396 6  3
54397 6  3
54398 6  3
54399 6  3
54400 6  3
54401 6  3
54402 6  3
54403 6  3
54404 6  3
54405 6  3
54406 6  3
54407 6  3
54408 6  3
54409 6  3
54410 6  3
54411 6  3
54412 6  3
54413 6  3
54414 6  3
54415 6  3
54416 6  3
54417 6  3
54418 6  3
54419 6  3
54420 6  3
54421 6  3
54422 6  3
54423 6  3
54424 6  3
54425 6  3
54426 6  3
54427 6  3
54428 6  3
54429 6  3
54430 6  3
54431 6  3
54432 6  3
54433 6  3
54434 6  3
54435 6  3
54436 6  3
54437 6  3
54438 6  3
54439 6  3
54440 6  3
54441 6  3
54442 6  3
54443 6  3
54444 6  3
54445 6  3
54446 6  3
54447 6  3
54448 6  3
54449 6  3
54450 6  3
54451 6  3
54452 6  3
54453 6  3
54454 6  3
54455 6  3
54456 6  3
54457 6  3
54458 6  3
54459 6  3
54460 6  3
54461 6  3
54462 6  3
54463 6  3
54464 6  3
54465 6  3
54466 6  3
54467 6  3
54468 6  3
54469 6  3
54470 6  3
54471 6  3
54472 6  3
54473 6  3
54474 6  3
54475 6  3
54476 6  3
54477 6  3
54478 6  3
54479 6  3
54480 6  3
54481 6  3
54482 6  3
54483 6  3
54484 6  3
54485 6  3
54486 6  3
54487 6  3
54488 6  3
54489 6  3
54490 6  3
54491 6  3
54492 6  3
54493 6  3
54494 6  3
54495 6  3
54496 6  3
54497 6  3
54498 6  3
54499 6  3
54500 6  3
54501 6  3
54502 6  3
54503 6  3
54504 6  3
54505 6  3
54506 6  3
54507 6  3
54508 6  3
54509 6  3
54510 6  3
54511 6  3
54512 6  3
54513 6  3
54514 6  3
54515 6  3
54516 6  3
54517 6  3
54518 6  3
54519 6  3
54520 6  3
54521 6  3
54522 6  3
54523 6  3
54524 6  3
54525 6  3
54526 6  3
54527 6  3
54528 6  3
54529 6  3
54530 6  3
54531 6  3
54532 6  3
54533 6  3
54534 6  3
54535 6  3
54536 6  3
54537 6  3
54538 6  3
54539 6  3
54540 6  3
54541 6  3
54542 6  3
54543 6  3
54544 6  3
54545 6  3
54546 6  3
54547 6  3
54548 6  3
54549 6  3
54550 6  3
54551 6  3
54552 6  3
54553 6  3
54554 6  3
54555 6  3
54556 6  3
54557 6  3
54558 6  3
54559 6  3
54560 6  3
54561 6  3
54562 6  3
54563 6  3
54564 6  3
54565 6  3
54566 6  3
54567 6  3
54568 6  3
54569 6  3
54570 6  3
54571 6  3
54572 6  3
54573 6  3
54574 6  3
54575 6  3
54576 6  3
54577 6  3
54578 6  3
54579 6  3
54580 6  3
54581 6  3
54582 6  3
54583 6  3
54584 6  3
54585 6  3
54586 6  3
54587 6  3
54588 6  3
54589 6  3
54590 6  3
54591 6  3
54592 6  3
54593 6  3
54594 6  3
54595 6  3
54596 6  3
54597 6  3
54598 6  3
54599 6  3
54600 6  3
54601 6  3
54602 6  3
54603 6  3
54604 6  3
54605 6  3
54606 6  3
54607 6  3
54608 6  3
54609 6  3
54610 6  3
54611 6  3
54612 6  3
54613 6  3
54614 6  3
54615 6  3
54616 6  3
54617 6  3
54618 6  3
54619 6  3
54620 6  3
54621 6  3
54622 6  3
54623 6  3
54624 6  3
54625 6  3
54626 6  3
54627 6  3
54628 6  3
54629 6  3
54630 6  3
54631 6  3
54632 6  3
54633 6  3
54634 6  3
54635 6  3
54636 6  3
54637 6  3
54638 6  3
54639 6  3
54640 6  3
54641 6  3
54642 6  3
54643 6  3
54644 6  3
54645 6  3
54646 6  3
54647 6  3
54648 6  3
54649 6  3
54650 6  3
54651 6  3
54652 6  3
54653 6  3
54654 6  3
54655 6  3
54656 6  3
54657 6  3
54658 6  3
54659 6  3
54660 6  3
54661 6  3
54662 6  3
54663 6  3
54664 6  3
54665 6  3
54666 6  3
54667 6  3
54668 6  3
54669 6  3
54670 6  3
54671 6  3
54672 6  3
54673 6  3
54674 6  3
54675 6  3
54676 6  3
54677 6  3
54678 6  3
54679 6  3
54680 6  3
54681 6  3
54682 6  3
54683 6  3
54684 6  3
54685 6  3
54686 6  3
54687 6  3
54688 6  3
54689 6  3
54690 6  3
54691 6  3
54692 6  3
54693 6  3
54694 6  3
54695 6  3
54696 6  3
54697 6  3
54698 6  3
54699 6  3
54700 6  3
54701 6  3
54702 6  3
54703 6  3
54704 6  3
54705 6  3
54706 6  3
54707 6  3
54708 6  3
54709 6  3
54710 6  3
54711 6  3
54712 6  3
54713 6  3
54714 6  3
54715 6  3
54716 6  3
54717 6  3
54718 6  3
54719 6  3
54720 6  3
54721 6  3
54722 6  3
54723 6  3
54724 6  3
54725 6  3
54726 6  3
54727 6  3
54728 6  3
54729 6  3
54730 6  3
54731 6  3
54732 6  3
54733 6  3
54734 6  3
54735 6  3
54736 6  3
54737 6  3
54738 6  3
54739 6  3
54740 6  3
54741 6  3
54742 6  3
54743 6  3
54744 6  3
54745 6  3
54746 6  3
54747 6  3
54748 6  3
54749 6  3
54750 6  3
54751 6  3
54752 6  3
54753 6  3
54754 6  3
54755 6  3
54756 6  3
54757 6  3
54758 6  3
54759 6  3
54760 6  3
54761 6  3
54762 6  3
54763 6  3
54764 6  3
54765 6  3
54766 6  3
54767 6  3
54768 6  3
54769 6  3
54770 6  3
54771 6  3
54772 6  3
54773 6  3
54774 6  3
54775 6  3
54776 6  3
54777 6  3
54778 6  3
54779 6  3
54780 6  3
54781 6  3
54782 6  3
54783 6  3
54784 6  3
54785 6  3
54786 6  3
54787 6  3
54788 6  3
54789 6  3
54790 6  3
54791 6  3
54792 6  3
54793 6  3
54794 6  3
54795 6  3
54796 6  3
54797 6  3
54798 6  3
54799 6  3
54800 6  3
54801 6  3
54802 6  3
54803 6  3
54804 6  3
54805 6  3
54806 6  3
54807 6  3
54808 6  3
54809 6  3
54810 6  3
54811 6  3
54812 6  3
54813 6  3
54814 6  3
54815 6  3
54816 6  3
54817 6  3
54818 6  3
54819 6  3
54820 6  3
54821 6  3
54822 6  3
54823 6  3
54824 6  3
54825 6  3
54826 6  3
54827 6  3
54828 6  3
54829 6  3
54830 6  3
54831 6  3
54832 6  3
54833 6  3
54834 6  3
54835 6  3
54836 6  3
54837 6  3
54838 6  3
54839 6  3
54840 6  3
54841 6  3
54842 6  3
54843 6  3
54844 6  3
54845 6  3
54846 6  3
54847 6  3
54848 6  3
54849 6  3
54850 6  3
54851 6  3
54852 6  3
54853 6  3
54854 6  3
54855 6  3
54856 6  3
54857 6  3
54858 6  3
54859 6  3
54860 6  3
54861 6  3
54862 6  3
54863 6  3
54864 6  3
54865 6  3
54866 6  3
54867 6  3
54868 6  3
54869 6  3
54870 6  3
54871 6  3
54872 6  3
54873 6  3
54874 6  3
54875 6  3
54876 6  3
54877 6  3
54878 6  3
54879 6  3
54880 6  3
54881 6  3
54882 6  3
54883 6  3
54884 6  3
54885 6  3
54886 6  3
54887 6  3
54888 6  3
54889 6  3
54890 6  3
54891 6  3
54892 6  3
54893 6  3
54894 6  3
54895 6  3
54896 6  3
54897 6  3
54898 6  3
54899 6  3
54900 6  3
54901 6  3
54902 6  3
54903 6  3
54904 6  3
54905 6  3
54906 6  3
54907 6  3
54908 6  3
54909 6  3
54910 6  3
54911 6  3
54912 6  3
54913 6  3
54914 6  3
54915 6  3
54916 6  3
54917 6  3
54918 6  3
54919 6  3
54920 6  3
54921 6  3
54922 6  3
54923 6  3
54924 6  3
54925 6  3
54926 6  3
54927 6  3
54928 6  3
54929 6  3
54930 6  3
54931 6  3
54932 6  3
54933 6  3
54934 6  3
54935 6  3
54936 6  3
54937 6  3
54938 6  3
54939 6  3
54940 6  3
54941 6  3
54942 6  3
54943 6  3
54944 6  3
54945 6  3
54946 6  3
54947 6  3
54948 6  3
54949 6  3
54950 6  3
54951 6  3
54952 6  3
54953 6  3
54954 6  3
54955 6  3
54956 6  3
54957 6  3
54958 6  3
54959 6  3
54960 6  3
54961 6  3
54962 6  3
54963 6  3
54964 6  3
54965 6  3
54966 6  3
54967 6  3
54968 6  3
54969 6  3
54970 6  3
54971 6  3
54972 6  3
54973 6  3
54974 6  3
54975 6  3
54976 6  3
54977 6  3
54978 6  3
54979 6  3
54980 6  3
54981 6  3
54982 6  3
54983 6  3
54984 6  3
54985 6  3
54986 6  3
54987 6  3
54988 6  3
54989 6  3
54990 6  3
54991 6  3
54992 6  3
54993 6  3
54994 6  3
54995 6  3
54996 6  3
54997 6  3
54998 6  3
54999 6  3
55000 6  3
55001 6  3
55002 6  3
55003 6  3
55004 6  3
55005 6  3
55006 6  3
55007 6  3
55008 6  3
55009 6  3
55010 6  3
55011 6  3
55012 6  3
55013 6  3
55014 6  3
55015 6  3
55016 6  3
55017 6  3
55018 6  3
55019 6  3
55020 6  3
55021 6  3
55022 6  3
55023 6  3
55024 6  3
55025 6  3
55026 6  3
55027 6  3
55028 6  3
55029 6  3
55030 6  3
55031 6  3
55032 6  3
55033 6  3
55034 6  3
55035 6  3
55036 6  3
55037 6  3
55038 6  3
55039 6  3
55040 6  3
55041 6  3
55042 6  3
55043 6  3
55044 6  3
55045 6  3
55046 6  3
55047 6  3
55048 6  3
55049 6  3
55050 6  3
55051 6  3
55052 6  3
55053 6  3
55054 6  3
55055 6  3
55056 6  3
55057 6  3
55058 6  3
55059 6  3
55060 6  3
55061 6  3
55062 6  3
55063 6  3
55064 6  3
55065 6  3
55066 6  3
55067 6  3
55068 6  3
55069 6  3
55070 6  3
55071 6  3
55072 6  3
55073 6  3
55074 6  3
55075 6  3
55076 6  3
55077 6  3
55078 6  3
55079 6  3
55080 6  3
55081 6  3
55082 6  3
55083 6  3
55084 6  3
55085 6  3
55086 6  3
55087 6  3
55088 6  3
55089 6  3
55090 6  3
55091 6  3
55092 6  3
55093 6  3
55094 6  3
55095 6  3
55096 6  3
55097 6  3
55098 6  3
55099 6  3
55100 6  3
55101 6  3
55102 6  3
55103 6  3
55104 6  3
55105 6  3
55106 6  3
55107 6  3
55108 6  3
55109 6  3
55110 6  3
55111 6  3
55112 6  3
55113 6  3
55114 6  3
55115 6  3
55116 6  3
55117 6  3
55118 6  3
55119 6  3
55120 6  3
55121 6  3
55122 6  3
55123 6  3
55124 6  3
55125 6  3
55126 6  3
55127 6  3
55128 6  3
55129 6  3
55130 6  3
55131 6  3
55132 6  3
55133 6  3
55134 6  3
55135 6  3
55136 6  3
55137 6  3
55138 6  3
55139 6  3
55140 6  3
55141 6  3
55142 6  3
55143 6  3
55144 6  3
55145 6  3
55146 6  3
55147 6  3
55148 6  3
55149 6  3
55150 6  3
55151 6  3
55152 6  3
55153 6  3
55154 6  3
55155 6  3
55156 6  3
55157 6  3
55158 6  3
55159 6  3
55160 6  3
55161 6  3
55162 6  3
55163 6  3
55164 6  3
55165 6  3
55166 6  3
55167 6  3
55168 6  3
55169 6  3
55170 6  3
55171 6  3
55172 6  3
55173 6  3
55174 6  3
55175 6  3
55176 6  3
55177 6  3
55178 6  3
55179 6  3
55180 6  3
55181 6  3
55182 6  3
55183 6  3
55184 6  3
55185 6  3
55186 6  3
55187 6  3
55188 6  3
55189 6  3
55190 6  3
55191 6  3
55192 6  3
55193 6  3
55194 6  3
55195 6  3
55196 6  3
55197 6  3
55198 6  3
55199 6  3
55200 6  3
55201 6  3
55202 6  3
55203 6  3
55204 6  3
55205 6  3
55206 6  3
55207 6  3
55208 6  3
55209 6  3
55210 6  3
55211 6  3
55212 6  3
55213 6  3
55214 6  3
55215 6  3
55216 6  3
55217 6  3
55218 6  3
55219 6  3
55220 6  3
55221 6  3
55222 6  3
55223 6  3
55224 6  3
55225 6  3
55226 6  3
55227 6  3
55228 6  3
55229 6  3
55230 6  3
55231 6  3
55232 6  3
55233 6  3
55234 6  3
55235 6  3
55236 6  3
55237 6  3
55238 6  3
55239 6  3
55240 6  3
55241 6  3
55242 6  3
55243 6  3
55244 6  3
55245 6  3
55246 6  3
55247 6  3
55248 6  3
55249 6  3
55250 6  3
55251 6  3
55252 6  3
55253 6  3
55254 6  3
55255 6  3
55256 6  3
55257 6  3
55258 6  3
55259 6  3
55260 6  3
55261 6  3
55262 6  3
55263 6  3
55264 6  3
55265 6  3
55266 6  3
55267 6  3
55268 6  3
55269 6  3
55270 6  3
55271 6  3
55272 6  3
55273 6  3
55274 6  3
55275 6  3
55276 6  3
55277 6  3
55278 6  3
55279 6  3
55280 6  3
55281 6  3
55282 6  3
55283 6  3
55284 6  3
55285 6  3
55286 6  3
55287 6  3
55288 6  3
55289 6  3
55290 6  3
55291 6  3
55292 6  3
55293 6  3
55294 6  3
55295 6  3
55296 6  3
55297 6  3
55298 6  3
55299 6  3
55300 6  3
55301 6  3
55302 6  3
55303 6  3
55304 6  3
55305 6  3
55306 6  3
55307 6  3
55308 6  3
55309 6  3
55310 6  3
55311 6  3
55312 6  3
55313 6  3
55314 6  3
55315 6  3
55316 6  3
55317 6  3
55318 6  3
55319 6  3
55320 6  3
55321 6  3
55322 6  3
55323 6  3
55324 6  3
55325 6  3
55326 6  3
55327 6  3
55328 6  3
55329 6  3
55330 6  3
55331 6  3
55332 6  3
55333 6  3
55334 6  3
55335 6  3
55336 6  3
55337 6  3
55338 6  3
55339 6  3
55340 6  3
55341 6  3
55342 6  3
55343 6  3
55344 6  3
55345 6  3
55346 6  3
55347 6  3
55348 6  3
55349 6  3
55350 6  3
55351 6  3
55352 6  3
55353 6  3
55354 6  3
55355 6  3
55356 6  3
55357 6  3
55358 6  3
55359 6  3
55360 6  3
55361 6  3
55362 6  3
55363 6  3
55364 6  3
55365 6  3
55366 6  3
55367 6  3
55368 6  3
55369 6  3
55370 6  3
55371 6  3
55372 6  3
55373 6  3
55374 6  3
55375 6  3
55376 6  3
55377 6  3
55378 6  3
55379 6  3
55380 6  3
55381 6  3
55382 6  3
55383 6  3
55384 6  3
55385 6  3
55386 6  3
55387 6  3
55388 6  3
55389 6  3
55390 6  3
55391 6  3
55392 6  3
55393 6  3
55394 6  3
55395 6  3
55396 6  3
55397 6  3
55398 6  3
55399 6  3
55400 6  3
55401 6  3
55402 6  3
55403 6  3
55404 6  3
55405 6  3
55406 6  3
55407 6  3
55408 6  3
55409 6  3
55410 6  3
55411 6  3
55412 6  3
55413 6  3
55414 6  3
55415 6  3
55416 6  3
55417 6  3
55418 6  3
55419 6  3
55420 6  3
55421 6  3
55422 6  3
55423 6  3
55424 6  3
55425 6  3
55426 6  3
55427 6  3
55428 6  3
55429 6  3
55430 6  3
55431 6  3
55432 6  3
55433 6  3
55434 6  3
55435 6  3
55436 6  3
55437 6  3
55438 6  3
55439 6  3
55440 6  3
55441 6  3
55442 6  3
55443 6  3
55444 6  3
55445 6  3
55446 6  3
55447 6  3
55448 6  3
55449 6  3
55450 6  3
55451 6  3
55452 6  3
55453 6  3
55454 6  3
55455 6  3
55456 6  3
55457 6  3
55458 6  3
55459 6  3
55460 6  3
55461 6  3
55462 6  3
55463 6  3
55464 6  3
55465 6  3
55466 6  3
55467 6  3
55468 6  3
55469 6  3
55470 6  3
55471 6  3
55472 6  3
55473 6  3
55474 6  3
55475 6  3
55476 6  3
55477 6  3
55478 6  3
55479 6  3
55480 6  3
55481 6  3
55482 6  3
55483 6  3
55484 6  3
55485 6  3
55486 6  3
55487 6  3
55488 6  3
55489 6  3
55490 6  3
55491 6  3
55492 6  3
55493 6  3
55494 6  3
55495 6  3
55496 6  3
55497 6  3
55498 6  3
55499 6  3
55500 6  3
55501 6  3
55502 6  3
55503 6  3
55504 6  3
55505 6  3
55506 6  3
55507 6  3
55508 6  3
55509 6  3
55510 6  3
55511 6  3
55512 6  3
55513 6  3
55514 6  3
55515 6  3
55516 6  3
55517 6  3
55518 6  3
55519 6  3
55520 6  3
55521 6  3
55522 6  3
55523 6  3
55524 6  3
55525 6  3
55526 6  3
55527 6  3
55528 6  3
55529 6  3
55530 6  3
55531 6  3
55532 6  3
55533 6  3
55534 6  3
55535 6  3
55536 6  3
55537 6  3
55538 6  3
55539 6  3
55540 6  3
55541 6  3
55542 6  3
55543 6  3
55544 6  3
55545 6  3
55546 6  3
55547 6  3
55548 6  3
55549 6  3
55550 6  3
55551 6  3
55552 6  3
55553 6  3
55554 6  3
55555 6  3
55556 6  3
55557 6  3
55558 6  3
55559 6  3
55560 6  3
55561 6  3
55562 6  3
55563 6  3
55564 6  3
55565 6  3
55566 6  3
55567 6  3
55568 6  3
55569 6  3
55570 6  3
55571 6  3
55572 6  3
55573 6  3
55574 6  3
55575 6  3
55576 6  3
55577 6  3
55578 6  3
55579 6  3
55580 6  3
55581 6  3
55582 6  3
55583 6  3
55584 6  3
55585 6  3
55586 6  3
55587 6  3
55588 6  3
55589 6  3
55590 6  3
55591 6  3
55592 6  3
55593 6  3
55594 6  3
55595 6  3
55596 6  3
55597 6  3
55598 6  3
55599 6  3
55600 6  3
55601 6  3
55602 6  3
55603 6  3
55604 6  3
55605 6  3
55606 6  3
55607 6  3
55608 6  3
55609 6  3
55610 6  3
55611 6  3
55612 6  3
55613 6  3
55614 6  3
55615 6  3
55616 6  3
55617 6  3
55618 6  3
55619 6  3
55620 6  3
55621 6  3
55622 6  3
55623 6  3
55624 6  3
55625 6  3
55626 6  3
55627 6  3
55628 6  3
55629 6  3
55630 6  3
55631 6  3
55632 6  3
55633 6  3
55634 6  3
55635 6  3
55636 6  3
55637 6  3
55638 6  3
55639 6  3
55640 6  3
55641 6  3
55642 6  3
55643 6  3
55644 6  3
55645 6  3
55646 6  3
55647 6  3
55648 6  3
55649 6  3
55650 6  3
55651 6  3
55652 6  3
55653 6  3
55654 6  3
55655 6  3
55656 6  3
55657 6  3
55658 6  3
55659 6  3
55660 6  3
55661 6  3
55662 6  3
55663 6  3
55664 6  3
55665 6  3
55666 6  3
55667 6  3
55668 6  3
55669 6  3
55670 6  3
55671 6  3
55672 6  3
55673 6  3
55674 6  3
55675 6  3
55676 6  3
55677 6  3
55678 6  3
55679 6  3
55680 6  3
55681 6  3
55682 6  3
55683 6  3
55684 6  3
55685 6  3
55686 6  3
55687 6  3
55688 6  3
55689 6  3
55690 6  3
55691 6  3
55692 6  3
55693 6  3
55694 6  3
55695 6  3
55696 6  3
55697 6  3
55698 6  3
55699 6  3
55700 6  3
55701 6  3
55702 6  3
55703 6  3
55704 6  3
55705 6  3
55706 6  3
55707 6  3
55708 6  3
55709 6  3
55710 6  3
55711 6  3
55712 6  3
55713 6  3
55714 6  3
55715 6  3
55716 6  3
55717 6  3
55718 6  3
55719 6  3
55720 6  3
55721 6  3
55722 6  3
55723 6  3
55724 6  3
55725 6  3
55726 6  3
55727 6  3
55728 6  3
55729 6  3
55730 6  3
55731 6  3
55732 6  3
55733 6  3
55734 6  3
55735 6  3
55736 6  3
55737 6  3
55738 6  3
55739 6  3
55740 6  3
55741 6  3
55742 6  3
55743 6  3
55744 6  3
55745 6  3
55746 6  3
55747 6  3
55748 6  3
55749 6  3
55750 6  3
55751 6  3
55752 6  3
55753 6  3
55754 6  3
55755 6  3
55756 6  3
55757 6  3
55758 6  3
55759 6  3
55760 6  3
55761 6  3
55762 6  3
55763 6  3
55764 6  3
55765 6  3
55766 6  3
55767 6  3
55768 6  3
55769 6  3
55770 6  3
55771 6  3
55772 6  3
55773 6  3
55774 6  3
55775 6  3
55776 6  3
55777 6  3
55778 6  3
55779 6  3
55780 6  3
55781 6  3
55782 6  3
55783 6  3
55784 6  3
55785 6  3
55786 6  3
55787 6  3
55788 6  3
55789 6  3
55790 6  3
55791 6  3
55792 6  3
55793 6  3
55794 6  3
55795 6  3
55796 6  3
55797 6  3
55798 6  3
55799 6  3
55800 6  3
55801 6  3
55802 6  3
55803 6  3
55804 6  3
55805 6  3
55806 6  3
55807 6  3
55808 6  3
55809 6  3
55810 6  3
55811 6  3
55812 6  3
55813 6  3
55814 6  3
55815 6  3
55816 6  3
55817 6  3
55818 6  3
55819 6  3
55820 6  3
55821 6  3
55822 6  3
55823 6  3
55824 6  3
55825 6  3
55826 6  3
55827 6  3
55828 6  3
55829 6  3
55830 6  3
55831 6  3
55832 6  3
55833 6  3
55834 6  3
55835 6  3
55836 6  3
55837 6  3
55838 6  3
55839 6  3
55840 6  3
55841 6  3
55842 6  3
55843 6  3
55844 6  3
55845 6  3
55846 6  3
55847 6  3
55848 6  3
55849 6  3
55850 6  3
55851 6  3
55852 6  3
55853 6  3
55854 6  3
55855 6  3
55856 6  3
55857 6  3
55858 6  3
55859 6  3
55860 6  3
55861 6  3
55862 6  3
55863 6  3
55864 6  3
55865 6  3
55866 6  3
55867 6  3
55868 6  3
55869 6  3
55870 6  3
55871 6  3
55872 6  3
55873 6  3
55874 6  3
55875 6  3
55876 6  3
55877 6  3
55878 6  3
55879 6  3
55880 6  3
55881 6  3
55882 6  3
55883 6  3
55884 6  3
55885 6  3
55886 6  3
55887 6  3
55888 6  3
55889 6  3
55890 6  3
55891 6  3
55892 6  3
55893 6  3
55894 6  3
55895 6  3
55896 6  3
55897 6  3
55898 6  3
55899 6  3
55900 6  3
55901 6  3
55902 6  3
55903 6  3
55904 6  3
55905 6  3
55906 6  3
55907 6  3
55908 6  3
55909 6  3
55910 6  3
55911 6  3
55912 6  3
55913 6  3
55914 6  3
55915 6  3
55916 6  3
55917 6  3
55918 6  3
55919 6  3
55920 6  3
55921 6  3
55922 6  3
55923 6  3
55924 6  3
55925 6  3
55926 6  3
55927 6  3
55928 6  3
55929 6  3
55930 6  3
55931 6  3
55932 6  3
55933 6  3
55934 6  3
55935 6  3
55936 6  3
55937 6  3
55938 6  3
55939 6  3
55940 6  3
55941 6  3
55942 6  3
55943 6  3
55944 6  3
55945 6  3
55946 6  3
55947 6  3
55948 6  3
55949 6  3
55950 6  3
55951 6  3
55952 6  3
55953 6  3
55954 6  3
55955 6  3
55956 6  3
55957 6  3
55958 6  3
55959 6  3
55960 6  3
55961 6  3
55962 6  3
55963 6  3
55964 6  3
55965 6  3
55966 6  3
55967 6  3
55968 6  3
55969 6  3
55970 6  3
55971 6  3
55972 6  3
55973 6  3
55974 6  3
55975 6  3
55976 6  3
55977 6  3
55978 6  3
55979 6  3
55980 6  3
55981 6  3
55982 6  3
55983 6  3
55984 6  3
55985 6  3
55986 6  3
55987 6  3
55988 6  3
55989 6  3
55990 6  3
55991 6  3
55992 6  3
55993 6  3
55994 6  3
55995 6  3
55996 6  3
55997 6  3
55998 6  3
55999 6  3
56000 6  3
56001 6  3
56002 6  3
56003 6  3
56004 6  3
56005 6  3
56006 6  3
56007 6  3
56008 6  3
56009 6  3
56010 6  3
56011 6  3
56012 6  3
56013 6  3
56014 6  3
56015 6  3
56016 6  3
56017 6  3
56018 6  3
56019 6  3
56020 6  3
56021 6  3
56022 6  3
56023 6  3
56024 6  3
56025 6  3
56026 6  3
56027 6  3
56028 6  3
56029 6  3
56030 6  3
56031 6  3
56032 6  3
56033 6  3
56034 6  3
56035 6  3
56036 6  3
56037 6  3
56038 6  3
56039 6  3
56040 6  3
56041 6  3
56042 6  3
56043 6  3
56044 6  3
56045 6  3
56046 6  3
56047 6  3
56048 6  3
56049 6  3
56050 6  3
56051 6  3
56052 6  3
56053 6  3
56054 6  3
56055 6  3
56056 6  3
56057 6  3
56058 6  3
56059 6  3
56060 6  3
56061 6  3
56062 6  3
56063 6  3
56064 6  3
56065 6  3
56066 6  3
56067 6  3
56068 6  3
56069 6  3
56070 6  3
56071 6  3
56072 6  3
56073 6  3
56074 6  3
56075 6  3
56076 6  3
56077 6  3
56078 6  3
56079 6  3
56080 6  3
56081 6  3
56082 6  3
56083 6  3
56084 6  3
56085 6  3
56086 6  3
56087 6  3
56088 6  3
56089 6  3
56090 6  3
56091 6  3
56092 6  3
56093 6  3
56094 6  3
56095 6  3
56096 6  3
56097 6  3
56098 6  3
56099 6  3
56100 6  3
56101 6  3
56102 6  3
56103 6  3
56104 6  3
56105 6  3
56106 6  3
56107 6  3
56108 6  3
56109 6  3
56110 6  3
56111 6  3
56112 6  3
56113 6  3
56114 6  3
56115 6  3
56116 6  3
56117 6  3
56118 6  3
56119 6  3
56120 6  3
56121 6  3
56122 6  3
56123 6  3
56124 6  3
56125 6  3
56126 6  3
56127 6  3
56128 6  3
56129 6  3
56130 6  3
56131 6  3
56132 6  3
56133 6  3
56134 6  3
56135 6  3
56136 6  3
56137 6  3
56138 6  3
56139 6  3
56140 6  3
56141 6  3
56142 6  3
56143 6  3
56144 6  3
56145 6  3
56146 6  3
56147 6  3
56148 6  3
56149 6  3
56150 6  3
56151 6  3
56152 6  3
56153 6  3
56154 6  3
56155 6  3
56156 6  3
56157 6  3
56158 6  3
56159 6  3
56160 6  3
56161 6  3
56162 6  3
56163 6  3
56164 6  3
56165 6  3
56166 6  3
56167 6  3
56168 6  3
56169 6  3
56170 6  3
56171 6  3
56172 6  3
56173 6  3
56174 6  3
56175 6  3
56176 6  3
56177 6  3
56178 6  3
56179 6  3
56180 6  3
56181 6  3
56182 6  3
56183 6  3
56184 6  3
56185 6  3
56186 6  3
56187 6  3
56188 6  3
56189 6  3
56190 6  3
56191 6  3
56192 6  3
56193 6  3
56194 6  3
56195 6  3
56196 6  3
56197 6  3
56198 6  3
56199 6  3
56200 6  3
56201 6  3
56202 6  3
56203 6  3
56204 6  3
56205 6  3
56206 6  3
56207 6  3
56208 6  3
56209 6  3
56210 6  3
56211 6  3
56212 6  3
56213 6  3
56214 6  3
56215 6  3
56216 6  3
56217 6  3
56218 6  3
56219 6  3
56220 6  3
56221 6  3
56222 6  3
56223 6  3
56224 6  3
56225 6  3
56226 6  3
56227 6  3
56228 6  3
56229 6  3
56230 6  3
56231 6  3
56232 6  3
56233 6  3
56234 6  3
56235 6  3
56236 6  3
56237 6  3
56238 6  3
56239 6  3
56240 6  3
56241 6  3
56242 6  3
56243 6  3
56244 6  3
56245 6  3
56246 6  3
56247 6  3
56248 6  3
56249 6  3
56250 6  3
56251 6  3
56252 6  3
56253 6  3
56254 6  3
56255 6  3
56256 6  3
56257 6  3
56258 6  3
56259 6  3
56260 6  3
56261 6  3
56262 6  3
56263 6  3
56264 6  3
56265 6  3
56266 6  3
56267 6  3
56268 6  3
56269 6  3
56270 6  3
56271 6  3
56272 6  3
56273 6  3
56274 6  3
56275 6  3
56276 6  3
56277 6  3
56278 6  3
56279 6  3
56280 6  3
56281 6  3
56282 6  3
56283 6  3
56284 6  3
56285 6  3
56286 6  3
56287 6  3
56288 6  3
56289 6  3
56290 6  3
56291 6  3
56292 6  3
56293 6  3
56294 6  3
56295 6  3
56296 6  3
56297 6  3
56298 6  3
56299 6  3
56300 6  3
56301 6  3
56302 6  3
56303 6  3
56304 6  3
56305 6  3
56306 6  3
56307 6  3
56308 6  3
56309 6  3
56310 6  3
56311 6  3
56312 6  3
56313 6  3
56314 6  3
56315 6  3
56316 6  3
56317 6  3
56318 6  3
56319 6  3
56320 6  3
56321 6  3
56322 6  3
56323 6  3
56324 6  3
56325 6  3
56326 6  3
56327 6  3
56328 6  3
56329 6  3
56330 6  3
56331 6  3
56332 6  3
56333 6  3
56334 6  3
56335 6  3
56336 6  3
56337 6  3
56338 6  3
56339 6  3
56340 6  3
56341 6  3
56342 6  3
56343 6  3
56344 6  3
56345 6  3
56346 6  3
56347 6  3
56348 6  3
56349 6  3
56350 6  3
56351 6  3
56352 6  3
56353 6  3
56354 6  3
56355 6  3
56356 6  3
56357 6  3
56358 6  3
56359 6  3
56360 6  3
56361 6  3
56362 6  3
56363 6  3
56364 6  3
56365 6  3
56366 6  3
56367 6  3
56368 6  3
56369 6  3
56370 6  3
56371 6  3
56372 6  3
56373 6  3
56374 6  3
56375 6  3
56376 6  3
56377 6  3
56378 6  3
56379 6  3
56380 6  3
56381 6  3
56382 6  3
56383 6  3
56384 6  3
56385 6  3
56386 6  3
56387 6  3
56388 6  3
56389 6  3
56390 6  3
56391 6  3
56392 6  3
56393 6  3
56394 6  3
56395 6  3
56396 6  3
56397 6  3
56398 6  3
56399 6  3
56400 6  3
56401 6  3
56402 6  3
56403 6  3
56404 6  3
56405 6  3
56406 6  3
56407 6  3
56408 6  3
56409 6  3
56410 6  3
56411 6  3
56412 6  3
56413 6  3
56414 6  3
56415 6  3
56416 6  3
56417 6  3
56418 6  3
56419 6  3
56420 6  3
56421 6  3
56422 6  3
56423 6  3
56424 6  3
56425 6  3
56426 6  3
56427 6  3
56428 6  3
56429 6  3
56430 6  3
56431 6  3
56432 6  3
56433 6  3
56434 6  3
56435 6  3
56436 6  3
56437 6  3
56438 6  3
56439 6  3
56440 6  3
56441 6  3
56442 6  3
56443 6  3
56444 6  3
56445 6  3
56446 6  3
56447 6  3
56448 6  3
56449 6  3
56450 6  3
56451 6  3
56452 6  3
56453 6  3
56454 6  3
56455 6  3
56456 6  3
56457 6  3
56458 6  3
56459 6  3
56460 6  3
56461 6  3
56462 6  3
56463 6  3
56464 6  3
56465 6  3
56466 6  3
56467 6  3
56468 6  3
56469 6  3
56470 6  3
56471 6  3
56472 6  3
56473 6  3
56474 6  3
56475 6  3
56476 6  3
56477 6  3
56478 6  3
56479 6  3
56480 6  3
56481 6  3
56482 6  3
56483 6  3
56484 6  3
56485 6  3
56486 6  3
56487 6  3
56488 6  3
56489 6  3
56490 6  3
56491 6  3
56492 6  3
56493 6  3
56494 6  3
56495 6  3
56496 6  3
56497 6  3
56498 6  3
56499 6  3
56500 6  3
56501 6  3
56502 6  3
56503 6  3
56504 6  3
56505 6  3
56506 6  3
56507 6  3
56508 6  3
56509 6  3
56510 6  3
56511 6  3
56512 6  3
56513 6  3
56514 6  3
56515 6  3
56516 6  3
56517 6  3
56518 6  3
56519 6  3
56520 6  3
56521 6  3
56522 6  3
56523 6  3
56524 6  3
56525 6  3
56526 6  3
56527 6  3
56528 6  3
56529 6  3
56530 6  3
56531 6  3
56532 6  3
56533 6  3
56534 6  3
56535 6  3
56536 6  3
56537 6  3
56538 6  3
56539 6  3
56540 6  3
56541 6  3
56542 6  3
56543 6  3
56544 6  3
56545 6  3
56546 6  3
56547 6  3
56548 6  3
56549 6  3
56550 6  3
56551 6  3
56552 6  3
56553 6  3
56554 6  3
56555 6  3
56556 6  3
56557 6  3
56558 6  3
56559 6  3
56560 6  3
56561 6  3
56562 6  3
56563 6  3
56564 6  3
56565 6  3
56566 6  3
56567 6  3
56568 6  3
56569 6  3
56570 6  3
56571 6  3
56572 6  3
56573 6  3
56574 6  3
56575 6  3
56576 6  3
56577 6  3
56578 6  3
56579 6  3
56580 6  3
56581 6  3
56582 6  3
56583 6  3
56584 6  3
56585 6  3
56586 6  3
56587 6  3
56588 6  3
56589 6  3
56590 6  3
56591 6  3
56592 6  3
56593 6  3
56594 6  3
56595 6  3
56596 6  3
56597 6  3
56598 6  3
56599 6  3
56600 6  3
56601 6  3
56602 6  3
56603 6  3
56604 6  3
56605 6  3
56606 6  3
56607 6  3
56608 6  3
56609 6  3
56610 6  3
56611 6  3
56612 6  3
56613 6  3
56614 6  3
56615 6  3
56616 6  3
56617 6  3
56618 6  3
56619 6  3
56620 6  3
56621 6  3
56622 6  3
56623 6  3
56624 6  3
56625 6  3
56626 6  3
56627 6  3
56628 6  3
56629 6  3
56630 6  3
56631 6  3
56632 6  3
56633 6  3
56634 6  3
56635 6  3
56636 6  3
56637 6  3
56638 6  3
56639 6  3
56640 6  3
56641 6  3
56642 6  3
56643 6  3
56644 6  3
56645 6  3
56646 6  3
56647 6  3
56648 6  3
56649 6  3
56650 6  3
56651 6  3
56652 6  3
56653 6  3
56654 6  3
56655 6  3
56656 6  3
56657 6  3
56658 6  3
56659 6  3
56660 6  3
56661 6  3
56662 6  3
56663 6  3
56664 6  3
56665 6  3
56666 6  3
56667 6  3
56668 6  3
56669 6  3
56670 6  3
56671 6  3
56672 6  3
56673 6  3
56674 6  3
56675 6  3
56676 6  3
56677 6  3
56678 6  3
56679 6  3
56680 6  3
56681 6  3
56682 6  3
56683 6  3
56684 6  3
56685 6  3
56686 6  3
56687 6  3
56688 6  3
56689 6  3
56690 6  3
56691 6  3
56692 6  3
56693 6  3
56694 6  3
56695 6  3
56696 6  3
56697 6  3
56698 6  3
56699 6  3
56700 6  3
56701 6  3
56702 6  3
56703 6  3
56704 6  3
56705 6  3
56706 6  3
56707 6  3
56708 6  3
56709 6  3
56710 6  3
56711 6  3
56712 6  3
56713 6  3
56714 6  3
56715 6  3
56716 6  3
56717 6  3
56718 6  3
56719 6  3
56720 6  3
56721 6  3
56722 6  3
56723 6  3
56724 6  3
56725 6  3
56726 6  3
56727 6  3
56728 6  3
56729 6  3
56730 6  3
56731 6  3
56732 6  3
56733 6  3
56734 6  3
56735 6  3
56736 6  3
56737 6  3
56738 6  3
56739 6  3
56740 6  3
56741 6  3
56742 6  3
56743 6  3
56744 6  3
56745 6  3
56746 6  3
56747 6  3
56748 6  3
56749 6  3
56750 6  3
56751 6  3
56752 6  3
56753 6  3
56754 6  3
56755 6  3
56756 6  3
56757 6  3
56758 6  3
56759 6  3
56760 6  3
56761 6  3
56762 6  3
56763 6  3
56764 6  3
56765 6  3
56766 6  3
56767 6  3
56768 6  3
56769 6  3
56770 6  3
56771 6  3
56772 6  3
56773 6  3
56774 6  3
56775 6  3
56776 6  3
56777 6  3
56778 6  3
56779 6  3
56780 6  3
56781 6  3
56782 6  3
56783 6  3
56784 6  3
56785 6  3
56786 6  3
56787 6  3
56788 6  3
56789 6  3
56790 6  3
56791 6  3
56792 6  3
56793 6  3
56794 6  3
56795 6  3
56796 6  3
56797 6  3
56798 6  3
56799 6  3
56800 6  3
56801 6  3
56802 6  3
56803 6  3
56804 6  3
56805 6  3
56806 6  3
56807 6  3
56808 6  3
56809 6  3
56810 6  3
56811 6  3
56812 6  3
56813 6  3
56814 6  3
56815 6  3
56816 6  3
56817 6  3
56818 6  3
56819 6  3
56820 6  3
56821 6  3
56822 6  3
56823 6  3
56824 6  3
56825 6  3
56826 6  3
56827 6  3
56828 6  3
56829 6  3
56830 6  3
56831 6  3
56832 6  3
56833 6  3
56834 6  3
56835 6  3
56836 6  3
56837 6  3
56838 6  3
56839 6  3
56840 6  3
56841 6  3
56842 6  3
56843 6  3
56844 6  3
56845 6  3
56846 6  3
56847 6  3
56848 6  3
56849 6  3
56850 6  3
56851 6  3
56852 6  3
56853 6  3
56854 6  3
56855 6  3
56856 6  3
56857 6  3
56858 6  3
56859 6  3
56860 6  3
56861 6  3
56862 6  3
56863 6  3
56864 6  3
56865 6  3
56866 6  3
56867 6  3
56868 6  3
56869 6  3
56870 6  3
56871 6  3
56872 6  3
56873 6  3
56874 6  3
56875 6  3
56876 6  3
56877 6  3
56878 6  3
56879 6  3
56880 6  3
56881 6  3
56882 6  3
56883 6  3
56884 6  3
56885 6  3
56886 6  3
56887 6  3
56888 6  3
56889 6  3
56890 6  3
56891 6  3
56892 6  3
56893 6  3
56894 6  3
56895 6  3
56896 6  3
56897 6  3
56898 6  3
56899 6  3
56900 6  3
56901 6  3
56902 6  3
56903 6  3
56904 6  3
56905 6  3
56906 6  3
56907 6  3
56908 6  3
56909 6  3
56910 6  3
56911 6  3
56912 6  3
56913 6  3
56914 6  3
56915 6  3
56916 6  3
56917 6  3
56918 6  3
56919 6  3
56920 6  3
56921 6  3
56922 6  3
56923 6  3
56924 6  3
56925 6  3
56926 6  3
56927 6  3
56928 6  3
56929 6  3
56930 6  3
56931 6  3
56932 6  3
56933 6  3
56934 6  3
56935 6  3
56936 6  3
56937 6  3
56938 6  3
56939 6  3
56940 6  3
56941 6  3
56942 6  3
56943 6  3
56944 6  3
56945 6  3
56946 6  3
56947 6  3
56948 6  3
56949 6  3
56950 6  3
56951 6  3
56952 6  3
56953 6  3
56954 6  3
56955 6  3
56956 6  3
56957 6  3
56958 6  3
56959 6  3
56960 6  3
56961 6  3
56962 6  3
56963 6  3
56964 6  3
56965 6  3
56966 6  3
56967 6  3
56968 6  3
56969 6  3
56970 6  3
56971 6  3
56972 6  3
56973 6  3
56974 6  3
56975 6  3
56976 6  3
56977 6  3
56978 6  3
56979 6  3
56980 6  3
56981 6  3
56982 6  3
56983 6  3
56984 6  3
56985 6  3
56986 6  3
56987 6  3
56988 6  3
56989 6  3
56990 6  3
56991 6  3
56992 6  3
56993 6  3
56994 6  3
56995 6  3
56996 6  3
56997 6  3
56998 6  3
56999 6  3
57000 6  3
57001 6  3
57002 6  3
57003 6  3
57004 6  3
57005 6  3
57006 6  3
57007 6  3
57008 6  3
57009 6  3
57010 6  3
57011 6  3
57012 6  3
57013 6  3
57014 6  3
57015 6  3
57016 6  3
57017 6  3
57018 6  3
57019 6  3
57020 6  3
57021 6  3
57022 6  3
57023 6  3
57024 6  3
57025 6  3
57026 6  3
57027 6  3
57028 6  3
57029 6  3
57030 6  3
57031 6  3
57032 6  3
57033 6  3
57034 6  3
57035 6  3
57036 6  3
57037 6  3
57038 6  3
57039 6  3
57040 6  3
57041 6  3
57042 6  3
57043 6  3
57044 6  3
57045 6  3
57046 6  3
57047 6  3
57048 6  3
57049 6  3
57050 6  3
57051 6  3
57052 6  3
57053 6  3
57054 6  3
57055 6  3
57056 6  3
57057 6  3
57058 6  3
57059 6  3
57060 6  3
57061 6  3
57062 6  3
57063 6  3
57064 6  3
57065 6  3
57066 6  3
57067 6  3
57068 6  3
57069 6  3
57070 6  3
57071 6  3
57072 6  3
57073 6  3
57074 6  3
57075 6  3
57076 6  3
57077 6  3
57078 6  3
57079 6  3
57080 6  3
57081 6  3
57082 6  3
57083 6  3
57084 6  3
57085 6  3
57086 6  3
57087 6  3
57088 6  3
57089 6  3
57090 6  3
57091 6  3
57092 6  3
57093 6  3
57094 6  3
57095 6  3
57096 6  3
57097 6  3
57098 6  3
57099 6  3
57100 6  3
57101 6  3
57102 6  3
57103 6  3
57104 6  3
57105 6  3
57106 6  3
57107 6  3
57108 6  3
57109 6  3
57110 6  3
57111 6  3
57112 6  3
57113 6  3
57114 6  3
57115 6  3
57116 6  3
57117 6  3
57118 6  3
57119 6  3
57120 6  3
57121 6  3
57122 6  3
57123 6  3
57124 6  3
57125 6  3
57126 6  3
57127 6  3
57128 6  3
57129 6  3
57130 6  3
57131 6  3
57132 6  3
57133 6  3
57134 6  3
57135 6  3
57136 6  3
57137 6  3
57138 6  3
57139 6  3
57140 6  3
57141 6  3
57142 6  3
57143 6  3
57144 6  3
57145 6  3
57146 6  3
57147 6  3
57148 6  3
57149 6  3
57150 6  3
57151 6  3
57152 6  3
57153 6  3
57154 6  3
57155 6  3
57156 6  3
57157 6  3
57158 6  3
57159 6  3
57160 6  3
57161 6  3
57162 6  3
57163 6  3
57164 6  3
57165 6  3
57166 6  3
57167 6  3
57168 6  3
57169 6  3
57170 6  3
57171 6  3
57172 6  3
57173 6  3
57174 6  3
57175 6  3
57176 6  3
57177 6  3
57178 6  3
57179 6  3
57180 6  3
57181 6  3
57182 6  3
57183 6  3
57184 6  3
57185 6  3
57186 6  3
57187 6  3
57188 6  3
57189 6  3
57190 6  3
57191 6  3
57192 6  3
57193 6  3
57194 6  3
57195 6  3
57196 6  3
57197 6  3
57198 6  3
57199 6  3
57200 6  3
57201 6  3
57202 6  3
57203 6  3
57204 6  3
57205 6  3
57206 6  3
57207 6  3
57208 6  3
57209 6  3
57210 6  3
57211 6  3
57212 6  3
57213 6  3
57214 6  3
57215 6  3
57216 6  3
57217 6  3
57218 6  3
57219 6  3
57220 6  3
57221 6  3
57222 6  3
57223 6  3
57224 6  3
57225 6  3
57226 6  3
57227 6  3
57228 6  3
57229 6  3
57230 6  3
57231 6  3
57232 6  3
57233 6  3
57234 6  3
57235 6  3
57236 6  3
57237 6  3
57238 6  3
57239 6  3
57240 6  3
57241 6  3
57242 6  3
57243 6  3
57244 6  3
57245 6  3
57246 6  3
57247 6  3
57248 6  3
57249 6  3
57250 6  3
57251 6  3
57252 6  3
57253 6  3
57254 6  3
57255 6  3
57256 6  3
57257 6  3
57258 6  3
57259 6  3
57260 6  3
57261 6  3
57262 6  3
57263 6  3
57264 6  3
57265 6  3
57266 6  3
57267 6  3
57268 6  3
57269 6  3
57270 6  3
57271 6  3
57272 6  3
57273 6  3
57274 6  3
57275 6  3
57276 6  3
57277 6  3
57278 6  3
57279 6  3
57280 6  3
57281 6  3
57282 6  3
57283 6  3
57284 6  3
57285 6  3
57286 6  3
57287 6  3
57288 6  3
57289 6  3
57290 6  3
57291 6  3
57292 6  3
57293 6  3
57294 6  3
57295 6  3
57296 6  3
57297 6  3
57298 6  3
57299 6  3
57300 6  3
57301 6  3
57302 6  3
57303 6  3
57304 6  3
57305 6  3
57306 6  3
57307 6  3
57308 6  3
57309 6  3
57310 6  3
57311 6  3
57312 6  3
57313 6  3
57314 6  3
57315 6  3
57316 6  3
57317 6  3
57318 6  3
57319 6  3
57320 6  3
57321 6  3
57322 6  3
57323 6  3
57324 6  3
57325 6  3
57326 6  3
57327 6  3
57328 6  3
57329 6  3
57330 6  3
57331 6  3
57332 6  3
57333 6  3
57334 6  3
57335 6  3
57336 6  3
57337 6  3
57338 6  3
57339 6  3
57340 6  3
57341 6  3
57342 6  3
57343 6  3
57344 6  3
57345 6  3
57346 6  3
57347 6  3
57348 6  3
57349 6  3
57350 6  3
57351 6  3
57352 6  3
57353 6  3
57354 6  3
57355 6  3
57356 6  3
57357 6  3
57358 6  3
57359 6  3
57360 6  3
57361 6  3
57362 6  3
57363 6  3
57364 6  3
57365 6  3
57366 6  3
57367 6  3
57368 6  3
57369 6  3
57370 6  3
57371 6  3
57372 6  3
57373 6  3
57374 6  3
57375 6  3
57376 6  3
57377 6  3
57378 6  3
57379 6  3
57380 6  3
57381 6  3
57382 6  3
57383 6  3
57384 6  3
57385 6  3
57386 6  3
57387 6  3
57388 6  3
57389 6  3
57390 6  3
57391 6  3
57392 6  3
57393 6  3
57394 6  3
57395 6  3
57396 6  3
57397 6  3
57398 6  3
57399 6  3
57400 6  3
57401 6  3
57402 6  3
57403 6  3
57404 6  3
57405 6  3
57406 6  3
57407 6  3
57408 6  3
57409 6  3
57410 6  3
57411 6  3
57412 6  3
57413 6  3
57414 6  3
57415 6  3
57416 6  3
57417 6  3
57418 6  3
57419 6  3
57420 6  3
57421 6  3
57422 6  3
57423 6  3
57424 6  3
57425 6  3
57426 6  3
57427 6  3
57428 6  3
57429 6  3
57430 6  3
57431 6  3
57432 6  3
57433 6  3
57434 6  3
57435 6  3
57436 6  3
57437 6  3
57438 6  3
57439 6  3
57440 6  3
57441 6  3
57442 6  3
57443 6  3
57444 6  3
57445 6  3
57446 6  3
57447 6  3
57448 6  3
57449 6  3
57450 6  3
57451 6  3
57452 6  3
57453 6  3
57454 6  3
57455 6  3
57456 6  3
57457 6  3
57458 6  3
57459 6  3
57460 6  3
57461 6  3
57462 6  3
57463 6  3
57464 6  3
57465 6  3
57466 6  3
57467 6  3
57468 6  3
57469 6  3
57470 6  3
57471 6  3
57472 6  3
57473 6  3
57474 6  3
57475 6  3
57476 6  3
57477 6  3
57478 6  3
57479 6  3
57480 6  3
57481 6  3
57482 6  3
57483 6  3
57484 6  3
57485 6  3
57486 6  3
57487 6  3
57488 6  3
57489 6  3
57490 6  3
57491 6  3
57492 6  3
57493 6  3
57494 6  3
57495 6  3
57496 6  3
57497 6  3
57498 6  3
57499 6  3
57500 6  3
57501 6  3
57502 6  3
57503 6  3
57504 6  3
57505 6  3
57506 6  3
57507 6  3
57508 6  3
57509 6  3
57510 6  3
57511 6  3
57512 6  3
57513 6  3
57514 6  3
57515 6  3
57516 6  3
57517 6  3
57518 6  3
57519 6  3
57520 6  3
57521 6  3
57522 6  3
57523 6  3
57524 6  3
57525 6  3
57526 6  3
57527 6  3
57528 6  3
57529 6  3
57530 6  3
57531 6  3
57532 6  3
57533 6  3
57534 6  3
57535 6  3
57536 6  3
57537 6  3
57538 6  3
57539 6  3
57540 6  3
57541 6  3
57542 6  3
57543 6  3
57544 6  3
57545 6  3
57546 6  3
57547 6  3
57548 6  3
57549 6  3
57550 6  3
57551 6  3
57552 6  3
57553 6  3
57554 6  3
57555 6  3
57556 6  3
57557 6  3
57558 6  3
57559 6  3
57560 6  3
57561 6  3
57562 6  3
57563 6  3
57564 6  3
57565 6  3
57566 6  3
57567 6  3
57568 6  3
57569 6  3
57570 6  3
57571 6  3
57572 6  3
57573 6  3
57574 6  3
57575 6  3
57576 6  3
57577 6  3
57578 6  3
57579 6  3
57580 6  3
57581 6  3
57582 6  3
57583 6  3
57584 6  3
57585 6  3
57586 6  3
57587 6  3
57588 6  3
57589 6  3
57590 6  3
57591 6  3
57592 6  3
57593 6  3
57594 6  3
57595 6  3
57596 6  3
57597 6  3
57598 6  3
57599 6  3
57600 6  3
57601 6  3
57602 6  3
57603 6  3
57604 6  3
57605 6  3
57606 6  3
57607 6  3
57608 6  3
57609 6  3
57610 6  3
57611 6  3
57612 6  3
57613 6  3
57614 6  3
57615 6  3
57616 6  3
57617 6  3
57618 6  3
57619 6  3
57620 6  3
57621 6  3
57622 6  3
57623 6  3
57624 6  3
57625 6  3
57626 6  3
57627 6  3
57628 6  3
57629 6  3
57630 6  3
57631 6  3
57632 6  3
57633 6  3
57634 6  3
57635 6  3
57636 6  3
57637 6  3
57638 6  3
57639 6  3
57640 6  3
57641 6  3
57642 6  3
57643 6  3
57644 6  3
57645 6  3
57646 6  3
57647 6  3
57648 6  3
57649 6  3
57650 6  3
57651 6  3
57652 6  3
57653 6  3
57654 6  3
57655 6  3
57656 6  3
57657 6  3
57658 6  3
57659 6  3
57660 6  3
57661 6  3
57662 6  3
57663 6  3
57664 6  3
57665 6  3
57666 6  3
57667 6  3
57668 6  3
57669 6  3
57670 6  3
57671 6  3
57672 6  3
57673 6  3
57674 6  3
57675 6  3
57676 6  3
57677 6  3
57678 6  3
57679 6  3
57680 6  3
57681 6  3
57682 6  3
57683 6  3
57684 6  3
57685 6  3
57686 6  3
57687 6  3
57688 6  3
57689 6  3
57690 6  3
57691 6  3
57692 6  3
57693 6  3
57694 6  3
57695 6  3
57696 6  3
57697 6  3
57698 6  3
57699 6  3
57700 6  3
57701 6  3
57702 6  3
57703 6  3
57704 6  3
57705 6  3
57706 6  3
57707 6  3
57708 6  3
57709 6  3
57710 6  3
57711 6  3
57712 6  3
57713 6  3
57714 6  3
57715 6  3
57716 6  3
57717 6  3
57718 6  3
57719 6  3
57720 6  3
57721 6  3
57722 6  3
57723 6  3
57724 6  3
57725 6  3
57726 6  3
57727 6  3
57728 6  3
57729 6  3
57730 6  3
57731 6  3
57732 6  3
57733 6  3
57734 6  3
57735 6  3
57736 6  3
57737 6  3
57738 6  3
57739 6  3
57740 6  3
57741 6  3
57742 6  3
57743 6  3
57744 6  3
57745 6  3
57746 6  3
57747 6  3
57748 6  3
57749 6  3
57750 6  3
57751 6  3
57752 6  3
57753 6  3
57754 6  3
57755 6  3
57756 6  3
57757 6  3
57758 6  3
57759 6  3
57760 6  3
57761 6  3
57762 6  3
57763 6  3
57764 6  3
57765 6  3
57766 6  3
57767 6  3
57768 6  3
57769 6  3
57770 6  3
57771 6  3
57772 6  3
57773 6  3
57774 6  3
57775 6  3
57776 6  3
57777 6  3
57778 6  3
57779 6  3
57780 6  3
57781 6  3
57782 6  3
57783 6  3
57784 6  3
57785 6  3
57786 6  3
57787 6  3
57788 6  3
57789 6  3
57790 6  3
57791 6  3
57792 6  3
57793 6  3
57794 6  3
57795 6  3
57796 6  3
57797 6  3
57798 6  3
57799 6  3
57800 6  3
57801 6  3
57802 6  3
57803 6  3
57804 6  3
57805 6  3
57806 6  3
57807 6  3
57808 6  3
57809 6  3
57810 6  3
57811 6  3
57812 6  3
57813 6  3
57814 6  3
57815 6  3
57816 6  3
57817 6  3
57818 6  3
57819 6  3
57820 6  3
57821 6  3
57822 6  3
57823 6  3
57824 6  3
57825 6  3
57826 6  3
57827 6  3
57828 6  3
57829 6  3
57830 6  3
57831 6  3
57832 6  3
57833 6  3
57834 6  3
57835 6  3
57836 6  3
57837 6  3
57838 6  3
57839 6  3
57840 6  3
57841 6  3
57842 6  3
57843 6  3
57844 6  3
57845 6  3
57846 6  3
57847 6  3
57848 6  3
57849 6  3
57850 6  3
57851 6  3
57852 6  3
57853 6  3
57854 6  3
57855 6  3
57856 6  3
57857 6  3
57858 6  3
57859 6  3
57860 6  3
57861 6  3
57862 6  3
57863 6  3
57864 6  3
57865 6  3
57866 6  3
57867 6  3
57868 6  3
57869 6  3
57870 6  3
57871 6  3
57872 6  3
57873 6  3
57874 6  3
57875 6  3
57876 6  3
57877 6  3
57878 6  3
57879 6  3
57880 6  3
57881 6  3
57882 6  3
57883 6  3
57884 6  3
57885 6  3
57886 6  3
57887 6  3
57888 6  3
57889 6  3
57890 6  3
57891 6  3
57892 6  3
57893 6  3
57894 6  3
57895 6  3
57896 6  3
57897 6  3
57898 6  3
57899 6  3
57900 6  3
57901 6  3
57902 6  3
57903 6  3
57904 6  3
57905 6  3
57906 6  3
57907 6  3
57908 6  3
57909 6  3
57910 6  3
57911 6  3
57912 6  3
57913 6  3
57914 6  3
57915 6  3
57916 6  3
57917 6  3
57918 6  3
57919 6  3
57920 6  3
57921 6  3
57922 6  3
57923 6  3
57924 6  3
57925 6  3
57926 6  3
57927 6  3
57928 6  3
57929 6  3
57930 6  3
57931 6  3
57932 6  3
57933 6  3
57934 6  3
57935 6  3
57936 6  3
57937 6  3
57938 6  3
57939 6  3
57940 6  3
57941 6  3
57942 6  3
57943 6  3
57944 6  3
57945 6  3
57946 6  3
57947 6  3
57948 6  3
57949 6  3
57950 6  3
57951 6  3
57952 6  3
57953 6  3
57954 6  3
57955 6  3
57956 6  3
57957 6  3
57958 6  3
57959 6  3
57960 6  3
57961 6  3
57962 6  3
57963 6  3
57964 6  3
57965 6  3
57966 6  3
57967 6  3
57968 6  3
57969 6  3
57970 6  3
57971 6  3
57972 6  3
57973 6  3
57974 6  3
57975 6  3
57976 6  3
57977 6  3
57978 6  3
57979 6  3
57980 6  3
57981 6  3
57982 6  3
57983 6  3
57984 6  3
57985 6  3
57986 6  3
57987 6  3
57988 6  3
57989 6  3
57990 6  3
57991 6  3
57992 6  3
57993 6  3
57994 6  3
57995 6  3
57996 6  3
57997 6  3
57998 6  3
57999 6  3
58000 6  3
58001 6  3
58002 6  3
58003 6  3
58004 6  3
58005 6  3
58006 6  3
58007 6  3
58008 6  3
58009 6  3
58010 6  3
58011 6  3
58012 6  3
58013 6  3
58014 6  3
58015 6  3
58016 6  3
58017 6  3
58018 6  3
58019 6  3
58020 6  3
58021 6  3
58022 6  3
58023 6  3
58024 6  3
58025 6  3
58026 6  3
58027 6  3
58028 6  3
58029 6  3
58030 6  3
58031 6  3
58032 6  3
58033 6  3
58034 6  3
58035 6  3
58036 6  3
58037 6  3
58038 6  3
58039 6  3
58040 6  3
58041 6  3
58042 6  3
58043 6  3
58044 6  3
58045 6  3
58046 6  3
58047 6  3
58048 6  3
58049 6  3
58050 6  3
58051 6  3
58052 6  3
58053 6  3
58054 6  3
58055 6  3
58056 6  3
58057 6  3
58058 6  3
58059 6  3
58060 6  3
58061 6  3
58062 6  3
58063 6  3
58064 6  3
58065 6  3
58066 6  3
58067 6  3
58068 6  3
58069 6  3
58070 6  3
58071 6  3
58072 6  3
58073 6  3
58074 6  3
58075 6  3
58076 6  3
58077 6  3
58078 6  3
58079 6  3
58080 6  3
58081 6  3
58082 6  3
58083 6  3
58084 6  3
58085 6  3
58086 6  3
58087 6  3
58088 6  3
58089 6  3
58090 6  3
58091 6  3
58092 6  3
58093 6  3
58094 6  3
58095 6  3
58096 6  3
58097 6  3
58098 6  3
58099 6  3
58100 6  3
58101 6  3
58102 6  3
58103 6  3
58104 6  3
58105 6  3
58106 6  3
58107 6  3
58108 6  3
58109 6  3
58110 6  3
58111 6  3
58112 6  3
58113 6  3
58114 6  3
58115 6  3
58116 6  3
58117 6  3
58118 6  3
58119 6  3
58120 6  3
58121 6  3
58122 6  3
58123 6  3
58124 6  3
58125 6  3
58126 6  3
58127 6  3
58128 6  3
58129 6  3
58130 6  3
58131 6  3
58132 6  3
58133 6  3
58134 6  3
58135 6  3
58136 6  3
58137 6  3
58138 6  3
58139 6  3
58140 6  3
58141 6  3
58142 6  3
58143 6  3
58144 6  3
58145 6  3
58146 6  3
58147 6  3
58148 6  3
58149 6  3
58150 6  3
58151 6  3
58152 6  3
58153 6  3
58154 6  3
58155 6  3
58156 6  3
58157 6  3
58158 6  3
58159 6  3
58160 6  3
58161 6  3
58162 6  3
58163 6  3
58164 6  3
58165 6  3
58166 6  3
58167 6  3
58168 6  3
58169 6  3
58170 6  3
58171 6  3
58172 6  3
58173 6  3
58174 6  3
58175 6  3
58176 6  3
58177 6  3
58178 6  3
58179 6  3
58180 6  3
58181 6  3
58182 6  3
58183 6  3
58184 6  3
58185 6  3
58186 6  3
58187 6  3
58188 6  3
58189 6  3
58190 6  3
58191 6  3
58192 6  3
58193 6  3
58194 6  3
58195 6  3
58196 6  3
58197 6  3
58198 6  3
58199 6  3
58200 6  3
58201 6  3
58202 6  3
58203 6  3
58204 6  3
58205 6  3
58206 6  3
58207 6  3
58208 6  3
58209 6  3
58210 6  3
58211 6  3
58212 6  3
58213 6  3
58214 6  3
58215 6  3
58216 6  3
58217 6  3
58218 6  3
58219 6  3
58220 6  3
58221 6  3
58222 6  3
58223 6  3
58224 6  3
58225 6  3
58226 6  3
58227 6  3
58228 6  3
58229 6  3
58230 6  3
58231 6  3
58232 6  3
58233 6  3
58234 6  3
58235 6  3
58236 6  3
58237 6  3
58238 6  3
58239 6  3
58240 6  3
58241 6  3
58242 6  3
58243 6  3
58244 6  3
58245 6  3
58246 6  3
58247 6  3
58248 6  3
58249 6  3
58250 6  3
58251 6  3
58252 6  3
58253 6  3
58254 6  3
58255 6  3
58256 6  3
58257 6  3
58258 6  3
58259 6  3
58260 6  3
58261 6  3
58262 6  3
58263 6  3
58264 6  3
58265 6  3
58266 6  3
58267 6  3
58268 6  3
58269 6  3
58270 6  3
58271 6  3
58272 6  3
58273 6  3
58274 6  3
58275 6  3
58276 6  3
58277 6  3
58278 6  3
58279 6  3
58280 6  3
58281 6  3
58282 6  3
58283 6  3
58284 6  3
58285 6  3
58286 6  3
58287 6  3
58288 6  3
58289 6  3
58290 6  3
58291 6  3
58292 6  3
58293 6  3
58294 6  3
58295 6  3
58296 6  3
58297 6  3
58298 6  3
58299 6  3
58300 6  3
58301 6  3
58302 6  3
58303 6  3
58304 6  3
58305 6  3
58306 6  3
58307 6  3
58308 6  3
58309 6  3
58310 6  3
58311 6  3
58312 6  3
58313 6  3
58314 6  3
58315 6  3
58316 6  3
58317 6  3
58318 6  3
58319 6  3
58320 6  3
58321 6  3
58322 6  3
58323 6  3
58324 6  3
58325 6  3
58326 6  3
58327 6  3
58328 6  3
58329 6  3
58330 6  3
58331 6  3
58332 6  3
58333 6  3
58334 6  3
58335 6  3
58336 6  3
58337 6  3
58338 6  3
58339 6  3
58340 6  3
58341 6  3
58342 6  3
58343 6  3
58344 6  3
58345 6  3
58346 6  3
58347 6  3
58348 6  3
58349 6  3
58350 6  3
58351 6  3
58352 6  3
58353 6  3
58354 6  3
58355 6  3
58356 6  3
58357 6  3
58358 6  3
58359 6  3
58360 6  3
58361 6  3
58362 6  3
58363 6  3
58364 6  3
58365 6  3
58366 6  3
58367 6  3
58368 6  3
58369 6  3
58370 6  3
58371 6  3
58372 6  3
58373 6  3
58374 6  3
58375 6  3
58376 6  3
58377 6  3
58378 6  3
58379 6  3
58380 6  3
58381 6  3
58382 6  3
58383 6  3
58384 6  3
58385 6  3
58386 6  3
58387 6  3
58388 6  3
58389 6  3
58390 6  3
58391 6  3
58392 6  3
58393 6  3
58394 6  3
58395 6  3
58396 6  3
58397 6  3
58398 6  3
58399 6  3
58400 6  3
58401 6  3
58402 6  3
58403 6  3
58404 6  3
58405 6  3
58406 6  3
58407 6  3
58408 6  3
58409 6  3
58410 6  3
58411 6  3
58412 6  3
58413 6  3
58414 6  3
58415 6  3
58416 6  3
58417 6  3
58418 6  3
58419 6  3
58420 6  3
58421 6  3
58422 6  3
58423 6  3
58424 6  3
58425 6  3
58426 6  3
58427 6  3
58428 6  3
58429 6  3
58430 6  3
58431 6  3
58432 6  3
58433 6  3
58434 6  3
58435 6  3
58436 6  3
58437 6  3
58438 6  3
58439 6  3
58440 6  3
58441 6  3
58442 6  3
58443 6  3
58444 6  3
58445 6  3
58446 6  3
58447 6  3
58448 6  3
58449 6  3
58450 6  3
58451 6  3
58452 6  3
58453 6  3
58454 6  3
58455 6  3
58456 6  3
58457 6  3
58458 6  3
58459 6  3
58460 6  3
58461 6  3
58462 6  3
58463 6  3
58464 6  3
58465 6  3
58466 6  3
58467 6  3
58468 6  3
58469 6  3
58470 6  3
58471 6  3
58472 6  3
58473 6  3
58474 6  3
58475 6  3
58476 6  3
58477 6  3
58478 6  3
58479 6  3
58480 6  3
58481 6  3
58482 6  3
58483 6  3
58484 6  3
58485 6  3
58486 6  3
58487 6  3
58488 6  3
58489 6  3
58490 6  3
58491 6  3
58492 6  3
58493 6  3
58494 6  3
58495 6  3
58496 6  3
58497 6  3
58498 6  3
58499 6  3
58500 6  3
58501 6  3
58502 6  3
58503 6  3
58504 6  3
58505 6  3
58506 6  3
58507 6  3
58508 6  3
58509 6  3
58510 6  3
58511 6  3
58512 6  3
58513 6  3
58514 6  3
58515 6  3
58516 6  3
58517 6  3
58518 6  3
58519 6  3
58520 6  3
58521 6  3
58522 6  3
58523 6  3
58524 6  3
58525 6  3
58526 6  3
58527 6  3
58528 6  3
58529 6  3
58530 6  3
58531 6  3
58532 6  3
58533 6  3
58534 6  3
58535 6  3
58536 6  3
58537 6  3
58538 6  3
58539 6  3
58540 6  3
58541 6  3
58542 6  3
58543 6  3
58544 6  3
58545 6  3
58546 6  3
58547 6  3
58548 6  3
58549 6  3
58550 6  3
58551 6  3
58552 6  3
58553 6  3
58554 6  3
58555 6  3
58556 6  3
58557 6  3
58558 6  3
58559 6  3
58560 6  3
58561 6  3
58562 6  3
58563 6  3
58564 6  3
58565 6  3
58566 6  3
58567 6  3
58568 6  3
58569 6  3
58570 6  3
58571 6  3
58572 6  3
58573 6  3
58574 6  3
58575 6  3
58576 6  3
58577 6  3
58578 6  3
58579 6  3
58580 6  3
58581 6  3
58582 6  3
58583 6  3
58584 6  3
58585 6  3
58586 6  3
58587 6  3
58588 6  3
58589 6  3
58590 6  3
58591 6  3
58592 6  3
58593 6  3
58594 6  3
58595 6  3
58596 6  3
58597 6  3
58598 6  3
58599 6  3
58600 6  3
58601 6  3
58602 6  3
58603 6  3
58604 6  3
58605 6  3
58606 6  3
58607 6  3
58608 6  3
58609 6  3
58610 6  3
58611 6  3
58612 6  3
58613 6  3
58614 6  3
58615 6  3
58616 6  3
58617 6  3
58618 6  3
58619 6  3
58620 6  3
58621 6  3
58622 6  3
58623 6  3
58624 6  3
58625 6  3
58626 6  3
58627 6  3
58628 6  3
58629 6  3
58630 6  3
58631 6  3
58632 6  3
58633 6  3
58634 6  3
58635 6  3
58636 6  3
58637 6  3
58638 6  3
58639 6  3
58640 6  3
58641 6  3
58642 6  3
58643 6  3
58644 6  3
58645 6  3
58646 6  3
58647 6  3
58648 6  3
58649 6  3
58650 6  3
58651 6  3
58652 6  3
58653 6  3
58654 6  3
58655 6  3
58656 6  3
58657 6  3
58658 6  3
58659 6  3
58660 6  3
58661 6  3
58662 6  3
58663 6  3
58664 6  3
58665 6  3
58666 6  3
58667 6  3
58668 6  3
58669 6  3
58670 6  3
58671 6  3
58672 6  3
58673 6  3
58674 6  3
58675 6  3
58676 6  3
58677 6  3
58678 6  3
58679 6  3
58680 6  3
