  -5.00000000000000       0.000000000000000E+000  0.000000000000000E+000
          50
10391  3  0  0  1  1
10392  3  0  0  1  0
10393  3  0  0  1  0
10394  3  0  0  1  0
10395  3  0  0  1  0
10396  3  0  0  1  0
10397  3  0  0  1  0
10398  3  0  0  1  0
10399  3  0  0  1  0
10400  3  0  1  1  0
10191  3  0  0  0  1
10192  3  0  0  0  0
10193  3  0  0  0  0
10194  3  0  0  0  0
10195  3  0  0  0  0
10196  3  0  0  0  0
10197  3  0  0  0  0
10198  3  0  0  0  0
10199  3  0  0  0  0
10200  3  0  1  0  0
 9991  3  0  0  0  1
 9992  3  0  0  0  0
 9993  3  0  0  0  0
 9994  3  0  0  0  0
 9995  3  0  0  0  0
 9996  3  0  0  0  0
 9997  3  0  0  0  0
 9998  3  0  0  0  0
 9999  3  0  0  0  0
10000  3  0  1  0  0
 9791  3  0  0  0  1
 9792  3  0  0  0  0
 9793  3  0  0  0  0
 9794  3  0  0  0  0
 9795  3  0  0  0  0
 9796  3  0  0  0  0
 9797  3  0  0  0  0
 9798  3  0  0  0  0
 9799  3  0  0  0  0
 9800  3  0  1  0  0
 9591  3  1  0  0  1
 9592  3  1  0  0  0
 9593  3  1  0  0  0
 9594  3  1  0  0  0
 9595  3  1  0  0  0
 9596  3  1  0  0  0
 9597  3  1  0  0  0
 9598  3  1  0  0  0
 9599  3  1  0  0  0
 9600  3  1  1  0  0
