  -5.00000000000000       0.000000000000000E+000  0.000000000000000E+000
          50
3991  3  0  0  1  1
3791  3  0  0  0  1
3591  3  0  0  0  1
3391  3  0  0  0  1
3191  3  1  0  0  1
3992  3  0  0  1  0
3792  3  0  0  0  0
3592  3  0  0  0  0
3392  3  0  0  0  0
3192  3  1  0  0  0
3993  3  0  0  1  0
3793  3  0  0  0  0
3593  3  0  0  0  0
3393  3  0  0  0  0
3193  3  1  0  0  0
3994  3  0  0  1  0
3794  3  0  0  0  0
3594  3  0  0  0  0
3394  3  0  0  0  0
3194  3  1  0  0  0
3995  3  0  0  1  0
3795  3  0  0  0  0
3595  3  0  0  0  0
3395  3  0  0  0  0
3195  3  1  0  0  0
3996  3  0  0  1  0
3796  3  0  0  0  0
3596  3  0  0  0  0
3396  3  0  0  0  0
3196  3  1  0  0  0
3997  3  0  0  1  0
3797  3  0  0  0  0
3597  3  0  0  0  0
3397  3  0  0  0  0
3197  3  1  0  0  0
3998  3  0  0  1  0
3798  3  0  0  0  0
3598  3  0  0  0  0
3398  3  0  0  0  0
3198  3  1  0  0  0
3999  3  0  0  1  0
3799  3  0  0  0  0
3599  3  0  0  0  0
3399  3  0  0  0  0
3199  3  1  0  0  0
4000  3  0  1  1  0
3800  3  0  1  0  0
3600  3  0  1  0  0
3400  3  0  1  0  0
3200  3  1  1  0  0
