200
24793 6
24794 6
24797 6
24798 6
25593 6
25594 6
25597 6
25598 6
26393 6
26394 6
26397 6
26398 6
27193 6
27194 6
27197 6
27198 6
27993 6
27994 6
27997 6
27998 6
28793 6
28794 6
28797 6
28798 6
29593 6
29594 6
29597 6
29598 6
30393 6
30394 6
30397 6
30398 6
31193 6
31194 6
31197 6
31198 6
31993 6
31994 6
31997 6
31998 6
24785 6
24786 6
24789 6
24790 6
25585 6
25586 6
25589 6
25590 6
26385 6
26386 6
31966 6
31965 6
31962 6
31961 6
31166 6
31165 6
31162 6
31161 6
30366 6
30365 6
30362 6
30361 6
29566 6
29565 6
29562 6
29561 6
28766 6
28765 6
28762 6
28761 6
27966 6
27965 6
27962 6
27961 6
27166 6
27165 6
27162 6
27161 6
26366 6
26365 6
26362 6
26361 6
25566 6
25565 6
25562 6
25561 6
24766 6
24765 6
24762 6
24761 6
31974 6
31973 6
31970 6
31969 6
31174 6
31173 6
31170 6
31169 6
30374 6
30373 6
30370 6
30369 6
29574 6
29573 6
29570 6
29569 6
28774 6
28773 6
28770 6
28769 6
27974 6
27973 6
27970 6
27969 6
27174 6
27173 6
27170 6
27169 6
26374 6
26373 6
26370 6
26369 6
25574 6
25573 6
25570 6
25569 6
24774 6
24773 6
24770 6
24769 6
31982 6
31981 6
31978 6
31977 6
31182 6
31181 6
31178 6
31177 6
30382 6
30381 6
30378 6
30377 6
29582 6
29581 6
29578 6
29577 6
28782 6
28781 6
28778 6
28777 6
27982 6
27981 6
27978 6
27977 6
27182 6
27181 6
27178 6
27177 6
26382 6
26381 6
26378 6
26377 6
25582 6
25581 6
25578 6
25577 6
24782 6
24781 6
24778 6
24777 6
31990 6
31989 6
31986 6
31985 6
31190 6
31189 6
31186 6
31185 6
30390 6
30389 6
30386 6
30385 6
29590 6
29589 6
29586 6
29585 6
28790 6
28789 6
28786 6
28785 6
27990 6
27989 6
27986 6
27985 6
27190 6
27189 6
27186 6
27185 6
26390 6
26389 6
