  -5.00000000000000       0.000000000000000E+000  0.000000000000000E+000
          50
20601  1  0  0  1  1
20602  1  0  0  1  0
20603  1  0  0  1  0
20604  1  0  0  1  0
20605  1  0  0  1  0
20606  1  0  0  1  0
20607  1  0  0  1  0
20608  1  0  0  1  0
20609  1  0  0  1  0
20610  1  0  1  1  0
20401  1  0  0  0  1
20402  1  0  0  0  0
20403  1  0  0  0  0
20404  1  0  0  0  0
20405  1  0  0  0  0
20406  1  0  0  0  0
20407  1  0  0  0  0
20408  1  0  0  0  0
20409  1  0  0  0  0
20410  1  0  1  0  0
20201  1  0  0  0  1
20202  1  0  0  0  0
20203  1  0  0  0  0
20204  1  0  0  0  0
20205  1  0  0  0  0
20206  1  0  0  0  0
20207  1  0  0  0  0
20208  1  0  0  0  0
20209  1  0  0  0  0
20210  1  0  1  0  0
20001  1  0  0  0  1
20002  1  0  0  0  0
20003  1  0  0  0  0
20004  1  0  0  0  0
20005  1  0  0  0  0
20006  1  0  0  0  0
20007  1  0  0  0  0
20008  1  0  0  0  0
20009  1  0  0  0  0
20010  1  0  1  0  0
19801  1  1  0  0  1
19802  1  1  0  0  0
19803  1  1  0  0  0
19804  1  1  0  0  0
19805  1  1  0  0  0
19806  1  1  0  0  0
19807  1  1  0  0  0
19808  1  1  0  0  0
19809  1  1  0  0  0
19810  1  1  1  0  0
