560
3651 5
3652 5
3653 5
3654 5
3655 5
3656 5
3657 5
3658 5
3659 5
3660 5
241 3
242 3
243 3
244 3
245 3
246 3
247 3
248 3
249 3
250 3
4500 2
4490 2
4480 2
4470 2
4460 2
4450 2
4440 2
4430 2
4420 2
4410 2
4400 2
4390 2
4380 2
4370 2
4360 2
4350 2
4340 2
4330 2
4320 2
4310 2
4300 2
4290 2
4280 2
4270 2
4260 2
4250 2
4240 2
4230 2
4220 2
4210 2
728 3
758 3
788 3
818 3
848 3
878 3
908 3
938 3
968 3
998 3
729 3
759 3
789 3
819 3
849 3
879 3
909 3
939 3
969 3
999 3
730 3
760 3
790 3
820 3
850 3
880 3
910 3
940 3
970 3
1000 3
6910 1
6909 1
6908 1
6907 1
6906 1
6905 1
6904 1
6903 1
6902 1
6901 1
6810 1
6809 1
6808 1
6807 1
6806 1
6805 1
6804 1
6803 1
6802 1
6801 1
6710 1
6709 1
6708 1
6707 1
6706 1
6705 1
6704 1
6703 1
6702 1
6701 1
6610 1
6609 1
6608 1
6607 1
6606 1
6605 1
6604 1
6603 1
6602 1
6601 1
6510 1
6509 1
6508 1
6507 1
6506 1
6505 1
6504 1
6503 1
6502 1
6501 1
6410 1
6409 1
6408 1
6407 1
6406 1
6405 1
6404 1
6403 1
6402 1
6401 1
6310 1
6309 1
6308 1
6307 1
6306 1
6305 1
6304 1
6303 1
6302 1
6301 1
6210 1
6209 1
6208 1
6207 1
6206 1
6205 1
6204 1
6203 1
6202 1
6201 1
6110 1
6109 1
6108 1
6107 1
6106 1
6105 1
6104 1
6103 1
6102 1
6101 1
6010 1
6009 1
6008 1
6007 1
6006 1
6005 1
6004 1
6003 1
6002 1
6001 1
2591 3
2691 3
2791 3
2891 3
2991 3
3091 3
3191 3
3291 3
3391 3
3491 3
2592 3
2692 3
2792 3
2892 3
2992 3
3092 3
3192 3
3292 3
3392 3
3492 3
2593 3
2693 3
2793 3
2893 3
2993 3
3093 3
3193 3
3293 3
3393 3
3493 3
2594 3
2694 3
2794 3
2894 3
2994 3
3094 3
3194 3
3294 3
3394 3
3494 3
2595 3
2695 3
2795 3
2895 3
2995 3
3095 3
3195 3
3295 3
3395 3
3495 3
2596 3
2696 3
2796 3
2896 3
2996 3
3096 3
3196 3
3296 3
3396 3
3496 3
2597 3
2697 3
2797 3
2897 3
2997 3
3097 3
3197 3
3297 3
3397 3
3497 3
2598 3
2698 3
2798 3
2898 3
2998 3
3098 3
3198 3
3298 3
3398 3
3498 3
2599 3
2699 3
2799 3
2899 3
2999 3
3099 3
3199 3
3299 3
3399 3
3499 3
2600 3
2700 3
2800 3
2900 3
3000 3
3100 3
3200 3
3300 3
3400 3
3500 3
1 5
2 5
3 5
4 5
5 5
6 5
7 5
8 5
9 5
10 5
3501 5
3502 5
3503 5
3504 5
3505 5
3506 5
3507 5
3508 5
3509 5
3510 5
550 2
540 2
530 2
520 2
510 2
500 2
490 2
480 2
470 2
460 2
450 2
440 2
430 2
420 2
410 2
400 2
390 2
380 2
370 2
360 2
350 2
340 2
330 2
320 2
310 2
300 2
290 2
280 2
270 2
260 2
4050 2
4040 2
4030 2
4020 2
4010 2
4000 2
3990 2
3980 2
3970 2
3960 2
3950 2
3940 2
3930 2
3920 2
3910 2
3900 2
3890 2
3880 2
3870 2
3860 2
3850 2
3840 2
3830 2
3820 2
3810 2
3800 2
3790 2
3780 2
3770 2
3760 2
1910 1
1909 1
1908 1
1907 1
1906 1
1905 1
1904 1
1903 1
1902 1
1901 1
1810 1
1809 1
1808 1
1807 1
1806 1
1805 1
1804 1
1803 1
1802 1
1801 1
1710 1
1709 1
1708 1
1707 1
1706 1
1705 1
1704 1
1703 1
1702 1
1701 1
1610 1
1609 1
1608 1
1607 1
1606 1
1605 1
1604 1
1603 1
1602 1
1601 1
1510 1
1509 1
1508 1
1507 1
1506 1
1505 1
1504 1
1503 1
1502 1
1501 1
1410 1
1409 1
1408 1
1407 1
1406 1
1405 1
1404 1
1403 1
1402 1
1401 1
1310 1
1309 1
1308 1
1307 1
1306 1
1305 1
1304 1
1303 1
1302 1
1301 1
1210 1
1209 1
1208 1
1207 1
1206 1
1205 1
1204 1
1203 1
1202 1
1201 1
1110 1
1109 1
1108 1
1107 1
1106 1
1105 1
1104 1
1103 1
1102 1
1101 1
1010 1
1009 1
1008 1
1007 1
1006 1
1005 1
1004 1
1003 1
1002 1
1001 1
5410 1
5409 1
5408 1
5407 1
5406 1
5405 1
5404 1
5403 1
5402 1
5401 1
5310 1
5309 1
5308 1
5307 1
5306 1
5305 1
5304 1
5303 1
5302 1
5301 1
5210 1
5209 1
5208 1
5207 1
5206 1
5205 1
5204 1
5203 1
5202 1
5201 1
5110 1
5109 1
5108 1
5107 1
5106 1
5105 1
5104 1
5103 1
5102 1
5101 1
5010 1
5009 1
5008 1
5007 1
5006 1
5005 1
5004 1
5003 1
5002 1
5001 1
4910 1
4909 1
4908 1
4907 1
4906 1
4905 1
4904 1
4903 1
4902 1
4901 1
4810 1
4809 1
4808 1
4807 1
4806 1
4805 1
4804 1
4803 1
4802 1
4801 1
4710 1
4709 1
4708 1
4707 1
4706 1
4705 1
4704 1
4703 1
4702 1
4701 1
4610 1
4609 1
4608 1
4607 1
4606 1
4605 1
4604 1
4603 1
4602 1
4601 1
4510 1
4509 1
4508 1
4507 1
4506 1
4505 1
4504 1
4503 1
4502 1
4501 1
