  -1.00000000000000       0.000000000000000E+000  0.000000000000000E+000
         130
27801  1  0  0  0  1
27802  1  0  0  0  0
27803  1  0  0  0  0
27804  1  0  0  0  0
27805  1  0  1  0  0
27901  1  0  0  0  1
27902  1  0  0  0  0
27903  1  0  0  0  0
27904  1  0  0  0  0
27905  1  0  1  0  0
28001  1  0  0  0  1
28002  1  0  0  0  0
28003  1  0  0  0  0
28004  1  0  0  0  0
28005  1  0  1  0  0
28101  1  0  0  0  1
28102  1  0  0  0  0
28103  1  0  0  0  0
28104  1  0  0  0  0
28105  1  0  1  0  0
28201  1  0  0  0  1
28202  1  0  0  0  0
28203  1  0  0  0  0
28204  1  0  0  0  0
28205  1  0  1  0  0
28301  1  0  0  0  1
28302  1  0  0  0  0
28303  1  0  0  0  0
28304  1  0  0  0  0
28305  1  0  1  0  0
28401  1  0  0  0  1
28402  1  0  0  0  0
28403  1  0  0  0  0
28404  1  0  0  0  0
28405  1  0  1  0  0
28501  1  0  0  0  1
28502  1  0  0  0  0
28503  1  0  0  0  0
28504  1  0  0  0  0
28505  1  0  1  0  0
28601  1  0  0  0  1
28602  1  0  0  0  0
28603  1  0  0  0  0
28604  1  0  0  0  0
28605  1  0  1  0  0
28701  1  0  0  0  1
28702  1  0  0  0  0
28703  1  0  0  0  0
28704  1  0  0  0  0
28705  1  0  1  0  0
44953  3  1  0  0  1
45113  3  0  0  0  1
45273  3  0  0  0  1
45433  3  0  0  0  1
45593  3  0  0  1  1
44954  3  1  0  0  0
45114  3  0  0  0  0
45274  3  0  0  0  0
45434  3  0  0  0  0
45594  3  0  0  1  0
44955  3  1  0  0  0
45115  3  0  0  0  0
45275  3  0  0  0  0
45435  3  0  0  0  0
45595  3  0  0  1  0
44956  3  1  0  0  0
45116  3  0  0  0  0
45276  3  0  0  0  0
45436  3  0  0  0  0
45596  3  0  0  1  0
44957  3  1  0  0  0
45117  3  0  0  0  0
45277  3  0  0  0  0
45437  3  0  0  0  0
45597  3  0  0  1  0
44958  3  1  0  0  0
45118  3  0  0  0  0
45278  3  0  0  0  0
45438  3  0  0  0  0
45598  3  0  0  1  0
44959  3  1  0  0  0
45119  3  0  0  0  0
45279  3  0  0  0  0
45439  3  0  0  0  0
45599  3  0  0  1  0
44960  3  1  0  0  0
45120  3  0  0  0  0
45280  3  0  0  0  0
45440  3  0  0  0  0
45600  3  0  0  1  0
29596  3  0  0  1  1
29597  3  0  0  1  0
29598  3  0  0  1  0
29599  3  0  0  1  0
29600  3  0  1  1  0
29496  3  0  0  0  1
29497  3  0  0  0  0
29498  3  0  0  0  0
29499  3  0  0  0  0
29500  3  0  1  0  0
29396  3  0  0  0  1
29397  3  0  0  0  0
29398  3  0  0  0  0
29399  3  0  0  0  0
29400  3  0  1  0  0
29296  3  0  0  0  1
29297  3  0  0  0  0
29298  3  0  0  0  0
29299  3  0  0  0  0
29300  3  0  1  0  0
29196  3  0  0  0  1
29197  3  0  0  0  0
29198  3  0  0  0  0
29199  3  0  0  0  0
29200  3  0  1  0  0
29096  3  0  0  0  1
29097  3  0  0  0  0
29098  3  0  0  0  0
29099  3  0  0  0  0
29100  3  0  1  0  0
28996  3  0  0  0  1
28997  3  0  0  0  0
28998  3  0  0  0  0
28999  3  0  0  0  0
29000  3  0  1  0  0
28896  3  0  0  0  1
28897  3  0  0  0  0
28898  3  0  0  0  0
28899  3  0  0  0  0
28900  3  0  1  0  0
