2 0.0
840
2730 5
2729 5
2728 5
2727 5
2726 5
2725 5
2724 5
2723 5
2722 5
2721 5
2720 2
2712 2
2704 2
2696 2
2688 2
2680 2
2672 2
2664 2
2656 2
2648 2
2970 5
2969 5
2968 5
2967 5
2966 5
2965 5
2964 5
2963 5
2962 5
2961 5
2980 5
2979 5
2978 5
2977 5
2976 5
2975 5
2974 5
2973 5
2972 5
2971 5
2960 2
2952 2
2944 2
2936 2
2928 2
2920 2
2912 2
2904 2
2896 2
2888 2
2880 2
2872 2
2864 2
2856 2
2848 2
2840 2
2832 2
2824 2
2816 2
2808 2
3761 5
3769 5
3777 5
3785 5
3793 5
3801 5
3809 5
3817 5
3825 5
3833 5
3762 5
3770 5
3778 5
3786 5
3794 5
3802 5
3810 5
3818 5
3826 5
3834 5
3763 5
3771 5
3779 5
3787 5
3795 5
3803 5
3811 5
3819 5
3827 5
3835 5
3764 5
3772 5
3780 5
3788 5
3796 5
3804 5
3812 5
3820 5
3828 5
3836 5
3765 5
3773 5
3781 5
3789 5
3797 5
3805 5
3813 5
3821 5
3829 5
3837 5
3766 5
3774 5
3782 5
3790 5
3798 5
3806 5
3814 5
3822 5
3830 5
3838 5
3767 5
3775 5
3783 5
3791 5
3799 5
3807 5
3815 5
3823 5
3831 5
3839 5
3768 5
3776 5
3784 5
3792 5
3800 5
3808 5
3816 5
3824 5
3832 5
3840 5
3121 5
3129 5
3137 5
3145 5
3153 5
3161 5
3169 5
3177 5
3185 5
3193 5
3122 5
3130 5
3138 5
3146 5
3154 5
3162 5
3170 5
3178 5
3186 5
3194 5
3123 5
3131 5
3139 5
3147 5
3155 5
3163 5
3171 5
3179 5
3187 5
3195 5
3124 5
3132 5
3140 5
3148 5
3156 5
3164 5
3172 5
3180 5
3188 5
3196 5
3125 5
3133 5
3141 5
3149 5
3157 5
3165 5
3173 5
3181 5
3189 5
3197 5
3126 5
3134 5
3142 5
3150 5
3158 5
3166 5
3174 5
3182 5
3190 5
3198 5
3127 5
3135 5
3143 5
3151 5
3159 5
3167 5
3175 5
3183 5
3191 5
3199 5
3128 5
3136 5
3144 5
3152 5
3160 5
3168 5
3176 5
3184 5
3192 5
3200 5
1 5
2 5
3 5
4 5
5 5
6 5
7 5
8 5
9 5
10 5
160 2
152 2
144 2
136 2
128 2
120 2
112 2
104 2
96 2
88 2
168 2
176 2
184 2
192 2
200 2
208 2
216 2
224 2
232 2
240 2
248 2
256 2
264 2
272 2
280 2
288 2
296 2
304 2
312 2
320 2
472 2
456 2
440 2
424 2
408 2
392 2
376 2
360 2
344 2
328 2
480 2
464 2
448 2
432 2
416 2
400 2
384 2
368 2
352 2
336 2
551 5
552 5
553 5
554 5
555 5
556 5
557 5
558 5
559 5
560 5
541 5
542 5
543 5
544 5
545 5
546 5
547 5
548 5
549 5
550 5
531 5
532 5
533 5
534 5
535 5
536 5
537 5
538 5
539 5
540 5
521 5
522 5
523 5
524 5
525 5
526 5
527 5
528 5
529 5
530 5
511 5
512 5
513 5
514 5
515 5
516 5
517 5
518 5
519 5
520 5
501 5
502 5
503 5
504 5
505 5
506 5
507 5
508 5
509 5
510 5
491 5
492 5
493 5
494 5
495 5
496 5
497 5
498 5
499 5
500 5
481 5
482 5
483 5
484 5
485 5
486 5
487 5
488 5
489 5
490 5
1191 5
1192 5
1193 5
1194 5
1195 5
1196 5
1197 5
1198 5
1199 5
1200 5
1181 5
1182 5
1183 5
1184 5
1185 5
1186 5
1187 5
1188 5
1189 5
1190 5
1171 5
1172 5
1173 5
1174 5
1175 5
1176 5
1177 5
1178 5
1179 5
1180 5
1161 5
1162 5
1163 5
1164 5
1165 5
1166 5
1167 5
1168 5
1169 5
1170 5
1151 5
1152 5
1153 5
1154 5
1155 5
1156 5
1157 5
1158 5
1159 5
1160 5
1141 5
1142 5
1143 5
1144 5
1145 5
1146 5
1147 5
1148 5
1149 5
1150 5
1131 5
1132 5
1133 5
1134 5
1135 5
1136 5
1137 5
1138 5
1139 5
1140 5
1121 5
1122 5
1123 5
1124 5
1125 5
1126 5
1127 5
1128 5
1129 5
1130 5
1050 1
1049 1
1048 1
1047 1
1046 1
1045 1
1044 1
1043 1
1042 1
1041 1
970 1
969 1
968 1
967 1
966 1
965 1
964 1
963 1
962 1
961 1
890 1
889 1
888 1
887 1
886 1
885 1
884 1
883 1
882 1
881 1
810 1
809 1
808 1
807 1
806 1
805 1
804 1
803 1
802 1
801 1
730 1
729 1
728 1
727 1
726 1
725 1
724 1
723 1
722 1
721 1
650 1
649 1
648 1
647 1
646 1
645 1
644 1
643 1
642 1
641 1
570 1
569 1
568 1
567 1
566 1
565 1
564 1
563 1
562 1
561 1
490 1
489 1
488 1
487 1
486 1
485 1
484 1
483 1
482 1
481 1
1690 1
1689 1
1688 1
1687 1
1686 1
1685 1
1684 1
1683 1
1682 1
1681 1
1610 1
1609 1
1608 1
1607 1
1606 1
1605 1
1604 1
1603 1
1602 1
1601 1
1530 1
1529 1
1528 1
1527 1
1526 1
1525 1
1524 1
1523 1
1522 1
1521 1
1450 1
1449 1
1448 1
1447 1
1446 1
1445 1
1444 1
1443 1
1442 1
1441 1
1370 1
1369 1
1368 1
1367 1
1366 1
1365 1
1364 1
1363 1
1362 1
1361 1
1290 1
1289 1
1288 1
1287 1
1286 1
1285 1
1284 1
1283 1
1282 1
1281 1
1210 1
1209 1
1208 1
1207 1
1206 1
1205 1
1204 1
1203 1
1202 1
1201 1
1130 1
1129 1
1128 1
1127 1
1126 1
1125 1
1124 1
1123 1
1122 1
1121 1
2616 2
2584 2
2552 2
2520 2
2488 2
2456 2
2424 2
2392 2
2360 2
2328 2
2624 2
2592 2
2560 2
2528 2
2496 2
2464 2
2432 2
2400 2
2368 2
2336 2
2632 2
2600 2
2568 2
2536 2
2504 2
2472 2
2440 2
2408 2
2376 2
2344 2
2640 2
2608 2
2576 2
2544 2
2512 2
2480 2
2448 2
2416 2
2384 2
2352 2
4400 2
4392 2
4384 2
4376 2
4368 2
4360 2
4352 2
4344 2
4336 2
4328 2
4320 2
4312 2
4304 2
4296 2
4288 2
4280 2
4272 2
4264 2
4256 2
4248 2
4240 2
4232 2
4224 2
4216 2
4208 2
4200 2
4192 2
4184 2
4176 2
4168 2
4160 2
4152 2
4144 2
4136 2
4128 2
4120 2
4112 2
4104 2
4096 2
4088 2
4080 2
4072 2
4064 2
4056 2
4048 2
4040 2
4032 2
4024 2
4016 2
4008 2
4000 2
3992 2
3984 2
3976 2
3968 2
3960 2
3952 2
3944 2
3936 2
3928 2
3920 2
3912 2
3904 2
3896 2
3888 2
3880 2
3872 2
3864 2
3856 2
3848 2
3840 2
3832 2
3824 2
3816 2
3808 2
3800 2
3792 2
3784 2
3776 2
3768 2
3760 2
3752 2
3744 2
3736 2
3728 2
3720 2
3712 2
3704 2
3696 2
3688 2
3680 2
3672 2
3664 2
3656 2
3648 2
3640 2
3632 2
3624 2
3616 2
3608 2
3600 2
3592 2
3584 2
3576 2
3568 2
3560 2
3552 2
3544 2
3536 2
3528 2
3520 2
3512 2
3504 2
3496 2
3488 2
3480 2
3472 2
3464 2
3456 2
3448 2
3440 2
3432 2
3424 2
3416 2
3408 2
3400 2
3392 2
3384 2
3376 2
3368 2
3360 2
3352 2
3344 2
3336 2
3328 2
3320 2
3312 2
3304 2
3296 2
3288 2
3280 2
3272 2
3264 2
3256 2
3248 2
3240 2
3232 2
3224 2
3216 2
3208 2
3200 2
3192 2
3184 2
3176 2
3168 2
3160 2
3152 2
3144 2
3136 2
3128 2
2001 5
2005 5
2009 5
2013 5
2017 5
2021 5
2025 5
2029 5
2033 5
2037 5
2002 5
2006 5
2010 5
2014 5
2018 5
2022 5
2026 5
2030 5
2034 5
2038 5
2003 5
2007 5
2011 5
2015 5
2019 5
2023 5
2027 5
2031 5
2035 5
2039 5
2004 5
2008 5
2012 5
2016 5
2020 5
2024 5
2028 5
2032 5
2036 5
2040 5
