1176
12790 6
12791 6
12792 6
12793 6
12794 6
12795 6
12796 6
12797 6
12798 6
12799 6
12800 6
12801 6
12802 6
12803 6
12804 6
12805 6
12806 6
12807 6
12808 6
12809 6
12810 6
12811 6
12812 6
12813 6
12814 6
12815 6
12816 6
12817 6
12818 6
12819 6
12820 6
12821 6
12822 6
12823 6
12824 6
12825 6
12826 6
12827 6
12828 6
12829 6
12830 6
12831 6
12832 6
12833 6
12834 6
12835 6
12836 6
12837 6
12838 6
12839 6
12840 6
12841 6
12842 6
12843 6
12844 6
12845 6
12846 6
12847 6
12848 6
12849 6
12850 6
12851 6
12852 6
12853 6
12854 6
12855 6
12856 6
12857 6
12858 6
12859 6
12860 6
12861 6
12862 6
12863 6
12864 6
12865 6
12866 6
12867 6
12868 6
12869 6
12870 6
12871 6
12872 6
12873 6
12874 6
12875 6
12876 6
12877 6
12878 6
12879 6
12880 6
12881 6
12882 6
12883 6
12884 6
12885 6
12886 6
12887 6
12888 6
12889 6
12890 6
12891 6
12892 6
12893 6
12894 6
12895 6
12896 6
12897 6
12898 6
12899 6
12900 6
12901 6
12902 6
12903 6
12904 6
12905 6
12906 6
12907 6
12908 6
12909 6
12910 6
12911 6
12912 6
12913 6
12914 6
12915 6
12916 6
12917 6
12918 6
12919 6
12920 6
12921 6
12922 6
12923 6
12924 6
12925 6
12926 6
12927 6
12928 6
12929 6
12930 6
12931 6
12932 6
12933 6
12934 6
12935 6
12936 6
6469 6
6470 6
6471 6
6472 6
6473 6
6474 6
6475 6
6476 6
6477 6
6478 6
6479 6
6480 6
6481 6
6482 6
6483 6
6484 6
6485 6
6486 6
6487 6
6488 6
6489 6
6490 6
6491 6
6492 6
6493 6
6494 6
6495 6
6496 6
6497 6
6498 6
6499 6
6500 6
6501 6
6502 6
6503 6
6504 6
6505 6
6506 6
6507 6
6508 6
6509 6
6510 6
6511 6
6512 6
6513 6
6514 6
6515 6
6516 6
6517 6
6518 6
6519 6
6520 6
6521 6
6522 6
6523 6
6524 6
6525 6
6526 6
6527 6
6528 6
6529 6
6530 6
6531 6
6532 6
6533 6
6534 6
6535 6
6536 6
6537 6
6538 6
6539 6
6540 6
6541 6
6542 6
6543 6
6544 6
6545 6
6546 6
6547 6
6548 6
6549 6
6550 6
6551 6
6552 6
6553 6
6554 6
6555 6
6556 6
6557 6
6558 6
6559 6
6560 6
6561 6
6562 6
6563 6
6564 6
6565 6
6566 6
6567 6
6568 6
6569 6
6570 6
6571 6
6572 6
6573 6
6574 6
6575 6
6576 6
6577 6
6578 6
6579 6
6580 6
6581 6
6582 6
6583 6
6584 6
6585 6
6586 6
6587 6
6588 6
6589 6
6590 6
6591 6
6592 6
6593 6
6594 6
6595 6
6596 6
6597 6
6598 6
6599 6
6600 6
6601 6
6602 6
6603 6
6604 6
6605 6
6606 6
6607 6
6608 6
6609 6
6610 6
6611 6
6612 6
6613 6
6614 6
6615 6
1 6
2 6
3 6
4 6
5 6
6 6
7 6
8 6
9 6
10 6
11 6
12 6
13 6
14 6
15 6
16 6
17 6
18 6
19 6
20 6
21 6
22 6
23 6
24 6
25 6
26 6
27 6
28 6
29 6
30 6
31 6
32 6
33 6
34 6
35 6
36 6
37 6
38 6
39 6
40 6
41 6
42 6
43 6
44 6
45 6
46 6
47 6
48 6
49 6
50 6
51 6
52 6
53 6
54 6
55 6
56 6
57 6
58 6
59 6
60 6
61 6
62 6
63 6
64 6
65 6
66 6
67 6
68 6
69 6
70 6
71 6
72 6
73 6
74 6
75 6
76 6
77 6
78 6
79 6
80 6
81 6
82 6
83 6
84 6
85 6
86 6
87 6
88 6
89 6
90 6
91 6
92 6
93 6
94 6
95 6
96 6
97 6
98 6
99 6
100 6
101 6
102 6
103 6
104 6
105 6
106 6
107 6
108 6
109 6
110 6
111 6
112 6
113 6
114 6
115 6
116 6
117 6
118 6
119 6
120 6
121 6
122 6
123 6
124 6
125 6
126 6
127 6
128 6
129 6
130 6
131 6
132 6
133 6
134 6
135 6
136 6
137 6
138 6
139 6
140 6
141 6
142 6
143 6
144 6
145 6
146 6
147 6
4705 6
4706 6
4707 6
4708 6
4709 6
4710 6
4711 6
4712 6
4713 6
4714 6
4715 6
4716 6
4717 6
4718 6
4719 6
4720 6
4721 6
4722 6
4723 6
4724 6
4725 6
4726 6
4727 6
4728 6
4729 6
4730 6
4731 6
4732 6
4733 6
4734 6
4735 6
4736 6
4737 6
4738 6
4739 6
4740 6
4741 6
4742 6
4743 6
4744 6
4745 6
4746 6
4747 6
4748 6
4749 6
4750 6
4751 6
4752 6
4753 6
4754 6
4755 6
4756 6
4757 6
4758 6
4759 6
4760 6
4761 6
4762 6
4763 6
4764 6
4765 6
4766 6
4767 6
4768 6
4769 6
4770 6
4771 6
4772 6
4773 6
4774 6
4775 6
4776 6
4777 6
4778 6
4779 6
4780 6
4781 6
4782 6
4783 6
4784 6
4785 6
4786 6
4787 6
4788 6
4789 6
4790 6
4791 6
4792 6
4793 6
4794 6
4795 6
4796 6
4797 6
4798 6
4799 6
4800 6
4801 6
4802 6
4803 6
4804 6
4805 6
4806 6
4807 6
4808 6
4809 6
4810 6
4811 6
4812 6
4813 6
4814 6
4815 6
4816 6
4817 6
4818 6
4819 6
4820 6
4821 6
4822 6
4823 6
4824 6
4825 6
4826 6
4827 6
4828 6
4829 6
4830 6
4831 6
4832 6
4833 6
4834 6
4835 6
4836 6
4837 6
4838 6
4839 6
4840 6
4841 6
4842 6
4843 6
4844 6
4845 6
4846 6
4847 6
4848 6
4849 6
4850 6
4851 6
3088 6
3089 6
3090 6
3091 6
3092 6
3093 6
3094 6
3095 6
3096 6
3097 6
3098 6
3099 6
3100 6
3101 6
3102 6
3103 6
3104 6
3105 6
3106 6
3107 6
3108 6
3109 6
3110 6
3111 6
3112 6
3113 6
3114 6
3115 6
3116 6
3117 6
3118 6
3119 6
3120 6
3121 6
3122 6
3123 6
3124 6
3125 6
3126 6
3127 6
3128 6
3129 6
3130 6
3131 6
3132 6
3133 6
3134 6
3135 6
3136 6
3137 6
3138 6
3139 6
3140 6
3141 6
3142 6
3143 6
3144 6
3145 6
3146 6
3147 6
3148 6
3149 6
3150 6
3151 6
3152 6
3153 6
3154 6
3155 6
3156 6
3157 6
3158 6
3159 6
3160 6
3161 6
3162 6
3163 6
3164 6
3165 6
3166 6
3167 6
3168 6
3169 6
3170 6
3171 6
3172 6
3173 6
3174 6
3175 6
3176 6
3177 6
3178 6
3179 6
3180 6
3181 6
3182 6
3183 6
3184 6
3185 6
3186 6
3187 6
3188 6
3189 6
3190 6
3191 6
3192 6
3193 6
3194 6
3195 6
3196 6
3197 6
3198 6
3199 6
3200 6
3201 6
3202 6
3203 6
3204 6
3205 6
3206 6
3207 6
3208 6
3209 6
3210 6
3211 6
3212 6
3213 6
3214 6
3215 6
3216 6
3217 6
3218 6
3219 6
3220 6
3221 6
3222 6
3223 6
3224 6
3225 6
3226 6
3227 6
3228 6
3229 6
3230 6
3231 6
3232 6
3233 6
3234 6
9703 6
9704 6
9705 6
9706 6
9707 6
9708 6
9709 6
9710 6
9711 6
9712 6
9713 6
9714 6
9715 6
9716 6
9717 6
9718 6
9719 6
9720 6
9721 6
9722 6
9723 6
9724 6
9725 6
9726 6
9727 6
9728 6
9729 6
9730 6
9731 6
9732 6
9733 6
9734 6
9735 6
9736 6
9737 6
9738 6
9739 6
9740 6
9741 6
9742 6
9743 6
9744 6
9745 6
9746 6
9747 6
9748 6
9749 6
9750 6
9751 6
9752 6
9753 6
9754 6
9755 6
9756 6
9757 6
9758 6
9759 6
9760 6
9761 6
9762 6
9763 6
9764 6
9765 6
9766 6
9767 6
9768 6
9769 6
9770 6
9771 6
9772 6
9773 6
9774 6
9775 6
9776 6
9777 6
9778 6
9779 6
9780 6
9781 6
9782 6
9783 6
9784 6
9785 6
9786 6
9787 6
9788 6
9789 6
9790 6
9791 6
9792 6
9793 6
9794 6
9795 6
9796 6
9797 6
9798 6
9799 6
9800 6
9801 6
9802 6
9803 6
9804 6
9805 6
9806 6
9807 6
9808 6
9809 6
9810 6
9811 6
9812 6
9813 6
9814 6
9815 6
9816 6
9817 6
9818 6
9819 6
9820 6
9821 6
9822 6
9823 6
9824 6
9825 6
9826 6
9827 6
9828 6
9829 6
9830 6
9831 6
9832 6
9833 6
9834 6
9835 6
9836 6
9837 6
9838 6
9839 6
9840 6
9841 6
9842 6
9843 6
9844 6
9845 6
9846 6
9847 6
9848 6
9849 6
9556 6
9557 6
9558 6
9559 6
9560 6
9561 6
9562 6
9563 6
9564 6
9565 6
9566 6
9567 6
9568 6
9569 6
9570 6
9571 6
9572 6
9573 6
9574 6
9575 6
9576 6
9577 6
9578 6
9579 6
9580 6
9581 6
9582 6
9583 6
9584 6
9585 6
9586 6
9587 6
9588 6
9589 6
9590 6
9591 6
9592 6
9593 6
9594 6
9595 6
9596 6
9597 6
9598 6
9599 6
9600 6
9601 6
9602 6
9603 6
9604 6
9605 6
9606 6
9607 6
9608 6
9609 6
9610 6
9611 6
9612 6
9613 6
9614 6
9615 6
9616 6
9617 6
9618 6
9619 6
9620 6
9621 6
9622 6
9623 6
9624 6
9625 6
9626 6
9627 6
9628 6
9629 6
9630 6
9631 6
9632 6
9633 6
9634 6
9635 6
9636 6
9637 6
9638 6
9639 6
9640 6
9641 6
9642 6
9643 6
9644 6
9645 6
9646 6
9647 6
9648 6
9649 6
9650 6
9651 6
9652 6
9653 6
9654 6
9655 6
9656 6
9657 6
9658 6
9659 6
9660 6
9661 6
9662 6
9663 6
9664 6
9665 6
9666 6
9667 6
9668 6
9669 6
9670 6
9671 6
9672 6
9673 6
9674 6
9675 6
9676 6
9677 6
9678 6
9679 6
9680 6
9681 6
9682 6
9683 6
9684 6
9685 6
9686 6
9687 6
9688 6
9689 6
9690 6
9691 6
9692 6
9693 6
9694 6
9695 6
9696 6
9697 6
9698 6
9699 6
9700 6
9701 6
9702 6
4852 6
4853 6
4854 6
4855 6
4856 6
4857 6
4858 6
4859 6
4860 6
4861 6
4862 6
4863 6
4864 6
4865 6
4866 6
4867 6
4868 6
4869 6
4870 6
4871 6
4872 6
4873 6
4874 6
4875 6
4876 6
4877 6
4878 6
4879 6
4880 6
4881 6
4882 6
4883 6
4884 6
4885 6
4886 6
4887 6
4888 6
4889 6
4890 6
4891 6
4892 6
4893 6
4894 6
4895 6
4896 6
4897 6
4898 6
4899 6
4900 6
4901 6
4902 6
4903 6
4904 6
4905 6
4906 6
4907 6
4908 6
4909 6
4910 6
4911 6
4912 6
4913 6
4914 6
4915 6
4916 6
4917 6
4918 6
4919 6
4920 6
4921 6
4922 6
4923 6
4924 6
4925 6
4926 6
4927 6
4928 6
4929 6
4930 6
4931 6
4932 6
4933 6
4934 6
4935 6
4936 6
4937 6
4938 6
4939 6
4940 6
4941 6
4942 6
4943 6
4944 6
4945 6
4946 6
4947 6
4948 6
4949 6
4950 6
4951 6
4952 6
4953 6
4954 6
4955 6
4956 6
4957 6
4958 6
4959 6
4960 6
4961 6
4962 6
4963 6
4964 6
4965 6
4966 6
4967 6
4968 6
4969 6
4970 6
4971 6
4972 6
4973 6
4974 6
4975 6
4976 6
4977 6
4978 6
4979 6
4980 6
4981 6
4982 6
4983 6
4984 6
4985 6
4986 6
4987 6
4988 6
4989 6
4990 6
4991 6
4992 6
4993 6
4994 6
4995 6
4996 6
4997 6
4998 6
