200 .000
4000
16001 6  3
16002 6  3
16003 6  3
16004 6  3
16005 6  3
16006 6  3
16007 6  3
16008 6  3
16009 6  3
16010 6  3
16011 6  3
16012 6  3
16013 6  3
16014 6  3
16015 6  3
16016 6  3
16017 6  3
16018 6  3
16019 6  3
16020 6  3
16021 6  3
16022 6  3
16023 6  3
16024 6  3
16025 6  3
16026 6  3
16027 6  3
16028 6  3
16029 6  3
16030 6  3
16031 6  3
16032 6  3
16033 6  3
16034 6  3
16035 6  3
16036 6  3
16037 6  3
16038 6  3
16039 6  3
16040 6  3
16041 6  3
16042 6  3
16043 6  3
16044 6  3
16045 6  3
16046 6  3
16047 6  3
16048 6  3
16049 6  3
16050 6  3
16051 6  3
16052 6  3
16053 6  3
16054 6  3
16055 6  3
16056 6  3
16057 6  3
16058 6  3
16059 6  3
16060 6  3
16061 6  3
16062 6  3
16063 6  3
16064 6  3
16065 6  3
16066 6  3
16067 6  3
16068 6  3
16069 6  3
16070 6  3
16071 6  3
16072 6  3
16073 6  3
16074 6  3
16075 6  3
16076 6  3
16077 6  3
16078 6  3
16079 6  3
16080 6  3
16081 6  3
16082 6  3
16083 6  3
16084 6  3
16085 6  3
16086 6  3
16087 6  3
16088 6  3
16089 6  3
16090 6  3
16091 6  3
16092 6  3
16093 6  3
16094 6  3
16095 6  3
16096 6  3
16097 6  3
16098 6  3
16099 6  3
16100 6  3
16101 6  3
16102 6  3
16103 6  3
16104 6  3
16105 6  3
16106 6  3
16107 6  3
16108 6  3
16109 6  3
16110 6  3
16111 6  3
16112 6  3
16113 6  3
16114 6  3
16115 6  3
16116 6  3
16117 6  3
16118 6  3
16119 6  3
16120 6  3
16121 6  3
16122 6  3
16123 6  3
16124 6  3
16125 6  3
16126 6  3
16127 6  3
16128 6  3
16129 6  3
16130 6  3
16131 6  3
16132 6  3
16133 6  3
16134 6  3
16135 6  3
16136 6  3
16137 6  3
16138 6  3
16139 6  3
16140 6  3
16141 6  3
16142 6  3
16143 6  3
16144 6  3
16145 6  3
16146 6  3
16147 6  3
16148 6  3
16149 6  3
16150 6  3
16151 6  3
16152 6  3
16153 6  3
16154 6  3
16155 6  3
16156 6  3
16157 6  3
16158 6  3
16159 6  3
16160 6  3
16161 6  3
16162 6  3
16163 6  3
16164 6  3
16165 6  3
16166 6  3
16167 6  3
16168 6  3
16169 6  3
16170 6  3
16171 6  3
16172 6  3
16173 6  3
16174 6  3
16175 6  3
16176 6  3
16177 6  3
16178 6  3
16179 6  3
16180 6  3
16181 6  3
16182 6  3
16183 6  3
16184 6  3
16185 6  3
16186 6  3
16187 6  3
16188 6  3
16189 6  3
16190 6  3
16191 6  3
16192 6  3
16193 6  3
16194 6  3
16195 6  3
16196 6  3
16197 6  3
16198 6  3
16199 6  3
16200 6  3
16201 6  3
16202 6  3
16203 6  3
16204 6  3
16205 6  3
16206 6  3
16207 6  3
16208 6  3
16209 6  3
16210 6  3
16211 6  3
16212 6  3
16213 6  3
16214 6  3
16215 6  3
16216 6  3
16217 6  3
16218 6  3
16219 6  3
16220 6  3
16221 6  3
16222 6  3
16223 6  3
16224 6  3
16225 6  3
16226 6  3
16227 6  3
16228 6  3
16229 6  3
16230 6  3
16231 6  3
16232 6  3
16233 6  3
16234 6  3
16235 6  3
16236 6  3
16237 6  3
16238 6  3
16239 6  3
16240 6  3
16241 6  3
16242 6  3
16243 6  3
16244 6  3
16245 6  3
16246 6  3
16247 6  3
16248 6  3
16249 6  3
16250 6  3
16251 6  3
16252 6  3
16253 6  3
16254 6  3
16255 6  3
16256 6  3
16257 6  3
16258 6  3
16259 6  3
16260 6  3
16261 6  3
16262 6  3
16263 6  3
16264 6  3
16265 6  3
16266 6  3
16267 6  3
16268 6  3
16269 6  3
16270 6  3
16271 6  3
16272 6  3
16273 6  3
16274 6  3
16275 6  3
16276 6  3
16277 6  3
16278 6  3
16279 6  3
16280 6  3
16281 6  3
16282 6  3
16283 6  3
16284 6  3
16285 6  3
16286 6  3
16287 6  3
16288 6  3
16289 6  3
16290 6  3
16291 6  3
16292 6  3
16293 6  3
16294 6  3
16295 6  3
16296 6  3
16297 6  3
16298 6  3
16299 6  3
16300 6  3
16301 6  3
16302 6  3
16303 6  3
16304 6  3
16305 6  3
16306 6  3
16307 6  3
16308 6  3
16309 6  3
16310 6  3
16311 6  3
16312 6  3
16313 6  3
16314 6  3
16315 6  3
16316 6  3
16317 6  3
16318 6  3
16319 6  3
16320 6  3
16321 6  3
16322 6  3
16323 6  3
16324 6  3
16325 6  3
16326 6  3
16327 6  3
16328 6  3
16329 6  3
16330 6  3
16331 6  3
16332 6  3
16333 6  3
16334 6  3
16335 6  3
16336 6  3
16337 6  3
16338 6  3
16339 6  3
16340 6  3
16341 6  3
16342 6  3
16343 6  3
16344 6  3
16345 6  3
16346 6  3
16347 6  3
16348 6  3
16349 6  3
16350 6  3
16351 6  3
16352 6  3
16353 6  3
16354 6  3
16355 6  3
16356 6  3
16357 6  3
16358 6  3
16359 6  3
16360 6  3
16361 6  3
16362 6  3
16363 6  3
16364 6  3
16365 6  3
16366 6  3
16367 6  3
16368 6  3
16369 6  3
16370 6  3
16371 6  3
16372 6  3
16373 6  3
16374 6  3
16375 6  3
16376 6  3
16377 6  3
16378 6  3
16379 6  3
16380 6  3
16381 6  3
16382 6  3
16383 6  3
16384 6  3
16385 6  3
16386 6  3
16387 6  3
16388 6  3
16389 6  3
16390 6  3
16391 6  3
16392 6  3
16393 6  3
16394 6  3
16395 6  3
16396 6  3
16397 6  3
16398 6  3
16399 6  3
16400 6  3
16401 6  3
16402 6  3
16403 6  3
16404 6  3
16405 6  3
16406 6  3
16407 6  3
16408 6  3
16409 6  3
16410 6  3
16411 6  3
16412 6  3
16413 6  3
16414 6  3
16415 6  3
16416 6  3
16417 6  3
16418 6  3
16419 6  3
16420 6  3
16421 6  3
16422 6  3
16423 6  3
16424 6  3
16425 6  3
16426 6  3
16427 6  3
16428 6  3
16429 6  3
16430 6  3
16431 6  3
16432 6  3
16433 6  3
16434 6  3
16435 6  3
16436 6  3
16437 6  3
16438 6  3
16439 6  3
16440 6  3
16441 6  3
16442 6  3
16443 6  3
16444 6  3
16445 6  3
16446 6  3
16447 6  3
16448 6  3
16449 6  3
16450 6  3
16451 6  3
16452 6  3
16453 6  3
16454 6  3
16455 6  3
16456 6  3
16457 6  3
16458 6  3
16459 6  3
16460 6  3
16461 6  3
16462 6  3
16463 6  3
16464 6  3
16465 6  3
16466 6  3
16467 6  3
16468 6  3
16469 6  3
16470 6  3
16471 6  3
16472 6  3
16473 6  3
16474 6  3
16475 6  3
16476 6  3
16477 6  3
16478 6  3
16479 6  3
16480 6  3
16481 6  3
16482 6  3
16483 6  3
16484 6  3
16485 6  3
16486 6  3
16487 6  3
16488 6  3
16489 6  3
16490 6  3
16491 6  3
16492 6  3
16493 6  3
16494 6  3
16495 6  3
16496 6  3
16497 6  3
16498 6  3
16499 6  3
16500 6  3
16501 6  3
16502 6  3
16503 6  3
16504 6  3
16505 6  3
16506 6  3
16507 6  3
16508 6  3
16509 6  3
16510 6  3
16511 6  3
16512 6  3
16513 6  3
16514 6  3
16515 6  3
16516 6  3
16517 6  3
16518 6  3
16519 6  3
16520 6  3
16521 6  3
16522 6  3
16523 6  3
16524 6  3
16525 6  3
16526 6  3
16527 6  3
16528 6  3
16529 6  3
16530 6  3
16531 6  3
16532 6  3
16533 6  3
16534 6  3
16535 6  3
16536 6  3
16537 6  3
16538 6  3
16539 6  3
16540 6  3
16541 6  3
16542 6  3
16543 6  3
16544 6  3
16545 6  3
16546 6  3
16547 6  3
16548 6  3
16549 6  3
16550 6  3
16551 6  3
16552 6  3
16553 6  3
16554 6  3
16555 6  3
16556 6  3
16557 6  3
16558 6  3
16559 6  3
16560 6  3
16561 6  3
16562 6  3
16563 6  3
16564 6  3
16565 6  3
16566 6  3
16567 6  3
16568 6  3
16569 6  3
16570 6  3
16571 6  3
16572 6  3
16573 6  3
16574 6  3
16575 6  3
16576 6  3
16577 6  3
16578 6  3
16579 6  3
16580 6  3
16581 6  3
16582 6  3
16583 6  3
16584 6  3
16585 6  3
16586 6  3
16587 6  3
16588 6  3
16589 6  3
16590 6  3
16591 6  3
16592 6  3
16593 6  3
16594 6  3
16595 6  3
16596 6  3
16597 6  3
16598 6  3
16599 6  3
16600 6  3
16601 6  3
16602 6  3
16603 6  3
16604 6  3
16605 6  3
16606 6  3
16607 6  3
16608 6  3
16609 6  3
16610 6  3
16611 6  3
16612 6  3
16613 6  3
16614 6  3
16615 6  3
16616 6  3
16617 6  3
16618 6  3
16619 6  3
16620 6  3
16621 6  3
16622 6  3
16623 6  3
16624 6  3
16625 6  3
16626 6  3
16627 6  3
16628 6  3
16629 6  3
16630 6  3
16631 6  3
16632 6  3
16633 6  3
16634 6  3
16635 6  3
16636 6  3
16637 6  3
16638 6  3
16639 6  3
16640 6  3
16641 6  3
16642 6  3
16643 6  3
16644 6  3
16645 6  3
16646 6  3
16647 6  3
16648 6  3
16649 6  3
16650 6  3
16651 6  3
16652 6  3
16653 6  3
16654 6  3
16655 6  3
16656 6  3
16657 6  3
16658 6  3
16659 6  3
16660 6  3
16661 6  3
16662 6  3
16663 6  3
16664 6  3
16665 6  3
16666 6  3
16667 6  3
16668 6  3
16669 6  3
16670 6  3
16671 6  3
16672 6  3
16673 6  3
16674 6  3
16675 6  3
16676 6  3
16677 6  3
16678 6  3
16679 6  3
16680 6  3
16681 6  3
16682 6  3
16683 6  3
16684 6  3
16685 6  3
16686 6  3
16687 6  3
16688 6  3
16689 6  3
16690 6  3
16691 6  3
16692 6  3
16693 6  3
16694 6  3
16695 6  3
16696 6  3
16697 6  3
16698 6  3
16699 6  3
16700 6  3
16701 6  3
16702 6  3
16703 6  3
16704 6  3
16705 6  3
16706 6  3
16707 6  3
16708 6  3
16709 6  3
16710 6  3
16711 6  3
16712 6  3
16713 6  3
16714 6  3
16715 6  3
16716 6  3
16717 6  3
16718 6  3
16719 6  3
16720 6  3
16721 6  3
16722 6  3
16723 6  3
16724 6  3
16725 6  3
16726 6  3
16727 6  3
16728 6  3
16729 6  3
16730 6  3
16731 6  3
16732 6  3
16733 6  3
16734 6  3
16735 6  3
16736 6  3
16737 6  3
16738 6  3
16739 6  3
16740 6  3
16741 6  3
16742 6  3
16743 6  3
16744 6  3
16745 6  3
16746 6  3
16747 6  3
16748 6  3
16749 6  3
16750 6  3
16751 6  3
16752 6  3
16753 6  3
16754 6  3
16755 6  3
16756 6  3
16757 6  3
16758 6  3
16759 6  3
16760 6  3
16761 6  3
16762 6  3
16763 6  3
16764 6  3
16765 6  3
16766 6  3
16767 6  3
16768 6  3
16769 6  3
16770 6  3
16771 6  3
16772 6  3
16773 6  3
16774 6  3
16775 6  3
16776 6  3
16777 6  3
16778 6  3
16779 6  3
16780 6  3
16781 6  3
16782 6  3
16783 6  3
16784 6  3
16785 6  3
16786 6  3
16787 6  3
16788 6  3
16789 6  3
16790 6  3
16791 6  3
16792 6  3
16793 6  3
16794 6  3
16795 6  3
16796 6  3
16797 6  3
16798 6  3
16799 6  3
16800 6  3
16801 6  3
16802 6  3
16803 6  3
16804 6  3
16805 6  3
16806 6  3
16807 6  3
16808 6  3
16809 6  3
16810 6  3
16811 6  3
16812 6  3
16813 6  3
16814 6  3
16815 6  3
16816 6  3
16817 6  3
16818 6  3
16819 6  3
16820 6  3
16821 6  3
16822 6  3
16823 6  3
16824 6  3
16825 6  3
16826 6  3
16827 6  3
16828 6  3
16829 6  3
16830 6  3
16831 6  3
16832 6  3
16833 6  3
16834 6  3
16835 6  3
16836 6  3
16837 6  3
16838 6  3
16839 6  3
16840 6  3
16841 6  3
16842 6  3
16843 6  3
16844 6  3
16845 6  3
16846 6  3
16847 6  3
16848 6  3
16849 6  3
16850 6  3
16851 6  3
16852 6  3
16853 6  3
16854 6  3
16855 6  3
16856 6  3
16857 6  3
16858 6  3
16859 6  3
16860 6  3
16861 6  3
16862 6  3
16863 6  3
16864 6  3
16865 6  3
16866 6  3
16867 6  3
16868 6  3
16869 6  3
16870 6  3
16871 6  3
16872 6  3
16873 6  3
16874 6  3
16875 6  3
16876 6  3
16877 6  3
16878 6  3
16879 6  3
16880 6  3
16881 6  3
16882 6  3
16883 6  3
16884 6  3
16885 6  3
16886 6  3
16887 6  3
16888 6  3
16889 6  3
16890 6  3
16891 6  3
16892 6  3
16893 6  3
16894 6  3
16895 6  3
16896 6  3
16897 6  3
16898 6  3
16899 6  3
16900 6  3
16901 6  3
16902 6  3
16903 6  3
16904 6  3
16905 6  3
16906 6  3
16907 6  3
16908 6  3
16909 6  3
16910 6  3
16911 6  3
16912 6  3
16913 6  3
16914 6  3
16915 6  3
16916 6  3
16917 6  3
16918 6  3
16919 6  3
16920 6  3
16921 6  3
16922 6  3
16923 6  3
16924 6  3
16925 6  3
16926 6  3
16927 6  3
16928 6  3
16929 6  3
16930 6  3
16931 6  3
16932 6  3
16933 6  3
16934 6  3
16935 6  3
16936 6  3
16937 6  3
16938 6  3
16939 6  3
16940 6  3
16941 6  3
16942 6  3
16943 6  3
16944 6  3
16945 6  3
16946 6  3
16947 6  3
16948 6  3
16949 6  3
16950 6  3
16951 6  3
16952 6  3
16953 6  3
16954 6  3
16955 6  3
16956 6  3
16957 6  3
16958 6  3
16959 6  3
16960 6  3
16961 6  3
16962 6  3
16963 6  3
16964 6  3
16965 6  3
16966 6  3
16967 6  3
16968 6  3
16969 6  3
16970 6  3
16971 6  3
16972 6  3
16973 6  3
16974 6  3
16975 6  3
16976 6  3
16977 6  3
16978 6  3
16979 6  3
16980 6  3
16981 6  3
16982 6  3
16983 6  3
16984 6  3
16985 6  3
16986 6  3
16987 6  3
16988 6  3
16989 6  3
16990 6  3
16991 6  3
16992 6  3
16993 6  3
16994 6  3
16995 6  3
16996 6  3
16997 6  3
16998 6  3
16999 6  3
17000 6  3
17001 6  3
17002 6  3
17003 6  3
17004 6  3
17005 6  3
17006 6  3
17007 6  3
17008 6  3
17009 6  3
17010 6  3
17011 6  3
17012 6  3
17013 6  3
17014 6  3
17015 6  3
17016 6  3
17017 6  3
17018 6  3
17019 6  3
17020 6  3
17021 6  3
17022 6  3
17023 6  3
17024 6  3
17025 6  3
17026 6  3
17027 6  3
17028 6  3
17029 6  3
17030 6  3
17031 6  3
17032 6  3
17033 6  3
17034 6  3
17035 6  3
17036 6  3
17037 6  3
17038 6  3
17039 6  3
17040 6  3
17041 6  3
17042 6  3
17043 6  3
17044 6  3
17045 6  3
17046 6  3
17047 6  3
17048 6  3
17049 6  3
17050 6  3
17051 6  3
17052 6  3
17053 6  3
17054 6  3
17055 6  3
17056 6  3
17057 6  3
17058 6  3
17059 6  3
17060 6  3
17061 6  3
17062 6  3
17063 6  3
17064 6  3
17065 6  3
17066 6  3
17067 6  3
17068 6  3
17069 6  3
17070 6  3
17071 6  3
17072 6  3
17073 6  3
17074 6  3
17075 6  3
17076 6  3
17077 6  3
17078 6  3
17079 6  3
17080 6  3
17081 6  3
17082 6  3
17083 6  3
17084 6  3
17085 6  3
17086 6  3
17087 6  3
17088 6  3
17089 6  3
17090 6  3
17091 6  3
17092 6  3
17093 6  3
17094 6  3
17095 6  3
17096 6  3
17097 6  3
17098 6  3
17099 6  3
17100 6  3
17101 6  3
17102 6  3
17103 6  3
17104 6  3
17105 6  3
17106 6  3
17107 6  3
17108 6  3
17109 6  3
17110 6  3
17111 6  3
17112 6  3
17113 6  3
17114 6  3
17115 6  3
17116 6  3
17117 6  3
17118 6  3
17119 6  3
17120 6  3
17121 6  3
17122 6  3
17123 6  3
17124 6  3
17125 6  3
17126 6  3
17127 6  3
17128 6  3
17129 6  3
17130 6  3
17131 6  3
17132 6  3
17133 6  3
17134 6  3
17135 6  3
17136 6  3
17137 6  3
17138 6  3
17139 6  3
17140 6  3
17141 6  3
17142 6  3
17143 6  3
17144 6  3
17145 6  3
17146 6  3
17147 6  3
17148 6  3
17149 6  3
17150 6  3
17151 6  3
17152 6  3
17153 6  3
17154 6  3
17155 6  3
17156 6  3
17157 6  3
17158 6  3
17159 6  3
17160 6  3
17161 6  3
17162 6  3
17163 6  3
17164 6  3
17165 6  3
17166 6  3
17167 6  3
17168 6  3
17169 6  3
17170 6  3
17171 6  3
17172 6  3
17173 6  3
17174 6  3
17175 6  3
17176 6  3
17177 6  3
17178 6  3
17179 6  3
17180 6  3
17181 6  3
17182 6  3
17183 6  3
17184 6  3
17185 6  3
17186 6  3
17187 6  3
17188 6  3
17189 6  3
17190 6  3
17191 6  3
17192 6  3
17193 6  3
17194 6  3
17195 6  3
17196 6  3
17197 6  3
17198 6  3
17199 6  3
17200 6  3
17201 6  3
17202 6  3
17203 6  3
17204 6  3
17205 6  3
17206 6  3
17207 6  3
17208 6  3
17209 6  3
17210 6  3
17211 6  3
17212 6  3
17213 6  3
17214 6  3
17215 6  3
17216 6  3
17217 6  3
17218 6  3
17219 6  3
17220 6  3
17221 6  3
17222 6  3
17223 6  3
17224 6  3
17225 6  3
17226 6  3
17227 6  3
17228 6  3
17229 6  3
17230 6  3
17231 6  3
17232 6  3
17233 6  3
17234 6  3
17235 6  3
17236 6  3
17237 6  3
17238 6  3
17239 6  3
17240 6  3
17241 6  3
17242 6  3
17243 6  3
17244 6  3
17245 6  3
17246 6  3
17247 6  3
17248 6  3
17249 6  3
17250 6  3
17251 6  3
17252 6  3
17253 6  3
17254 6  3
17255 6  3
17256 6  3
17257 6  3
17258 6  3
17259 6  3
17260 6  3
17261 6  3
17262 6  3
17263 6  3
17264 6  3
17265 6  3
17266 6  3
17267 6  3
17268 6  3
17269 6  3
17270 6  3
17271 6  3
17272 6  3
17273 6  3
17274 6  3
17275 6  3
17276 6  3
17277 6  3
17278 6  3
17279 6  3
17280 6  3
17281 6  3
17282 6  3
17283 6  3
17284 6  3
17285 6  3
17286 6  3
17287 6  3
17288 6  3
17289 6  3
17290 6  3
17291 6  3
17292 6  3
17293 6  3
17294 6  3
17295 6  3
17296 6  3
17297 6  3
17298 6  3
17299 6  3
17300 6  3
17301 6  3
17302 6  3
17303 6  3
17304 6  3
17305 6  3
17306 6  3
17307 6  3
17308 6  3
17309 6  3
17310 6  3
17311 6  3
17312 6  3
17313 6  3
17314 6  3
17315 6  3
17316 6  3
17317 6  3
17318 6  3
17319 6  3
17320 6  3
17321 6  3
17322 6  3
17323 6  3
17324 6  3
17325 6  3
17326 6  3
17327 6  3
17328 6  3
17329 6  3
17330 6  3
17331 6  3
17332 6  3
17333 6  3
17334 6  3
17335 6  3
17336 6  3
17337 6  3
17338 6  3
17339 6  3
17340 6  3
17341 6  3
17342 6  3
17343 6  3
17344 6  3
17345 6  3
17346 6  3
17347 6  3
17348 6  3
17349 6  3
17350 6  3
17351 6  3
17352 6  3
17353 6  3
17354 6  3
17355 6  3
17356 6  3
17357 6  3
17358 6  3
17359 6  3
17360 6  3
17361 6  3
17362 6  3
17363 6  3
17364 6  3
17365 6  3
17366 6  3
17367 6  3
17368 6  3
17369 6  3
17370 6  3
17371 6  3
17372 6  3
17373 6  3
17374 6  3
17375 6  3
17376 6  3
17377 6  3
17378 6  3
17379 6  3
17380 6  3
17381 6  3
17382 6  3
17383 6  3
17384 6  3
17385 6  3
17386 6  3
17387 6  3
17388 6  3
17389 6  3
17390 6  3
17391 6  3
17392 6  3
17393 6  3
17394 6  3
17395 6  3
17396 6  3
17397 6  3
17398 6  3
17399 6  3
17400 6  3
17401 6  3
17402 6  3
17403 6  3
17404 6  3
17405 6  3
17406 6  3
17407 6  3
17408 6  3
17409 6  3
17410 6  3
17411 6  3
17412 6  3
17413 6  3
17414 6  3
17415 6  3
17416 6  3
17417 6  3
17418 6  3
17419 6  3
17420 6  3
17421 6  3
17422 6  3
17423 6  3
17424 6  3
17425 6  3
17426 6  3
17427 6  3
17428 6  3
17429 6  3
17430 6  3
17431 6  3
17432 6  3
17433 6  3
17434 6  3
17435 6  3
17436 6  3
17437 6  3
17438 6  3
17439 6  3
17440 6  3
17441 6  3
17442 6  3
17443 6  3
17444 6  3
17445 6  3
17446 6  3
17447 6  3
17448 6  3
17449 6  3
17450 6  3
17451 6  3
17452 6  3
17453 6  3
17454 6  3
17455 6  3
17456 6  3
17457 6  3
17458 6  3
17459 6  3
17460 6  3
17461 6  3
17462 6  3
17463 6  3
17464 6  3
17465 6  3
17466 6  3
17467 6  3
17468 6  3
17469 6  3
17470 6  3
17471 6  3
17472 6  3
17473 6  3
17474 6  3
17475 6  3
17476 6  3
17477 6  3
17478 6  3
17479 6  3
17480 6  3
17481 6  3
17482 6  3
17483 6  3
17484 6  3
17485 6  3
17486 6  3
17487 6  3
17488 6  3
17489 6  3
17490 6  3
17491 6  3
17492 6  3
17493 6  3
17494 6  3
17495 6  3
17496 6  3
17497 6  3
17498 6  3
17499 6  3
17500 6  3
17501 6  3
17502 6  3
17503 6  3
17504 6  3
17505 6  3
17506 6  3
17507 6  3
17508 6  3
17509 6  3
17510 6  3
17511 6  3
17512 6  3
17513 6  3
17514 6  3
17515 6  3
17516 6  3
17517 6  3
17518 6  3
17519 6  3
17520 6  3
17521 6  3
17522 6  3
17523 6  3
17524 6  3
17525 6  3
17526 6  3
17527 6  3
17528 6  3
17529 6  3
17530 6  3
17531 6  3
17532 6  3
17533 6  3
17534 6  3
17535 6  3
17536 6  3
17537 6  3
17538 6  3
17539 6  3
17540 6  3
17541 6  3
17542 6  3
17543 6  3
17544 6  3
17545 6  3
17546 6  3
17547 6  3
17548 6  3
17549 6  3
17550 6  3
17551 6  3
17552 6  3
17553 6  3
17554 6  3
17555 6  3
17556 6  3
17557 6  3
17558 6  3
17559 6  3
17560 6  3
17561 6  3
17562 6  3
17563 6  3
17564 6  3
17565 6  3
17566 6  3
17567 6  3
17568 6  3
17569 6  3
17570 6  3
17571 6  3
17572 6  3
17573 6  3
17574 6  3
17575 6  3
17576 6  3
17577 6  3
17578 6  3
17579 6  3
17580 6  3
17581 6  3
17582 6  3
17583 6  3
17584 6  3
17585 6  3
17586 6  3
17587 6  3
17588 6  3
17589 6  3
17590 6  3
17591 6  3
17592 6  3
17593 6  3
17594 6  3
17595 6  3
17596 6  3
17597 6  3
17598 6  3
17599 6  3
17600 6  3
17601 6  3
17602 6  3
17603 6  3
17604 6  3
17605 6  3
17606 6  3
17607 6  3
17608 6  3
17609 6  3
17610 6  3
17611 6  3
17612 6  3
17613 6  3
17614 6  3
17615 6  3
17616 6  3
17617 6  3
17618 6  3
17619 6  3
17620 6  3
17621 6  3
17622 6  3
17623 6  3
17624 6  3
17625 6  3
17626 6  3
17627 6  3
17628 6  3
17629 6  3
17630 6  3
17631 6  3
17632 6  3
17633 6  3
17634 6  3
17635 6  3
17636 6  3
17637 6  3
17638 6  3
17639 6  3
17640 6  3
17641 6  3
17642 6  3
17643 6  3
17644 6  3
17645 6  3
17646 6  3
17647 6  3
17648 6  3
17649 6  3
17650 6  3
17651 6  3
17652 6  3
17653 6  3
17654 6  3
17655 6  3
17656 6  3
17657 6  3
17658 6  3
17659 6  3
17660 6  3
17661 6  3
17662 6  3
17663 6  3
17664 6  3
17665 6  3
17666 6  3
17667 6  3
17668 6  3
17669 6  3
17670 6  3
17671 6  3
17672 6  3
17673 6  3
17674 6  3
17675 6  3
17676 6  3
17677 6  3
17678 6  3
17679 6  3
17680 6  3
17681 6  3
17682 6  3
17683 6  3
17684 6  3
17685 6  3
17686 6  3
17687 6  3
17688 6  3
17689 6  3
17690 6  3
17691 6  3
17692 6  3
17693 6  3
17694 6  3
17695 6  3
17696 6  3
17697 6  3
17698 6  3
17699 6  3
17700 6  3
17701 6  3
17702 6  3
17703 6  3
17704 6  3
17705 6  3
17706 6  3
17707 6  3
17708 6  3
17709 6  3
17710 6  3
17711 6  3
17712 6  3
17713 6  3
17714 6  3
17715 6  3
17716 6  3
17717 6  3
17718 6  3
17719 6  3
17720 6  3
17721 6  3
17722 6  3
17723 6  3
17724 6  3
17725 6  3
17726 6  3
17727 6  3
17728 6  3
17729 6  3
17730 6  3
17731 6  3
17732 6  3
17733 6  3
17734 6  3
17735 6  3
17736 6  3
17737 6  3
17738 6  3
17739 6  3
17740 6  3
17741 6  3
17742 6  3
17743 6  3
17744 6  3
17745 6  3
17746 6  3
17747 6  3
17748 6  3
17749 6  3
17750 6  3
17751 6  3
17752 6  3
17753 6  3
17754 6  3
17755 6  3
17756 6  3
17757 6  3
17758 6  3
17759 6  3
17760 6  3
17761 6  3
17762 6  3
17763 6  3
17764 6  3
17765 6  3
17766 6  3
17767 6  3
17768 6  3
17769 6  3
17770 6  3
17771 6  3
17772 6  3
17773 6  3
17774 6  3
17775 6  3
17776 6  3
17777 6  3
17778 6  3
17779 6  3
17780 6  3
17781 6  3
17782 6  3
17783 6  3
17784 6  3
17785 6  3
17786 6  3
17787 6  3
17788 6  3
17789 6  3
17790 6  3
17791 6  3
17792 6  3
17793 6  3
17794 6  3
17795 6  3
17796 6  3
17797 6  3
17798 6  3
17799 6  3
17800 6  3
17801 6  3
17802 6  3
17803 6  3
17804 6  3
17805 6  3
17806 6  3
17807 6  3
17808 6  3
17809 6  3
17810 6  3
17811 6  3
17812 6  3
17813 6  3
17814 6  3
17815 6  3
17816 6  3
17817 6  3
17818 6  3
17819 6  3
17820 6  3
17821 6  3
17822 6  3
17823 6  3
17824 6  3
17825 6  3
17826 6  3
17827 6  3
17828 6  3
17829 6  3
17830 6  3
17831 6  3
17832 6  3
17833 6  3
17834 6  3
17835 6  3
17836 6  3
17837 6  3
17838 6  3
17839 6  3
17840 6  3
17841 6  3
17842 6  3
17843 6  3
17844 6  3
17845 6  3
17846 6  3
17847 6  3
17848 6  3
17849 6  3
17850 6  3
17851 6  3
17852 6  3
17853 6  3
17854 6  3
17855 6  3
17856 6  3
17857 6  3
17858 6  3
17859 6  3
17860 6  3
17861 6  3
17862 6  3
17863 6  3
17864 6  3
17865 6  3
17866 6  3
17867 6  3
17868 6  3
17869 6  3
17870 6  3
17871 6  3
17872 6  3
17873 6  3
17874 6  3
17875 6  3
17876 6  3
17877 6  3
17878 6  3
17879 6  3
17880 6  3
17881 6  3
17882 6  3
17883 6  3
17884 6  3
17885 6  3
17886 6  3
17887 6  3
17888 6  3
17889 6  3
17890 6  3
17891 6  3
17892 6  3
17893 6  3
17894 6  3
17895 6  3
17896 6  3
17897 6  3
17898 6  3
17899 6  3
17900 6  3
17901 6  3
17902 6  3
17903 6  3
17904 6  3
17905 6  3
17906 6  3
17907 6  3
17908 6  3
17909 6  3
17910 6  3
17911 6  3
17912 6  3
17913 6  3
17914 6  3
17915 6  3
17916 6  3
17917 6  3
17918 6  3
17919 6  3
17920 6  3
17921 6  3
17922 6  3
17923 6  3
17924 6  3
17925 6  3
17926 6  3
17927 6  3
17928 6  3
17929 6  3
17930 6  3
17931 6  3
17932 6  3
17933 6  3
17934 6  3
17935 6  3
17936 6  3
17937 6  3
17938 6  3
17939 6  3
17940 6  3
17941 6  3
17942 6  3
17943 6  3
17944 6  3
17945 6  3
17946 6  3
17947 6  3
17948 6  3
17949 6  3
17950 6  3
17951 6  3
17952 6  3
17953 6  3
17954 6  3
17955 6  3
17956 6  3
17957 6  3
17958 6  3
17959 6  3
17960 6  3
17961 6  3
17962 6  3
17963 6  3
17964 6  3
17965 6  3
17966 6  3
17967 6  3
17968 6  3
17969 6  3
17970 6  3
17971 6  3
17972 6  3
17973 6  3
17974 6  3
17975 6  3
17976 6  3
17977 6  3
17978 6  3
17979 6  3
17980 6  3
17981 6  3
17982 6  3
17983 6  3
17984 6  3
17985 6  3
17986 6  3
17987 6  3
17988 6  3
17989 6  3
17990 6  3
17991 6  3
17992 6  3
17993 6  3
17994 6  3
17995 6  3
17996 6  3
17997 6  3
17998 6  3
17999 6  3
18000 6  3
18001 6  3
18002 6  3
18003 6  3
18004 6  3
18005 6  3
18006 6  3
18007 6  3
18008 6  3
18009 6  3
18010 6  3
18011 6  3
18012 6  3
18013 6  3
18014 6  3
18015 6  3
18016 6  3
18017 6  3
18018 6  3
18019 6  3
18020 6  3
18021 6  3
18022 6  3
18023 6  3
18024 6  3
18025 6  3
18026 6  3
18027 6  3
18028 6  3
18029 6  3
18030 6  3
18031 6  3
18032 6  3
18033 6  3
18034 6  3
18035 6  3
18036 6  3
18037 6  3
18038 6  3
18039 6  3
18040 6  3
18041 6  3
18042 6  3
18043 6  3
18044 6  3
18045 6  3
18046 6  3
18047 6  3
18048 6  3
18049 6  3
18050 6  3
18051 6  3
18052 6  3
18053 6  3
18054 6  3
18055 6  3
18056 6  3
18057 6  3
18058 6  3
18059 6  3
18060 6  3
18061 6  3
18062 6  3
18063 6  3
18064 6  3
18065 6  3
18066 6  3
18067 6  3
18068 6  3
18069 6  3
18070 6  3
18071 6  3
18072 6  3
18073 6  3
18074 6  3
18075 6  3
18076 6  3
18077 6  3
18078 6  3
18079 6  3
18080 6  3
18081 6  3
18082 6  3
18083 6  3
18084 6  3
18085 6  3
18086 6  3
18087 6  3
18088 6  3
18089 6  3
18090 6  3
18091 6  3
18092 6  3
18093 6  3
18094 6  3
18095 6  3
18096 6  3
18097 6  3
18098 6  3
18099 6  3
18100 6  3
18101 6  3
18102 6  3
18103 6  3
18104 6  3
18105 6  3
18106 6  3
18107 6  3
18108 6  3
18109 6  3
18110 6  3
18111 6  3
18112 6  3
18113 6  3
18114 6  3
18115 6  3
18116 6  3
18117 6  3
18118 6  3
18119 6  3
18120 6  3
18121 6  3
18122 6  3
18123 6  3
18124 6  3
18125 6  3
18126 6  3
18127 6  3
18128 6  3
18129 6  3
18130 6  3
18131 6  3
18132 6  3
18133 6  3
18134 6  3
18135 6  3
18136 6  3
18137 6  3
18138 6  3
18139 6  3
18140 6  3
18141 6  3
18142 6  3
18143 6  3
18144 6  3
18145 6  3
18146 6  3
18147 6  3
18148 6  3
18149 6  3
18150 6  3
18151 6  3
18152 6  3
18153 6  3
18154 6  3
18155 6  3
18156 6  3
18157 6  3
18158 6  3
18159 6  3
18160 6  3
18161 6  3
18162 6  3
18163 6  3
18164 6  3
18165 6  3
18166 6  3
18167 6  3
18168 6  3
18169 6  3
18170 6  3
18171 6  3
18172 6  3
18173 6  3
18174 6  3
18175 6  3
18176 6  3
18177 6  3
18178 6  3
18179 6  3
18180 6  3
18181 6  3
18182 6  3
18183 6  3
18184 6  3
18185 6  3
18186 6  3
18187 6  3
18188 6  3
18189 6  3
18190 6  3
18191 6  3
18192 6  3
18193 6  3
18194 6  3
18195 6  3
18196 6  3
18197 6  3
18198 6  3
18199 6  3
18200 6  3
18201 6  3
18202 6  3
18203 6  3
18204 6  3
18205 6  3
18206 6  3
18207 6  3
18208 6  3
18209 6  3
18210 6  3
18211 6  3
18212 6  3
18213 6  3
18214 6  3
18215 6  3
18216 6  3
18217 6  3
18218 6  3
18219 6  3
18220 6  3
18221 6  3
18222 6  3
18223 6  3
18224 6  3
18225 6  3
18226 6  3
18227 6  3
18228 6  3
18229 6  3
18230 6  3
18231 6  3
18232 6  3
18233 6  3
18234 6  3
18235 6  3
18236 6  3
18237 6  3
18238 6  3
18239 6  3
18240 6  3
18241 6  3
18242 6  3
18243 6  3
18244 6  3
18245 6  3
18246 6  3
18247 6  3
18248 6  3
18249 6  3
18250 6  3
18251 6  3
18252 6  3
18253 6  3
18254 6  3
18255 6  3
18256 6  3
18257 6  3
18258 6  3
18259 6  3
18260 6  3
18261 6  3
18262 6  3
18263 6  3
18264 6  3
18265 6  3
18266 6  3
18267 6  3
18268 6  3
18269 6  3
18270 6  3
18271 6  3
18272 6  3
18273 6  3
18274 6  3
18275 6  3
18276 6  3
18277 6  3
18278 6  3
18279 6  3
18280 6  3
18281 6  3
18282 6  3
18283 6  3
18284 6  3
18285 6  3
18286 6  3
18287 6  3
18288 6  3
18289 6  3
18290 6  3
18291 6  3
18292 6  3
18293 6  3
18294 6  3
18295 6  3
18296 6  3
18297 6  3
18298 6  3
18299 6  3
18300 6  3
18301 6  3
18302 6  3
18303 6  3
18304 6  3
18305 6  3
18306 6  3
18307 6  3
18308 6  3
18309 6  3
18310 6  3
18311 6  3
18312 6  3
18313 6  3
18314 6  3
18315 6  3
18316 6  3
18317 6  3
18318 6  3
18319 6  3
18320 6  3
18321 6  3
18322 6  3
18323 6  3
18324 6  3
18325 6  3
18326 6  3
18327 6  3
18328 6  3
18329 6  3
18330 6  3
18331 6  3
18332 6  3
18333 6  3
18334 6  3
18335 6  3
18336 6  3
18337 6  3
18338 6  3
18339 6  3
18340 6  3
18341 6  3
18342 6  3
18343 6  3
18344 6  3
18345 6  3
18346 6  3
18347 6  3
18348 6  3
18349 6  3
18350 6  3
18351 6  3
18352 6  3
18353 6  3
18354 6  3
18355 6  3
18356 6  3
18357 6  3
18358 6  3
18359 6  3
18360 6  3
18361 6  3
18362 6  3
18363 6  3
18364 6  3
18365 6  3
18366 6  3
18367 6  3
18368 6  3
18369 6  3
18370 6  3
18371 6  3
18372 6  3
18373 6  3
18374 6  3
18375 6  3
18376 6  3
18377 6  3
18378 6  3
18379 6  3
18380 6  3
18381 6  3
18382 6  3
18383 6  3
18384 6  3
18385 6  3
18386 6  3
18387 6  3
18388 6  3
18389 6  3
18390 6  3
18391 6  3
18392 6  3
18393 6  3
18394 6  3
18395 6  3
18396 6  3
18397 6  3
18398 6  3
18399 6  3
18400 6  3
18401 6  3
18402 6  3
18403 6  3
18404 6  3
18405 6  3
18406 6  3
18407 6  3
18408 6  3
18409 6  3
18410 6  3
18411 6  3
18412 6  3
18413 6  3
18414 6  3
18415 6  3
18416 6  3
18417 6  3
18418 6  3
18419 6  3
18420 6  3
18421 6  3
18422 6  3
18423 6  3
18424 6  3
18425 6  3
18426 6  3
18427 6  3
18428 6  3
18429 6  3
18430 6  3
18431 6  3
18432 6  3
18433 6  3
18434 6  3
18435 6  3
18436 6  3
18437 6  3
18438 6  3
18439 6  3
18440 6  3
18441 6  3
18442 6  3
18443 6  3
18444 6  3
18445 6  3
18446 6  3
18447 6  3
18448 6  3
18449 6  3
18450 6  3
18451 6  3
18452 6  3
18453 6  3
18454 6  3
18455 6  3
18456 6  3
18457 6  3
18458 6  3
18459 6  3
18460 6  3
18461 6  3
18462 6  3
18463 6  3
18464 6  3
18465 6  3
18466 6  3
18467 6  3
18468 6  3
18469 6  3
18470 6  3
18471 6  3
18472 6  3
18473 6  3
18474 6  3
18475 6  3
18476 6  3
18477 6  3
18478 6  3
18479 6  3
18480 6  3
18481 6  3
18482 6  3
18483 6  3
18484 6  3
18485 6  3
18486 6  3
18487 6  3
18488 6  3
18489 6  3
18490 6  3
18491 6  3
18492 6  3
18493 6  3
18494 6  3
18495 6  3
18496 6  3
18497 6  3
18498 6  3
18499 6  3
18500 6  3
18501 6  3
18502 6  3
18503 6  3
18504 6  3
18505 6  3
18506 6  3
18507 6  3
18508 6  3
18509 6  3
18510 6  3
18511 6  3
18512 6  3
18513 6  3
18514 6  3
18515 6  3
18516 6  3
18517 6  3
18518 6  3
18519 6  3
18520 6  3
18521 6  3
18522 6  3
18523 6  3
18524 6  3
18525 6  3
18526 6  3
18527 6  3
18528 6  3
18529 6  3
18530 6  3
18531 6  3
18532 6  3
18533 6  3
18534 6  3
18535 6  3
18536 6  3
18537 6  3
18538 6  3
18539 6  3
18540 6  3
18541 6  3
18542 6  3
18543 6  3
18544 6  3
18545 6  3
18546 6  3
18547 6  3
18548 6  3
18549 6  3
18550 6  3
18551 6  3
18552 6  3
18553 6  3
18554 6  3
18555 6  3
18556 6  3
18557 6  3
18558 6  3
18559 6  3
18560 6  3
18561 6  3
18562 6  3
18563 6  3
18564 6  3
18565 6  3
18566 6  3
18567 6  3
18568 6  3
18569 6  3
18570 6  3
18571 6  3
18572 6  3
18573 6  3
18574 6  3
18575 6  3
18576 6  3
18577 6  3
18578 6  3
18579 6  3
18580 6  3
18581 6  3
18582 6  3
18583 6  3
18584 6  3
18585 6  3
18586 6  3
18587 6  3
18588 6  3
18589 6  3
18590 6  3
18591 6  3
18592 6  3
18593 6  3
18594 6  3
18595 6  3
18596 6  3
18597 6  3
18598 6  3
18599 6  3
18600 6  3
18601 6  3
18602 6  3
18603 6  3
18604 6  3
18605 6  3
18606 6  3
18607 6  3
18608 6  3
18609 6  3
18610 6  3
18611 6  3
18612 6  3
18613 6  3
18614 6  3
18615 6  3
18616 6  3
18617 6  3
18618 6  3
18619 6  3
18620 6  3
18621 6  3
18622 6  3
18623 6  3
18624 6  3
18625 6  3
18626 6  3
18627 6  3
18628 6  3
18629 6  3
18630 6  3
18631 6  3
18632 6  3
18633 6  3
18634 6  3
18635 6  3
18636 6  3
18637 6  3
18638 6  3
18639 6  3
18640 6  3
18641 6  3
18642 6  3
18643 6  3
18644 6  3
18645 6  3
18646 6  3
18647 6  3
18648 6  3
18649 6  3
18650 6  3
18651 6  3
18652 6  3
18653 6  3
18654 6  3
18655 6  3
18656 6  3
18657 6  3
18658 6  3
18659 6  3
18660 6  3
18661 6  3
18662 6  3
18663 6  3
18664 6  3
18665 6  3
18666 6  3
18667 6  3
18668 6  3
18669 6  3
18670 6  3
18671 6  3
18672 6  3
18673 6  3
18674 6  3
18675 6  3
18676 6  3
18677 6  3
18678 6  3
18679 6  3
18680 6  3
18681 6  3
18682 6  3
18683 6  3
18684 6  3
18685 6  3
18686 6  3
18687 6  3
18688 6  3
18689 6  3
18690 6  3
18691 6  3
18692 6  3
18693 6  3
18694 6  3
18695 6  3
18696 6  3
18697 6  3
18698 6  3
18699 6  3
18700 6  3
18701 6  3
18702 6  3
18703 6  3
18704 6  3
18705 6  3
18706 6  3
18707 6  3
18708 6  3
18709 6  3
18710 6  3
18711 6  3
18712 6  3
18713 6  3
18714 6  3
18715 6  3
18716 6  3
18717 6  3
18718 6  3
18719 6  3
18720 6  3
18721 6  3
18722 6  3
18723 6  3
18724 6  3
18725 6  3
18726 6  3
18727 6  3
18728 6  3
18729 6  3
18730 6  3
18731 6  3
18732 6  3
18733 6  3
18734 6  3
18735 6  3
18736 6  3
18737 6  3
18738 6  3
18739 6  3
18740 6  3
18741 6  3
18742 6  3
18743 6  3
18744 6  3
18745 6  3
18746 6  3
18747 6  3
18748 6  3
18749 6  3
18750 6  3
18751 6  3
18752 6  3
18753 6  3
18754 6  3
18755 6  3
18756 6  3
18757 6  3
18758 6  3
18759 6  3
18760 6  3
18761 6  3
18762 6  3
18763 6  3
18764 6  3
18765 6  3
18766 6  3
18767 6  3
18768 6  3
18769 6  3
18770 6  3
18771 6  3
18772 6  3
18773 6  3
18774 6  3
18775 6  3
18776 6  3
18777 6  3
18778 6  3
18779 6  3
18780 6  3
18781 6  3
18782 6  3
18783 6  3
18784 6  3
18785 6  3
18786 6  3
18787 6  3
18788 6  3
18789 6  3
18790 6  3
18791 6  3
18792 6  3
18793 6  3
18794 6  3
18795 6  3
18796 6  3
18797 6  3
18798 6  3
18799 6  3
18800 6  3
18801 6  3
18802 6  3
18803 6  3
18804 6  3
18805 6  3
18806 6  3
18807 6  3
18808 6  3
18809 6  3
18810 6  3
18811 6  3
18812 6  3
18813 6  3
18814 6  3
18815 6  3
18816 6  3
18817 6  3
18818 6  3
18819 6  3
18820 6  3
18821 6  3
18822 6  3
18823 6  3
18824 6  3
18825 6  3
18826 6  3
18827 6  3
18828 6  3
18829 6  3
18830 6  3
18831 6  3
18832 6  3
18833 6  3
18834 6  3
18835 6  3
18836 6  3
18837 6  3
18838 6  3
18839 6  3
18840 6  3
18841 6  3
18842 6  3
18843 6  3
18844 6  3
18845 6  3
18846 6  3
18847 6  3
18848 6  3
18849 6  3
18850 6  3
18851 6  3
18852 6  3
18853 6  3
18854 6  3
18855 6  3
18856 6  3
18857 6  3
18858 6  3
18859 6  3
18860 6  3
18861 6  3
18862 6  3
18863 6  3
18864 6  3
18865 6  3
18866 6  3
18867 6  3
18868 6  3
18869 6  3
18870 6  3
18871 6  3
18872 6  3
18873 6  3
18874 6  3
18875 6  3
18876 6  3
18877 6  3
18878 6  3
18879 6  3
18880 6  3
18881 6  3
18882 6  3
18883 6  3
18884 6  3
18885 6  3
18886 6  3
18887 6  3
18888 6  3
18889 6  3
18890 6  3
18891 6  3
18892 6  3
18893 6  3
18894 6  3
18895 6  3
18896 6  3
18897 6  3
18898 6  3
18899 6  3
18900 6  3
18901 6  3
18902 6  3
18903 6  3
18904 6  3
18905 6  3
18906 6  3
18907 6  3
18908 6  3
18909 6  3
18910 6  3
18911 6  3
18912 6  3
18913 6  3
18914 6  3
18915 6  3
18916 6  3
18917 6  3
18918 6  3
18919 6  3
18920 6  3
18921 6  3
18922 6  3
18923 6  3
18924 6  3
18925 6  3
18926 6  3
18927 6  3
18928 6  3
18929 6  3
18930 6  3
18931 6  3
18932 6  3
18933 6  3
18934 6  3
18935 6  3
18936 6  3
18937 6  3
18938 6  3
18939 6  3
18940 6  3
18941 6  3
18942 6  3
18943 6  3
18944 6  3
18945 6  3
18946 6  3
18947 6  3
18948 6  3
18949 6  3
18950 6  3
18951 6  3
18952 6  3
18953 6  3
18954 6  3
18955 6  3
18956 6  3
18957 6  3
18958 6  3
18959 6  3
18960 6  3
18961 6  3
18962 6  3
18963 6  3
18964 6  3
18965 6  3
18966 6  3
18967 6  3
18968 6  3
18969 6  3
18970 6  3
18971 6  3
18972 6  3
18973 6  3
18974 6  3
18975 6  3
18976 6  3
18977 6  3
18978 6  3
18979 6  3
18980 6  3
18981 6  3
18982 6  3
18983 6  3
18984 6  3
18985 6  3
18986 6  3
18987 6  3
18988 6  3
18989 6  3
18990 6  3
18991 6  3
18992 6  3
18993 6  3
18994 6  3
18995 6  3
18996 6  3
18997 6  3
18998 6  3
18999 6  3
19000 6  3
19001 6  3
19002 6  3
19003 6  3
19004 6  3
19005 6  3
19006 6  3
19007 6  3
19008 6  3
19009 6  3
19010 6  3
19011 6  3
19012 6  3
19013 6  3
19014 6  3
19015 6  3
19016 6  3
19017 6  3
19018 6  3
19019 6  3
19020 6  3
19021 6  3
19022 6  3
19023 6  3
19024 6  3
19025 6  3
19026 6  3
19027 6  3
19028 6  3
19029 6  3
19030 6  3
19031 6  3
19032 6  3
19033 6  3
19034 6  3
19035 6  3
19036 6  3
19037 6  3
19038 6  3
19039 6  3
19040 6  3
19041 6  3
19042 6  3
19043 6  3
19044 6  3
19045 6  3
19046 6  3
19047 6  3
19048 6  3
19049 6  3
19050 6  3
19051 6  3
19052 6  3
19053 6  3
19054 6  3
19055 6  3
19056 6  3
19057 6  3
19058 6  3
19059 6  3
19060 6  3
19061 6  3
19062 6  3
19063 6  3
19064 6  3
19065 6  3
19066 6  3
19067 6  3
19068 6  3
19069 6  3
19070 6  3
19071 6  3
19072 6  3
19073 6  3
19074 6  3
19075 6  3
19076 6  3
19077 6  3
19078 6  3
19079 6  3
19080 6  3
19081 6  3
19082 6  3
19083 6  3
19084 6  3
19085 6  3
19086 6  3
19087 6  3
19088 6  3
19089 6  3
19090 6  3
19091 6  3
19092 6  3
19093 6  3
19094 6  3
19095 6  3
19096 6  3
19097 6  3
19098 6  3
19099 6  3
19100 6  3
19101 6  3
19102 6  3
19103 6  3
19104 6  3
19105 6  3
19106 6  3
19107 6  3
19108 6  3
19109 6  3
19110 6  3
19111 6  3
19112 6  3
19113 6  3
19114 6  3
19115 6  3
19116 6  3
19117 6  3
19118 6  3
19119 6  3
19120 6  3
19121 6  3
19122 6  3
19123 6  3
19124 6  3
19125 6  3
19126 6  3
19127 6  3
19128 6  3
19129 6  3
19130 6  3
19131 6  3
19132 6  3
19133 6  3
19134 6  3
19135 6  3
19136 6  3
19137 6  3
19138 6  3
19139 6  3
19140 6  3
19141 6  3
19142 6  3
19143 6  3
19144 6  3
19145 6  3
19146 6  3
19147 6  3
19148 6  3
19149 6  3
19150 6  3
19151 6  3
19152 6  3
19153 6  3
19154 6  3
19155 6  3
19156 6  3
19157 6  3
19158 6  3
19159 6  3
19160 6  3
19161 6  3
19162 6  3
19163 6  3
19164 6  3
19165 6  3
19166 6  3
19167 6  3
19168 6  3
19169 6  3
19170 6  3
19171 6  3
19172 6  3
19173 6  3
19174 6  3
19175 6  3
19176 6  3
19177 6  3
19178 6  3
19179 6  3
19180 6  3
19181 6  3
19182 6  3
19183 6  3
19184 6  3
19185 6  3
19186 6  3
19187 6  3
19188 6  3
19189 6  3
19190 6  3
19191 6  3
19192 6  3
19193 6  3
19194 6  3
19195 6  3
19196 6  3
19197 6  3
19198 6  3
19199 6  3
19200 6  3
19201 6  3
19202 6  3
19203 6  3
19204 6  3
19205 6  3
19206 6  3
19207 6  3
19208 6  3
19209 6  3
19210 6  3
19211 6  3
19212 6  3
19213 6  3
19214 6  3
19215 6  3
19216 6  3
19217 6  3
19218 6  3
19219 6  3
19220 6  3
19221 6  3
19222 6  3
19223 6  3
19224 6  3
19225 6  3
19226 6  3
19227 6  3
19228 6  3
19229 6  3
19230 6  3
19231 6  3
19232 6  3
19233 6  3
19234 6  3
19235 6  3
19236 6  3
19237 6  3
19238 6  3
19239 6  3
19240 6  3
19241 6  3
19242 6  3
19243 6  3
19244 6  3
19245 6  3
19246 6  3
19247 6  3
19248 6  3
19249 6  3
19250 6  3
19251 6  3
19252 6  3
19253 6  3
19254 6  3
19255 6  3
19256 6  3
19257 6  3
19258 6  3
19259 6  3
19260 6  3
19261 6  3
19262 6  3
19263 6  3
19264 6  3
19265 6  3
19266 6  3
19267 6  3
19268 6  3
19269 6  3
19270 6  3
19271 6  3
19272 6  3
19273 6  3
19274 6  3
19275 6  3
19276 6  3
19277 6  3
19278 6  3
19279 6  3
19280 6  3
19281 6  3
19282 6  3
19283 6  3
19284 6  3
19285 6  3
19286 6  3
19287 6  3
19288 6  3
19289 6  3
19290 6  3
19291 6  3
19292 6  3
19293 6  3
19294 6  3
19295 6  3
19296 6  3
19297 6  3
19298 6  3
19299 6  3
19300 6  3
19301 6  3
19302 6  3
19303 6  3
19304 6  3
19305 6  3
19306 6  3
19307 6  3
19308 6  3
19309 6  3
19310 6  3
19311 6  3
19312 6  3
19313 6  3
19314 6  3
19315 6  3
19316 6  3
19317 6  3
19318 6  3
19319 6  3
19320 6  3
19321 6  3
19322 6  3
19323 6  3
19324 6  3
19325 6  3
19326 6  3
19327 6  3
19328 6  3
19329 6  3
19330 6  3
19331 6  3
19332 6  3
19333 6  3
19334 6  3
19335 6  3
19336 6  3
19337 6  3
19338 6  3
19339 6  3
19340 6  3
19341 6  3
19342 6  3
19343 6  3
19344 6  3
19345 6  3
19346 6  3
19347 6  3
19348 6  3
19349 6  3
19350 6  3
19351 6  3
19352 6  3
19353 6  3
19354 6  3
19355 6  3
19356 6  3
19357 6  3
19358 6  3
19359 6  3
19360 6  3
19361 6  3
19362 6  3
19363 6  3
19364 6  3
19365 6  3
19366 6  3
19367 6  3
19368 6  3
19369 6  3
19370 6  3
19371 6  3
19372 6  3
19373 6  3
19374 6  3
19375 6  3
19376 6  3
19377 6  3
19378 6  3
19379 6  3
19380 6  3
19381 6  3
19382 6  3
19383 6  3
19384 6  3
19385 6  3
19386 6  3
19387 6  3
19388 6  3
19389 6  3
19390 6  3
19391 6  3
19392 6  3
19393 6  3
19394 6  3
19395 6  3
19396 6  3
19397 6  3
19398 6  3
19399 6  3
19400 6  3
19401 6  3
19402 6  3
19403 6  3
19404 6  3
19405 6  3
19406 6  3
19407 6  3
19408 6  3
19409 6  3
19410 6  3
19411 6  3
19412 6  3
19413 6  3
19414 6  3
19415 6  3
19416 6  3
19417 6  3
19418 6  3
19419 6  3
19420 6  3
19421 6  3
19422 6  3
19423 6  3
19424 6  3
19425 6  3
19426 6  3
19427 6  3
19428 6  3
19429 6  3
19430 6  3
19431 6  3
19432 6  3
19433 6  3
19434 6  3
19435 6  3
19436 6  3
19437 6  3
19438 6  3
19439 6  3
19440 6  3
19441 6  3
19442 6  3
19443 6  3
19444 6  3
19445 6  3
19446 6  3
19447 6  3
19448 6  3
19449 6  3
19450 6  3
19451 6  3
19452 6  3
19453 6  3
19454 6  3
19455 6  3
19456 6  3
19457 6  3
19458 6  3
19459 6  3
19460 6  3
19461 6  3
19462 6  3
19463 6  3
19464 6  3
19465 6  3
19466 6  3
19467 6  3
19468 6  3
19469 6  3
19470 6  3
19471 6  3
19472 6  3
19473 6  3
19474 6  3
19475 6  3
19476 6  3
19477 6  3
19478 6  3
19479 6  3
19480 6  3
19481 6  3
19482 6  3
19483 6  3
19484 6  3
19485 6  3
19486 6  3
19487 6  3
19488 6  3
19489 6  3
19490 6  3
19491 6  3
19492 6  3
19493 6  3
19494 6  3
19495 6  3
19496 6  3
19497 6  3
19498 6  3
19499 6  3
19500 6  3
19501 6  3
19502 6  3
19503 6  3
19504 6  3
19505 6  3
19506 6  3
19507 6  3
19508 6  3
19509 6  3
19510 6  3
19511 6  3
19512 6  3
19513 6  3
19514 6  3
19515 6  3
19516 6  3
19517 6  3
19518 6  3
19519 6  3
19520 6  3
19521 6  3
19522 6  3
19523 6  3
19524 6  3
19525 6  3
19526 6  3
19527 6  3
19528 6  3
19529 6  3
19530 6  3
19531 6  3
19532 6  3
19533 6  3
19534 6  3
19535 6  3
19536 6  3
19537 6  3
19538 6  3
19539 6  3
19540 6  3
19541 6  3
19542 6  3
19543 6  3
19544 6  3
19545 6  3
19546 6  3
19547 6  3
19548 6  3
19549 6  3
19550 6  3
19551 6  3
19552 6  3
19553 6  3
19554 6  3
19555 6  3
19556 6  3
19557 6  3
19558 6  3
19559 6  3
19560 6  3
19561 6  3
19562 6  3
19563 6  3
19564 6  3
19565 6  3
19566 6  3
19567 6  3
19568 6  3
19569 6  3
19570 6  3
19571 6  3
19572 6  3
19573 6  3
19574 6  3
19575 6  3
19576 6  3
19577 6  3
19578 6  3
19579 6  3
19580 6  3
19581 6  3
19582 6  3
19583 6  3
19584 6  3
19585 6  3
19586 6  3
19587 6  3
19588 6  3
19589 6  3
19590 6  3
19591 6  3
19592 6  3
19593 6  3
19594 6  3
19595 6  3
19596 6  3
19597 6  3
19598 6  3
19599 6  3
19600 6  3
19601 6  3
19602 6  3
19603 6  3
19604 6  3
19605 6  3
19606 6  3
19607 6  3
19608 6  3
19609 6  3
19610 6  3
19611 6  3
19612 6  3
19613 6  3
19614 6  3
19615 6  3
19616 6  3
19617 6  3
19618 6  3
19619 6  3
19620 6  3
19621 6  3
19622 6  3
19623 6  3
19624 6  3
19625 6  3
19626 6  3
19627 6  3
19628 6  3
19629 6  3
19630 6  3
19631 6  3
19632 6  3
19633 6  3
19634 6  3
19635 6  3
19636 6  3
19637 6  3
19638 6  3
19639 6  3
19640 6  3
19641 6  3
19642 6  3
19643 6  3
19644 6  3
19645 6  3
19646 6  3
19647 6  3
19648 6  3
19649 6  3
19650 6  3
19651 6  3
19652 6  3
19653 6  3
19654 6  3
19655 6  3
19656 6  3
19657 6  3
19658 6  3
19659 6  3
19660 6  3
19661 6  3
19662 6  3
19663 6  3
19664 6  3
19665 6  3
19666 6  3
19667 6  3
19668 6  3
19669 6  3
19670 6  3
19671 6  3
19672 6  3
19673 6  3
19674 6  3
19675 6  3
19676 6  3
19677 6  3
19678 6  3
19679 6  3
19680 6  3
19681 6  3
19682 6  3
19683 6  3
19684 6  3
19685 6  3
19686 6  3
19687 6  3
19688 6  3
19689 6  3
19690 6  3
19691 6  3
19692 6  3
19693 6  3
19694 6  3
19695 6  3
19696 6  3
19697 6  3
19698 6  3
19699 6  3
19700 6  3
19701 6  3
19702 6  3
19703 6  3
19704 6  3
19705 6  3
19706 6  3
19707 6  3
19708 6  3
19709 6  3
19710 6  3
19711 6  3
19712 6  3
19713 6  3
19714 6  3
19715 6  3
19716 6  3
19717 6  3
19718 6  3
19719 6  3
19720 6  3
19721 6  3
19722 6  3
19723 6  3
19724 6  3
19725 6  3
19726 6  3
19727 6  3
19728 6  3
19729 6  3
19730 6  3
19731 6  3
19732 6  3
19733 6  3
19734 6  3
19735 6  3
19736 6  3
19737 6  3
19738 6  3
19739 6  3
19740 6  3
19741 6  3
19742 6  3
19743 6  3
19744 6  3
19745 6  3
19746 6  3
19747 6  3
19748 6  3
19749 6  3
19750 6  3
19751 6  3
19752 6  3
19753 6  3
19754 6  3
19755 6  3
19756 6  3
19757 6  3
19758 6  3
19759 6  3
19760 6  3
19761 6  3
19762 6  3
19763 6  3
19764 6  3
19765 6  3
19766 6  3
19767 6  3
19768 6  3
19769 6  3
19770 6  3
19771 6  3
19772 6  3
19773 6  3
19774 6  3
19775 6  3
19776 6  3
19777 6  3
19778 6  3
19779 6  3
19780 6  3
19781 6  3
19782 6  3
19783 6  3
19784 6  3
19785 6  3
19786 6  3
19787 6  3
19788 6  3
19789 6  3
19790 6  3
19791 6  3
19792 6  3
19793 6  3
19794 6  3
19795 6  3
19796 6  3
19797 6  3
19798 6  3
19799 6  3
19800 6  3
19801 6  3
19802 6  3
19803 6  3
19804 6  3
19805 6  3
19806 6  3
19807 6  3
19808 6  3
19809 6  3
19810 6  3
19811 6  3
19812 6  3
19813 6  3
19814 6  3
19815 6  3
19816 6  3
19817 6  3
19818 6  3
19819 6  3
19820 6  3
19821 6  3
19822 6  3
19823 6  3
19824 6  3
19825 6  3
19826 6  3
19827 6  3
19828 6  3
19829 6  3
19830 6  3
19831 6  3
19832 6  3
19833 6  3
19834 6  3
19835 6  3
19836 6  3
19837 6  3
19838 6  3
19839 6  3
19840 6  3
19841 6  3
19842 6  3
19843 6  3
19844 6  3
19845 6  3
19846 6  3
19847 6  3
19848 6  3
19849 6  3
19850 6  3
19851 6  3
19852 6  3
19853 6  3
19854 6  3
19855 6  3
19856 6  3
19857 6  3
19858 6  3
19859 6  3
19860 6  3
19861 6  3
19862 6  3
19863 6  3
19864 6  3
19865 6  3
19866 6  3
19867 6  3
19868 6  3
19869 6  3
19870 6  3
19871 6  3
19872 6  3
19873 6  3
19874 6  3
19875 6  3
19876 6  3
19877 6  3
19878 6  3
19879 6  3
19880 6  3
19881 6  3
19882 6  3
19883 6  3
19884 6  3
19885 6  3
19886 6  3
19887 6  3
19888 6  3
19889 6  3
19890 6  3
19891 6  3
19892 6  3
19893 6  3
19894 6  3
19895 6  3
19896 6  3
19897 6  3
19898 6  3
19899 6  3
19900 6  3
19901 6  3
19902 6  3
19903 6  3
19904 6  3
19905 6  3
19906 6  3
19907 6  3
19908 6  3
19909 6  3
19910 6  3
19911 6  3
19912 6  3
19913 6  3
19914 6  3
19915 6  3
19916 6  3
19917 6  3
19918 6  3
19919 6  3
19920 6  3
19921 6  3
19922 6  3
19923 6  3
19924 6  3
19925 6  3
19926 6  3
19927 6  3
19928 6  3
19929 6  3
19930 6  3
19931 6  3
19932 6  3
19933 6  3
19934 6  3
19935 6  3
19936 6  3
19937 6  3
19938 6  3
19939 6  3
19940 6  3
19941 6  3
19942 6  3
19943 6  3
19944 6  3
19945 6  3
19946 6  3
19947 6  3
19948 6  3
19949 6  3
19950 6  3
19951 6  3
19952 6  3
19953 6  3
19954 6  3
19955 6  3
19956 6  3
19957 6  3
19958 6  3
19959 6  3
19960 6  3
19961 6  3
19962 6  3
19963 6  3
19964 6  3
19965 6  3
19966 6  3
19967 6  3
19968 6  3
19969 6  3
19970 6  3
19971 6  3
19972 6  3
19973 6  3
19974 6  3
19975 6  3
19976 6  3
19977 6  3
19978 6  3
19979 6  3
19980 6  3
19981 6  3
19982 6  3
19983 6  3
19984 6  3
19985 6  3
19986 6  3
19987 6  3
19988 6  3
19989 6  3
19990 6  3
19991 6  3
19992 6  3
19993 6  3
19994 6  3
19995 6  3
19996 6  3
19997 6  3
19998 6  3
19999 6  3
20000 6  3
