4000
1828 5
1827 5
1826 5
1825 5
1824 5
1823 5
1822 5
1821 5
1820 5
1819 5
1818 5
1817 5
1816 5
1815 5
1814 5
1813 5
1812 5
1811 5
1810 5
1809 5
28 5
27 5
26 5
25 5
24 5
23 5
22 5
21 5
20 5
19 5
18 5
17 5
16 5
15 5
14 5
13 5
12 5
11 5
10 5
9 5
48 5
47 5
46 5
45 5
44 5
43 5
42 5
41 5
40 5
39 5
38 5
37 5
36 5
35 5
34 5
33 5
32 5
31 5
30 5
29 5
68 5
67 5
66 5
65 5
64 5
63 5
62 5
61 5
60 5
59 5
58 5
57 5
56 5
55 5
54 5
53 5
52 5
51 5
50 5
49 5
88 5
87 5
86 5
85 5
84 5
83 5
82 5
81 5
80 5
79 5
78 5
77 5
76 5
75 5
74 5
73 5
72 5
71 5
70 5
69 5
108 5
107 5
106 5
105 5
104 5
103 5
102 5
101 5
100 5
99 5
98 5
97 5
96 5
95 5
94 5
93 5
92 5
91 5
90 5
89 5
128 5
127 5
126 5
125 5
124 5
123 5
122 5
121 5
120 5
119 5
118 5
117 5
116 5
115 5
114 5
113 5
112 5
111 5
110 5
109 5
148 5
147 5
146 5
145 5
144 5
143 5
142 5
141 5
140 5
139 5
138 5
137 5
136 5
135 5
134 5
133 5
132 5
131 5
130 5
129 5
168 5
167 5
166 5
165 5
164 5
163 5
162 5
161 5
160 5
159 5
158 5
157 5
156 5
155 5
154 5
153 5
152 5
151 5
150 5
149 5
188 5
187 5
186 5
185 5
184 5
183 5
182 5
181 5
180 5
179 5
178 5
177 5
176 5
175 5
174 5
173 5
172 5
171 5
170 5
169 5
9905 5
8005 5
8015 5
8025 5
8035 5
8045 5
8055 5
8065 5
8075 5
8085 5
8095 5
8105 5
8115 5
8125 5
8135 5
8145 5
8155 5
8165 5
8175 5
8185 5
9906 5
8006 5
8016 5
8026 5
8036 5
8046 5
8056 5
8066 5
8076 5
8086 5
8096 5
8106 5
8116 5
8126 5
8136 5
8146 5
8156 5
8166 5
8176 5
8186 5
9907 5
8007 5
8017 5
8027 5
8037 5
8047 5
8057 5
8067 5
8077 5
8087 5
8097 5
8107 5
8117 5
8127 5
8137 5
8147 5
8157 5
8167 5
8177 5
8187 5
9908 5
8008 5
8018 5
8028 5
8038 5
8048 5
8058 5
8068 5
8078 5
8088 5
8098 5
8108 5
8118 5
8128 5
8138 5
8148 5
8158 5
8168 5
8178 5
8188 5
9909 5
8009 5
8019 5
8029 5
8039 5
8049 5
8059 5
8069 5
8079 5
8089 5
8099 5
8109 5
8119 5
8129 5
8139 5
8149 5
8159 5
8169 5
8179 5
8189 5
9910 5
8010 5
8020 5
8030 5
8040 5
8050 5
8060 5
8070 5
8080 5
8090 5
8100 5
8110 5
8120 5
8130 5
8140 5
8150 5
8160 5
8170 5
8180 5
8190 5
9911 5
8011 5
8021 5
8031 5
8041 5
8051 5
8061 5
8071 5
8081 5
8091 5
8101 5
8111 5
8121 5
8131 5
8141 5
8151 5
8161 5
8171 5
8181 5
8191 5
9912 5
8012 5
8022 5
8032 5
8042 5
8052 5
8062 5
8072 5
8082 5
8092 5
8102 5
8112 5
8122 5
8132 5
8142 5
8152 5
8162 5
8172 5
8182 5
8192 5
9913 5
8013 5
8023 5
8033 5
8043 5
8053 5
8063 5
8073 5
8083 5
8093 5
8103 5
8113 5
8123 5
8133 5
8143 5
8153 5
8163 5
8173 5
8183 5
8193 5
9914 5
8014 5
8024 5
8034 5
8044 5
8054 5
8064 5
8074 5
8084 5
8094 5
8104 5
8114 5
8124 5
8134 5
8144 5
8154 5
8164 5
8174 5
8184 5
8194 5
5807 5
5808 5
5809 5
5810 5
5811 5
5812 5
5813 5
5814 5
5815 5
5816 5
5817 5
5818 5
5819 5
5820 5
5821 5
5822 5
5823 5
5824 5
5825 5
5826 5
4167 5
4168 5
4169 5
4170 5
4171 5
4172 5
4173 5
4174 5
4175 5
4176 5
4177 5
4178 5
4179 5
4180 5
4181 5
4182 5
4183 5
4184 5
4185 5
4186 5
4147 5
4148 5
4149 5
4150 5
4151 5
4152 5
4153 5
4154 5
4155 5
4156 5
4157 5
4158 5
4159 5
4160 5
4161 5
4162 5
4163 5
4164 5
4165 5
4166 5
4127 5
4128 5
4129 5
4130 5
4131 5
4132 5
4133 5
4134 5
4135 5
4136 5
4137 5
4138 5
4139 5
4140 5
4141 5
4142 5
4143 5
4144 5
4145 5
4146 5
4107 5
4108 5
4109 5
4110 5
4111 5
4112 5
4113 5
4114 5
4115 5
4116 5
4117 5
4118 5
4119 5
4120 5
4121 5
4122 5
4123 5
4124 5
4125 5
4126 5
4087 5
4088 5
4089 5
4090 5
4091 5
4092 5
4093 5
4094 5
4095 5
4096 5
4097 5
4098 5
4099 5
4100 5
4101 5
4102 5
4103 5
4104 5
4105 5
4106 5
4067 5
4068 5
4069 5
4070 5
4071 5
4072 5
4073 5
4074 5
4075 5
4076 5
4077 5
4078 5
4079 5
4080 5
4081 5
4082 5
4083 5
4084 5
4085 5
4086 5
4047 5
4048 5
4049 5
4050 5
4051 5
4052 5
4053 5
4054 5
4055 5
4056 5
4057 5
4058 5
4059 5
4060 5
4061 5
4062 5
4063 5
4064 5
4065 5
4066 5
4027 5
4028 5
4029 5
4030 5
4031 5
4032 5
4033 5
4034 5
4035 5
4036 5
4037 5
4038 5
4039 5
4040 5
4041 5
4042 5
4043 5
4044 5
4045 5
4046 5
4007 5
4008 5
4009 5
4010 5
4011 5
4012 5
4013 5
4014 5
4015 5
4016 5
4017 5
4018 5
4019 5
4020 5
4021 5
4022 5
4023 5
4024 5
4025 5
4026 5
13822 5
13821 5
13820 5
13819 5
13818 5
13817 5
13816 5
13815 5
13814 5
13813 5
13812 5
13811 5
13810 5
13809 5
13808 5
13807 5
13806 5
13805 5
13804 5
13803 5
12182 5
12173 5
12164 5
12155 5
12146 5
12137 5
12128 5
12119 5
12110 5
12101 5
12092 5
12083 5
12074 5
12065 5
12056 5
12047 5
12038 5
12029 5
12020 5
12011 5
12181 5
12172 5
12163 5
12154 5
12145 5
12136 5
12127 5
12118 5
12109 5
12100 5
12091 5
12082 5
12073 5
12064 5
12055 5
12046 5
12037 5
12028 5
12019 5
12010 5
12180 5
12171 5
12162 5
12153 5
12144 5
12135 5
12126 5
12117 5
12108 5
12099 5
12090 5
12081 5
12072 5
12063 5
12054 5
12045 5
12036 5
12027 5
12018 5
12009 5
12179 5
12170 5
12161 5
12152 5
12143 5
12134 5
12125 5
12116 5
12107 5
12098 5
12089 5
12080 5
12071 5
12062 5
12053 5
12044 5
12035 5
12026 5
12017 5
12008 5
12178 5
12169 5
12160 5
12151 5
12142 5
12133 5
12124 5
12115 5
12106 5
12097 5
12088 5
12079 5
12070 5
12061 5
12052 5
12043 5
12034 5
12025 5
12016 5
12007 5
12177 5
12168 5
12159 5
12150 5
12141 5
12132 5
12123 5
12114 5
12105 5
12096 5
12087 5
12078 5
12069 5
12060 5
12051 5
12042 5
12033 5
12024 5
12015 5
12006 5
12176 5
12167 5
12158 5
12149 5
12140 5
12131 5
12122 5
12113 5
12104 5
12095 5
12086 5
12077 5
12068 5
12059 5
12050 5
12041 5
12032 5
12023 5
12014 5
12005 5
12175 5
12166 5
12157 5
12148 5
12139 5
12130 5
12121 5
12112 5
12103 5
12094 5
12085 5
12076 5
12067 5
12058 5
12049 5
12040 5
12031 5
12022 5
12013 5
12004 5
12174 5
12165 5
12156 5
12147 5
12138 5
12129 5
12120 5
12111 5
12102 5
12093 5
12084 5
12075 5
12066 5
12057 5
12048 5
12039 5
12030 5
12021 5
12012 5
12003 5
11823 5
11822 5
11821 5
11820 5
11819 5
11818 5
11817 5
11816 5
11815 5
11814 5
11813 5
11812 5
11811 5
11810 5
11809 5
11808 5
11807 5
11806 5
11805 5
11804 5
10023 5
10022 5
10021 5
10020 5
10019 5
10018 5
10017 5
10016 5
10015 5
10014 5
10013 5
10012 5
10011 5
10010 5
10009 5
10008 5
10007 5
10006 5
10005 5
10004 5
10043 5
10042 5
10041 5
10040 5
10039 5
10038 5
10037 5
10036 5
10035 5
10034 5
10033 5
10032 5
10031 5
10030 5
10029 5
10028 5
10027 5
10026 5
10025 5
10024 5
10063 5
10062 5
10061 5
10060 5
10059 5
10058 5
10057 5
10056 5
10055 5
10054 5
10053 5
10052 5
10051 5
10050 5
10049 5
10048 5
10047 5
10046 5
10045 5
10044 5
10083 5
10082 5
10081 5
10080 5
10079 5
10078 5
10077 5
10076 5
10075 5
10074 5
10073 5
10072 5
10071 5
10070 5
10069 5
10068 5
10067 5
10066 5
10065 5
10064 5
10103 5
10102 5
10101 5
10100 5
10099 5
10098 5
10097 5
10096 5
10095 5
10094 5
10093 5
10092 5
10091 5
10090 5
10089 5
10088 5
10087 5
10086 5
10085 5
10084 5
10123 5
10122 5
10121 5
10120 5
10119 5
10118 5
10117 5
10116 5
10115 5
10114 5
10113 5
10112 5
10111 5
10110 5
10109 5
10108 5
10107 5
10106 5
10105 5
10104 5
10143 5
10142 5
10141 5
10140 5
10139 5
10138 5
10137 5
10136 5
10135 5
10134 5
10133 5
10132 5
10131 5
10130 5
10129 5
10128 5
10127 5
10126 5
10125 5
10124 5
10163 5
10162 5
10161 5
10160 5
10159 5
10158 5
10157 5
10156 5
10155 5
10154 5
10153 5
10152 5
10151 5
10150 5
10149 5
10148 5
10147 5
10146 5
10145 5
10144 5
10183 5
10182 5
10181 5
10180 5
10179 5
10178 5
10177 5
10176 5
10175 5
10174 5
10173 5
10172 5
10171 5
10170 5
10169 5
10168 5
10167 5
10166 5
10165 5
10164 5
3908 5
2008 5
2018 5
2028 5
2038 5
2048 5
2058 5
2068 5
2078 5
2088 5
2098 5
2108 5
2118 5
2128 5
2138 5
2148 5
2158 5
2168 5
2178 5
2188 5
3909 5
2009 5
2019 5
2029 5
2039 5
2049 5
2059 5
2069 5
2079 5
2089 5
2099 5
2109 5
2119 5
2129 5
2139 5
2149 5
2159 5
2169 5
2179 5
2189 5
3910 5
2010 5
2020 5
2030 5
2040 5
2050 5
2060 5
2070 5
2080 5
2090 5
2100 5
2110 5
2120 5
2130 5
2140 5
2150 5
2160 5
2170 5
2180 5
2190 5
3911 5
2011 5
2021 5
2031 5
2041 5
2051 5
2061 5
2071 5
2081 5
2091 5
2101 5
2111 5
2121 5
2131 5
2141 5
2151 5
2161 5
2171 5
2181 5
2191 5
3912 5
2012 5
2022 5
2032 5
2042 5
2052 5
2062 5
2072 5
2082 5
2092 5
2102 5
2112 5
2122 5
2132 5
2142 5
2152 5
2162 5
2172 5
2182 5
2192 5
3913 5
2013 5
2023 5
2033 5
2043 5
2053 5
2063 5
2073 5
2083 5
2093 5
2103 5
2113 5
2123 5
2133 5
2143 5
2153 5
2163 5
2173 5
2183 5
2193 5
3914 5
2014 5
2024 5
2034 5
2044 5
2054 5
2064 5
2074 5
2084 5
2094 5
2104 5
2114 5
2124 5
2134 5
2144 5
2154 5
2164 5
2174 5
2184 5
2194 5
3915 5
2015 5
2025 5
2035 5
2045 5
2055 5
2065 5
2075 5
2085 5
2095 5
2105 5
2115 5
2125 5
2135 5
2145 5
2155 5
2165 5
2175 5
2185 5
2195 5
3916 5
2016 5
2026 5
2036 5
2046 5
2056 5
2066 5
2076 5
2086 5
2096 5
2106 5
2116 5
2126 5
2136 5
2146 5
2156 5
2166 5
2176 5
2186 5
2196 5
3917 5
2017 5
2027 5
2037 5
2047 5
2057 5
2067 5
2077 5
2087 5
2097 5
2107 5
2117 5
2127 5
2137 5
2147 5
2157 5
2167 5
2177 5
2187 5
2197 5
15802 5
15803 5
15804 5
15805 5
15806 5
15807 5
15808 5
15809 5
15810 5
15811 5
15812 5
15813 5
15814 5
15815 5
15816 5
15817 5
15818 5
15819 5
15820 5
15821 5
14162 5
14163 5
14164 5
14165 5
14166 5
14167 5
14168 5
14169 5
14170 5
14171 5
14172 5
14173 5
14174 5
14175 5
14176 5
14177 5
14178 5
14179 5
14180 5
14181 5
14142 5
14143 5
14144 5
14145 5
14146 5
14147 5
14148 5
14149 5
14150 5
14151 5
14152 5
14153 5
14154 5
14155 5
14156 5
14157 5
14158 5
14159 5
14160 5
14161 5
14122 5
14123 5
14124 5
14125 5
14126 5
14127 5
14128 5
14129 5
14130 5
14131 5
14132 5
14133 5
14134 5
14135 5
14136 5
14137 5
14138 5
14139 5
14140 5
14141 5
14102 5
14103 5
14104 5
14105 5
14106 5
14107 5
14108 5
14109 5
14110 5
14111 5
14112 5
14113 5
14114 5
14115 5
14116 5
14117 5
14118 5
14119 5
14120 5
14121 5
14082 5
14083 5
14084 5
14085 5
14086 5
14087 5
14088 5
14089 5
14090 5
14091 5
14092 5
14093 5
14094 5
14095 5
14096 5
14097 5
14098 5
14099 5
14100 5
14101 5
14062 5
14063 5
14064 5
14065 5
14066 5
14067 5
14068 5
14069 5
14070 5
14071 5
14072 5
14073 5
14074 5
14075 5
14076 5
14077 5
14078 5
14079 5
14080 5
14081 5
14042 5
14043 5
14044 5
14045 5
14046 5
14047 5
14048 5
14049 5
14050 5
14051 5
14052 5
14053 5
14054 5
14055 5
14056 5
14057 5
14058 5
14059 5
14060 5
14061 5
14022 5
14023 5
14024 5
14025 5
14026 5
14027 5
14028 5
14029 5
14030 5
14031 5
14032 5
14033 5
14034 5
14035 5
14036 5
14037 5
14038 5
14039 5
14040 5
14041 5
14002 5
14003 5
14004 5
14005 5
14006 5
14007 5
14008 5
14009 5
14010 5
14011 5
14012 5
14013 5
14014 5
14015 5
14016 5
14017 5
14018 5
14019 5
14020 5
14021 5
7825 5
7824 5
7823 5
7822 5
7821 5
7820 5
7819 5
7818 5
7817 5
7816 5
7815 5
7814 5
7813 5
7812 5
7811 5
7810 5
7809 5
7808 5
7807 5
7806 5
6185 5
6176 5
6167 5
6158 5
6149 5
6140 5
6131 5
6122 5
6113 5
6104 5
6095 5
6086 5
6077 5
6068 5
6059 5
6050 5
6041 5
6032 5
6023 5
6014 5
6184 5
6175 5
6166 5
6157 5
6148 5
6139 5
6130 5
6121 5
6112 5
6103 5
6094 5
6085 5
6076 5
6067 5
6058 5
6049 5
6040 5
6031 5
6022 5
6013 5
6183 5
6174 5
6165 5
6156 5
6147 5
6138 5
6129 5
6120 5
6111 5
6102 5
6093 5
6084 5
6075 5
6066 5
6057 5
6048 5
6039 5
6030 5
6021 5
6012 5
6182 5
6173 5
6164 5
6155 5
6146 5
6137 5
6128 5
6119 5
6110 5
6101 5
6092 5
6083 5
6074 5
6065 5
6056 5
6047 5
6038 5
6029 5
6020 5
6011 5
6181 5
6172 5
6163 5
6154 5
6145 5
6136 5
6127 5
6118 5
6109 5
6100 5
6091 5
6082 5
6073 5
6064 5
6055 5
6046 5
6037 5
6028 5
6019 5
6010 5
6180 5
6171 5
6162 5
6153 5
6144 5
6135 5
6126 5
6117 5
6108 5
6099 5
6090 5
6081 5
6072 5
6063 5
6054 5
6045 5
6036 5
6027 5
6018 5
6009 5
6179 5
6170 5
6161 5
6152 5
6143 5
6134 5
6125 5
6116 5
6107 5
6098 5
6089 5
6080 5
6071 5
6062 5
6053 5
6044 5
6035 5
6026 5
6017 5
6008 5
6178 5
6169 5
6160 5
6151 5
6142 5
6133 5
6124 5
6115 5
6106 5
6097 5
6088 5
6079 5
6070 5
6061 5
6052 5
6043 5
6034 5
6025 5
6016 5
6007 5
6177 5
6168 5
6159 5
6150 5
6141 5
6132 5
6123 5
6114 5
6105 5
6096 5
6087 5
6078 5
6069 5
6060 5
6051 5
6042 5
6033 5
6024 5
6015 5
6006 5
1789 3
1790 3
1791 3
1792 3
1793 3
1794 3
1795 3
1796 3
1797 3
1798 3
1799 3
1800 3
1801 3
1802 3
1803 3
1804 3
1805 3
1806 3
1807 3
1808 3
1609 3
1610 3
1611 3
1612 3
1613 3
1614 3
1615 3
1616 3
1617 3
1618 3
1619 3
1620 3
1621 3
1622 3
1623 3
1624 3
1625 3
1626 3
1627 3
1628 3
1429 3
1430 3
1431 3
1432 3
1433 3
1434 3
1435 3
1436 3
1437 3
1438 3
1439 3
1440 3
1441 3
1442 3
1443 3
1444 3
1445 3
1446 3
1447 3
1448 3
1249 3
1250 3
1251 3
1252 3
1253 3
1254 3
1255 3
1256 3
1257 3
1258 3
1259 3
1260 3
1261 3
1262 3
1263 3
1264 3
1265 3
1266 3
1267 3
1268 3
1069 3
1070 3
1071 3
1072 3
1073 3
1074 3
1075 3
1076 3
1077 3
1078 3
1079 3
1080 3
1081 3
1082 3
1083 3
1084 3
1085 3
1086 3
1087 3
1088 3
889 3
890 3
891 3
892 3
893 3
894 3
895 3
896 3
897 3
898 3
899 3
900 3
901 3
902 3
903 3
904 3
905 3
906 3
907 3
908 3
709 3
710 3
711 3
712 3
713 3
714 3
715 3
716 3
717 3
718 3
719 3
720 3
721 3
722 3
723 3
724 3
725 3
726 3
727 3
728 3
529 3
530 3
531 3
532 3
533 3
534 3
535 3
536 3
537 3
538 3
539 3
540 3
541 3
542 3
543 3
544 3
545 3
546 3
547 3
548 3
349 3
350 3
351 3
352 3
353 3
354 3
355 3
356 3
357 3
358 3
359 3
360 3
361 3
362 3
363 3
364 3
365 3
366 3
367 3
368 3
169 3
170 3
171 3
172 3
173 3
174 3
175 3
176 3
177 3
178 3
179 3
180 3
181 3
182 3
183 3
184 3
185 3
186 3
187 3
188 3
1808 2
1788 2
1768 2
1748 2
1728 2
1708 2
1688 2
1668 2
1648 2
2007 2
1628 2
1608 2
1588 2
1568 2
1548 2
1528 2
1508 2
1488 2
1468 2
1988 2
1448 2
1428 2
1408 2
1388 2
1368 2
1348 2
1328 2
1308 2
1288 2
1968 2
1268 2
1248 2
1228 2
1208 2
1188 2
1168 2
1148 2
1128 2
1108 2
1948 2
1088 2
1068 2
1048 2
1028 2
1008 2
988 2
968 2
948 2
928 2
1928 2
908 2
888 2
868 2
848 2
828 2
808 2
788 2
768 2
748 2
1908 2
728 2
708 2
688 2
668 2
648 2
628 2
608 2
588 2
568 2
1888 2
548 2
528 2
508 2
488 2
468 2
448 2
428 2
408 2
388 2
1868 2
368 2
348 2
328 2
308 2
288 2
268 2
248 2
228 2
208 2
1848 2
188 2
168 2
148 2
128 2
108 2
88 2
68 2
48 2
28 2
1828 2
9895 3
9896 3
9897 3
9898 3
9899 3
9900 3
9901 3
9902 3
9903 3
9904 3
9705 3
9706 3
9707 3
9708 3
9709 3
9710 3
9711 3
9712 3
9713 3
9714 3
9515 3
9516 3
9517 3
9518 3
9519 3
9520 3
9521 3
9522 3
9523 3
9524 3
9325 3
9326 3
9327 3
9328 3
9329 3
9330 3
9331 3
9332 3
9333 3
9334 3
9135 3
9136 3
9137 3
9138 3
9139 3
9140 3
9141 3
9142 3
9143 3
9144 3
8945 3
8946 3
8947 3
8948 3
8949 3
8950 3
8951 3
8952 3
8953 3
8954 3
8755 3
8756 3
8757 3
8758 3
8759 3
8760 3
8761 3
8762 3
8763 3
8764 3
8565 3
8566 3
8567 3
8568 3
8569 3
8570 3
8571 3
8572 3
8573 3
8574 3
8375 3
8376 3
8377 3
8378 3
8379 3
8380 3
8381 3
8382 3
8383 3
8384 3
8185 3
8186 3
8187 3
8188 3
8189 3
8190 3
8191 3
8192 3
8193 3
8194 3
9904 2
9894 2
9884 2
9874 2
9864 2
9854 2
9844 2
9834 2
9824 2
9814 2
9804 2
9794 2
9784 2
9774 2
9764 2
9754 2
9744 2
9734 2
9724 2
10003 2
9714 2
9704 2
9694 2
9684 2
9674 2
9664 2
9654 2
9644 2
9634 2
9624 2
9614 2
9604 2
9594 2
9584 2
9574 2
9564 2
9554 2
9544 2
9534 2
9994 2
9524 2
9514 2
9504 2
9494 2
9484 2
9474 2
9464 2
9454 2
9444 2
9434 2
9424 2
9414 2
9404 2
9394 2
9384 2
9374 2
9364 2
9354 2
9344 2
9984 2
9334 2
9324 2
9314 2
9304 2
9294 2
9284 2
9274 2
9264 2
9254 2
9244 2
9234 2
9224 2
9214 2
9204 2
9194 2
9184 2
9174 2
9164 2
9154 2
9974 2
9144 2
9134 2
9124 2
9114 2
9104 2
9094 2
9084 2
9074 2
9064 2
9054 2
9044 2
9034 2
9024 2
9014 2
9004 2
8994 2
8984 2
8974 2
8964 2
9964 2
8954 2
8944 2
8934 2
8924 2
8914 2
8904 2
8894 2
8884 2
8874 2
8864 2
8854 2
8844 2
8834 2
8824 2
8814 2
8804 2
8794 2
8784 2
8774 2
9954 2
8764 2
8754 2
8744 2
8734 2
8724 2
8714 2
8704 2
8694 2
8684 2
8674 2
8664 2
8654 2
8644 2
8634 2
8624 2
8614 2
8604 2
8594 2
8584 2
9944 2
8574 2
8564 2
8554 2
8544 2
8534 2
8524 2
8514 2
8504 2
8494 2
8484 2
8474 2
8464 2
8454 2
8444 2
8434 2
8424 2
8414 2
8404 2
8394 2
9934 2
8384 2
8374 2
8364 2
8354 2
8344 2
8334 2
8324 2
8314 2
8304 2
8294 2
8284 2
8274 2
8264 2
8254 2
8244 2
8234 2
8224 2
8214 2
8204 2
9924 2
8194 2
8184 2
8174 2
8164 2
8154 2
8144 2
8134 2
8124 2
8114 2
8104 2
8094 2
8084 2
8074 2
8064 2
8054 2
8044 2
8034 2
8024 2
8014 2
9914 2
3898 3
3899 3
3900 3
3901 3
3902 3
3903 3
3904 3
3905 3
3906 3
3907 3
3708 3
3709 3
3710 3
3711 3
3712 3
3713 3
3714 3
3715 3
3716 3
3717 3
3518 3
3519 3
3520 3
3521 3
3522 3
3523 3
3524 3
3525 3
3526 3
3527 3
3328 3
3329 3
3330 3
3331 3
3332 3
3333 3
3334 3
3335 3
3336 3
3337 3
3138 3
3139 3
3140 3
3141 3
3142 3
3143 3
3144 3
3145 3
3146 3
3147 3
2948 3
2949 3
2950 3
2951 3
2952 3
2953 3
2954 3
2955 3
2956 3
2957 3
2758 3
2759 3
2760 3
2761 3
2762 3
2763 3
2764 3
2765 3
2766 3
2767 3
2568 3
2569 3
2570 3
2571 3
2572 3
2573 3
2574 3
2575 3
2576 3
2577 3
2378 3
2379 3
2380 3
2381 3
2382 3
2383 3
2384 3
2385 3
2386 3
2387 3
2188 3
2189 3
2190 3
2191 3
2192 3
2193 3
2194 3
2195 3
2196 3
2197 3
3907 2
3897 2
3887 2
3877 2
3867 2
3857 2
3847 2
3837 2
3827 2
3817 2
3807 2
3797 2
3787 2
3777 2
3767 2
3757 2
3747 2
3737 2
3727 2
4006 2
3717 2
3707 2
3697 2
3687 2
3677 2
3667 2
3657 2
3647 2
3637 2
3627 2
3617 2
3607 2
3597 2
3587 2
3577 2
3567 2
3557 2
3547 2
3537 2
3997 2
3527 2
3517 2
3507 2
3497 2
3487 2
3477 2
3467 2
3457 2
3447 2
3437 2
3427 2
3417 2
3407 2
3397 2
3387 2
3377 2
3367 2
3357 2
3347 2
3987 2
3337 2
3327 2
3317 2
3307 2
3297 2
3287 2
3277 2
3267 2
3257 2
3247 2
3237 2
3227 2
3217 2
3207 2
3197 2
3187 2
3177 2
3167 2
3157 2
3977 2
3147 2
3137 2
3127 2
3117 2
3107 2
3097 2
3087 2
3077 2
3067 2
3057 2
3047 2
3037 2
3027 2
3017 2
3007 2
2997 2
2987 2
2977 2
2967 2
3967 2
2957 2
2947 2
2937 2
2927 2
2917 2
2907 2
2897 2
2887 2
2877 2
2867 2
2857 2
2847 2
2837 2
2827 2
2817 2
2807 2
2797 2
2787 2
2777 2
3957 2
2767 2
2757 2
2747 2
2737 2
2727 2
2717 2
2707 2
2697 2
2687 2
2677 2
2667 2
2657 2
2647 2
2637 2
2627 2
2617 2
2607 2
2597 2
2587 2
3947 2
2577 2
2567 2
2557 2
2547 2
2537 2
2527 2
2517 2
2507 2
2497 2
2487 2
2477 2
2467 2
2457 2
2447 2
2437 2
2427 2
2417 2
2407 2
2397 2
3937 2
2387 2
2377 2
2367 2
2357 2
2347 2
2337 2
2327 2
2317 2
2307 2
2297 2
2287 2
2277 2
2267 2
2257 2
2247 2
2237 2
2227 2
2217 2
2207 2
3927 2
2197 2
2187 2
2177 2
2167 2
2157 2
2147 2
2137 2
2127 2
2117 2
2107 2
2097 2
2087 2
2077 2
2067 2
2057 2
2047 2
2037 2
2027 2
2017 2
3917 2
11784 3
11785 3
11786 3
11787 3
11788 3
11789 3
11790 3
11791 3
11792 3
11793 3
11794 3
11795 3
11796 3
11797 3
11798 3
11799 3
11800 3
11801 3
11802 3
11803 3
11604 3
11605 3
11606 3
11607 3
11608 3
11609 3
11610 3
11611 3
11612 3
11613 3
11614 3
11615 3
11616 3
11617 3
11618 3
11619 3
11620 3
11621 3
11622 3
11623 3
11424 3
11425 3
11426 3
11427 3
11428 3
11429 3
11430 3
11431 3
11432 3
11433 3
11434 3
11435 3
11436 3
11437 3
11438 3
11439 3
11440 3
11441 3
11442 3
11443 3
11244 3
11245 3
11246 3
11247 3
11248 3
11249 3
11250 3
11251 3
11252 3
11253 3
11254 3
11255 3
11256 3
11257 3
11258 3
11259 3
11260 3
11261 3
11262 3
11263 3
11064 3
11065 3
11066 3
11067 3
11068 3
11069 3
11070 3
11071 3
11072 3
11073 3
11074 3
11075 3
11076 3
11077 3
11078 3
11079 3
11080 3
11081 3
11082 3
11083 3
10884 3
10885 3
10886 3
10887 3
10888 3
10889 3
10890 3
10891 3
10892 3
10893 3
10894 3
10895 3
10896 3
10897 3
10898 3
10899 3
10900 3
10901 3
10902 3
10903 3
10704 3
10705 3
10706 3
10707 3
10708 3
10709 3
10710 3
10711 3
10712 3
10713 3
10714 3
10715 3
10716 3
10717 3
10718 3
10719 3
10720 3
10721 3
10722 3
10723 3
10524 3
10525 3
10526 3
10527 3
10528 3
10529 3
10530 3
10531 3
10532 3
10533 3
10534 3
10535 3
10536 3
10537 3
10538 3
10539 3
10540 3
10541 3
10542 3
10543 3
10344 3
10345 3
10346 3
10347 3
10348 3
10349 3
10350 3
10351 3
10352 3
10353 3
10354 3
10355 3
10356 3
10357 3
10358 3
10359 3
10360 3
10361 3
10362 3
10363 3
10164 3
10165 3
10166 3
10167 3
10168 3
10169 3
10170 3
10171 3
10172 3
10173 3
10174 3
10175 3
10176 3
10177 3
10178 3
10179 3
10180 3
10181 3
10182 3
10183 3
11803 2
11783 2
11763 2
11743 2
11723 2
11703 2
11683 2
11663 2
11643 2
12002 2
11623 2
11603 2
11583 2
11563 2
11543 2
11523 2
11503 2
11483 2
11463 2
11983 2
11443 2
11423 2
11403 2
11383 2
11363 2
11343 2
11323 2
11303 2
11283 2
11963 2
11263 2
11243 2
11223 2
11203 2
11183 2
11163 2
11143 2
11123 2
11103 2
11943 2
11083 2
11063 2
11043 2
11023 2
11003 2
10983 2
10963 2
10943 2
10923 2
11923 2
10903 2
10883 2
10863 2
10843 2
10823 2
10803 2
10783 2
10763 2
10743 2
11903 2
10723 2
10703 2
10683 2
10663 2
10643 2
10623 2
10603 2
10583 2
10563 2
11883 2
10543 2
10523 2
10503 2
10483 2
10463 2
10443 2
10423 2
10403 2
10383 2
11863 2
10363 2
10343 2
10323 2
10303 2
10283 2
10263 2
10243 2
10223 2
10203 2
11843 2
10183 2
10163 2
10143 2
10123 2
10103 2
10083 2
10063 2
10043 2
10023 2
11823 2
6005 2
5806 2
5786 2
5766 2
5746 2
5726 2
5706 2
5686 2
5666 2
5646 2
5986 2
5626 2
5606 2
5586 2
5566 2
5546 2
5526 2
5506 2
5486 2
5466 2
5966 2
5446 2
5426 2
5406 2
5386 2
5366 2
5346 2
5326 2
5306 2
5286 2
5946 2
5266 2
5246 2
5226 2
5206 2
5186 2
5166 2
5146 2
5126 2
5106 2
5926 2
5086 2
5066 2
5046 2
5026 2
5006 2
4986 2
4966 2
4946 2
4926 2
5906 2
4906 2
4886 2
4866 2
4846 2
4826 2
4806 2
4786 2
4766 2
4746 2
5886 2
4726 2
4706 2
4686 2
4666 2
4646 2
4626 2
4606 2
4586 2
4566 2
5866 2
4546 2
4526 2
4506 2
4486 2
4466 2
4446 2
4426 2
4406 2
4386 2
5846 2
4366 2
4346 2
4326 2
4306 2
4286 2
4266 2
4246 2
4226 2
4206 2
5826 2
4186 2
4166 2
4146 2
4126 2
4106 2
4086 2
4066 2
4046 2
4026 2
5646 1
5645 1
5644 1
5643 1
5642 1
5641 1
5640 1
5639 1
5638 1
5637 1
5636 1
5635 1
5634 1
5633 1
5632 1
5631 1
5630 1
5629 1
5628 1
5627 1
5466 1
5465 1
5464 1
5463 1
5462 1
5461 1
5460 1
5459 1
5458 1
5457 1
5456 1
5455 1
5454 1
5453 1
5452 1
5451 1
5450 1
5449 1
5448 1
5447 1
5286 1
5285 1
5284 1
5283 1
5282 1
5281 1
5280 1
5279 1
5278 1
5277 1
5276 1
5275 1
5274 1
5273 1
5272 1
5271 1
5270 1
5269 1
5268 1
5267 1
5106 1
5105 1
5104 1
5103 1
5102 1
5101 1
5100 1
5099 1
5098 1
5097 1
5096 1
5095 1
5094 1
5093 1
5092 1
5091 1
5090 1
5089 1
5088 1
5087 1
4926 1
4925 1
4924 1
4923 1
4922 1
4921 1
4920 1
4919 1
4918 1
4917 1
4916 1
4915 1
4914 1
4913 1
4912 1
4911 1
4910 1
4909 1
4908 1
4907 1
4746 1
4745 1
4744 1
4743 1
4742 1
4741 1
4740 1
4739 1
4738 1
4737 1
4736 1
4735 1
4734 1
4733 1
4732 1
4731 1
4730 1
4729 1
4728 1
4727 1
4566 1
4565 1
4564 1
4563 1
4562 1
4561 1
4560 1
4559 1
4558 1
4557 1
4556 1
4555 1
4554 1
4553 1
4552 1
4551 1
4550 1
4549 1
4548 1
4547 1
4386 1
4385 1
4384 1
4383 1
4382 1
4381 1
4380 1
4379 1
4378 1
4377 1
4376 1
4375 1
4374 1
4373 1
4372 1
4371 1
4370 1
4369 1
4368 1
4367 1
4206 1
4205 1
4204 1
4203 1
4202 1
4201 1
4200 1
4199 1
4198 1
4197 1
4196 1
4195 1
4194 1
4193 1
4192 1
4191 1
4190 1
4189 1
4188 1
4187 1
4026 1
4025 1
4024 1
4023 1
4022 1
4021 1
4020 1
4019 1
4018 1
4017 1
4016 1
4015 1
4014 1
4013 1
4012 1
4011 1
4010 1
4009 1
4008 1
4007 1
13794 3
13795 3
13796 3
13797 3
13798 3
13799 3
13800 3
13801 3
13802 3
14001 3
13614 3
13615 3
13616 3
13617 3
13618 3
13619 3
13620 3
13621 3
13622 3
13982 3
13434 3
13435 3
13436 3
13437 3
13438 3
13439 3
13440 3
13441 3
13442 3
13962 3
13254 3
13255 3
13256 3
13257 3
13258 3
13259 3
13260 3
13261 3
13262 3
13942 3
13074 3
13075 3
13076 3
13077 3
13078 3
13079 3
13080 3
13081 3
13082 3
13922 3
12894 3
12895 3
12896 3
12897 3
12898 3
12899 3
12900 3
12901 3
12902 3
13902 3
12714 3
12715 3
12716 3
12717 3
12718 3
12719 3
12720 3
12721 3
12722 3
13882 3
12534 3
12535 3
12536 3
12537 3
12538 3
12539 3
12540 3
12541 3
12542 3
13862 3
12354 3
12355 3
12356 3
12357 3
12358 3
12359 3
12360 3
12361 3
12362 3
13842 3
12174 3
12175 3
12176 3
12177 3
12178 3
12179 3
12180 3
12181 3
12182 3
13822 3
13623 4
13632 4
13641 4
13650 4
13659 4
13668 4
13677 4
13686 4
13695 4
13704 4
13713 4
13722 4
13731 4
13740 4
13749 4
13758 4
13767 4
13776 4
13785 4
13794 4
13443 4
13452 4
13461 4
13470 4
13479 4
13488 4
13497 4
13506 4
13515 4
13524 4
13533 4
13542 4
13551 4
13560 4
13569 4
13578 4
13587 4
13596 4
13605 4
13614 4
13263 4
13272 4
13281 4
13290 4
13299 4
13308 4
13317 4
13326 4
13335 4
13344 4
13353 4
13362 4
13371 4
13380 4
13389 4
13398 4
13407 4
13416 4
13425 4
13434 4
13083 4
13092 4
13101 4
13110 4
13119 4
13128 4
13137 4
13146 4
13155 4
13164 4
13173 4
13182 4
13191 4
13200 4
13209 4
13218 4
13227 4
13236 4
13245 4
13254 4
12903 4
12912 4
12921 4
12930 4
12939 4
12948 4
12957 4
12966 4
12975 4
12984 4
12993 4
13002 4
13011 4
13020 4
13029 4
13038 4
13047 4
13056 4
13065 4
13074 4
12723 4
12732 4
12741 4
12750 4
12759 4
12768 4
12777 4
12786 4
12795 4
12804 4
12813 4
12822 4
12831 4
12840 4
12849 4
12858 4
12867 4
12876 4
12885 4
12894 4
12543 4
12552 4
12561 4
12570 4
12579 4
12588 4
12597 4
12606 4
12615 4
12624 4
12633 4
12642 4
12651 4
12660 4
12669 4
12678 4
12687 4
12696 4
12705 4
12714 4
12363 4
12372 4
12381 4
12390 4
12399 4
12408 4
12417 4
12426 4
12435 4
12444 4
12453 4
12462 4
12471 4
12480 4
12489 4
12498 4
12507 4
12516 4
12525 4
12534 4
12183 4
12192 4
12201 4
12210 4
12219 4
12228 4
12237 4
12246 4
12255 4
12264 4
12273 4
12282 4
12291 4
12300 4
12309 4
12318 4
12327 4
12336 4
12345 4
12354 4
12003 4
12012 4
12021 4
12030 4
12039 4
12048 4
12057 4
12066 4
12075 4
12084 4
12093 4
12102 4
12111 4
12120 4
12129 4
12138 4
12147 4
12156 4
12165 4
12174 4
7797 3
7798 3
7799 3
7800 3
7801 3
7802 3
7803 3
7804 3
7805 3
8004 3
7617 3
7618 3
7619 3
7620 3
7621 3
7622 3
7623 3
7624 3
7625 3
7985 3
7437 3
7438 3
7439 3
7440 3
7441 3
7442 3
7443 3
7444 3
7445 3
7965 3
7257 3
7258 3
7259 3
7260 3
7261 3
7262 3
7263 3
7264 3
7265 3
7945 3
7077 3
7078 3
7079 3
7080 3
7081 3
7082 3
7083 3
7084 3
7085 3
7925 3
6897 3
6898 3
6899 3
6900 3
6901 3
6902 3
6903 3
6904 3
6905 3
7905 3
6717 3
6718 3
6719 3
6720 3
6721 3
6722 3
6723 3
6724 3
6725 3
7885 3
6537 3
6538 3
6539 3
6540 3
6541 3
6542 3
6543 3
6544 3
6545 3
7865 3
6357 3
6358 3
6359 3
6360 3
6361 3
6362 3
6363 3
6364 3
6365 3
7845 3
6177 3
6178 3
6179 3
6180 3
6181 3
6182 3
6183 3
6184 3
6185 3
7825 3
7626 4
7635 4
7644 4
7653 4
7662 4
7671 4
7680 4
7689 4
7698 4
7707 4
7716 4
7725 4
7734 4
7743 4
7752 4
7761 4
7770 4
7779 4
7788 4
7797 4
7446 4
7455 4
7464 4
7473 4
7482 4
7491 4
7500 4
7509 4
7518 4
7527 4
7536 4
7545 4
7554 4
7563 4
7572 4
7581 4
7590 4
7599 4
7608 4
7617 4
7266 4
7275 4
7284 4
7293 4
7302 4
7311 4
7320 4
7329 4
7338 4
7347 4
7356 4
7365 4
7374 4
7383 4
7392 4
7401 4
7410 4
7419 4
7428 4
7437 4
7086 4
7095 4
7104 4
7113 4
7122 4
7131 4
7140 4
7149 4
7158 4
7167 4
7176 4
7185 4
7194 4
7203 4
7212 4
7221 4
7230 4
7239 4
7248 4
7257 4
6906 4
6915 4
6924 4
6933 4
6942 4
6951 4
6960 4
6969 4
6978 4
6987 4
6996 4
7005 4
7014 4
7023 4
7032 4
7041 4
7050 4
7059 4
7068 4
7077 4
6726 4
6735 4
6744 4
6753 4
6762 4
6771 4
6780 4
6789 4
6798 4
6807 4
6816 4
6825 4
6834 4
6843 4
6852 4
6861 4
6870 4
6879 4
6888 4
6897 4
6546 4
6555 4
6564 4
6573 4
6582 4
6591 4
6600 4
6609 4
6618 4
6627 4
6636 4
6645 4
6654 4
6663 4
6672 4
6681 4
6690 4
6699 4
6708 4
6717 4
6366 4
6375 4
6384 4
6393 4
6402 4
6411 4
6420 4
6429 4
6438 4
6447 4
6456 4
6465 4
6474 4
6483 4
6492 4
6501 4
6510 4
6519 4
6528 4
6537 4
6186 4
6195 4
6204 4
6213 4
6222 4
6231 4
6240 4
6249 4
6258 4
6267 4
6276 4
6285 4
6294 4
6303 4
6312 4
6321 4
6330 4
6339 4
6348 4
6357 4
6006 4
6015 4
6024 4
6033 4
6042 4
6051 4
6060 4
6069 4
6078 4
6087 4
6096 4
6105 4
6114 4
6123 4
6132 4
6141 4
6150 4
6159 4
6168 4
6177 4
16000 2
15801 2
15781 2
15761 2
15741 2
15721 2
15701 2
15681 2
15661 2
15641 2
15981 2
15621 2
15601 2
15581 2
15561 2
15541 2
15521 2
15501 2
15481 2
15461 2
15961 2
15441 2
15421 2
15401 2
15381 2
15361 2
15341 2
15321 2
15301 2
15281 2
15941 2
15261 2
15241 2
15221 2
15201 2
15181 2
15161 2
15141 2
15121 2
15101 2
15921 2
15081 2
15061 2
15041 2
15021 2
15001 2
14981 2
14961 2
14941 2
14921 2
15901 2
14901 2
14881 2
14861 2
14841 2
14821 2
14801 2
14781 2
14761 2
14741 2
15881 2
14721 2
14701 2
14681 2
14661 2
14641 2
14621 2
14601 2
14581 2
14561 2
15861 2
14541 2
14521 2
14501 2
14481 2
14461 2
14441 2
14421 2
14401 2
14381 2
15841 2
14361 2
14341 2
14321 2
14301 2
14281 2
14261 2
14241 2
14221 2
14201 2
15821 2
14181 2
14161 2
14141 2
14121 2
14101 2
14081 2
14061 2
14041 2
14021 2
15641 1
15640 1
15639 1
15638 1
15637 1
15636 1
15635 1
15634 1
15633 1
15632 1
15631 1
15630 1
15629 1
15628 1
15627 1
15626 1
15625 1
15624 1
15623 1
15622 1
15461 1
15460 1
15459 1
15458 1
15457 1
15456 1
15455 1
15454 1
15453 1
15452 1
15451 1
15450 1
15449 1
15448 1
15447 1
15446 1
15445 1
15444 1
15443 1
15442 1
15281 1
15280 1
15279 1
15278 1
15277 1
15276 1
15275 1
15274 1
15273 1
15272 1
15271 1
15270 1
15269 1
15268 1
15267 1
15266 1
15265 1
15264 1
15263 1
15262 1
15101 1
15100 1
15099 1
15098 1
15097 1
15096 1
15095 1
15094 1
15093 1
15092 1
15091 1
15090 1
15089 1
15088 1
15087 1
15086 1
15085 1
15084 1
15083 1
15082 1
14921 1
14920 1
14919 1
14918 1
14917 1
14916 1
14915 1
14914 1
14913 1
14912 1
14911 1
14910 1
14909 1
14908 1
14907 1
14906 1
14905 1
14904 1
14903 1
14902 1
14741 1
14740 1
14739 1
14738 1
14737 1
14736 1
14735 1
14734 1
14733 1
14732 1
14731 1
14730 1
14729 1
14728 1
14727 1
14726 1
14725 1
14724 1
14723 1
14722 1
14561 1
14560 1
14559 1
14558 1
14557 1
14556 1
14555 1
14554 1
14553 1
14552 1
14551 1
14550 1
14549 1
14548 1
14547 1
14546 1
14545 1
14544 1
14543 1
14542 1
14381 1
14380 1
14379 1
14378 1
14377 1
14376 1
14375 1
14374 1
14373 1
14372 1
14371 1
14370 1
14369 1
14368 1
14367 1
14366 1
14365 1
14364 1
14363 1
14362 1
14201 1
14200 1
14199 1
14198 1
14197 1
14196 1
14195 1
14194 1
14193 1
14192 1
14191 1
14190 1
14189 1
14188 1
14187 1
14186 1
14185 1
14184 1
14183 1
14182 1
14021 1
14020 1
14019 1
14018 1
14017 1
14016 1
14015 1
14014 1
14013 1
14012 1
14011 1
14010 1
14009 1
14008 1
14007 1
14006 1
14005 1
14004 1
14003 1
14002 1
