2 0.0
1122
2211 5
2224 5
2237 5
2250 5
2263 5
2276 5
2289 5
2302 5
2315 5
2328 5
2341 5
2354 5
2367 5
2380 5
2393 5
2406 5
2419 5
2212 5
2225 5
2238 5
2251 5
2264 5
2277 5
2290 5
2303 5
2316 5
2329 5
2342 5
2355 5
2368 5
2381 5
2394 5
2407 5
2420 5
2213 5
2226 5
2239 5
2252 5
2265 5
2278 5
2291 5
2304 5
2317 5
2330 5
2343 5
2356 5
2369 5
2382 5
2395 5
2408 5
2421 5
2214 5
2227 5
2240 5
2253 5
2266 5
2279 5
2292 5
2305 5
2318 5
2331 5
2344 5
2357 5
2370 5
2383 5
2396 5
2409 5
2422 5
2215 5
2228 5
2241 5
2254 5
2267 5
2280 5
2293 5
2306 5
2319 5
2332 5
2345 5
2358 5
2371 5
2384 5
2397 5
2410 5
2423 5
2216 5
2229 5
2242 5
2255 5
2268 5
2281 5
2294 5
2307 5
2320 5
2333 5
2346 5
2359 5
2372 5
2385 5
2398 5
2411 5
2424 5
2217 5
2230 5
2243 5
2256 5
2269 5
2282 5
2295 5
2308 5
2321 5
2334 5
2347 5
2360 5
2373 5
2386 5
2399 5
2412 5
2425 5
2218 5
2231 5
2244 5
2257 5
2270 5
2283 5
2296 5
2309 5
2322 5
2335 5
2348 5
2361 5
2374 5
2387 5
2400 5
2413 5
2426 5
2219 5
2232 5
2245 5
2258 5
2271 5
2284 5
2297 5
2310 5
2323 5
2336 5
2349 5
2362 5
2375 5
2388 5
2401 5
2414 5
2427 5
2220 5
2233 5
2246 5
2259 5
2272 5
2285 5
2298 5
2311 5
2324 5
2337 5
2350 5
2363 5
2376 5
2389 5
2402 5
2415 5
2428 5
2221 5
2234 5
2247 5
2260 5
2273 5
2286 5
2299 5
2312 5
2325 5
2338 5
2351 5
2364 5
2377 5
2390 5
2403 5
2416 5
2429 5
2222 5
2235 5
2248 5
2261 5
2274 5
2287 5
2300 5
2313 5
2326 5
2339 5
2352 5
2365 5
2378 5
2391 5
2404 5
2417 5
2430 5
2223 5
2236 5
2249 5
2262 5
2275 5
2288 5
2301 5
2314 5
2327 5
2340 5
2353 5
2366 5
2379 5
2392 5
2405 5
2418 5
2431 5
7800 2
7631 2
7462 2
7293 2
7124 2
6955 2
6786 2
6617 2
6448 2
6279 2
6110 2
5941 2
5772 2
5603 2
5434 2
5265 2
5096 2
7813 2
7644 2
7475 2
7306 2
7137 2
6968 2
6799 2
6630 2
6461 2
6292 2
6123 2
5954 2
5785 2
5616 2
5447 2
5278 2
5109 2
7826 2
7657 2
7488 2
7319 2
7150 2
6981 2
6812 2
6643 2
6474 2
6305 2
6136 2
5967 2
5798 2
5629 2
5460 2
5291 2
5122 2
7839 2
7670 2
7501 2
7332 2
7163 2
6994 2
6825 2
6656 2
6487 2
6318 2
6149 2
5980 2
5811 2
5642 2
5473 2
5304 2
5135 2
7852 2
7683 2
7514 2
7345 2
7176 2
7007 2
6838 2
6669 2
6500 2
6331 2
6162 2
5993 2
5824 2
5655 2
5486 2
5317 2
5148 2
7865 2
7696 2
7527 2
7358 2
7189 2
7020 2
6851 2
6682 2
6513 2
6344 2
6175 2
6006 2
5837 2
5668 2
5499 2
5330 2
5161 2
7878 2
7709 2
7540 2
7371 2
7202 2
7033 2
6864 2
6695 2
6526 2
6357 2
6188 2
6019 2
5850 2
5681 2
5512 2
5343 2
5174 2
7891 2
7722 2
7553 2
7384 2
7215 2
7046 2
6877 2
6708 2
6539 2
6370 2
6201 2
6032 2
5863 2
5694 2
5525 2
5356 2
5187 2
7904 2
7735 2
7566 2
7397 2
7228 2
7059 2
6890 2
6721 2
6552 2
6383 2
6214 2
6045 2
5876 2
5707 2
5538 2
5369 2
5200 2
7917 2
7748 2
7579 2
7410 2
7241 2
7072 2
6903 2
6734 2
6565 2
6396 2
6227 2
6058 2
5889 2
5720 2
5551 2
5382 2
5213 2
7930 2
7761 2
7592 2
7423 2
7254 2
7085 2
6916 2
6747 2
6578 2
6409 2
6240 2
6071 2
5902 2
5733 2
5564 2
5395 2
5226 2
7943 2
7774 2
7605 2
7436 2
7267 2
7098 2
6929 2
6760 2
6591 2
6422 2
6253 2
6084 2
5915 2
5746 2
5577 2
5408 2
5239 2
7956 2
7787 2
7618 2
7449 2
7280 2
7111 2
6942 2
6773 2
6604 2
6435 2
6266 2
6097 2
5928 2
5759 2
5590 2
5421 2
5252 2
12150 1
12059 1
11968 1
11877 1
11786 1
11695 1
11604 1
11513 1
11422 1
11331 1
11240 1
11149 1
11058 1
10967 1
10876 1
10785 1
10694 1
12151 1
12060 1
11969 1
11878 1
11787 1
11696 1
11605 1
11514 1
11423 1
11332 1
11241 1
11150 1
11059 1
10968 1
10877 1
10786 1
10695 1
12152 1
12061 1
11970 1
11879 1
11788 1
11697 1
11606 1
11515 1
11424 1
11333 1
11242 1
11151 1
11060 1
10969 1
10878 1
10787 1
10696 1
12153 1
12062 1
11971 1
11880 1
11789 1
11698 1
11607 1
11516 1
11425 1
11334 1
11243 1
11152 1
11061 1
10970 1
10879 1
10788 1
10697 1
12154 1
12063 1
11972 1
11881 1
11790 1
11699 1
11608 1
11517 1
11426 1
11335 1
11244 1
11153 1
11062 1
10971 1
10880 1
10789 1
10698 1
12155 1
12064 1
11973 1
11882 1
11791 1
11700 1
11609 1
11518 1
11427 1
11336 1
11245 1
11154 1
11063 1
10972 1
10881 1
10790 1
10699 1
12156 1
12065 1
11974 1
11883 1
11792 1
11701 1
11610 1
11519 1
11428 1
11337 1
11246 1
11155 1
11064 1
10973 1
10882 1
10791 1
10700 1
19992 1
19991 1
19990 1
19989 1
19988 1
19987 1
19986 1
19985 1
19984 1
19983 1
19982 1
19981 1
19980 1
19979 1
19978 1
19977 1
19976 1
19771 1
19770 1
19769 1
19768 1
19767 1
19766 1
19765 1
19764 1
19763 1
19762 1
19761 1
19760 1
19759 1
19758 1
19757 1
19756 1
19755 1
19550 1
19549 1
19548 1
19547 1
19546 1
19545 1
19544 1
19543 1
19542 1
19541 1
19540 1
19539 1
19538 1
19537 1
19536 1
19535 1
19534 1
19329 1
19328 1
19327 1
19326 1
19325 1
19324 1
19323 1
19322 1
19321 1
19320 1
19319 1
19318 1
19317 1
19316 1
19315 1
19314 1
19313 1
19108 1
19107 1
19106 1
19105 1
19104 1
19103 1
19102 1
19101 1
19100 1
19099 1
19098 1
19097 1
19096 1
19095 1
19094 1
19093 1
19092 1
18887 1
18886 1
18885 1
18884 1
18883 1
18882 1
18881 1
18880 1
18879 1
18878 1
18877 1
18876 1
18875 1
18874 1
18873 1
18872 1
18871 1
18666 1
18665 1
18664 1
18663 1
18662 1
18661 1
18660 1
18659 1
18658 1
18657 1
18656 1
18655 1
18654 1
18653 1
18652 1
18651 1
18650 1
18445 1
18444 1
18443 1
18442 1
18441 1
18440 1
18439 1
18438 1
18437 1
18436 1
18435 1
18434 1
18433 1
18432 1
18431 1
18430 1
18429 1
18224 1
18223 1
18222 1
18221 1
18220 1
18219 1
18218 1
18217 1
18216 1
18215 1
18214 1
18213 1
18212 1
18211 1
18210 1
18209 1
18208 1
18003 1
18002 1
18001 1
18000 1
17999 1
17998 1
17997 1
17996 1
17995 1
17994 1
17993 1
17992 1
17991 1
17990 1
17989 1
17988 1
17987 1
17782 1
17781 1
17780 1
17779 1
17778 1
17777 1
17776 1
17775 1
17774 1
17773 1
17772 1
17771 1
17770 1
17769 1
17768 1
17767 1
17766 1
17561 1
17560 1
17559 1
17558 1
17557 1
17556 1
17555 1
17554 1
17553 1
17552 1
17551 1
17550 1
17549 1
17548 1
17547 1
17546 1
17545 1
17340 1
17339 1
17338 1
17337 1
17336 1
17335 1
17334 1
17333 1
17332 1
17331 1
17330 1
17329 1
17328 1
17327 1
17326 1
17325 1
17324 1
17323 2
17310 2
17297 2
17284 2
17271 2
17258 2
17245 2
17232 2
17219 2
17206 2
17193 2
17180 2
17167 2
17154 2
17141 2
17128 2
17115 2
17102 2
17089 2
17076 2
17063 2
17050 2
17037 2
17024 2
17011 2
16998 2
16985 2
16972 2
16959 2
16946 2
16933 2
16920 2
16907 2
16894 2
16881 2
16868 2
16855 2
16842 2
16829 2
16816 2
16803 2
16790 2
16777 2
16764 2
16751 2
16738 2
16725 2
16712 2
16699 2
16686 2
16673 2
16660 2
16647 2
16634 2
16621 2
16608 2
16595 2
16582 2
16569 2
16556 2
16543 2
16530 2
16517 2
16504 2
16491 2
16478 2
16465 2
16452 2
16439 2
16426 2
16413 2
16400 2
16387 2
16374 2
16361 2
16348 2
16335 2
16322 2
16309 2
16296 2
16283 2
16270 2
16257 2
16244 2
16231 2
16218 2
16205 2
16192 2
16179 2
16166 2
16153 2
16140 2
16127 2
16114 2
16101 2
16088 2
16075 2
16062 2
16049 2
16036 2
16023 2
16010 2
15997 2
15984 2
15971 2
15958 2
15945 2
15932 2
15919 2
15906 2
15893 2
15880 2
15867 2
15854 2
15841 2
15828 2
15815 2
15802 2
15789 2
15776 2
15763 2
15750 2
15737 2
15724 2
15711 2
15698 2
15685 2
15672 2
15659 2
15646 2
15633 2
15620 2
15607 2
15594 2
15581 2
15568 2
15555 2
15542 2
15529 2
15516 2
15503 2
15490 2
15477 2
15464 2
15451 2
15438 2
15425 2
15412 2
15399 2
15386 2
15373 2
15360 2
15347 2
15334 2
15321 2
15308 2
15295 2
15282 2
15269 2
15256 2
15243 2
15230 2
15217 2
15204 2
15191 2
15178 2
15165 2
15152 2
15139 2
15126 2
15113 2
15100 2
15087 2
15074 2
15061 2
15048 2
15035 2
15022 2
15009 2
14996 2
14983 2
14970 2
14957 2
14944 2
14931 2
14918 2
14905 2
14892 2
14879 2
14866 2
14853 2
14840 2
14827 2
14814 2
14801 2
14788 2
14775 2
14762 2
14749 2
14736 2
14723 2
14710 2
14697 2
14684 2
14671 2
14658 2
14645 2
14632 2
14619 2
14606 2
14593 2
14580 2
14567 2
14554 2
14541 2
14528 2
14515 2
14502 2
14489 2
14476 2
14463 2
9147 5
9154 5
9161 5
9168 5
9175 5
9182 5
9189 5
9196 5
9203 5
9210 5
9217 5
9224 5
9231 5
9238 5
9245 5
9252 5
9259 5
9148 5
9155 5
9162 5
9169 5
9176 5
9183 5
9190 5
9197 5
9204 5
9211 5
9218 5
9225 5
9232 5
9239 5
9246 5
9253 5
9260 5
9149 5
9156 5
9163 5
9170 5
9177 5
9184 5
9191 5
9198 5
9205 5
9212 5
9219 5
9226 5
9233 5
9240 5
9247 5
9254 5
9261 5
9150 5
9157 5
9164 5
9171 5
9178 5
9185 5
9192 5
9199 5
9206 5
9213 5
9220 5
9227 5
9234 5
9241 5
9248 5
9255 5
9262 5
9151 5
9158 5
9165 5
9172 5
9179 5
9186 5
9193 5
9200 5
9207 5
9214 5
9221 5
9228 5
9235 5
9242 5
9249 5
9256 5
9263 5
9152 5
9159 5
9166 5
9173 5
9180 5
9187 5
9194 5
9201 5
9208 5
9215 5
9222 5
9229 5
9236 5
9243 5
9250 5
9257 5
9264 5
9153 5
9160 5
9167 5
9174 5
9181 5
9188 5
9195 5
9202 5
9209 5
9216 5
9223 5
9230 5
9237 5
9244 5
9251 5
9258 5
9265 5
