         509
           1           1           3          23          21           2
           4          24          22
           2           3           5          25          23           4
           6          26          24
           3           5           7          27          25           6
           8          28          26
           4           7           9          29          27           8
          10          30          28
           5           9          11          31          29          10
          12          32          30
           6          11          13          33          31          12
          14          34          32
           7          13          15          35          33          14
          16          36          34
           8          15          17          37          35          16
          18          38          36
           9          19          21          43          41          20
          22          44          42
          10          21          23          45          43          22
          24          46          44
          11          23          25          47          45          24
          26          48          46
          12          25          27          49          47          26
          28          50          48
          13          27          29          51          49          28
          30          52          50
          14          29          31          53          51          30
          32          54          52
          15          31          33          55          53          32
          34          56          54
          16          33          35          57          55          34
          36          58          56
          17          35          37          59          57          36
          38          60          58
          18          39          41          63          61          40
          42          64          62
          19          41          43          65          63          42
          44          66          64
          20          43          45          67          65          44
          46          68          66
          21          45          47          69          67          46
          48          70          68
          22          47          49          71          69          48
          50          72          70
          23          49          51          73          71          50
          52          74          72
          24          51          53          75          73          52
          54          76          74
          25          53          55          77          75          54
          56          78          76
          26          55          57          79          77          56
          58          80          78
          27          57          59          81          79          58
          60          82          80
          28          61          63          85          83          62
          64          86          84
          29          63          65          87          85          64
          66          88          86
          30          65          67          89          87          66
          68          90          88
          31          67          69          91          89          68
          70          92          90
          32          69          71          93          91          70
          72          94          92
          33          71          73          95          93          72
          74          96          94
          34          73          75          97          95          74
          76          98          96
          35          75          77          99          97          76
          78         100          98
          36          77          79         101          99          78
          80         102         100
          37          79          81         103         101          80
          82         104         102
          38          85          87         107         105          86
          88         108         106
          39          87          89         109         107          88
          90         110         108
          40          89          91         111         109          90
          92         112         110
          41          91          93         113         111          92
          94         114         112
          42          93          95         115         113          94
          96         116         114
          43          95          97         117         115          96
          98         118         116
          44          97          99         119         117          98
         100         120         118
          45          99         101         121         119         100
         102         122         120
          46         101         103         123         121         102
         104         124         122
          47         107         109         127         125         108
         110         128         126
          48         109         111         129         127         110
         112         130         128
          49         111         113         131         129         112
         114         132         130
          50         113         115         133         131         114
         116         134         132
          51         115         117         135         133         116
         118         136         134
          52         117         119         137         135         118
         120         138         136
          53         119         121         139         137         120
         122         140         138
          54         121         123         141         139         122
         124         142         140
          55         125         127         145         143         126
         128         146         144
          56         127         129         147         145         128
         130         148         146
          57         129         131         149         147         130
         132         150         148
          58         131         133         151         149         132
         134         152         150
          59         133         135         153         151         134
         136         154         152
          60         135         137         155         153         136
         138         156         154
          61         137         139         157         155         138
         140         158         156
          62         139         141         159         157         140
         142         160         158
          63         145         147         163         161         146
         148         164         162
          64         147         149         165         163         148
         150         166         164
          65         149         151         167         165         150
         152         168         166
          66         151         153         169         167         152
         154         170         168
          67         153         155         171         169         154
         156         172         170
          68         155         157         173         171         156
         158         174         172
          69         157         159         175         173         158
         160         176         174
          70         163         165         179         177         164
         166         180         178
          71         165         167         181         179         166
         168         182         180
          72         167         169         183         181         168
         170         184         182
          73         169         171         185         183         170
         172         186         184
          74         171         173         187         185         172
         174         188         186
          75         173         175         189         187         174
         176         190         188
          76         179         181         193         191         180
         182         194         192
          77         181         183         195         193         182
         184         196         194
          78         183         185         197         195         184
         186         198         196
          79         185         187         199         197         186
         188         200         198
          80         187         189         201         199         188
         190         202         200
          81           2           4          24          22         203
         204         214         213
          82           4           6          26          24         204
         205         215         214
          83           6           8          28          26         205
         206         216         215
          84           8          10          30          28         206
         207         217         216
          85          10          12          32          30         207
         208         218         217
          86          12          14          34          32         208
         209         219         218
          87          14          16          36          34         209
         210         220         219
          88          16          18          38          36         210
         211         221         220
          89          20          22          44          42         212
         213         224         223
          90          22          24          46          44         213
         214         225         224
          91          24          26          48          46         214
         215         226         225
          92          26          28          50          48         215
         216         227         226
          93          28          30          52          50         216
         217         228         227
          94          30          32          54          52         217
         218         229         228
          95          32          34          56          54         218
         219         230         229
          96          34          36          58          56         219
         220         231         230
          97          36          38          60          58         220
         221         232         231
          98          40          42          64          62         222
         223         234         233
          99          42          44          66          64         223
         224         235         234
         100          44          46          68          66         224
         225         236         235
         101          46          48          70          68         225
         226         237         236
         102          48          50          72          70         226
         227         238         237
         103          50          52          74          72         227
         228         239         238
         104          52          54          76          74         228
         229         240         239
         105          54          56          78          76         229
         230         241         240
         106          56          58          80          78         230
         231         242         241
         107          58          60          82          80         231
         232         243         242
         108          62          64          86          84         233
         234         245         244
         109          64          66          88          86         234
         235         246         245
         110          66          68          90          88         235
         236         247         246
         111          68          70          92          90         236
         237         248         247
         112          70          72          94          92         237
         238         249         248
         113          72          74          96          94         238
         239         250         249
         114          74          76          98          96         239
         240         251         250
         115          76          78         100          98         240
         241         252         251
         116          78          80         102         100         241
         242         253         252
         117          80          82         104         102         242
         243         254         253
         118          86          88         108         106         245
         246         256         255
         119          88          90         110         108         246
         247         257         256
         120          90          92         112         110         247
         248         258         257
         121          92          94         114         112         248
         249         259         258
         122          94          96         116         114         249
         250         260         259
         123          96          98         118         116         250
         251         261         260
         124          98         100         120         118         251
         252         262         261
         125         100         102         122         120         252
         253         263         262
         126         102         104         124         122         253
         254         264         263
         127         108         110         128         126         256
         257         266         265
         128         110         112         130         128         257
         258         267         266
         129         112         114         132         130         258
         259         268         267
         130         114         116         134         132         259
         260         269         268
         131         116         118         136         134         260
         261         270         269
         132         118         120         138         136         261
         262         271         270
         133         120         122         140         138         262
         263         272         271
         134         122         124         142         140         263
         264         273         272
         135         126         128         146         144         265
         266         275         274
         136         128         130         148         146         266
         267         276         275
         137         130         132         150         148         267
         268         277         276
         138         132         134         152         150         268
         269         278         277
         139         134         136         154         152         269
         270         279         278
         140         136         138         156         154         270
         271         280         279
         141         138         140         158         156         271
         272         281         280
         142         140         142         160         158         272
         273         282         281
         143         146         148         164         162         275
         276         284         283
         144         148         150         166         164         276
         277         285         284
         145         150         152         168         166         277
         278         286         285
         146         152         154         170         168         278
         279         287         286
         147         154         156         172         170         279
         280         288         287
         148         156         158         174         172         280
         281         289         288
         149         158         160         176         174         281
         282         290         289
         150         164         166         180         178         284
         285         292         291
         151         166         168         182         180         285
         286         293         292
         152         168         170         184         182         286
         287         294         293
         153         170         172         186         184         287
         288         295         294
         154         172         174         188         186         288
         289         296         295
         155         174         176         190         188         289
         290         297         296
         156         180         182         194         192         292
         293         299         298
         157         182         184         196         194         293
         294         300         299
         158         184         186         198         196         294
         295         301         300
         159         186         188         200         198         295
         296         302         301
         160         188         190         202         200         296
         297         303         302
         161         203         204         214         213         304
         305         315         314
         162         204         205         215         214         305
         306         316         315
         163         205         206         216         215         306
         307         317         316
         164         206         207         217         216         307
         308         318         317
         165         207         208         218         217         308
         309         319         318
         166         208         209         219         218         309
         310         320         319
         167         209         210         220         219         310
         311         321         320
         168         210         211         221         220         311
         312         322         321
         169         212         213         224         223         313
         314         325         324
         170         213         214         225         224         314
         315         326         325
         171         214         215         226         225         315
         316         327         326
         172         215         216         227         226         316
         317         328         327
         173         216         217         228         227         317
         318         329         328
         174         217         218         229         228         318
         319         330         329
         175         218         219         230         229         319
         320         331         330
         176         219         220         231         230         320
         321         332         331
         177         220         221         232         231         321
         322         333         332
         178         222         223         234         233         323
         324         335         334
         179         223         224         235         234         324
         325         336         335
         180         224         225         236         235         325
         326         337         336
         181         225         226         237         236         326
         327         338         337
         182         226         227         238         237         327
         328         339         338
         183         227         228         239         238         328
         329         340         339
         184         228         229         240         239         329
         330         341         340
         185         229         230         241         240         330
         331         342         341
         186         230         231         242         241         331
         332         343         342
         187         231         232         243         242         332
         333         344         343
         188         233         234         245         244         334
         335         346         345
         189         234         235         246         245         335
         336         347         346
         190         235         236         247         246         336
         337         348         347
         191         236         237         248         247         337
         338         349         348
         192         237         238         249         248         338
         339         350         349
         193         238         239         250         249         339
         340         351         350
         194         239         240         251         250         340
         341         352         351
         195         240         241         252         251         341
         342         353         352
         196         241         242         253         252         342
         343         354         353
         197         242         243         254         253         343
         344         355         354
         198         245         246         256         255         346
         347         357         356
         199         246         247         257         256         347
         348         358         357
         200         247         248         258         257         348
         349         359         358
         201         248         249         259         258         349
         350         360         359
         202         249         250         260         259         350
         351         361         360
         203         250         251         261         260         351
         352         362         361
         204         251         252         262         261         352
         353         363         362
         205         252         253         263         262         353
         354         364         363
         206         253         254         264         263         354
         355         365         364
         207         256         257         266         265         357
         358         367         366
         208         257         258         267         266         358
         359         368         367
         209         258         259         268         267         359
         360         369         368
         210         259         260         269         268         360
         361         370         369
         211         260         261         270         269         361
         362         371         370
         212         261         262         271         270         362
         363         372         371
         213         262         263         272         271         363
         364         373         372
         214         263         264         273         272         364
         365         374         373
         215         265         266         275         274         366
         367         376         375
         216         266         267         276         275         367
         368         377         376
         217         267         268         277         276         368
         369         378         377
         218         268         269         278         277         369
         370         379         378
         219         269         270         279         278         370
         371         380         379
         220         270         271         280         279         371
         372         381         380
         221         271         272         281         280         372
         373         382         381
         222         272         273         282         281         373
         374         383         382
         223         275         276         284         283         376
         377         385         384
         224         276         277         285         284         377
         378         386         385
         225         277         278         286         285         378
         379         387         386
         226         278         279         287         286         379
         380         388         387
         227         279         280         288         287         380
         381         389         388
         228         280         281         289         288         381
         382         390         389
         229         281         282         290         289         382
         383         391         390
         230         284         285         292         291         385
         386         393         392
         231         285         286         293         292         386
         387         394         393
         232         286         287         294         293         387
         388         395         394
         233         287         288         295         294         388
         389         396         395
         234         288         289         296         295         389
         390         397         396
         235         289         290         297         296         390
         391         398         397
         236         293         294         300         299         394
         395         400         399
         237         294         295         301         300         395
         396         401         400
         238         295         296         302         301         396
         397         402         401
         239         296         297         303         302         397
         398         403         402
         240         304         305         315         314         405
         406         416         415
         241         305         306         316         315         406
         407         417         416
         242         306         307         317         316         407
         408         418         417
         243         307         308         318         317         408
         409         419         418
         244         308         309         319         318         409
         410         420         419
         245         309         310         320         319         410
         411         421         420
         246         310         311         321         320         411
         412         422         421
         247         311         312         322         321         412
         413         423         422
         248         313         314         325         324         414
         415         426         425
         249         314         315         326         325         415
         416         427         426
         250         315         316         327         326         416
         417         428         427
         251         316         317         328         327         417
         418         429         428
         252         317         318         329         328         418
         419         430         429
         253         318         319         330         329         419
         420         431         430
         254         319         320         331         330         420
         421         432         431
         255         320         321         332         331         421
         422         433         432
         256         321         322         333         332         422
         423         434         433
         257         323         324         335         334         424
         425         436         435
         258         324         325         336         335         425
         426         437         436
         259         325         326         337         336         426
         427         438         437
         260         326         327         338         337         427
         428         439         438
         261         327         328         339         338         428
         429         440         439
         262         328         329         340         339         429
         430         441         440
         263         329         330         341         340         430
         431         442         441
         264         330         331         342         341         431
         432         443         442
         265         331         332         343         342         432
         433         444         443
         266         332         333         344         343         433
         434         445         444
         267         334         335         346         345         435
         436         447         446
         268         335         336         347         346         436
         437         448         447
         269         336         337         348         347         437
         438         449         448
         270         337         338         349         348         438
         439         450         449
         271         338         339         350         349         439
         440         451         450
         272         339         340         351         350         440
         441         452         451
         273         340         341         352         351         441
         442         453         452
         274         341         342         353         352         442
         443         454         453
         275         342         343         354         353         443
         444         455         454
         276         343         344         355         354         444
         445         456         455
         277         346         347         357         356         447
         448         458         457
         278         347         348         358         357         448
         449         459         458
         279         348         349         359         358         449
         450         460         459
         280         349         350         360         359         450
         451         461         460
         281         350         351         361         360         451
         452         462         461
         282         351         352         362         361         452
         453         463         462
         283         352         353         363         362         453
         454         464         463
         284         353         354         364         363         454
         455         465         464
         285         354         355         365         364         455
         456         466         465
         286         357         358         367         366         458
         459         468         467
         287         358         359         368         367         459
         460         469         468
         288         359         360         369         368         460
         461         470         469
         289         360         361         370         369         461
         462         471         470
         290         361         362         371         370         462
         463         472         471
         291         362         363         372         371         463
         464         473         472
         292         363         364         373         372         464
         465         474         473
         293         364         365         374         373         465
         466         475         474
         294         366         367         376         375         467
         468         477         476
         295         367         368         377         376         468
         469         478         477
         296         368         369         378         377         469
         470         479         478
         297         369         370         379         378         470
         471         480         479
         298         370         371         380         379         471
         472         481         480
         299         371         372         381         380         472
         473         482         481
         300         372         373         382         381         473
         474         483         482
         301         373         374         383         382         474
         475         484         483
         302         376         377         385         384         477
         478         486         485
         303         377         378         386         385         478
         479         487         486
         304         378         379         387         386         479
         480         488         487
         305         379         380         388         387         480
         481         489         488
         306         380         381         389         388         481
         482         490         489
         307         381         382         390         389         482
         483         491         490
         308         382         383         391         390         483
         484         492         491
         309         386         387         394         393         487
         488         494         493
         310         387         388         395         394         488
         489         495         494
         311         388         389         396         395         489
         490         496         495
         312         389         390         397         396         490
         491         497         496
         313         390         391         398         397         491
         492         498         497
         314         395         396         401         400         495
         496         500         499
         315         396         397         402         401         496
         497         501         500
         316         397         398         403         402         497
         498         502         501
         317         404         405         415         414         503
         504         515         514
         318         405         406         416         415         504
         505         516         515
         319         406         407         417         416         505
         506         517         516
         320         407         408         418         417         506
         507         518         517
         321         408         409         419         418         507
         508         519         518
         322         409         410         420         419         508
         509         520         519
         323         410         411         421         420         509
         510         521         520
         324         411         412         422         421         510
         511         522         521
         325         412         413         423         422         511
         512         523         522
         326         414         415         426         425         514
         515         526         525
         327         415         416         427         426         515
         516         527         526
         328         416         417         428         427         516
         517         528         527
         329         417         418         429         428         517
         518         529         528
         330         418         419         430         429         518
         519         530         529
         331         419         420         431         430         519
         520         531         530
         332         420         421         432         431         520
         521         532         531
         333         421         422         433         432         521
         522         533         532
         334         422         423         434         433         522
         523         534         533
         335         424         425         436         435         524
         525         536         535
         336         425         426         437         436         525
         526         537         536
         337         426         427         438         437         526
         527         538         537
         338         427         428         439         438         527
         528         539         538
         339         428         429         440         439         528
         529         540         539
         340         429         430         441         440         529
         530         541         540
         341         430         431         442         441         530
         531         542         541
         342         431         432         443         442         531
         532         543         542
         343         432         433         444         443         532
         533         544         543
         344         433         434         445         444         533
         534         545         544
         345         436         437         448         447         536
         537         547         546
         346         437         438         449         448         537
         538         548         547
         347         438         439         450         449         538
         539         549         548
         348         439         440         451         450         539
         540         550         549
         349         440         441         452         451         540
         541         551         550
         350         441         442         453         452         541
         542         552         551
         351         442         443         454         453         542
         543         553         552
         352         443         444         455         454         543
         544         554         553
         353         444         445         456         455         544
         545         555         554
         354         447         448         458         457         546
         547         557         556
         355         448         449         459         458         547
         548         558         557
         356         449         450         460         459         548
         549         559         558
         357         450         451         461         460         549
         550         560         559
         358         451         452         462         461         550
         551         561         560
         359         452         453         463         462         551
         552         562         561
         360         453         454         464         463         552
         553         563         562
         361         454         455         465         464         553
         554         564         563
         362         455         456         466         465         554
         555         565         564
         363         458         459         468         467         557
         558         567         566
         364         459         460         469         468         558
         559         568         567
         365         460         461         470         469         559
         560         569         568
         366         461         462         471         470         560
         561         570         569
         367         462         463         472         471         561
         562         571         570
         368         463         464         473         472         562
         563         572         571
         369         464         465         474         473         563
         564         573         572
         370         465         466         475         474         564
         565         574         573
         371         467         468         477         476         566
         567         576         575
         372         468         469         478         477         567
         568         577         576
         373         469         470         479         478         568
         569         578         577
         374         470         471         480         479         569
         570         579         578
         375         471         472         481         480         570
         571         580         579
         376         472         473         482         481         571
         572         581         580
         377         473         474         483         482         572
         573         582         581
         378         474         475         484         483         573
         574         583         582
         379         478         479         487         486         577
         578         585         584
         380         479         480         488         487         578
         579         586         585
         381         480         481         489         488         579
         580         587         586
         382         481         482         490         489         580
         581         588         587
         383         482         483         491         490         581
         582         589         588
         384         483         484         492         491         582
         583         590         589
         385         488         489         495         494         586
         587         592         591
         386         489         490         496         495         587
         588         593         592
         387         490         491         497         496         588
         589         594         593
         388         491         492         498         497         589
         590         595         594
         389         496         497         501         500         593
         594         597         596
         390         497         498         502         501         594
         595         598         597
         391         503         504         515         514         599
         600         605         604
         392         504         505         516         515         600
         601         606         605
         393         505         506         517         516         601
         602         607         606
         394         513         514         525         524         603
         604         615         614
         395         514         515         526         525         604
         605         616         615
         396         515         516         527         526         605
         606         617         616
         397         516         517         528         527         606
         607         618         617
         398         517         518         529         528         607
         608         619         618
         399         518         519         530         529         608
         609         620         619
         400         519         520         531         530         609
         610         621         620
         401         520         521         532         531         610
         611         622         621
         402         521         522         533         532         611
         612         623         622
         403         522         523         534         533         612
         613         624         623
         404         524         525         536         535         614
         615         626         625
         405         525         526         537         536         615
         616         627         626
         406         526         527         538         537         616
         617         628         627
         407         527         528         539         538         617
         618         629         628
         408         528         529         540         539         618
         619         630         629
         409         529         530         541         540         619
         620         631         630
         410         530         531         542         541         620
         621         632         631
         411         531         532         543         542         621
         622         633         632
         412         532         533         544         543         622
         623         634         633
         413         533         534         545         544         623
         624         635         634
         414         536         537         547         546         626
         627         637         636
         415         537         538         548         547         627
         628         638         637
         416         538         539         549         548         628
         629         639         638
         417         539         540         550         549         629
         630         640         639
         418         540         541         551         550         630
         631         641         640
         419         541         542         552         551         631
         632         642         641
         420         542         543         553         552         632
         633         643         642
         421         543         544         554         553         633
         634         644         643
         422         544         545         555         554         634
         635         645         644
         423         547         548         558         557         637
         638         647         646
         424         548         549         559         558         638
         639         648         647
         425         549         550         560         559         639
         640         649         648
         426         550         551         561         560         640
         641         650         649
         427         551         552         562         561         641
         642         651         650
         428         552         553         563         562         642
         643         652         651
         429         553         554         564         563         643
         644         653         652
         430         554         555         565         564         644
         645         654         653
         431         557         558         567         566         646
         647         656         655
         432         558         559         568         567         647
         648         657         656
         433         559         560         569         568         648
         649         658         657
         434         560         561         570         569         649
         650         659         658
         435         561         562         571         570         650
         651         660         659
         436         562         563         572         571         651
         652         661         660
         437         563         564         573         572         652
         653         662         661
         438         564         565         574         573         653
         654         663         662
         439         567         568         577         576         656
         657         665         664
         440         568         569         578         577         657
         658         666         665
         441         569         570         579         578         658
         659         667         666
         442         570         571         580         579         659
         660         668         667
         443         571         572         581         580         660
         661         669         668
         444         572         573         582         581         661
         662         670         669
         445         573         574         583         582         662
         663         671         670
         446         578         579         586         585         666
         667         673         672
         447         579         580         587         586         667
         668         674         673
         448         580         581         588         587         668
         669         675         674
         449         581         582         589         588         669
         670         676         675
         450         582         583         590         589         670
         671         677         676
         451         587         588         593         592         674
         675         679         678
         452         588         589         594         593         675
         676         680         679
         453         589         590         595         594         676
         677         681         680
         454         599         600         605         604         682
         683         687         686
         455         600         601         606         605         683
         684         688         687
         456         603         604         615         614         685
         686         697         696
         457         604         605         616         615         686
         687         698         697
         458         605         606         617         616         687
         688         699         698
         459         606         607         618         617         688
         689         700         699
         460         607         608         619         618         689
         690         701         700
         461         608         609         620         619         690
         691         702         701
         462         609         610         621         620         691
         692         703         702
         463         610         611         622         621         692
         693         704         703
         464         611         612         623         622         693
         694         705         704
         465         612         613         624         623         694
         695         706         705
         466         614         615         626         625         696
         697         708         707
         467         615         616         627         626         697
         698         709         708
         468         616         617         628         627         698
         699         710         709
         469         617         618         629         628         699
         700         711         710
         470         618         619         630         629         700
         701         712         711
         471         619         620         631         630         701
         702         713         712
         472         620         621         632         631         702
         703         714         713
         473         621         622         633         632         703
         704         715         714
         474         622         623         634         633         704
         705         716         715
         475         623         624         635         634         705
         706         717         716
         476         626         627         637         636         708
         709         719         718
         477         627         628         638         637         709
         710         720         719
         478         628         629         639         638         710
         711         721         720
         479         629         630         640         639         711
         712         722         721
         480         630         631         641         640         712
         713         723         722
         481         631         632         642         641         713
         714         724         723
         482         632         633         643         642         714
         715         725         724
         483         633         634         644         643         715
         716         726         725
         484         634         635         645         644         716
         717         727         726
         485         637         638         647         646         719
         720         729         728
         486         638         639         648         647         720
         721         730         729
         487         639         640         649         648         721
         722         731         730
         488         640         641         650         649         722
         723         732         731
         489         641         642         651         650         723
         724         733         732
         490         642         643         652         651         724
         725         734         733
         491         643         644         653         652         725
         726         735         734
         492         644         645         654         653         726
         727         736         735
         493         647         648         657         656         729
         730         738         737
         494         648         649         658         657         730
         731         739         738
         495         649         650         659         658         731
         732         740         739
         496         650         651         660         659         732
         733         741         740
         497         651         652         661         660         733
         734         742         741
         498         652         653         662         661         734
         735         743         742
         499         653         654         663         662         735
         736         744         743
         500         657         658         666         665         738
         739         746         745
         501         658         659         667         666         739
         740         747         746
         502         659         660         668         667         740
         741         748         747
         503         660         661         669         668         741
         742         749         748
         504         661         662         670         669         742
         743         750         749
         505         662         663         671         670         743
         744         751         750
         506         667         668         674         673         747
         748         753         752
         507         668         669         675         674         748
         749         754         753
         508         669         670         676         675         749
         750         755         754
         509         670         671         677         676         750
         751         756         755
