         506
           1           2           1           7           8           4
           3           9          10
           2           1           5          11           7           3
           6          12           9
           3           8           7          13          14          10
           9          15          16
           4           7          11          17          13           9
          12          18          15
           5          14          13          19          20          16
          15          21          22
           6          13          17          23          19          15
          18          24          21
           7          20          19          25          26          22
          21          27          28
           8          19          23          29          25          21
          24          30          27
           9          26          25          31          32          28
          27          33          34
          10          25          29          35          31          27
          30          36          33
          11          32          31          37          38          34
          33          39          40
          12          31          35          41          37          33
          36          42          39
          13          38          37          43          44          40
          39          45          46
          14          37          41          47          43          39
          42          48          45
          15           4           3           9          10          50
          49          52          53
          16           3           6          12           9          49
          51          54          52
          17          10           9          15          16          53
          52          55          56
          18           9          12          18          15          52
          54          57          55
          19          16          15          21          22          56
          55          58          59
          20          15          18          24          21          55
          57          60          58
          21          22          21          27          28          59
          58          61          62
          22          21          24          30          27          58
          60          63          61
          23          28          27          33          34          62
          61          64          65
          24          27          30          36          33          61
          63          66          64
          25          34          33          39          40          65
          64          67          68
          26          33          36          42          39          64
          66          69          67
          27          40          39          45          46          68
          67          70          71
          28          39          42          48          45          67
          69          72          70
          29          50          49          52          53          74
          73          76          77
          30          49          51          54          52          73
          75          78          76
          31          53          52          55          56          77
          76          79          80
          32          52          54          57          55          76
          78          81          79
          33          56          55          58          59          80
          79          82          83
          34          55          57          60          58          79
          81          84          82
          35          59          58          61          62          83
          82          85          86
          36          58          60          63          61          82
          84          87          85
          37          62          61          64          65          86
          85          88          89
          38          61          63          66          64          85
          87          90          88
          39          65          64          67          68          89
          88          91          92
          40          64          66          69          67          88
          90          93          91
          41          68          67          70          71          92
          91          94          95
          42          67          69          72          70          91
          93          96          94
          43          74          73          76          77          98
          97         100         101
          44          73          75          78          76          97
          99         102         100
          45          77          76          79          80         101
         100         103         104
          46          76          78          81          79         100
         102         105         103
          47          80          79          82          83         104
         103         106         107
          48          79          81          84          82         103
         105         108         106
          49          83          82          85          86         107
         106         109         110
          50          82          84          87          85         106
         108         111         109
          51          86          85          88          89         110
         109         112         113
          52          85          87          90          88         109
         111         114         112
          53          89          88          91          92         113
         112         115         116
          54          88          90          93          91         112
         114         117         115
          55          92          91          94          95         116
         115         118         119
          56          91          93          96          94         115
         117         120         118
          57          98          97         100         101         122
         121         124         125
          58          97          99         102         100         121
         123         126         124
          59         101         100         103         104         125
         124         127         128
          60         100         102         105         103         124
         126         129         127
          61         104         103         106         107         128
         127         130         131
          62         103         105         108         106         127
         129         132         130
          63         107         106         109         110         131
         130         133         134
          64         106         108         111         109         130
         132         135         133
          65         110         109         112         113         134
         133         136         137
          66         109         111         114         112         133
         135         138         136
          67         113         112         115         116         137
         136         139         140
          68         112         114         117         115         136
         138         141         139
          69         116         115         118         119         140
         139         142         143
          70         115         117         120         118         139
         141         144         142
          71         125         124         127         128         146
         145         148         149
          72         124         126         129         127         145
         147         150         148
          73         128         127         130         131         149
         148         151         152
          74         127         129         132         130         148
         150         153         151
          75         131         130         133         134         152
         151         154         155
          76         130         132         135         133         151
         153         156         154
          77         134         133         136         137         155
         154         157         158
          78         133         135         138         136         154
         156         159         157
          79         137         136         139         140         158
         157         160         161
          80         136         138         141         139         157
         159         162         160
          81         140         139         142         143         161
         160         163         164
          82         139         141         144         142         160
         162         165         163
          83         149         148         151         152         167
         166         169         170
          84         148         150         153         151         166
         168         171         169
          85         152         151         154         155         170
         169         172         173
          86         151         153         156         154         169
         171         174         172
          87         155         154         157         158         173
         172         175         176
          88         154         156         159         157         172
         174         177         175
          89         158         157         160         161         176
         175         178         179
          90         157         159         162         160         175
         177         180         178
          91         161         160         163         164         179
         178         181         182
          92         160         162         165         163         178
         180         183         181
          93         170         169         172         173         185
         184         187         188
          94         169         171         174         172         184
         186         189         187
          95         173         172         175         176         188
         187         190         191
          96         172         174         177         175         187
         189         192         190
          97         176         175         178         179         191
         190         193         194
          98         175         177         180         178         190
         192         195         193
          99         179         178         181         182         194
         193         196         197
         100         178         180         183         181         193
         195         198         196
         101         188         187         190         191         200
         199         202         203
         102         187         189         192         190         199
         201         204         202
         103         191         190         193         194         203
         202         205         206
         104         190         192         195         193         202
         204         207         205
         105         194         193         196         197         206
         205         208         209
         106         193         195         198         196         205
         207         210         208
         107         203         202         205         206         212
         211         214         215
         108         202         204         207         205         211
         213         216         214
         109         217         219         220         218         197
         182         181         196
         110         219         221         222         220         182
         164         163         181
         111         221         223         224         222         164
         143         142         163
         112         223         225         226         224         143
         119         118         142
         113         225         227         228         226         119
          95          94         118
         114         227         229         230         228          95
          71          70          94
         115         229         231         232         230          71
          46          45          70
         116         231         233         234         232          46
          44          43          45
         117         218         220         236         235         196
         181         183         198
         118         220         222         237         236         181
         163         165         183
         119         222         224         238         237         163
         142         144         165
         120         224         226         239         238         142
         118         120         144
         121         226         228         240         239         118
          94          96         120
         122         228         230         241         240          94
          70          72          96
         123         230         232         242         241          70
          45          48          72
         124         232         234         243         242          45
          43          47          48
         125         245         244         250         251         247
         246         252         253
         126         244         248         254         250         246
         249         255         252
         127         248           2           8         254         249
           4          10         255
         128         251         250         256         257         253
         252         258         259
         129         250         254         260         256         252
         255         261         258
         130         254           8          14         260         255
          10          16         261
         131         257         256         262         263         259
         258         264         265
         132         256         260         266         262         258
         261         267         264
         133         260          14          20         266         261
          16          22         267
         134         263         262         268         269         265
         264         270         271
         135         262         266         272         268         264
         267         273         270
         136         266          20          26         272         267
          22          28         273
         137         269         268         274         275         271
         270         276         277
         138         268         272         278         274         270
         273         279         276
         139         272          26          32         278         273
          28          34         279
         140         275         274         280         281         277
         276         282         283
         141         274         278         284         280         276
         279         285         282
         142         278          32          38         284         279
          34          40         285
         143         281         280         286         287         283
         282         288         289
         144         280         284         290         286         282
         285         291         288
         145         284          38          44         290         285
          40          46         291
         146         247         246         252         253         293
         292         295         296
         147         246         249         255         252         292
         294         297         295
         148         249           4          10         255         294
          50          53         297
         149         253         252         258         259         296
         295         298         299
         150         252         255         261         258         295
         297         300         298
         151         255          10          16         261         297
          53          56         300
         152         259         258         264         265         299
         298         301         302
         153         258         261         267         264         298
         300         303         301
         154         261          16          22         267         300
          56          59         303
         155         265         264         270         271         302
         301         304         305
         156         264         267         273         270         301
         303         306         304
         157         267          22          28         273         303
          59          62         306
         158         271         270         276         277         305
         304         307         308
         159         270         273         279         276         304
         306         309         307
         160         273          28          34         279         306
          62          65         309
         161         277         276         282         283         308
         307         310         311
         162         276         279         285         282         307
         309         312         310
         163         279          34          40         285         309
          65          68         312
         164         283         282         288         289         311
         310         313         314
         165         282         285         291         288         310
         312         315         313
         166         285          40          46         291         312
          68          71         315
         167         293         292         295         296         317
         316         319         320
         168         292         294         297         295         316
         318         321         319
         169         294          50          53         297         318
          74          77         321
         170         296         295         298         299         320
         319         322         323
         171         295         297         300         298         319
         321         324         322
         172         297          53          56         300         321
          77          80         324
         173         299         298         301         302         323
         322         325         326
         174         298         300         303         301         322
         324         327         325
         175         300          56          59         303         324
          80          83         327
         176         302         301         304         305         326
         325         328         329
         177         301         303         306         304         325
         327         330         328
         178         303          59          62         306         327
          83          86         330
         179         305         304         307         308         329
         328         331         332
         180         304         306         309         307         328
         330         333         331
         181         306          62          65         309         330
          86          89         333
         182         308         307         310         311         332
         331         334         335
         183         307         309         312         310         331
         333         336         334
         184         309          65          68         312         333
          89          92         336
         185         311         310         313         314         335
         334         337         338
         186         310         312         315         313         334
         336         339         337
         187         312          68          71         315         336
          92          95         339
         188         317         316         319         320         341
         340         343         344
         189         316         318         321         319         340
         342         345         343
         190         318          74          77         321         342
          98         101         345
         191         320         319         322         323         344
         343         346         347
         192         319         321         324         322         343
         345         348         346
         193         321          77          80         324         345
         101         104         348
         194         323         322         325         326         347
         346         349         350
         195         322         324         327         325         346
         348         351         349
         196         324          80          83         327         348
         104         107         351
         197         326         325         328         329         350
         349         352         353
         198         325         327         330         328         349
         351         354         352
         199         327          83          86         330         351
         107         110         354
         200         329         328         331         332         353
         352         355         356
         201         328         330         333         331         352
         354         357         355
         202         330          86          89         333         354
         110         113         357
         203         332         331         334         335         356
         355         358         359
         204         331         333         336         334         355
         357         360         358
         205         333          89          92         336         357
         113         116         360
         206         335         334         337         338         359
         358         361         362
         207         334         336         339         337         358
         360         363         361
         208         336          92          95         339         360
         116         119         363
         209         341         340         343         344         365
         364         367         368
         210         340         342         345         343         364
         366         369         367
         211         342          98         101         345         366
         122         125         369
         212         344         343         346         347         368
         367         370         371
         213         343         345         348         346         367
         369         372         370
         214         345         101         104         348         369
         125         128         372
         215         347         346         349         350         371
         370         373         374
         216         346         348         351         349         370
         372         375         373
         217         348         104         107         351         372
         128         131         375
         218         350         349         352         353         374
         373         376         377
         219         349         351         354         352         373
         375         378         376
         220         351         107         110         354         375
         131         134         378
         221         353         352         355         356         377
         376         379         380
         222         352         354         357         355         376
         378         381         379
         223         354         110         113         357         378
         134         137         381
         224         356         355         358         359         380
         379         382         383
         225         355         357         360         358         379
         381         384         382
         226         357         113         116         360         381
         137         140         384
         227         359         358         361         362         383
         382         385         386
         228         358         360         363         361         382
         384         387         385
         229         360         116         119         363         384
         140         143         387
         230         368         367         370         371         389
         388         391         392
         231         367         369         372         370         388
         390         393         391
         232         369         125         128         372         390
         146         149         393
         233         371         370         373         374         392
         391         394         395
         234         370         372         375         373         391
         393         396         394
         235         372         128         131         375         393
         149         152         396
         236         374         373         376         377         395
         394         397         398
         237         373         375         378         376         394
         396         399         397
         238         375         131         134         378         396
         152         155         399
         239         377         376         379         380         398
         397         400         401
         240         376         378         381         379         397
         399         402         400
         241         378         134         137         381         399
         155         158         402
         242         380         379         382         383         401
         400         403         404
         243         379         381         384         382         400
         402         405         403
         244         381         137         140         384         402
         158         161         405
         245         383         382         385         386         404
         403         406         407
         246         382         384         387         385         403
         405         408         406
         247         384         140         143         387         405
         161         164         408
         248         392         391         394         395         410
         409         412         413
         249         391         393         396         394         409
         411         414         412
         250         393         149         152         396         411
         167         170         414
         251         395         394         397         398         413
         412         415         416
         252         394         396         399         397         412
         414         417         415
         253         396         152         155         399         414
         170         173         417
         254         398         397         400         401         416
         415         418         419
         255         397         399         402         400         415
         417         420         418
         256         399         155         158         402         417
         173         176         420
         257         401         400         403         404         419
         418         421         422
         258         400         402         405         403         418
         420         423         421
         259         402         158         161         405         420
         176         179         423
         260         404         403         406         407         422
         421         424         425
         261         403         405         408         406         421
         423         426         424
         262         405         161         164         408         423
         179         182         426
         263         413         412         415         416         428
         427         430         431
         264         412         414         417         415         427
         429         432         430
         265         414         170         173         417         429
         185         188         432
         266         416         415         418         419         431
         430         433         434
         267         415         417         420         418         430
         432         435         433
         268         417         173         176         420         432
         188         191         435
         269         419         418         421         422         434
         433         436         437
         270         418         420         423         421         433
         435         438         436
         271         420         176         179         423         435
         191         194         438
         272         422         421         424         425         437
         436         439         440
         273         421         423         426         424         436
         438         441         439
         274         423         179         182         426         438
         194         197         441
         275         431         430         433         434         443
         442         445         446
         276         430         432         435         433         442
         444         447         445
         277         432         188         191         435         444
         200         203         447
         278         434         433         436         437         446
         445         448         449
         279         433         435         438         436         445
         447         450         448
         280         435         191         194         438         447
         203         206         450
         281         437         436         439         440         449
         448         451         452
         282         436         438         441         439         448
         450         453         451
         283         438         194         197         441         450
         206         209         453
         284         445         447         450         448         454
         455         457         456
         285         447         203         206         450         455
         212         215         457
         286         458         460         461         459         440
         425         424         439
         287         460         462         463         461         425
         407         406         424
         288         462         464         465         463         407
         386         385         406
         289         464         466         467         465         386
         362         361         385
         290         466         468         469         467         362
         338         337         361
         291         468         470         471         469         338
         314         313         337
         292         470         472         473         471         314
         289         288         313
         293         472         474         475         473         289
         287         286         288
         294         459         461         477         476         439
         424         426         441
         295         461         463         478         477         424
         406         408         426
         296         463         465         479         478         406
         385         387         408
         297         465         467         480         479         385
         361         363         387
         298         467         469         481         480         361
         337         339         363
         299         469         471         482         481         337
         313         315         339
         300         471         473         483         482         313
         288         291         315
         301         473         475         484         483         288
         286         290         291
         302         476         477         219         217         441
         426         182         197
         303         477         478         221         219         426
         408         164         182
         304         478         479         223         221         408
         387         143         164
         305         479         480         225         223         387
         363         119         143
         306         480         481         227         225         363
         339          95         119
         307         481         482         229         227         339
         315          71          95
         308         482         483         231         229         315
         291          46          71
         309         483         484         233         231         291
         290          44          46
         310         485         486         493         492         535
         536         544         543
         311         486         487         494         493         536
         537         545         544
         312         487         488         495         494         537
         538         546         545
         313         488         489         496         495         538
         539         547         546
         314         489         490         497         496         539
         540         548         547
         315         490         491         498         497         540
         541         549         548
         316         492         493         500         499         543
         544         552         551
         317         493         494         501         500         544
         545         553         552
         318         494         495         502         501         545
         546         554         553
         319         495         496         503         502         546
         547         555         554
         320         496         497         504         503         547
         548         556         555
         321         497         498         505         504         548
         549         557         556
         322         499         500         507         506         551
         552         560         559
         323         500         501         508         507         552
         553         561         560
         324         501         502         509         508         553
         554         562         561
         325         502         503         510         509         554
         555         563         562
         326         503         504         511         510         555
         556         564         563
         327         504         505         512         511         556
         557         565         564
         328         506         507         514         513         559
         560         568         567
         329         507         508         515         514         560
         561         569         568
         330         508         509         516         515         561
         562         570         569
         331         509         510         517         516         562
         563         571         570
         332         510         511         518         517         563
         564         572         571
         333         511         512         519         518         564
         565         573         572
         334         513         514         521         520         567
         568         576         575
         335         514         515         522         521         568
         569         577         576
         336         515         516         523         522         569
         570         578         577
         337         516         517         524         523         570
         571         579         578
         338         517         518         525         524         571
         572         580         579
         339         518         519         526         525         572
         573         581         580
         340         527         528         536         535         588
         589         597         596
         341         528         529         537         536         589
         590         598         597
         342         529         530         538         537         590
         591         599         598
         343         530         531         539         538         591
         592         600         599
         344         531         532         540         539         592
         593         601         600
         345         532         533         541         540         593
         594         602         601
         346         534         535         543         542         595
         596         605         604
         347         535         536         544         543         596
         597         606         605
         348         536         537         545         544         597
         598         607         606
         349         537         538         546         545         598
         599         608         607
         350         538         539         547         546         599
         600         609         608
         351         539         540         548         547         600
         601         610         609
         352         540         541         549         548         601
         602         611         610
         353         542         543         551         550         604
         605         614         613
         354         543         544         552         551         605
         606         615         614
         355         544         545         553         552         606
         607         616         615
         356         545         546         554         553         607
         608         617         616
         357         546         547         555         554         608
         609         618         617
         358         547         548         556         555         609
         610         619         618
         359         548         549         557         556         610
         611         620         619
         360         550         551         559         558         613
         614         623         622
         361         551         552         560         559         614
         615         624         623
         362         552         553         561         560         615
         616         625         624
         363         553         554         562         561         616
         617         626         625
         364         554         555         563         562         617
         618         627         626
         365         555         556         564         563         618
         619         628         627
         366         556         557         565         564         619
         620         629         628
         367         558         559         567         566         622
         623         632         631
         368         559         560         568         567         623
         624         633         632
         369         560         561         569         568         624
         625         634         633
         370         561         562         570         569         625
         626         635         634
         371         562         563         571         570         626
         627         636         635
         372         563         564         572         571         627
         628         637         636
         373         564         565         573         572         628
         629         638         637
         374         566         567         575         574         631
         632         641         640
         375         567         568         576         575         632
         633         642         641
         376         568         569         577         576         633
         634         643         642
         377         569         570         578         577         634
         635         644         643
         378         570         571         579         578         635
         636         645         644
         379         571         572         580         579         636
         637         646         645
         380         572         573         581         580         637
         638         647         646
         381         582         583         590         589         648
         649         656         655
         382         583         584         591         590         649
         650         657         656
         383         584         585         592         591         650
         651         658         657
         384         585         586         593         592         651
         652         659         658
         385         586         587         594         593         652
         653         660         659
         386         588         589         597         596         654
         655         663         662
         387         589         590         598         597         655
         656         664         663
         388         590         591         599         598         656
         657         665         664
         389         591         592         600         599         657
         658         666         665
         390         592         593         601         600         658
         659         667         666
         391         593         594         602         601         659
         660         668         667
         392         595         596         605         604         661
         662         671         670
         393         596         597         606         605         662
         663         672         671
         394         597         598         607         606         663
         664         673         672
         395         598         599         608         607         664
         665         674         673
         396         599         600         609         608         665
         666         675         674
         397         600         601         610         609         666
         667         676         675
         398         601         602         611         610         667
         668         677         676
         399         603         604         613         612         669
         670         680         679
         400         604         605         614         613         670
         671         681         680
         401         605         606         615         614         671
         672         682         681
         402         606         607         616         615         672
         673         683         682
         403         607         608         617         616         673
         674         684         683
         404         608         609         618         617         674
         675         685         684
         405         609         610         619         618         675
         676         686         685
         406         610         611         620         619         676
         677         687         686
         407         612         613         622         621         679
         680         690         689
         408         613         614         623         622         680
         681         691         690
         409         614         615         624         623         681
         682         692         691
         410         615         616         625         624         682
         683         693         692
         411         616         617         626         625         683
         684         694         693
         412         617         618         627         626         684
         685         695         694
         413         618         619         628         627         685
         686         696         695
         414         619         620         629         628         686
         687         697         696
         415         621         622         631         630         689
         690         700         699
         416         622         623         632         631         690
         691         701         700
         417         623         624         633         632         691
         692         702         701
         418         624         625         634         633         692
         693         703         702
         419         625         626         635         634         693
         694         704         703
         420         626         627         636         635         694
         695         705         704
         421         627         628         637         636         695
         696         706         705
         422         628         629         638         637         696
         697         707         706
         423         630         631         640         639         699
         700         710         709
         424         631         632         641         640         700
         701         711         710
         425         632         633         642         641         701
         702         712         711
         426         633         634         643         642         702
         703         713         712
         427         634         635         644         643         703
         704         714         713
         428         635         636         645         644         704
         705         715         714
         429         636         637         646         645         705
         706         716         715
         430         637         638         647         646         706
         707         717         716
         431         648         649         656         655         365
         341         344         368
         432         649         650         657         656         341
         317         320         344
         433         650         651         658         657         317
         293         296         320
         434         651         652         659         658         293
         247         253         296
         435         652         653         660         659         247
         245         251         253
         436         654         655         663         662         389
         368         371         392
         437         655         656         664         663         368
         344         347         371
         438         656         657         665         664         344
         320         323         347
         439         657         658         666         665         320
         296         299         323
         440         658         659         667         666         296
         253         259         299
         441         659         660         668         667         253
         251         257         259
         442         661         662         671         670         410
         392         395         413
         443         662         663         672         671         392
         371         374         395
         444         663         664         673         672         371
         347         350         374
         445         664         665         674         673         347
         323         326         350
         446         665         666         675         674         323
         299         302         326
         447         666         667         676         675         299
         259         265         302
         448         667         668         677         676         259
         257         263         265
         449         669         670         680         679         428
         413         416         431
         450         670         671         681         680         413
         395         398         416
         451         671         672         682         681         395
         374         377         398
         452         672         673         683         682         374
         350         353         377
         453         673         674         684         683         350
         326         329         353
         454         674         675         685         684         326
         302         305         329
         455         675         676         686         685         302
         265         271         305
         456         676         677         687         686         265
         263         269         271
         457         678         679         689         688         443
         431         434         446
         458         679         680         690         689         431
         416         419         434
         459         680         681         691         690         416
         398         401         419
         460         681         682         692         691         398
         377         380         401
         461         682         683         693         692         377
         353         356         380
         462         683         684         694         693         353
         329         332         356
         463         684         685         695         694         329
         305         308         332
         464         685         686         696         695         305
         271         277         308
         465         686         687         697         696         271
         269         275         277
         466         688         689         699         698         446
         434         437         449
         467         689         690         700         699         434
         419         422         437
         468         690         691         701         700         419
         401         404         422
         469         691         692         702         701         401
         380         383         404
         470         692         693         703         702         380
         356         359         383
         471         693         694         704         703         356
         332         335         359
         472         694         695         705         704         332
         308         311         335
         473         695         696         706         705         308
         277         283         311
         474         696         697         707         706         277
         275         281         283
         475         698         699         709         708         449
         437         440         452
         476         699         700         710         709         437
         422         425         440
         477         700         701         711         710         422
         404         407         425
         478         701         702         712         711         404
         383         386         407
         479         702         703         713         712         383
         359         362         386
         480         703         704         714         713         359
         335         338         362
         481         704         705         715         714         335
         311         314         338
         482         705         706         716         715         311
         283         289         314
         483         706         707         717         716         283
         281         287         289
         484         458         718         720         460         440
         709         710         425
         485         718         719         721         720         709
         639         640         710
         486         460         720         723         462         425
         710         711         407
         487         720         721         724         723         710
         640         641         711
         488         721         722         725         724         640
         574         575         641
         489         462         723         726         464         407
         711         712         386
         490         723         724         727         726         711
         641         642         712
         491         724         725         728         727         641
         575         576         642
         492         464         726         729         466         386
         712         713         362
         493         726         727         730         729         712
         642         643         713
         494         727         728         731         730         642
         576         577         643
         495         466         729         732         468         362
         713         714         338
         496         729         730         733         732         713
         643         644         714
         497         730         731         734         733         643
         577         578         644
         498         468         732         735         470         338
         714         715         314
         499         732         733         736         735         714
         644         645         715
         500         733         734         737         736         644
         578         579         645
         501         470         735         738         472         314
         715         716         289
         502         735         736         739         738         715
         645         646         716
         503         736         737         740         739         645
         579         580         646
         504         472         738         741         474         289
         716         717         287
         505         738         739         742         741         716
         646         647         717
         506         739         740         743         742         646
         580         581         647
