         765
         1   -10000.000000000000000
         2    -9384.615384615379298
         3   -10000.000000000000000
         4    -9384.615384615379298
         5   -10000.000000000000000
         6    -9384.615384615379298
         7   -10000.000000000000000
         8    -9384.615384615390212
         9   -10000.000000000000000
        10    -9384.615384615379298
        11   -10000.000000000000000
        12    -9384.615384615379298
        13   -10000.000000000000000
        14    -9384.615384615379298
        15   -10000.000000000000000
        16    -9384.615384615379298
        17   -10000.000000000000000
        18    -9384.615384615390212
        19   -10000.000000000000000
        20    -9384.615384615390212
        21   -10000.000000000000000
        22    -9384.615384615390212
        23    -8769.230769230769511
        24    -8769.230769230769511
        25    -8769.230769230769511
        26    -8769.230769230769511
        27    -8769.230769230769511
        28    -8769.230769230769511
        29    -8769.230769230769511
        30    -8769.230769230769511
        31    -8769.230769230769511
        32    -8769.230769230769511
        33    -8769.230769230769511
        34    -8153.846153846149718
        35    -8153.846153846149718
        36    -8153.846153846149718
        37    -8153.846153846149718
        38    -8153.846153846149718
        39    -8153.846153846149718
        40    -8153.846153846160632
        41    -8153.846153846149718
        42    -8153.846153846149718
        43    -8153.846153846149718
        44    -8153.846153846149718
        45    -7538.461538461539931
        46    -7538.461538461539931
        47    -7538.461538461539931
        48    -7538.461538461539931
        49    -7538.461538461539931
        50    -7538.461538461539931
        51    -7538.461538461539931
        52    -7538.461538461539931
        53    -7538.461538461539931
        54    -6923.076923076920139
        55    -6923.076923076920139
        56    -6923.076923076920139
        57    -6923.076923076920139
        58   -10000.000000000000000
        59   -10000.000000000000000
        60    -9384.615384615390212
        61    -9384.615384615379298
        62   -10000.000000000000000
        63   -10000.000000000000000
        64    -9384.615384615390212
        65    -9384.615384615379298
        66   -10000.000000000000000
        67   -10000.000000000000000
        68    -9384.615384615390212
        69    -9384.615384615390212
        70   -10000.000000000000000
        71   -10000.000000000000000
        72    -9384.615384615390212
        73    -9384.615384615390212
        74   -10000.000000000000000
        75   -10000.000000000000000
        76    -9384.615384615390212
        77    -9384.615384615379298
        78   -10000.000000000000000
        79   -10000.000000000000000
        80    -9384.615384615390212
        81    -9384.615384615390212
        82   -10000.000000000000000
        83   -10000.000000000000000
        84    -9384.615384615390212
        85    -9384.615384615379298
        86   -10000.000000000000000
        87   -10000.000000000000000
        88    -9384.615384615390212
        89    -9384.615384615379298
        90   -10000.000000000000000
        91    -9384.615384615390212
        92   -10000.000000000000000
        93    -9384.615384615390212
        94   -10000.000000000000000
        95    -9384.615384615390212
        96   -10000.000000000000000
        97    -9384.615384615379298
        98   -10000.000000000000000
        99    -9384.615384615379298
       100   -10000.000000000000000
       101    -9384.615384615390212
       102   -10000.000000000000000
       103    -9384.615384615379298
       104   -10000.000000000000000
       105    -9384.615384615379298
       106   -10000.000000000000000
       107    -9384.615384615379298
       108   -10000.000000000000000
       109    -9384.615384615390212
       110   -10000.000000000000000
       111    -9384.615384615379298
       112   -10000.000000000000000
       113    -9384.615384615379298
       114   -10000.000000000000000
       115    -9384.615384615379298
       116   -10000.000000000000000
       117    -9384.615384615390212
       118   -10000.000000000000000
       119    -9384.615384615379298
       120   -10000.000000000000000
       121    -9384.615384615379298
       122   -10000.000000000000000
       123    -9384.615384615379298
       124   -10000.000000000000000
       125    -9384.615384615390212
       126   -10000.000000000000000
       127    -9384.615384615390212
       128   -10000.000000000000000
       129    -9384.615384615390212
       130   -10000.000000000000000
       131    -9384.615384615379298
       132   -10000.000000000000000
       133    -9384.615384615390212
       134   -10000.000000000000000
       135    -9384.615384615390212
       136   -10000.000000000000000
       137    -9384.615384615379298
       138   -10000.000000000000000
       139    -9384.615384615379298
       140   -10000.000000000000000
       141    -9384.615384615379298
       142   -10000.000000000000000
       143    -9384.615384615390212
       144   -10000.000000000000000
       145    -9384.615384615379298
       146   -10000.000000000000000
       147    -9384.615384615379298
       148   -10000.000000000000000
       149    -9384.615384615379298
       150   -10000.000000000000000
       151    -9384.615384615379298
       152   -10000.000000000000000
       153    -9384.615384615379298
       154   -10000.000000000000000
       155    -9384.615384615379298
       156   -10000.000000000000000
       157    -9384.615384615379298
       158   -10000.000000000000000
       159    -9384.615384615379298
       160   -10000.000000000000000
       161    -9384.615384615390212
       162   -10000.000000000000000
       163    -9384.615384615379298
       164   -10000.000000000000000
       165    -9384.615384615379298
       166   -10000.000000000000000
       167    -9384.615384615379298
       168   -10000.000000000000000
       169    -9384.615384615379298
       170   -10000.000000000000000
       171    -9384.615384615379298
       172   -10000.000000000000000
       173    -9384.615384615379298
       174   -10000.000000000000000
       175    -9384.615384615379298
       176   -10000.000000000000000
       177    -9384.615384615390212
       178   -10000.000000000000000
       179    -9384.615384615390212
       180   -10000.000000000000000
       181    -9384.615384615390212
       182   -10000.000000000000000
       183    -9384.615384615390212
       184   -10000.000000000000000
       185    -9384.615384615390212
       186   -10000.000000000000000
       187    -9384.615384615390212
       188   -10000.000000000000000
       189    -9384.615384615379298
       190   -10000.000000000000000
       191    -9384.615384615390212
       192   -10000.000000000000000
       193    -9384.615384615379298
       194   -10000.000000000000000
       195    -9384.615384615379298
       196   -10000.000000000000000
       197    -9384.615384615379298
       198   -10000.000000000000000
       199    -9384.615384615379298
       200   -10000.000000000000000
       201    -9384.615384615379298
       202   -10000.000000000000000
       203    -9384.615384615379298
       204   -10000.000000000000000
       205    -9384.615384615379298
       206   -10000.000000000000000
       207    -9384.615384615390212
       208   -10000.000000000000000
       209    -9384.615384615390212
       210   -10000.000000000000000
       211    -9384.615384615390212
       212   -10000.000000000000000
       213    -9384.615384615390212
       214   -10000.000000000000000
       215    -9384.615384615390212
       216   -10000.000000000000000
       217    -9384.615384615379298
       218   -10000.000000000000000
       219    -9384.615384615390212
       220   -10000.000000000000000
       221    -9384.615384615390212
       222   -10000.000000000000000
       223    -9384.615384615390212
       224   -10000.000000000000000
       225    -9384.615384615390212
       226   -10000.000000000000000
       227    -9384.615384615390212
       228    -8769.230769230769511
       229    -8769.230769230769511
       230    -8769.230769230769511
       231    -8769.230769230769511
       232    -8769.230769230769511
       233    -8769.230769230780425
       234    -8769.230769230769511
       235    -8769.230769230769511
       236    -8769.230769230769511
       237    -8769.230769230769511
       238    -8769.230769230769511
       239    -8769.230769230758597
       240    -8769.230769230769511
       241    -8769.230769230769511
       242    -8769.230769230769511
       243    -8769.230769230769511
       244    -8769.230769230769511
       245    -8769.230769230769511
       246    -8769.230769230769511
       247    -8769.230769230769511
       248    -8769.230769230769511
       249    -8769.230769230769511
       250    -8769.230769230769511
       251    -8769.230769230769511
       252    -8769.230769230769511
       253    -8769.230769230769511
       254    -8769.230769230769511
       255    -8769.230769230769511
       256    -8769.230769230769511
       257    -8769.230769230769511
       258    -8769.230769230769511
       259    -8769.230769230769511
       260    -8769.230769230769511
       261    -8769.230769230769511
       262    -8769.230769230769511
       263    -8769.230769230769511
       264    -8769.230769230769511
       265    -8769.230769230769511
       266    -8769.230769230769511
       267    -8769.230769230769511
       268    -8769.230769230769511
       269    -8769.230769230769511
       270    -8769.230769230769511
       271    -8769.230769230769511
       272    -8769.230769230769511
       273    -8769.230769230769511
       274    -8769.230769230769511
       275    -8769.230769230780425
       276    -8769.230769230769511
       277    -8769.230769230769511
       278    -8769.230769230769511
       279    -8769.230769230769511
       280    -8769.230769230769511
       281    -8769.230769230769511
       282    -8769.230769230769511
       283    -8769.230769230769511
       284    -8769.230769230769511
       285    -8769.230769230769511
       286    -8769.230769230769511
       287    -8769.230769230769511
       288    -8769.230769230769511
       289    -8769.230769230769511
       290    -8769.230769230769511
       291    -8769.230769230769511
       292    -8769.230769230780425
       293    -8769.230769230769511
       294    -8769.230769230769511
       295    -8769.230769230769511
       296    -8769.230769230769511
       297    -8769.230769230769511
       298    -8769.230769230769511
       299    -8769.230769230769511
       300    -8769.230769230769511
       301    -8769.230769230769511
       302    -8769.230769230780425
       303    -8769.230769230769511
       304    -8769.230769230769511
       305    -8769.230769230769511
       306    -8769.230769230769511
       307    -8769.230769230780425
       308    -8769.230769230769511
       309    -8769.230769230769511
       310    -8769.230769230769511
       311    -8769.230769230769511
       312    -8769.230769230769511
       313    -8153.846153846149718
       314    -8153.846153846149718
       315    -8153.846153846149718
       316    -8153.846153846149718
       317    -8153.846153846149718
       318    -8153.846153846149718
       319    -8153.846153846149718
       320    -8153.846153846149718
       321    -8153.846153846149718
       322    -8153.846153846149718
       323    -8153.846153846149718
       324    -8153.846153846149718
       325    -8153.846153846149718
       326    -8153.846153846149718
       327    -8153.846153846149718
       328    -8153.846153846149718
       329    -8153.846153846149718
       330    -8153.846153846149718
       331    -8153.846153846149718
       332    -8153.846153846149718
       333    -8153.846153846149718
       334    -8153.846153846149718
       335    -8153.846153846160632
       336    -8153.846153846149718
       337    -8153.846153846160632
       338    -8153.846153846149718
       339    -8153.846153846160632
       340    -8153.846153846160632
       341    -8153.846153846160632
       342    -8153.846153846149718
       343    -8153.846153846149718
       344    -8153.846153846149718
       345    -8153.846153846160632
       346    -8153.846153846149718
       347    -8153.846153846149718
       348    -8153.846153846149718
       349    -8153.846153846149718
       350    -8153.846153846149718
       351    -8153.846153846149718
       352    -8153.846153846149718
       353    -8153.846153846160632
       354    -8153.846153846160632
       355    -8153.846153846149718
       356    -8153.846153846149718
       357    -8153.846153846149718
       358    -8153.846153846149718
       359    -8153.846153846149718
       360    -8153.846153846149718
       361    -8153.846153846149718
       362    -8153.846153846149718
       363    -8153.846153846149718
       364    -8153.846153846160632
       365    -8153.846153846160632
       366    -8153.846153846160632
       367    -8153.846153846160632
       368    -8153.846153846160632
       369    -8153.846153846149718
       370    -8153.846153846149718
       371    -8153.846153846149718
       372    -8153.846153846160632
       373    -8153.846153846149718
       374    -8153.846153846160632
       375    -8153.846153846149718
       376    -8153.846153846149718
       377    -8153.846153846149718
       378    -8153.846153846149718
       379    -8153.846153846160632
       380    -8153.846153846160632
       381    -8153.846153846160632
       382    -8153.846153846149718
       383    -8153.846153846149718
       384    -8153.846153846160632
       385    -8153.846153846160632
       386    -8153.846153846149718
       387    -8153.846153846149718
       388    -8153.846153846160632
       389    -8153.846153846149718
       390    -8153.846153846149718
       391    -8153.846153846149718
       392    -8153.846153846160632
       393    -8153.846153846160632
       394    -8153.846153846160632
       395    -8153.846153846149718
       396    -8153.846153846149718
       397    -8153.846153846149718
       398    -8153.846153846160632
       399    -7538.461538461539931
       400    -7538.461538461539931
       401    -7538.461538461539931
       402    -7538.461538461539931
       403    -7538.461538461539931
       404    -7538.461538461539931
       405    -7538.461538461539931
       406    -7538.461538461539931
       407    -7538.461538461539931
       408    -7538.461538461539931
       409    -7538.461538461539931
       410    -7538.461538461539931
       411    -7538.461538461539931
       412    -7538.461538461539931
       413    -7538.461538461539931
       414    -7538.461538461539931
       415    -7538.461538461529926
       416    -7538.461538461539931
       417    -7538.461538461539931
       418    -7538.461538461539931
       419    -7538.461538461539931
       420    -7538.461538461539931
       421    -7538.461538461539931
       422    -7538.461538461529926
       423    -7538.461538461529926
       424    -7538.461538461539931
       425    -7538.461538461539931
       426    -7538.461538461539931
       427    -7538.461538461539931
       428    -7538.461538461539931
       429    -7538.461538461539931
       430    -7538.461538461539931
       431    -7538.461538461539931
       432    -7538.461538461539931
       433    -7538.461538461539931
       434    -7538.461538461539931
       435    -7538.461538461529926
       436    -7538.461538461539931
       437    -7538.461538461529926
       438    -7538.461538461539931
       439    -7538.461538461529926
       440    -7538.461538461539931
       441    -7538.461538461529926
       442    -7538.461538461539931
       443    -7538.461538461539931
       444    -7538.461538461539931
       445    -7538.461538461539931
       446    -7538.461538461539931
       447    -7538.461538461539931
       448    -7538.461538461539931
       449    -7538.461538461539931
       450    -7538.461538461539931
       451    -7538.461538461539931
       452    -7538.461538461539931
       453    -7538.461538461539931
       454    -7538.461538461539931
       455    -7538.461538461539931
       456    -7538.461538461539931
       457    -7538.461538461539931
       458    -7538.461538461529926
       459    -7538.461538461539931
       460    -7538.461538461539931
       461    -7538.461538461539931
       462    -7538.461538461539931
       463    -7538.461538461539931
       464    -7538.461538461539931
       465    -7538.461538461539931
       466    -7538.461538461539931
       467    -7538.461538461539931
       468    -7538.461538461539931
       469    -7538.461538461539931
       470    -7538.461538461539931
       471    -7538.461538461539931
       472    -7538.461538461539931
       473    -7538.461538461539931
       474    -7538.461538461539931
       475    -7538.461538461539931
       476    -7538.461538461539931
       477    -7538.461538461539931
       478    -7538.461538461539931
       479    -7538.461538461539931
       480    -7538.461538461539931
       481    -7538.461538461539931
       482    -7538.461538461539931
       483    -7538.461538461539931
       484    -7538.461538461539931
       485    -6923.076923076929234
       486    -6923.076923076929234
       487    -6923.076923076920139
       488    -6923.076923076920139
       489    -6923.076923076929234
       490    -6923.076923076929234
       491    -6923.076923076920139
       492    -6923.076923076920139
       493    -6923.076923076920139
       494    -6923.076923076920139
       495    -6923.076923076929234
       496    -6923.076923076929234
       497    -6923.076923076920139
       498    -6923.076923076920139
       499    -6923.076923076920139
       500    -6923.076923076920139
       501    -6923.076923076920139
       502    -6923.076923076920139
       503    -6923.076923076929234
       504    -6923.076923076920139
       505    -6923.076923076929234
       506    -6923.076923076920139
       507    -6923.076923076920139
       508    -6923.076923076929234
       509    -6923.076923076929234
       510    -6923.076923076920139
       511    -6923.076923076929234
       512    -6923.076923076929234
       513    -6923.076923076920139
       514    -6923.076923076929234
       515    -6923.076923076929234
       516    -6923.076923076920139
       517    -6923.076923076920139
       518    -6923.076923076920139
       519    -6923.076923076920139
       520    -6923.076923076929234
       521    -6923.076923076920139
       522    -6923.076923076920139
       523    -6923.076923076929234
       524    -6923.076923076929234
       525    -6923.076923076920139
       526    -6923.076923076920139
       527    -6923.076923076920139
       528    -6923.076923076929234
       529    -6923.076923076929234
       530    -6923.076923076929234
       531    -6923.076923076929234
       532    -6923.076923076929234
       533    -6923.076923076920139
       534    -6923.076923076929234
       535    -6923.076923076929234
       536    -6923.076923076920139
       537    -6923.076923076929234
       538    -6923.076923076920139
       539    -6923.076923076920139
       540    -6923.076923076920139
       541    -6923.076923076920139
       542    -6923.076923076929234
       543    -6923.076923076929234
       544    -6923.076923076929234
       545    -6923.076923076929234
       546    -6923.076923076920139
       547    -6923.076923076929234
       548    -6923.076923076929234
       549    -6923.076923076929234
       550    -6923.076923076929234
       551    -6923.076923076929234
       552    -6923.076923076920139
       553    -6923.076923076929234
       554    -6923.076923076929234
       555    -6923.076923076929234
       556    -6923.076923076920139
       557    -6923.076923076929234
       558    -6923.076923076920139
       559    -6923.076923076920139
       560    -6923.076923076929234
       561    -6923.076923076920139
       562    -6923.076923076920139
       563    -6923.076923076929234
       564    -6923.076923076929234
       565    -6923.076923076920139
       566    -6923.076923076920139
       567    -6923.076923076920139
       568    -6923.076923076920139
       569    -6923.076923076920139
       570    -6923.076923076920139
       571    -6307.692307692310351
       572    -6307.692307692310351
       573    -6307.692307692310351
       574    -6307.692307692300346
       575    -6307.692307692310351
       576    -6307.692307692310351
       577    -6307.692307692310351
       578    -6307.692307692310351
       579    -6307.692307692310351
       580    -6307.692307692310351
       581    -6307.692307692310351
       582    -6307.692307692310351
       583    -6307.692307692310351
       584    -6307.692307692310351
       585    -6307.692307692310351
       586    -6307.692307692310351
       587    -6307.692307692310351
       588    -6307.692307692310351
       589    -6307.692307692310351
       590    -6307.692307692310351
       591    -6307.692307692310351
       592    -6307.692307692310351
       593    -6307.692307692310351
       594    -6307.692307692310351
       595    -6307.692307692310351
       596    -6307.692307692310351
       597    -6307.692307692310351
       598    -6307.692307692310351
       599    -6307.692307692310351
       600    -6307.692307692310351
       601    -6307.692307692310351
       602    -6307.692307692310351
       603    -6307.692307692310351
       604    -6307.692307692310351
       605    -6307.692307692310351
       606    -6307.692307692310351
       607    -6307.692307692310351
       608    -6307.692307692310351
       609    -6307.692307692310351
       610    -6307.692307692310351
       611    -6307.692307692310351
       612    -6307.692307692310351
       613    -6307.692307692310351
       614    -6307.692307692310351
       615    -6307.692307692310351
       616    -6307.692307692310351
       617    -6307.692307692310351
       618    -6307.692307692310351
       619    -6307.692307692310351
       620    -6307.692307692310351
       621    -6307.692307692310351
       622    -6307.692307692310351
       623    -6307.692307692310351
       624    -6307.692307692310351
       625    -6307.692307692310351
       626    -6307.692307692310351
       627    -6307.692307692310351
       628    -6307.692307692310351
       629    -6307.692307692310351
       630    -6307.692307692310351
       631    -6307.692307692310351
       632    -6307.692307692310351
       633    -6307.692307692310351
       634    -6307.692307692310351
       635    -6307.692307692310351
       636    -6307.692307692310351
       637    -6307.692307692310351
       638    -6307.692307692310351
       639    -6307.692307692310351
       640    -6307.692307692310351
       641    -6307.692307692310351
       642    -6307.692307692310351
       643    -6307.692307692310351
       644    -6307.692307692310351
       645    -6307.692307692310351
       646    -6307.692307692310351
       647    -6307.692307692310351
       648    -6307.692307692310351
       649    -6307.692307692310351
       650    -6307.692307692310351
       651    -6307.692307692310351
       652    -5692.307692307689649
       653    -5692.307692307689649
       654    -5692.307692307689649
       655    -5692.307692307689649
       656    -5692.307692307689649
       657    -5692.307692307689649
       658    -5692.307692307689649
       659    -5692.307692307689649
       660    -5692.307692307689649
       661    -5692.307692307689649
       662    -5692.307692307689649
       663    -5692.307692307689649
       664    -5692.307692307689649
       665    -5692.307692307699654
       666    -5692.307692307689649
       667    -5692.307692307689649
       668    -5692.307692307689649
       669    -5692.307692307689649
       670    -5692.307692307689649
       671    -5692.307692307689649
       672    -5692.307692307689649
       673    -5692.307692307689649
       674    -5692.307692307689649
       675    -5692.307692307689649
       676    -5692.307692307689649
       677    -5692.307692307689649
       678    -5692.307692307689649
       679    -5692.307692307689649
       680    -5692.307692307689649
       681    -5692.307692307689649
       682    -5692.307692307689649
       683    -5692.307692307689649
       684    -5692.307692307689649
       685    -5692.307692307689649
       686    -5692.307692307689649
       687    -5692.307692307689649
       688    -5692.307692307689649
       689    -5692.307692307689649
       690    -5692.307692307689649
       691    -5692.307692307689649
       692    -5692.307692307689649
       693    -5692.307692307689649
       694    -5692.307692307689649
       695    -5692.307692307689649
       696    -5692.307692307689649
       697    -5692.307692307699654
       698    -5692.307692307689649
       699    -5692.307692307689649
       700    -5692.307692307689649
       701    -5692.307692307689649
       702    -5692.307692307689649
       703    -5692.307692307689649
       704    -5692.307692307689649
       705    -5692.307692307689649
       706    -5692.307692307689649
       707    -5692.307692307689649
       708    -5692.307692307689649
       709    -5692.307692307689649
       710    -5692.307692307689649
       711    -5692.307692307689649
       712    -5692.307692307689649
       713    -5692.307692307689649
       714    -5692.307692307689649
       715    -5692.307692307689649
       716    -5692.307692307689649
       717    -5692.307692307689649
       718    -5692.307692307689649
       719    -5692.307692307689649
       720    -5076.923076923070766
       721    -5076.923076923079861
       722    -5076.923076923079861
       723    -5076.923076923079861
       724    -5076.923076923070766
       725    -5076.923076923079861
       726    -5076.923076923079861
       727    -5076.923076923079861
       728    -5076.923076923079861
       729    -5076.923076923079861
       730    -5076.923076923079861
       731    -5076.923076923070766
       732    -5076.923076923079861
       733    -5076.923076923079861
       734    -5076.923076923070766
       735    -5076.923076923070766
       736    -5076.923076923070766
       737    -5076.923076923079861
       738    -5076.923076923070766
       739    -5076.923076923070766
       740    -5076.923076923079861
       741    -5076.923076923070766
       742    -5076.923076923079861
       743    -5076.923076923070766
       744    -5076.923076923079861
       745    -5076.923076923070766
       746    -5076.923076923079861
       747    -5076.923076923079861
       748    -5076.923076923079861
       749    -5076.923076923079861
       750    -5076.923076923070766
       751    -5076.923076923070766
       752    -5076.923076923079861
       753    -5076.923076923079861
       754    -5076.923076923070766
       755    -5076.923076923079861
       756    -5076.923076923079861
       757    -5076.923076923079861
       758    -5076.923076923079861
       759    -5076.923076923079861
       760    -5076.923076923070766
       761    -5076.923076923079861
       762    -4461.538461538460069
       763    -4461.538461538460069
       764    -4461.538461538460069
       765    -4461.538461538460069
