2 .00000
123
 65  3
137  3
208  3
278  3
346  3
411  3
469  3
496  3
 66  3
138  3
209  3
279  3
347  3
412  3
470  3
497  3
 67  3
139  3
210  3
280  3
348  3
413  3
471  3
498  3
 68  3
140  3
211  3
281  3
349  3
414  3
472  3
499  3
 69  3
141  3
212  3
282  3
350  3
415  3
473  3
500  3
 70  3
142  3
213  3
283  3
351  3
416  3
474  3
 71  3
143  3
214  3
284  3
352  3
417  3
475  3
 72  3
144  3
215  3
285  3
353  3
418  3
476  3
358  2
291  2
222  2
151  2
 80  2
  8  2
424  2
364  2
298  2
229  2
159  2
 88  2
 16  2
430  2
371  2
305  2
237  2
167  2
 96  2
 24  2
437  2
378  2
313  2
245  2
175  2
104  2
 32  2
444  2
386  2
321  2
253  2
183  2
112  2
 40  2
452  2
394  2
329  2
261  2
191  2
120  2
 48  2
460  2
402  2
337  2
269  2
199  2
128  2
 56  2
468  2
410  2
345  2
277  2
207  2
136  2
 64  2
476  2
418  2
353  2
285  2
215  2
144  2
 72  2
