         765
         1     4000.000000000000000
         2     4000.000000000000000
         3     4500.000000000000000
         4     4500.000000000000000
         5     4000.000000000000000
         6     4500.000000000000000
         7     4000.000000000000000
         8     4500.000000000000000
         9     4000.000000000000000
        10     4500.000000000000000
        11     4000.000000000000000
        12     4500.000000000000000
        13     5000.000000000000000
        14     5000.000000000000000
        15     5000.000000000000000
        16     5000.000000000000000
        17     5000.000000000000000
        18     5000.000000000000000
        19     4000.000000000000000
        20     4000.000000000000000
        21     4500.000000000000000
        22     4500.000000000000000
        23     4000.000000000000000
        24     4500.000000000000000
        25     4000.000000000000000
        26     4500.000000000000000
        27     4000.000000000000000
        28     4500.000000000000000
        29     4000.000000000000000
        30     4500.000000000000000
        31     4000.000000000000000
        32     4500.000000000000000
        33     5000.000000000000000
        34     5000.000000000000000
        35     5000.000000000000000
        36     5000.000000000000000
        37     5000.000000000000000
        38     5000.000000000000000
        39     5000.000000000000000
        40     4000.000000000000000
        41     4000.000000000000000
        42     4500.000000000000000
        43     4500.000000000000000
        44     4000.000000000000000
        45     4500.000000000000000
        46     4000.000000000000000
        47     4500.000000000000000
        48     4000.000000000000000
        49     4500.000000000000000
        50     4000.000000000000000
        51     4500.000000000000000
        52     4000.000000000000000
        53     4500.000000000000000
        54     4000.000000000000000
        55     4500.000000000000000
        56     5000.000000000000000
        57     5000.000000000000000
        58     5000.000000000000000
        59     5000.000000000000000
        60     5000.000000000000000
        61     5000.000000000000000
        62     5000.000000000000000
        63     5000.000000000000000
        64     4000.000000000000000
        65     4500.000000000000000
        66     5000.000000000000000
        67     4000.000000000000000
        68     4500.000000000000000
        69     4000.000000000000000
        70     4500.000000000000000
        71     5000.000000000000000
        72     5000.000000000000000
        73     2500.000000000000000
        74     2500.000000000000000
        75     3000.000000000000000
        76     3000.000000000000000
        77     2500.000000000000000
        78     3000.000000000000000
        79     2500.000000000000000
        80     3000.000000000000000
        81     2500.000000000000000
        82     3000.000000000000000
        83     2500.000000000000000
        84     3000.000000000000000
        85     3500.000000000000000
        86     3500.000000000000000
        87     3500.000000000000000
        88     3500.000000000000000
        89     3500.000000000000000
        90     3500.000000000000000
        91     2500.000000000000000
        92     2500.000000000000000
        93     3000.000000000000000
        94     3000.000000000000000
        95     2500.000000000000000
        96     3000.000000000000000
        97     2500.000000000000000
        98     3000.000000000000000
        99     2500.000000000000000
       100     3000.000000000000000
       101     2500.000000000000000
       102     3000.000000000000000
       103     2500.000000000000000
       104     3000.000000000000000
       105     3500.000000000000000
       106     3500.000000000000000
       107     3500.000000000000000
       108     3500.000000000000000
       109     3500.000000000000000
       110     3500.000000000000000
       111     3500.000000000000000
       112     2500.000000000000000
       113     2500.000000000000000
       114     3000.000000000000000
       115     3000.000000000000000
       116     2500.000000000000000
       117     3000.000000000000000
       118     2500.000000000000000
       119     3000.000000000000000
       120     2500.000000000000000
       121     3000.000000000000000
       122     2500.000000000000000
       123     3000.000000000000000
       124     2500.000000000000000
       125     3000.000000000000000
       126     2500.000000000000000
       127     3000.000000000000000
       128     3500.000000000000000
       129     3500.000000000000000
       130     3500.000000000000000
       131     3500.000000000000000
       132     3500.000000000000000
       133     3500.000000000000000
       134     3500.000000000000000
       135     3500.000000000000000
       136     2500.000000000000000
       137     3000.000000000000000
       138     3500.000000000000000
       139     2500.000000000000000
       140     3000.000000000000000
       141     2500.000000000000000
       142     3000.000000000000000
       143     3500.000000000000000
       144     3500.000000000000000
       145     -961.538461538462002
       146     -961.538461538463025
       147     -961.538461538462002
       148     -961.538461538462002
       149     -961.538461538462002
       150     -384.615384615385040
       151     -384.615384615385040
       152     -384.615384615385040
       153     -384.615384615385040
       154     -384.615384615385040
       155     -384.615384615384016
       156     -384.615384615385040
       157     -384.615384615385040
       158     -384.615384615385040
       159     -384.615384615385040
       160     -384.615384615385040
       161     -384.615384615385040
       162     -384.615384615385040
       163     -384.615384615385040
       164      192.307692307692008
       165      192.307692307692008
       166      192.307692307692008
       167      192.307692307692008
       168      192.307692307693003
       169      192.307692307692008
       170      192.307692307693003
       171      192.307692307692008
       172      192.307692307692008
       173      192.307692307692008
       174      192.307692307692008
       175      192.307692307692008
       176      192.307692307692008
       177      192.307692307692008
       178      192.307692307692008
       179      192.307692307692008
       180      192.307692307692008
       181      192.307692307692008
       182      192.307692307692008
       183      769.230769230768033
       184      769.230769230769056
       185      769.230769230768033
       186      769.230769230768033
       187      769.230769230768033
       188      769.230769230769056
       189      769.230769230768033
       190      769.230769230768033
       191      769.230769230769056
       192      769.230769230769056
       193      769.230769230769056
       194      769.230769230769056
       195      769.230769230768033
       196      769.230769230768033
       197      769.230769230768033
       198      769.230769230768033
       199      769.230769230768033
       200      769.230769230769056
       201      769.230769230768033
       202      769.230769230768033
       203      769.230769230768033
       204     1346.153846153850054
       205     1346.153846153850054
       206     1346.153846153850054
       207     1346.153846153850054
       208     1346.153846153850054
       209     1346.153846153850054
       210     1346.153846153850054
       211     1346.153846153850054
       212     1346.153846153850054
       213     1346.153846153850054
       214     1346.153846153850054
       215     1346.153846153850054
       216     1346.153846153850054
       217     1346.153846153850054
       218     1346.153846153850054
       219     1346.153846153850054
       220     1346.153846153850054
       221     1346.153846153850054
       222     1346.153846153850054
       223     1346.153846153850054
       224     1346.153846153850054
       225     1923.076923076919911
       226     1923.076923076919911
       227     1923.076923076919911
       228     1923.076923076919911
       229     1923.076923076919911
       230     1923.076923076919911
       231     1923.076923076919911
       232     1923.076923076919911
       233     1923.076923076919911
       234     1923.076923076919911
       235     1923.076923076919911
       236     1923.076923076919911
       237     1923.076923076919911
       238     1923.076923076919911
       239     1923.076923076919911
       240     1923.076923076919911
       241     1923.076923076919911
       242     1923.076923076919911
       243     1923.076923076919911
       244     1923.076923076919911
       245     1923.076923076919911
       246      769.230769230769056
       247     1346.153846153850054
       248     1923.076923076919911
       249      192.307692307691013
       250      192.307692307691013
       251      769.230769230768033
       252      769.230769230768033
       253     1346.153846153850054
       254     1346.153846153850054
       255     1923.076923076919911
       256     1923.076923076919911
       257     4000.000000000000000
       258     4500.000000000000000
       259     4000.000000000000000
       260     4500.000000000000000
       261     4000.000000000000000
       262     4500.000000000000000
       263     5000.000000000000000
       264     5000.000000000000000
       265     5000.000000000000000
       266     4000.000000000000000
       267     4500.000000000000000
       268     4000.000000000000000
       269     4500.000000000000000
       270     4000.000000000000000
       271     4500.000000000000000
       272     4000.000000000000000
       273     4500.000000000000000
       274     5000.000000000000000
       275     5000.000000000000000
       276     5000.000000000000000
       277     5000.000000000000000
       278     4000.000000000000000
       279     4500.000000000000000
       280     4000.000000000000000
       281     4500.000000000000000
       282     4000.000000000000000
       283     4500.000000000000000
       284     4000.000000000000000
       285     4500.000000000000000
       286     5000.000000000000000
       287     5000.000000000000000
       288     5000.000000000000000
       289     5000.000000000000000
       290     4000.000000000000000
       291     4500.000000000000000
       292     4000.000000000000000
       293     4500.000000000000000
       294     4000.000000000000000
       295     4500.000000000000000
       296     4000.000000000000000
       297     4500.000000000000000
       298     4000.000000000000000
       299     4500.000000000000000
       300     5000.000000000000000
       301     5000.000000000000000
       302     5000.000000000000000
       303     5000.000000000000000
       304     5000.000000000000000
       305     4000.000000000000000
       306     4500.000000000000000
       307     4000.000000000000000
       308     4500.000000000000000
       309     4000.000000000000000
       310     4500.000000000000000
       311     4000.000000000000000
       312     4500.000000000000000
       313     4000.000000000000000
       314     4500.000000000000000
       315     5000.000000000000000
       316     5000.000000000000000
       317     5000.000000000000000
       318     5000.000000000000000
       319     5000.000000000000000
       320     4000.000000000000000
       321     4500.000000000000000
       322     4000.000000000000000
       323     4500.000000000000000
       324     4000.000000000000000
       325     4500.000000000000000
       326     4000.000000000000000
       327     4500.000000000000000
       328     4000.000000000000000
       329     4500.000000000000000
       330     4000.000000000000000
       331     4500.000000000000000
       332     5000.000000000000000
       333     5000.000000000000000
       334     5000.000000000000000
       335     5000.000000000000000
       336     5000.000000000000000
       337     5000.000000000000000
       338     4000.000000000000000
       339     4500.000000000000000
       340     4000.000000000000000
       341     4500.000000000000000
       342     4000.000000000000000
       343     4500.000000000000000
       344     4000.000000000000000
       345     4500.000000000000000
       346     4000.000000000000000
       347     4500.000000000000000
       348     4000.000000000000000
       349     4500.000000000000000
       350     5000.000000000000000
       351     5000.000000000000000
       352     5000.000000000000000
       353     5000.000000000000000
       354     5000.000000000000000
       355     5000.000000000000000
       356     4000.000000000000000
       357     4500.000000000000000
       358     4000.000000000000000
       359     4500.000000000000000
       360     4000.000000000000000
       361     4500.000000000000000
       362     4000.000000000000000
       363     4500.000000000000000
       364     4000.000000000000000
       365     4500.000000000000000
       366     4000.000000000000000
       367     4500.000000000000000
       368     5000.000000000000000
       369     5000.000000000000000
       370     5000.000000000000000
       371     5000.000000000000000
       372     5000.000000000000000
       373     5000.000000000000000
       374     4000.000000000000000
       375     4500.000000000000000
       376     4000.000000000000000
       377     4500.000000000000000
       378     4000.000000000000000
       379     4500.000000000000000
       380     4000.000000000000000
       381     4500.000000000000000
       382     4000.000000000000000
       383     4500.000000000000000
       384     5000.000000000000000
       385     5000.000000000000000
       386     5000.000000000000000
       387     5000.000000000000000
       388     5000.000000000000000
       389     4000.000000000000000
       390     4500.000000000000000
       391     4000.000000000000000
       392     4500.000000000000000
       393     4000.000000000000000
       394     4500.000000000000000
       395     4000.000000000000000
       396     4500.000000000000000
       397     5000.000000000000000
       398     5000.000000000000000
       399     5000.000000000000000
       400     5000.000000000000000
       401     4000.000000000000000
       402     4500.000000000000000
       403     4000.000000000000000
       404     4500.000000000000000
       405     5000.000000000000000
       406     5000.000000000000000
       407     2500.000000000000000
       408     3000.000000000000000
       409     2500.000000000000000
       410     3000.000000000000000
       411     2500.000000000000000
       412     3000.000000000000000
       413     3500.000000000000000
       414     3500.000000000000000
       415     3500.000000000000000
       416     2500.000000000000000
       417     3000.000000000000000
       418     2500.000000000000000
       419     3000.000000000000000
       420     2500.000000000000000
       421     3000.000000000000000
       422     2500.000000000000000
       423     3000.000000000000000
       424     3500.000000000000000
       425     3500.000000000000000
       426     3500.000000000000000
       427     3500.000000000000000
       428     2500.000000000000000
       429     3000.000000000000000
       430     2500.000000000000000
       431     3000.000000000000000
       432     2500.000000000000000
       433     3000.000000000000000
       434     2500.000000000000000
       435     3000.000000000000000
       436     3500.000000000000000
       437     3500.000000000000000
       438     3500.000000000000000
       439     3500.000000000000000
       440     2500.000000000000000
       441     3000.000000000000000
       442     2500.000000000000000
       443     3000.000000000000000
       444     2500.000000000000000
       445     3000.000000000000000
       446     2500.000000000000000
       447     3000.000000000000000
       448     2500.000000000000000
       449     3000.000000000000000
       450     3500.000000000000000
       451     3500.000000000000000
       452     3500.000000000000000
       453     3500.000000000000000
       454     3500.000000000000000
       455     2500.000000000000000
       456     3000.000000000000000
       457     2500.000000000000000
       458     3000.000000000000000
       459     2500.000000000000000
       460     3000.000000000000000
       461     2500.000000000000000
       462     3000.000000000000000
       463     2500.000000000000000
       464     3000.000000000000000
       465     3500.000000000000000
       466     3500.000000000000000
       467     3500.000000000000000
       468     3500.000000000000000
       469     3500.000000000000000
       470     2500.000000000000000
       471     3000.000000000000000
       472     2500.000000000000000
       473     3000.000000000000000
       474     2500.000000000000000
       475     3000.000000000000000
       476     2500.000000000000000
       477     3000.000000000000000
       478     2500.000000000000000
       479     3000.000000000000000
       480     2500.000000000000000
       481     3000.000000000000000
       482     3500.000000000000000
       483     3500.000000000000000
       484     3500.000000000000000
       485     3500.000000000000000
       486     3500.000000000000000
       487     3500.000000000000000
       488     2500.000000000000000
       489     3000.000000000000000
       490     2500.000000000000000
       491     3000.000000000000000
       492     2500.000000000000000
       493     3000.000000000000000
       494     2500.000000000000000
       495     3000.000000000000000
       496     2500.000000000000000
       497     3000.000000000000000
       498     2500.000000000000000
       499     3000.000000000000000
       500     3500.000000000000000
       501     3500.000000000000000
       502     3500.000000000000000
       503     3500.000000000000000
       504     3500.000000000000000
       505     3500.000000000000000
       506     2500.000000000000000
       507     3000.000000000000000
       508     2500.000000000000000
       509     3000.000000000000000
       510     2500.000000000000000
       511     3000.000000000000000
       512     2500.000000000000000
       513     3000.000000000000000
       514     2500.000000000000000
       515     3000.000000000000000
       516     2500.000000000000000
       517     3000.000000000000000
       518     3500.000000000000000
       519     3500.000000000000000
       520     3500.000000000000000
       521     3500.000000000000000
       522     3500.000000000000000
       523     3500.000000000000000
       524     2500.000000000000000
       525     3000.000000000000000
       526     2500.000000000000000
       527     3000.000000000000000
       528     2500.000000000000000
       529     3000.000000000000000
       530     2500.000000000000000
       531     3000.000000000000000
       532     2500.000000000000000
       533     3000.000000000000000
       534     2500.000000000000000
       535     3000.000000000000000
       536     3500.000000000000000
       537     3500.000000000000000
       538     3500.000000000000000
       539     3500.000000000000000
       540     3500.000000000000000
       541     2500.000000000000000
       542     3000.000000000000000
       543     2500.000000000000000
       544     3000.000000000000000
       545     2500.000000000000000
       546     3000.000000000000000
       547     2500.000000000000000
       548     3000.000000000000000
       549     2500.000000000000000
       550     3000.000000000000000
       551     3500.000000000000000
       552     3500.000000000000000
       553     3500.000000000000000
       554     3500.000000000000000
       555     3500.000000000000000
       556     2500.000000000000000
       557     3000.000000000000000
       558     2500.000000000000000
       559     3000.000000000000000
       560     3500.000000000000000
       561     3500.000000000000000
       562     1923.076923076919911
       563     1346.153846153850054
       564      769.230769230769056
       565     1923.076923076919911
       566     1346.153846153850054
       567      769.230769230769056
       568     1923.076923076919911
       569     1346.153846153850054
       570      769.230769230768033
       571     1923.076923076919911
       572     1346.153846153850054
       573     1923.076923076919911
       574     1346.153846153850054
       575      769.230769230769056
       576      192.307692307692008
       577     1923.076923076919911
       578     1346.153846153850054
       579      769.230769230769056
       580      192.307692307692008
       581     1923.076923076919911
       582     1346.153846153850054
       583      769.230769230768033
       584      192.307692307692008
       585     1923.076923076919911
       586     1346.153846153850054
       587      769.230769230769056
       588      192.307692307692008
       589     1923.076923076919911
       590     1346.153846153850054
       591      769.230769230769056
       592     1923.076923076919911
       593     1346.153846153850054
       594     1923.076923076919911
       595     1346.153846153850054
       596      769.230769230768033
       597     1923.076923076919911
       598     1346.153846153850054
       599      769.230769230769056
       600     1923.076923076919911
       601     1346.153846153850054
       602      769.230769230769056
       603      192.307692307693003
       604     1923.076923076919911
       605     1346.153846153850054
       606      769.230769230769056
       607      192.307692307692008
       608     -384.615384615385040
       609     1923.076923076919911
       610     1346.153846153850054
       611      769.230769230768033
       612      192.307692307692008
       613     -384.615384615384016
       614     1923.076923076919911
       615     1346.153846153850054
       616      769.230769230769056
       617      192.307692307692008
       618     -384.615384615385040
       619     1923.076923076919911
       620     1346.153846153850054
       621      769.230769230769056
       622      192.307692307692008
       623     1923.076923076919911
       624     1346.153846153850054
       625     1923.076923076919911
       626     1346.153846153850054
       627      769.230769230769056
       628     1923.076923076919911
       629     1346.153846153850054
       630      769.230769230768033
       631     1923.076923076919911
       632     1346.153846153850054
       633      769.230769230768033
       634      192.307692307692008
       635     1923.076923076919911
       636     1346.153846153850054
       637      769.230769230768033
       638      192.307692307693003
       639     1923.076923076919911
       640     1346.153846153840050
       641      769.230769230769056
       642      192.307692307693003
       643     -384.615384615385040
       644     1923.076923076919911
       645     1346.153846153850054
       646      769.230769230768033
       647      192.307692307692008
       648     -384.615384615385040
       649     -961.538461538460979
       650     1923.076923076919911
       651     1346.153846153850054
       652      769.230769230769056
       653      192.307692307692008
       654     -384.615384615385040
       655     -961.538461538460979
       656     1923.076923076919911
       657     1346.153846153850054
       658      769.230769230768033
       659      192.307692307692008
       660     -384.615384615385040
       661     1923.076923076919911
       662     1346.153846153850054
       663     1923.076923076919911
       664     1346.153846153850054
       665      769.230769230768033
       666     1923.076923076919911
       667     1346.153846153850054
       668      769.230769230769056
       669      192.307692307692008
       670     1923.076923076919911
       671     1346.153846153850054
       672      769.230769230769056
       673      192.307692307692008
       674     1923.076923076919911
       675     1346.153846153850054
       676      769.230769230769056
       677      192.307692307693003
       678     -384.615384615386006
       679     1923.076923076919911
       680     1346.153846153850054
       681      769.230769230769056
       682      192.307692307692008
       683     -384.615384615385040
       684     1923.076923076919911
       685     1346.153846153850054
       686      769.230769230768033
       687      192.307692307692008
       688     -384.615384615385040
       689     -961.538461538462002
       690     1923.076923076919911
       691     1346.153846153850054
       692      769.230769230769056
       693      192.307692307692008
       694     -384.615384615385040
       695     -961.538461538462002
       696     1923.076923076919911
       697     1346.153846153850054
       698      769.230769230768033
       699      192.307692307692008
       700     -384.615384615385040
       701     1923.076923076919911
       702     1346.153846153850054
       703     1923.076923076919911
       704     1346.153846153850054
       705      769.230769230769056
       706     1923.076923076919911
       707     1346.153846153850054
       708      769.230769230769056
       709      192.307692307692008
       710     1923.076923076919911
       711     1346.153846153850054
       712      769.230769230768033
       713      192.307692307692008
       714     -384.615384615385040
       715     1923.076923076919911
       716     1346.153846153850054
       717      769.230769230768033
       718      192.307692307692008
       719     -384.615384615386006
       720     1923.076923076919911
       721     1346.153846153850054
       722      769.230769230769056
       723      192.307692307692008
       724     -384.615384615385040
       725     -961.538461538462002
       726     1923.076923076919911
       727     1346.153846153850054
       728      769.230769230768033
       729      192.307692307692008
       730     -384.615384615386006
       731     -961.538461538462002
       732     1923.076923076919911
       733     1346.153846153850054
       734      769.230769230769056
       735      192.307692307692008
       736     -384.615384615386006
       737     -961.538461538460979
       738     1923.076923076919911
       739     1346.153846153850054
       740      769.230769230768033
       741      192.307692307692008
       742     -384.615384615386006
       743     1346.153846153850054
       744     1923.076923076919911
       745      769.230769230769056
       746     1346.153846153850054
       747     1923.076923076919911
       748      192.307692307692008
       749      769.230769230769056
       750     1346.153846153850054
       751     1923.076923076919911
       752      192.307692307692008
       753      769.230769230769056
       754      769.230769230769056
       755     1346.153846153850054
       756     1346.153846153850054
       757     1923.076923076919911
       758     1923.076923076919911
       759      192.307692307691013
       760      769.230769230769056
       761      769.230769230769056
       762     1346.153846153850054
       763     1346.153846153850054
       764     1923.076923076919911
       765     1923.076923076919911
