         759
         1     4000.000000000000000
         2     4500.000000000000000
         3     4000.000000000000000
         4     4500.000000000000000
         5     4000.000000000000000
         6     4500.000000000000000
         7     4000.000000000000000
         8     4500.000000000000000
         9     4000.000000000000000
        10     4500.000000000000000
        11     4000.000000000000000
        12     4500.000000000000000
        13     4000.000000000000000
        14     4500.000000000000000
        15     5000.000000000000000
        16     5000.000000000000000
        17     5000.000000000000000
        18     5000.000000000000000
        19     5000.000000000000000
        20     5000.000000000000000
        21     5000.000000000000000
        22     2500.000000000000000
        23     3000.000000000000000
        24     2500.000000000000000
        25     3000.000000000000000
        26     2500.000000000000000
        27     3000.000000000000000
        28     2500.000000000000000
        29     3000.000000000000000
        30     2500.000000000000000
        31     3000.000000000000000
        32     2500.000000000000000
        33     3000.000000000000000
        34     2500.000000000000000
        35     3000.000000000000000
        36     3500.000000000000000
        37     3500.000000000000000
        38     3500.000000000000000
        39     3500.000000000000000
        40     3500.000000000000000
        41     3500.000000000000000
        42     3500.000000000000000
        43      769.230769230769056
        44      769.230769230769056
        45      769.230769230769056
        46      769.230769230769056
        47      769.230769230769056
        48      769.230769230769056
        49      769.230769230769056
        50     1346.153846153850054
        51     1346.153846153850054
        52     1346.153846153850054
        53     1346.153846153850054
        54     1346.153846153850054
        55     1346.153846153850054
        56     1346.153846153850054
        57     1923.076923076919911
        58     1923.076923076919911
        59     1923.076923076919911
        60     1923.076923076919911
        61     1923.076923076919911
        62     1923.076923076919911
        63     1923.076923076919911
        64     4000.000000000000000
        65     4500.000000000000000
        66     4000.000000000000000
        67     4500.000000000000000
        68     4000.000000000000000
        69     4500.000000000000000
        70     4000.000000000000000
        71     4500.000000000000000
        72     4000.000000000000000
        73     4500.000000000000000
        74     4000.000000000000000
        75     4500.000000000000000
        76     4000.000000000000000
        77     4500.000000000000000
        78     4000.000000000000000
        79     4500.000000000000000
        80     4000.000000000000000
        81     4500.000000000000000
        82     4000.000000000000000
        83     4500.000000000000000
        84     4000.000000000000000
        85     4500.000000000000000
        86     4000.000000000000000
        87     4500.000000000000000
        88     5000.000000000000000
        89     5000.000000000000000
        90     5000.000000000000000
        91     5000.000000000000000
        92     5000.000000000000000
        93     5000.000000000000000
        94     5000.000000000000000
        95     5000.000000000000000
        96     5000.000000000000000
        97     5000.000000000000000
        98     5000.000000000000000
        99     5000.000000000000000
       100     4000.000000000000000
       101     4500.000000000000000
       102     4000.000000000000000
       103     4500.000000000000000
       104     4000.000000000000000
       105     4500.000000000000000
       106     4000.000000000000000
       107     4500.000000000000000
       108     4000.000000000000000
       109     4500.000000000000000
       110     4000.000000000000000
       111     4500.000000000000000
       112     5000.000000000000000
       113     5000.000000000000000
       114     5000.000000000000000
       115     5000.000000000000000
       116     5000.000000000000000
       117     5000.000000000000000
       118     4000.000000000000000
       119     4500.000000000000000
       120     4000.000000000000000
       121     4500.000000000000000
       122     4000.000000000000000
       123     4500.000000000000000
       124     4000.000000000000000
       125     4500.000000000000000
       126     4000.000000000000000
       127     4500.000000000000000
       128     4000.000000000000000
       129     4500.000000000000000
       130     5000.000000000000000
       131     5000.000000000000000
       132     5000.000000000000000
       133     5000.000000000000000
       134     5000.000000000000000
       135     5000.000000000000000
       136     4000.000000000000000
       137     4500.000000000000000
       138     4000.000000000000000
       139     4500.000000000000000
       140     4000.000000000000000
       141     4500.000000000000000
       142     4000.000000000000000
       143     4500.000000000000000
       144     4000.000000000000000
       145     4500.000000000000000
       146     4000.000000000000000
       147     4500.000000000000000
       148     5000.000000000000000
       149     5000.000000000000000
       150     5000.000000000000000
       151     5000.000000000000000
       152     5000.000000000000000
       153     5000.000000000000000
       154     4000.000000000000000
       155     4500.000000000000000
       156     4000.000000000000000
       157     4500.000000000000000
       158     4000.000000000000000
       159     4500.000000000000000
       160     4000.000000000000000
       161     4500.000000000000000
       162     4000.000000000000000
       163     4500.000000000000000
       164     4000.000000000000000
       165     4500.000000000000000
       166     5000.000000000000000
       167     5000.000000000000000
       168     5000.000000000000000
       169     5000.000000000000000
       170     5000.000000000000000
       171     5000.000000000000000
       172     4000.000000000000000
       173     4500.000000000000000
       174     4000.000000000000000
       175     4500.000000000000000
       176     4000.000000000000000
       177     4500.000000000000000
       178     4000.000000000000000
       179     4500.000000000000000
       180     4000.000000000000000
       181     4500.000000000000000
       182     4000.000000000000000
       183     4500.000000000000000
       184     5000.000000000000000
       185     5000.000000000000000
       186     5000.000000000000000
       187     5000.000000000000000
       188     5000.000000000000000
       189     5000.000000000000000
       190     4000.000000000000000
       191     4500.000000000000000
       192     4000.000000000000000
       193     4500.000000000000000
       194     4000.000000000000000
       195     4500.000000000000000
       196     4000.000000000000000
       197     4500.000000000000000
       198     4000.000000000000000
       199     4500.000000000000000
       200     4000.000000000000000
       201     4500.000000000000000
       202     5000.000000000000000
       203     5000.000000000000000
       204     5000.000000000000000
       205     5000.000000000000000
       206     5000.000000000000000
       207     5000.000000000000000
       208     4000.000000000000000
       209     4500.000000000000000
       210     4000.000000000000000
       211     4500.000000000000000
       212     4000.000000000000000
       213     4500.000000000000000
       214     4000.000000000000000
       215     4500.000000000000000
       216     4000.000000000000000
       217     4500.000000000000000
       218     4000.000000000000000
       219     4500.000000000000000
       220     5000.000000000000000
       221     5000.000000000000000
       222     5000.000000000000000
       223     5000.000000000000000
       224     5000.000000000000000
       225     5000.000000000000000
       226     4000.000000000000000
       227     4500.000000000000000
       228     4000.000000000000000
       229     4500.000000000000000
       230     4000.000000000000000
       231     4500.000000000000000
       232     4000.000000000000000
       233     4500.000000000000000
       234     4000.000000000000000
       235     4500.000000000000000
       236     4000.000000000000000
       237     4500.000000000000000
       238     5000.000000000000000
       239     5000.000000000000000
       240     5000.000000000000000
       241     5000.000000000000000
       242     5000.000000000000000
       243     5000.000000000000000
       244     4000.000000000000000
       245     4500.000000000000000
       246     4000.000000000000000
       247     4500.000000000000000
       248     4000.000000000000000
       249     4500.000000000000000
       250     5000.000000000000000
       251     5000.000000000000000
       252     5000.000000000000000
       253     2500.000000000000000
       254     3000.000000000000000
       255     2500.000000000000000
       256     3000.000000000000000
       257     2500.000000000000000
       258     3000.000000000000000
       259     2500.000000000000000
       260     3000.000000000000000
       261     2500.000000000000000
       262     3000.000000000000000
       263     2500.000000000000000
       264     3000.000000000000000
       265     2500.000000000000000
       266     3000.000000000000000
       267     2500.000000000000000
       268     3000.000000000000000
       269     2500.000000000000000
       270     3000.000000000000000
       271     2500.000000000000000
       272     3000.000000000000000
       273     2500.000000000000000
       274     3000.000000000000000
       275     2500.000000000000000
       276     3000.000000000000000
       277     3500.000000000000000
       278     3500.000000000000000
       279     3500.000000000000000
       280     3500.000000000000000
       281     3500.000000000000000
       282     3500.000000000000000
       283     3500.000000000000000
       284     3500.000000000000000
       285     3500.000000000000000
       286     3500.000000000000000
       287     3500.000000000000000
       288     3500.000000000000000
       289     2500.000000000000000
       290     3000.000000000000000
       291     2500.000000000000000
       292     3000.000000000000000
       293     2500.000000000000000
       294     3000.000000000000000
       295     2500.000000000000000
       296     3000.000000000000000
       297     2500.000000000000000
       298     3000.000000000000000
       299     2500.000000000000000
       300     3000.000000000000000
       301     3500.000000000000000
       302     3500.000000000000000
       303     3500.000000000000000
       304     3500.000000000000000
       305     3500.000000000000000
       306     3500.000000000000000
       307     2500.000000000000000
       308     3000.000000000000000
       309     2500.000000000000000
       310     3000.000000000000000
       311     2500.000000000000000
       312     3000.000000000000000
       313     2500.000000000000000
       314     3000.000000000000000
       315     2500.000000000000000
       316     3000.000000000000000
       317     2500.000000000000000
       318     3000.000000000000000
       319     3500.000000000000000
       320     3500.000000000000000
       321     3500.000000000000000
       322     3500.000000000000000
       323     3500.000000000000000
       324     3500.000000000000000
       325     2500.000000000000000
       326     3000.000000000000000
       327     2500.000000000000000
       328     3000.000000000000000
       329     2500.000000000000000
       330     3000.000000000000000
       331     2500.000000000000000
       332     3000.000000000000000
       333     2500.000000000000000
       334     3000.000000000000000
       335     2500.000000000000000
       336     3000.000000000000000
       337     3500.000000000000000
       338     3500.000000000000000
       339     3500.000000000000000
       340     3500.000000000000000
       341     3500.000000000000000
       342     3500.000000000000000
       343     2500.000000000000000
       344     3000.000000000000000
       345     2500.000000000000000
       346     3000.000000000000000
       347     2500.000000000000000
       348     3000.000000000000000
       349     2500.000000000000000
       350     3000.000000000000000
       351     2500.000000000000000
       352     3000.000000000000000
       353     2500.000000000000000
       354     3000.000000000000000
       355     2500.000000000000000
       356     3500.000000000000000
       357     3500.000000000000000
       358     3500.000000000000000
       359     3500.000000000000000
       360     3500.000000000000000
       361     3500.000000000000000
       362     2500.000000000000000
       363     3000.000000000000000
       364     2500.000000000000000
       365     3000.000000000000000
       366     2500.000000000000000
       367     3000.000000000000000
       368     2500.000000000000000
       369     3000.000000000000000
       370     2500.000000000000000
       371     3000.000000000000000
       372     2500.000000000000000
       373     3000.000000000000000
       374     2500.000000000000000
       375     3000.000000000000000
       376     3500.000000000000000
       377     3500.000000000000000
       378     3500.000000000000000
       379     3500.000000000000000
       380     3500.000000000000000
       381     3500.000000000000000
       382     2500.000000000000000
       383     3000.000000000000000
       384     2500.000000000000000
       385     3000.000000000000000
       386     2500.000000000000000
       387     3000.000000000000000
       388     2500.000000000000000
       389     3000.000000000000000
       390     2500.000000000000000
       391     3000.000000000000000
       392     2500.000000000000000
       393     3000.000000000000000
       394     2500.000000000000000
       395     3000.000000000000000
       396     3500.000000000000000
       397     3500.000000000000000
       398     3500.000000000000000
       399     3500.000000000000000
       400     3500.000000000000000
       401     3500.000000000000000
       402     3500.000000000000000
       403     2500.000000000000000
       404     3000.000000000000000
       405     2500.000000000000000
       406     3000.000000000000000
       407     2500.000000000000000
       408     3000.000000000000000
       409     2500.000000000000000
       410     3000.000000000000000
       411     2500.000000000000000
       412     3000.000000000000000
       413     2500.000000000000000
       414     3000.000000000000000
       415     2500.000000000000000
       416     3000.000000000000000
       417     3500.000000000000000
       418     3500.000000000000000
       419     3500.000000000000000
       420     3500.000000000000000
       421     3500.000000000000000
       422     3500.000000000000000
       423     3500.000000000000000
       424     2500.000000000000000
       425     3000.000000000000000
       426     2500.000000000000000
       427     3000.000000000000000
       428     2500.000000000000000
       429     3000.000000000000000
       430     2500.000000000000000
       431     3000.000000000000000
       432     2500.000000000000000
       433     3000.000000000000000
       434     2500.000000000000000
       435     3000.000000000000000
       436     3500.000000000000000
       437     3500.000000000000000
       438     3500.000000000000000
       439     3500.000000000000000
       440     3500.000000000000000
       441     3500.000000000000000
       442     2500.000000000000000
       443     3000.000000000000000
       444     2500.000000000000000
       445     3000.000000000000000
       446     2500.000000000000000
       447     3000.000000000000000
       448     3500.000000000000000
       449     3500.000000000000000
       450     3500.000000000000000
       451     1346.153846153850054
       452      769.230769230769056
       453     1923.076923076919911
       454     1346.153846153850054
       455      769.230769230769056
       456      192.307692307693003
       457     1923.076923076919911
       458     1346.153846153850054
       459      769.230769230769056
       460      192.307692307692008
       461     1923.076923076919911
       462     1346.153846153850054
       463      769.230769230769056
       464      192.307692307693003
       465     1923.076923076919911
       466     1346.153846153850054
       467      769.230769230769056
       468      192.307692307693003
       469     1923.076923076919911
       470     1346.153846153850054
       471      769.230769230769056
       472     1923.076923076919911
       473     1923.076923076919911
       474     1346.153846153850054
       475     1346.153846153850054
       476      769.230769230769056
       477      769.230769230769056
       478      192.307692307693003
       479      192.307692307693003
       480     1923.076923076919911
       481     1346.153846153850054
       482      769.230769230769056
       483      192.307692307693003
       484     1923.076923076919911
       485     1346.153846153850054
       486      769.230769230769056
       487      192.307692307693003
       488     1923.076923076919911
       489     1346.153846153850054
       490      769.230769230769056
       491      192.307692307693003
       492     -384.615384615384016
       493     1923.076923076919911
       494     1346.153846153850054
       495      769.230769230769056
       496      192.307692307693003
       497     -384.615384615384016
       498     1923.076923076919911
       499     1346.153846153850054
       500      769.230769230769056
       501      192.307692307693003
       502     -384.615384615384016
       503     1923.076923076919911
       504     1346.153846153850054
       505      769.230769230769056
       506      192.307692307693003
       507     -384.615384615384016
       508     1923.076923076919911
       509     1346.153846153850054
       510      769.230769230769056
       511      192.307692307692008
       512     1923.076923076919911
       513     1346.153846153850054
       514      769.230769230769056
       515     1923.076923076919911
       516     1923.076923076919911
       517     1346.153846153850054
       518     1346.153846153850054
       519      769.230769230770079
       520      769.230769230769056
       521      192.307692307692008
       522      192.307692307693003
       523     -384.615384615384016
       524     -384.615384615385040
       525     1923.076923076919911
       526     1346.153846153850054
       527      769.230769230769056
       528      192.307692307692008
       529     -384.615384615384016
       530     1923.076923076919911
       531     1346.153846153850054
       532      769.230769230770079
       533      192.307692307693003
       534     -384.615384615385040
       535     1923.076923076919911
       536     1346.153846153850054
       537      769.230769230770079
       538      192.307692307693003
       539     -384.615384615384016
       540     -961.538461538462002
       541     1923.076923076919911
       542     1346.153846153850054
       543      769.230769230769056
       544      192.307692307692008
       545     -384.615384615384016
       546     -961.538461538460979
       547     1923.076923076919911
       548     1346.153846153850054
       549      769.230769230769056
       550      192.307692307692008
       551     -384.615384615384016
       552     -961.538461538462002
       553     1923.076923076919911
       554     1346.153846153850054
       555      769.230769230769056
       556      192.307692307692008
       557     -384.615384615384016
       558     1923.076923076919911
       559     1346.153846153850054
       560      769.230769230769056
       561      192.307692307692008
       562     1923.076923076919911
       563     1346.153846153850054
       564      769.230769230770079
       565     1923.076923076919911
       566     1346.153846153850054
       567     1923.076923076919911
       568     1923.076923076919911
       569     1346.153846153850054
       570     1346.153846153850054
       571      769.230769230769056
       572      769.230769230769056
       573      192.307692307693003
       574      192.307692307693003
       575     -384.615384615384016
       576     -384.615384615385040
       577     1923.076923076919911
       578     1346.153846153850054
       579      769.230769230769056
       580      192.307692307693003
       581     -384.615384615384016
       582     -961.538461538462002
       583     1923.076923076919911
       584     1346.153846153850054
       585      769.230769230769056
       586      192.307692307693003
       587     -384.615384615385040
       588     -961.538461538462002
       589     1923.076923076919911
       590     1346.153846153850054
       591      769.230769230769056
       592      192.307692307693003
       593     -384.615384615385040
       594     -961.538461538462002
       595     1923.076923076919911
       596     1346.153846153850054
       597      769.230769230769056
       598      192.307692307693003
       599     -384.615384615385040
       600     -961.538461538460979
       601     1923.076923076919911
       602     1346.153846153850054
       603      769.230769230769056
       604      192.307692307693003
       605     -384.615384615385040
       606     -961.538461538462002
       607     1923.076923076919911
       608     1346.153846153850054
       609      769.230769230769056
       610      192.307692307693003
       611     -384.615384615385040
       612     1923.076923076919911
       613     1346.153846153850054
       614      769.230769230769056
       615      192.307692307693003
       616     1923.076923076919911
       617     1346.153846153850054
       618      769.230769230769056
       619     1923.076923076919911
       620     1346.153846153850054
       621     1923.076923076919911
       622     1923.076923076919911
       623     1346.153846153850054
       624     1346.153846153850054
       625      769.230769230769056
       626      769.230769230768033
       627      192.307692307693003
       628      192.307692307693003
       629     -384.615384615385040
       630     -384.615384615385040
       631     1923.076923076919911
       632     1346.153846153850054
       633      769.230769230769056
       634      192.307692307692008
       635     -384.615384615384016
       636     -961.538461538460979
       637     1923.076923076919911
       638     1346.153846153850054
       639      769.230769230769056
       640      192.307692307693003
       641     -384.615384615384016
       642     -961.538461538462002
       643     1923.076923076919911
       644     1346.153846153850054
       645      769.230769230769056
       646      192.307692307693003
       647     -384.615384615385040
       648     -961.538461538460979
       649     1923.076923076919911
       650     1346.153846153850054
       651      769.230769230769056
       652      192.307692307693003
       653     -384.615384615385040
       654     -961.538461538460979
       655     1923.076923076919911
       656     1346.153846153850054
       657      769.230769230769056
       658      192.307692307693003
       659     -384.615384615385040
       660     -961.538461538460979
       661     1923.076923076919911
       662     1346.153846153850054
       663      769.230769230769056
       664      192.307692307693003
       665     -384.615384615384016
       666     1923.076923076919911
       667     1346.153846153850054
       668      769.230769230769056
       669      192.307692307692008
       670     1923.076923076919911
       671     1346.153846153850054
       672      769.230769230769056
       673     1923.076923076919911
       674     1346.153846153850054
       675     1923.076923076919911
       676     1923.076923076919911
       677     1346.153846153850054
       678     1346.153846153850054
       679      769.230769230769056
       680      769.230769230768033
       681      192.307692307693003
       682      192.307692307693003
       683     -384.615384615384016
       684     -384.615384615384016
       685     1923.076923076919911
       686     1346.153846153850054
       687      769.230769230769056
       688      192.307692307693003
       689     -384.615384615384016
       690     1923.076923076919911
       691     1346.153846153850054
       692      769.230769230769056
       693      192.307692307693003
       694     -384.615384615384016
       695     1923.076923076919911
       696     1346.153846153850054
       697      769.230769230768033
       698      192.307692307693003
       699     -384.615384615385040
       700     1923.076923076919911
       701     1346.153846153850054
       702      769.230769230769056
       703      192.307692307693003
       704     -384.615384615384016
       705     1923.076923076919911
       706     1346.153846153850054
       707      769.230769230769056
       708      192.307692307693003
       709     -384.615384615385040
       710     1923.076923076919911
       711     1346.153846153850054
       712      769.230769230768033
       713      192.307692307693003
       714     -384.615384615384016
       715     1923.076923076919911
       716     1346.153846153850054
       717      769.230769230769056
       718      192.307692307693003
       719     1923.076923076919911
       720     1346.153846153850054
       721      769.230769230769056
       722     1923.076923076919911
       723     1923.076923076919911
       724     1346.153846153850054
       725     1346.153846153850054
       726      769.230769230769056
       727      769.230769230768033
       728      192.307692307693003
       729      192.307692307693003
       730     1923.076923076919911
       731     1346.153846153850054
       732      769.230769230769056
       733      192.307692307692008
       734     1923.076923076919911
       735     1346.153846153850054
       736      769.230769230769056
       737      192.307692307693003
       738     1923.076923076919911
       739     1346.153846153850054
       740      769.230769230768033
       741      192.307692307693003
       742     1923.076923076919911
       743     1346.153846153850054
       744      769.230769230769056
       745      192.307692307693003
       746     1923.076923076919911
       747     1346.153846153850054
       748      769.230769230769056
       749      192.307692307693003
       750     1923.076923076919911
       751     1346.153846153850054
       752      769.230769230768033
       753      192.307692307693003
       754     1923.076923076919911
       755     1346.153846153850054
       756      769.230769230769056
       757      192.307692307692008
       758     1923.076923076919911
       759     1346.153846153850054
