         803
         1    -2352.941176470590108
         2    -2352.941176470590108
         3    -2352.941176470590108
         4    -2352.941176470590108
         5    -2352.941176470590108
         6    -2352.941176470590108
         7    -1764.705882352940080
         8    -1764.705882352940080
         9    -1764.705882352940080
        10    -1764.705882352940080
        11    -1764.705882352940080
        12    -1764.705882352940080
        13    -1764.705882352940080
        14    -1764.705882352940080
        15    -1764.705882352940080
        16    -1764.705882352940080
        17    -1176.470588235290052
        18    -1176.470588235290052
        19    -1176.470588235290052
        20    -1176.470588235290052
        21    -1176.470588235290052
        22    -1176.470588235290052
        23    -1176.470588235290052
        24    -1176.470588235290052
        25    -1176.470588235290052
        26    -1176.470588235290052
        27    -1176.470588235290052
        28    -1176.470588235290052
        29    -1176.470588235290052
        30    -1176.470588235290052
        31     -588.235294117646959
        32     -588.235294117646959
        33     -588.235294117646959
        34     -588.235294117646959
        35     -588.235294117646959
        36     -588.235294117646959
        37     -588.235294117646959
        38     -588.235294117646959
        39     -588.235294117646959
        40     -588.235294117646959
        41     -588.235294117646959
        42     -588.235294117646959
        43     -588.235294117646959
        44     -588.235294117646959
        45     -588.235294117646959
        46     -588.235294117646959
        47     -588.235294117646959
        48     -588.235294117646959
        49        0.000000000000000
        50        0.000000000000000
        51        0.000000000000000
        52        0.000000000000000
        53        0.000000000000000
        54        0.000000000000000
        55        0.000000000000000
        56        0.000000000000000
        57        0.000000000000000
        58        0.000000000000000
        59        0.000000000000000
        60        0.000000000000000
        61        0.000000000000000
        62        0.000000000000000
        63        0.000000000000000
        64        0.000000000000000
        65        0.000000000000000
        66        0.000000000000000
        67    -2352.941176470590108
        68    -2352.941176470590108
        69    -2352.941176470590108
        70    -1764.705882352940080
        71    -1764.705882352940080
        72    -1764.705882352940080
        73    -1764.705882352940080
        74    -1764.705882352940080
        75    -1176.470588235290052
        76    -1176.470588235290052
        77    -1176.470588235290052
        78    -1176.470588235290052
        79    -1176.470588235290052
        80    -1176.470588235290052
        81    -1176.470588235290052
        82    -1176.470588235290052
        83     -588.235294117646959
        84     -588.235294117646959
        85     -588.235294117646959
        86     -588.235294117646959
        87     -588.235294117646959
        88     -588.235294117646959
        89     -588.235294117646959
        90     -588.235294117646959
        91     -588.235294117646959
        92        0.000000000000000
        93        0.000000000000000
        94        0.000000000000000
        95        0.000000000000000
        96        0.000000000000000
        97        0.000000000000000
        98        0.000000000000000
        99        0.000000000000000
       100        0.000000000000000
       101    -2352.941176470590108
       102    -2352.941176470590108
       103    -2352.941176470590108
       104    -1764.705882352940080
       105    -1764.705882352940080
       106    -1764.705882352940080
       107    -1764.705882352940080
       108    -1764.705882352940080
       109    -1764.705882352940080
       110    -1176.470588235290052
       111    -1176.470588235290052
       112    -1176.470588235290052
       113    -1176.470588235290052
       114    -1176.470588235290052
       115    -1176.470588235290052
       116    -1176.470588235290052
       117    -1176.470588235290052
       118    -1176.470588235290052
       119     -588.235294117646959
       120     -588.235294117646959
       121     -588.235294117646959
       122     -588.235294117646959
       123     -588.235294117646959
       124     -588.235294117646959
       125     -588.235294117646959
       126     -588.235294117646959
       127     -588.235294117646959
       128     -588.235294117646959
       129        0.000000000000000
       130        0.000000000000000
       131        0.000000000000000
       132        0.000000000000000
       133        0.000000000000000
       134        0.000000000000000
       135        0.000000000000000
       136        0.000000000000000
       137        0.000000000000000
       138        0.000000000000000
       139    -2352.941176470590108
       140    -2352.941176470590108
       141    -2352.941176470590108
       142    -2352.941176470590108
       143    -1764.705882352940080
       144    -1764.705882352940080
       145    -1764.705882352940080
       146    -1764.705882352940080
       147    -1764.705882352940080
       148    -1764.705882352940080
       149    -1764.705882352940080
       150    -1176.470588235290052
       151    -1176.470588235290052
       152    -1176.470588235290052
       153    -1176.470588235290052
       154    -1176.470588235290052
       155    -1176.470588235290052
       156    -1176.470588235290052
       157    -1176.470588235290052
       158    -1176.470588235290052
       159    -1176.470588235290052
       160     -588.235294117646959
       161     -588.235294117646959
       162     -588.235294117646959
       163     -588.235294117646959
       164     -588.235294117646959
       165     -588.235294117646959
       166     -588.235294117646959
       167     -588.235294117646959
       168     -588.235294117646959
       169     -588.235294117646959
       170     -588.235294117646959
       171     -588.235294117646959
       172     -588.235294117646959
       173        0.000000000000000
       174        0.000000000000000
       175        0.000000000000000
       176        0.000000000000000
       177        0.000000000000000
       178        0.000000000000000
       179        0.000000000000000
       180        0.000000000000000
       181        0.000000000000000
       182        0.000000000000000
       183        0.000000000000000
       184        0.000000000000000
       185        0.000000000000000
       186    -2941.176470588240136
       187    -2941.176470588240136
       188    -2352.941176470590108
       189    -2352.941176470590108
       190    -2352.941176470590108
       191    -2352.941176470590108
       192    -2352.941176470590108
       193    -1764.705882352940080
       194    -1764.705882352940080
       195    -1764.705882352940080
       196    -1764.705882352940080
       197    -1764.705882352940080
       198    -1764.705882352940080
       199    -1764.705882352940080
       200    -1764.705882352940080
       201    -1176.470588235290052
       202    -1176.470588235290052
       203    -1176.470588235290052
       204    -1176.470588235290052
       205    -1176.470588235290052
       206    -1176.470588235290052
       207    -1176.470588235290052
       208    -1176.470588235290052
       209    -1176.470588235290052
       210    -1176.470588235290052
       211    -1176.470588235290052
       212    -1176.470588235290052
       213     -588.235294117646959
       214     -588.235294117646959
       215     -588.235294117646959
       216     -588.235294117646959
       217     -588.235294117646959
       218     -588.235294117646959
       219     -588.235294117646959
       220     -588.235294117646959
       221     -588.235294117646959
       222     -588.235294117646959
       223     -588.235294117646959
       224     -588.235294117646959
       225     -588.235294117646959
       226        0.000000000000000
       227        0.000000000000000
       228        0.000000000000000
       229        0.000000000000000
       230        0.000000000000000
       231        0.000000000000000
       232        0.000000000000000
       233        0.000000000000000
       234        0.000000000000000
       235        0.000000000000000
       236        0.000000000000000
       237        0.000000000000000
       238        0.000000000000000
       239    -2941.176470588230131
       240    -2941.176470588230131
       241    -2941.176470588240136
       242    -2352.941176470590108
       243    -2352.941176470590108
       244    -2352.941176470590108
       245    -2352.941176470590108
       246    -2352.941176470590108
       247    -2352.941176470590108
       248    -1764.705882352940080
       249    -1764.705882352940080
       250    -1764.705882352940080
       251    -1764.705882352940080
       252    -1764.705882352940080
       253    -1764.705882352940080
       254    -1764.705882352940080
       255    -1764.705882352940080
       256    -1764.705882352940080
       257    -1764.705882352940080
       258    -1764.705882352940080
       259    -1176.470588235290052
       260    -1176.470588235290052
       261    -1176.470588235290052
       262    -1176.470588235290052
       263    -1176.470588235290052
       264    -1176.470588235290052
       265    -1176.470588235290052
       266    -1176.470588235290052
       267    -1176.470588235290052
       268    -1176.470588235290052
       269    -1176.470588235290052
       270    -1176.470588235290052
       271     -588.235294117646959
       272     -588.235294117646959
       273     -588.235294117646959
       274     -588.235294117646959
       275     -588.235294117646959
       276     -588.235294117646959
       277     -588.235294117646959
       278     -588.235294117646959
       279     -588.235294117646959
       280     -588.235294117646959
       281     -588.235294117646959
       282     -588.235294117646959
       283     -588.235294117646959
       284        0.000000000000000
       285        0.000000000000000
       286        0.000000000000000
       287        0.000000000000000
       288        0.000000000000000
       289        0.000000000000000
       290        0.000000000000000
       291        0.000000000000000
       292        0.000000000000000
       293        0.000000000000000
       294        0.000000000000000
       295        0.000000000000000
       296        0.000000000000000
       297    -2941.176470588240136
       298    -2941.176470588240136
       299    -2941.176470588240136
       300    -2352.941176470590108
       301    -2352.941176470590108
       302    -2352.941176470590108
       303    -2352.941176470590108
       304    -2352.941176470590108
       305    -2352.941176470590108
       306    -1764.705882352940080
       307    -1764.705882352940080
       308    -1764.705882352940080
       309    -1764.705882352940080
       310    -1764.705882352940080
       311    -1764.705882352940080
       312    -1764.705882352940080
       313    -1764.705882352940080
       314    -1764.705882352940080
       315    -1764.705882352940080
       316    -1764.705882352940080
       317    -1176.470588235290052
       318    -1176.470588235290052
       319    -1176.470588235290052
       320    -1176.470588235290052
       321    -1176.470588235290052
       322    -1176.470588235290052
       323    -1176.470588235290052
       324    -1176.470588235290052
       325    -1176.470588235290052
       326    -1176.470588235290052
       327    -1176.470588235290052
       328    -1176.470588235290052
       329     -588.235294117646959
       330     -588.235294117646959
       331     -588.235294117646959
       332     -588.235294117646959
       333     -588.235294117646959
       334     -588.235294117646959
       335     -588.235294117646959
       336     -588.235294117646959
       337     -588.235294117646959
       338     -588.235294117646959
       339     -588.235294117646959
       340     -588.235294117646959
       341     -588.235294117646959
       342        0.000000000000000
       343        0.000000000000000
       344        0.000000000000000
       345        0.000000000000000
       346        0.000000000000000
       347        0.000000000000000
       348        0.000000000000000
       349        0.000000000000000
       350        0.000000000000000
       351        0.000000000000000
       352        0.000000000000000
       353        0.000000000000000
       354        0.000000000000000
       355    -2352.941176470590108
       356    -2352.941176470590108
       357    -2352.941176470590108
       358    -2352.941176470590108
       359    -2352.941176470590108
       360    -1764.705882352940080
       361    -1764.705882352940080
       362    -1764.705882352940080
       363    -1764.705882352940080
       364    -1764.705882352940080
       365    -1764.705882352940080
       366    -1764.705882352940080
       367    -1764.705882352940080
       368    -1176.470588235290052
       369    -1176.470588235290052
       370    -1176.470588235290052
       371    -1176.470588235290052
       372    -1176.470588235290052
       373    -1176.470588235290052
       374    -1176.470588235290052
       375    -1176.470588235290052
       376    -1176.470588235290052
       377    -1176.470588235290052
       378    -1176.470588235290052
       379     -588.235294117646959
       380     -588.235294117646959
       381     -588.235294117646959
       382     -588.235294117646959
       383     -588.235294117646959
       384     -588.235294117646959
       385     -588.235294117646959
       386     -588.235294117646959
       387     -588.235294117646959
       388     -588.235294117646959
       389     -588.235294117646959
       390     -588.235294117646959
       391        0.000000000000000
       392        0.000000000000000
       393        0.000000000000000
       394        0.000000000000000
       395        0.000000000000000
       396        0.000000000000000
       397        0.000000000000000
       398        0.000000000000000
       399        0.000000000000000
       400        0.000000000000000
       401        0.000000000000000
       402        0.000000000000000
       403        0.000000000000000
       404    -1764.705882352940080
       405    -1764.705882352940080
       406    -1764.705882352940080
       407    -1764.705882352940080
       408    -1764.705882352940080
       409    -1176.470588235290052
       410    -1176.470588235290052
       411    -1176.470588235290052
       412    -1176.470588235290052
       413    -1176.470588235290052
       414    -1176.470588235290052
       415    -1176.470588235290052
       416     -588.235294117646959
       417     -588.235294117646959
       418     -588.235294117646959
       419     -588.235294117646959
       420     -588.235294117646959
       421     -588.235294117646959
       422     -588.235294117646959
       423     -588.235294117646959
       424     -588.235294117646959
       425     -588.235294117646959
       426     -588.235294117646959
       427        0.000000000000000
       428        0.000000000000000
       429        0.000000000000000
       430        0.000000000000000
       431        0.000000000000000
       432        0.000000000000000
       433        0.000000000000000
       434        0.000000000000000
       435        0.000000000000000
       436        0.000000000000000
       437        0.000000000000000
       438        0.000000000000000
       439    -1176.470588235290052
       440    -1176.470588235290052
       441    -1176.470588235290052
       442    -1176.470588235290052
       443     -588.235294117646959
       444     -588.235294117646959
       445     -588.235294117646959
       446     -588.235294117646959
       447     -588.235294117646959
       448     -588.235294117646959
       449        0.000000000000000
       450        0.000000000000000
       451        0.000000000000000
       452        0.000000000000000
       453        0.000000000000000
       454        0.000000000000000
       455        0.000000000000000
       456     -588.235294117646959
       457     -588.235294117646959
       458     -588.235294117646959
       459        0.000000000000000
       460        0.000000000000000
       461        0.000000000000000
       462        0.000000000000000
       463      588.235294117646959
       464      588.235294117646959
       465      588.235294117646959
       466      588.235294117646959
       467     1176.470588235290052
       468     1176.470588235290052
       469      588.235294117646959
       470      588.235294117646959
       471     1176.470588235290052
       472     1176.470588235290052
       473     1764.705882352940080
       474     1764.705882352940080
       475      588.235294117646959
       476      588.235294117646959
       477     1176.470588235290052
       478     1176.470588235290052
       479     1764.705882352940080
       480     1764.705882352940080
       481     2352.941176470590108
       482     2352.941176470590108
       483      588.235294117646959
       484      588.235294117646959
       485     1176.470588235290052
       486     1176.470588235290052
       487     1764.705882352940080
       488     1764.705882352940080
       489     2352.941176470590108
       490     2352.941176470590108
       491      588.235294117646959
       492      588.235294117646959
       493     1176.470588235290052
       494     1176.470588235290052
       495     1764.705882352940080
       496     1764.705882352940080
       497     2352.941176470590108
       498     2352.941176470590108
       499      588.235294117646959
       500      588.235294117646959
       501     1176.470588235290052
       502     1176.470588235290052
       503     1764.705882352940080
       504     1764.705882352940080
       505      588.235294117646959
       506      588.235294117646959
       507     1176.470588235290052
       508     1176.470588235290052
       509      588.235294117646959
       510      588.235294117646959
       511     1176.470588235290052
       512      588.235294117646959
       513     1176.470588235290052
       514     1764.705882352940080
       515      588.235294117646959
       516     1176.470588235290052
       517     1764.705882352940080
       518     2352.941176470590108
       519      588.235294117646959
       520     1176.470588235290052
       521     1764.705882352940080
       522     2352.941176470590108
       523      588.235294117646959
       524     1176.470588235290052
       525     1764.705882352940080
       526     2352.941176470590108
       527      588.235294117646959
       528     1176.470588235290052
       529     1764.705882352940080
       530      588.235294117646959
       531     1176.470588235290052
       532      588.235294117646959
       533      588.235294117646959
       534     1176.470588235290052
       535      588.235294117646959
       536     1176.470588235290052
       537      588.235294117646959
       538     1176.470588235290052
       539     1764.705882352940080
       540      588.235294117646959
       541     1176.470588235290052
       542     1764.705882352940080
       543     2352.941176470590108
       544      588.235294117646959
       545     1176.470588235290052
       546     1764.705882352940080
       547     2352.941176470590108
       548      588.235294117646959
       549     1176.470588235290052
       550     1764.705882352940080
       551     2352.941176470590108
       552      588.235294117646959
       553     1176.470588235290052
       554     1764.705882352940080
       555      588.235294117646959
       556     1176.470588235290052
       557      588.235294117646959
       558      588.235294117646959
       559     1176.470588235290052
       560      588.235294117646959
       561     1176.470588235290052
       562      588.235294117646959
       563     1176.470588235290052
       564     1764.705882352940080
       565      588.235294117646959
       566     1176.470588235290052
       567     1764.705882352940080
       568      588.235294117646959
       569     1176.470588235290052
       570     1764.705882352940080
       571     2352.941176470590108
       572      588.235294117646959
       573     1176.470588235290052
       574     1764.705882352940080
       575     2352.941176470590108
       576      588.235294117646959
       577     1176.470588235290052
       578     1764.705882352940080
       579     2352.941176470590108
       580      588.235294117646959
       581     1176.470588235290052
       582     1764.705882352940080
       583      588.235294117646959
       584     1176.470588235290052
       585      588.235294117646959
       586      588.235294117646959
       587      588.235294117646959
       588      588.235294117646959
       589     1176.470588235290052
       590      588.235294117646959
       591     1176.470588235290052
       592      588.235294117646959
       593     1176.470588235290052
       594     1764.705882352940080
       595      588.235294117646959
       596     1176.470588235290052
       597     1764.705882352940080
       598      588.235294117646959
       599     1176.470588235290052
       600     1764.705882352940080
       601     2352.941176470590108
       602      588.235294117646959
       603     1176.470588235290052
       604     1764.705882352940080
       605     2352.941176470590108
       606      588.235294117646959
       607     1176.470588235290052
       608     1764.705882352940080
       609     2352.941176470590108
       610     2941.176470588240136
       611      588.235294117646959
       612     1176.470588235290052
       613     1764.705882352940080
       614     2352.941176470590108
       615     2941.176470588240136
       616      588.235294117646959
       617     1176.470588235290052
       618     1764.705882352940080
       619     2352.941176470590108
       620      588.235294117646959
       621     1176.470588235290052
       622      588.235294117646959
       623      588.235294117646959
       624     1176.470588235290052
       625     1176.470588235299829
       626      588.235294117646959
       627     1176.470588235290052
       628      588.235294117646959
       629     1176.470588235290052
       630     1764.705882352940080
       631      588.235294117646959
       632     1176.470588235290052
       633     1764.705882352940080
       634      588.235294117646959
       635     1176.470588235290052
       636     1764.705882352940080
       637      588.235294117646959
       638     1176.470588235290052
       639     1764.705882352940080
       640     2352.941176470590108
       641      588.235294117646959
       642     1176.470588235290052
       643     1764.705882352940080
       644     2352.941176470590108
       645      588.235294117646959
       646     1176.470588235290052
       647     1764.705882352940080
       648     2352.941176470590108
       649     2941.176470588230131
       650      588.235294117646959
       651     1176.470588235290052
       652     1764.705882352940080
       653     2352.941176470590108
       654     2941.176470588240136
       655      588.235294117646959
       656     1176.470588235290052
       657     1764.705882352940080
       658     2352.941176470590108
       659     2941.176470588240136
       660      588.235294117646959
       661     1176.470588235290052
       662     1764.705882352940080
       663     2352.941176470590108
       664      588.235294117646959
       665     1176.470588235290052
       666     1764.705882352940080
       667      588.235294117646959
       668      588.235294117646959
       669     1176.470588235290052
       670     1176.470588235299829
       671      588.235294117646959
       672     1176.470588235290052
       673      588.235294117646959
       674     1176.470588235290052
       675     1764.705882352940080
       676      588.235294117646959
       677     1176.470588235290052
       678     1764.705882352940080
       679      588.235294117646959
       680     1176.470588235290052
       681     1764.705882352940080
       682     2352.941176470590108
       683      588.235294117646959
       684     1176.470588235290052
       685     1764.705882352940080
       686     2352.941176470590108
       687      588.235294117646959
       688     1176.470588235290052
       689     1764.705882352940080
       690     2352.941176470590108
       691     2941.176470588240136
       692      588.235294117646959
       693     1176.470588235290052
       694     1764.705882352940080
       695     2352.941176470590108
       696     2941.176470588240136
       697      588.235294117646959
       698     1176.470588235290052
       699     1764.705882352940080
       700     2352.941176470590108
       701     2941.176470588240136
       702      588.235294117646959
       703     1176.470588235290052
       704     1764.705882352940080
       705     2352.941176470590108
       706      588.235294117646959
       707     1176.470588235290052
       708     1764.705882352940080
       709     2352.941176470590108
       710      588.235294117646959
       711     1176.470588235290052
       712     1764.705882352940080
       713      588.235294117646959
       714      588.235294117646959
       715     1176.470588235290052
       716     1176.470588235299829
       717      588.235294117646959
       718     1176.470588235290052
       719      588.235294117646959
       720     1176.470588235290052
       721      588.235294117646959
       722     1176.470588235290052
       723     1764.705882352940080
       724      588.235294117646959
       725     1176.470588235290052
       726     1764.705882352940080
       727     2352.941176470590108
       728      588.235294117646959
       729     1176.470588235290052
       730     1764.705882352940080
       731     2352.941176470590108
       732      588.235294117646959
       733     1176.470588235290052
       734     1764.705882352940080
       735     2352.941176470590108
       736     2941.176470588240136
       737      588.235294117646959
       738     1176.470588235290052
       739     1764.705882352940080
       740     2352.941176470590108
       741     2941.176470588240136
       742      588.235294117646959
       743     1176.470588235290052
       744     1764.705882352940080
       745     2352.941176470590108
       746      588.235294117646959
       747     1176.470588235290052
       748     1764.705882352940080
       749     2352.941176470590108
       750      588.235294117646959
       751     1176.470588235290052
       752     1764.705882352940080
       753      588.235294117646959
       754     1176.470588235290052
       755      588.235294117646959
       756      588.235294117646959
       757      588.235294117646959
       758      588.235294117646959
       759      588.235294117646959
       760     1176.470588235290052
       761      588.235294117646959
       762     1176.470588235290052
       763     1764.705882352940080
       764      588.235294117646959
       765     1176.470588235290052
       766     1764.705882352940080
       767     2352.941176470590108
       768      588.235294117646959
       769     1176.470588235290052
       770     1764.705882352940080
       771     2352.941176470590108
       772      588.235294117646959
       773     1176.470588235290052
       774     1764.705882352940080
       775     2352.941176470590108
       776      588.235294117646959
       777     1176.470588235290052
       778     1764.705882352940080
       779     2352.941176470590108
       780      588.235294117646959
       781     1176.470588235290052
       782     1764.705882352940080
       783      588.235294117646959
       784     1176.470588235290052
       785      588.235294117646959
       786      588.235294117646959
       787     1176.470588235290052
       788      588.235294117646959
       789     1176.470588235290052
       790     1764.705882352940080
       791      588.235294117646959
       792     1176.470588235290052
       793     1764.705882352940080
       794      588.235294117646959
       795     1176.470588235290052
       796     1764.705882352940080
       797      588.235294117646959
       798     1176.470588235290052
       799      588.235294117646959
       800      588.235294117646959
       801     1176.470588235290052
       802      588.235294117646959
       803     1176.470588235290052
