         758
         1     -285.714285714285950
         2     -285.714285714285950
         3     -285.714285714285950
         4     -285.714285714285950
         5     -285.714285714285950
         6     -285.714285714285950
         7     -285.714285714285950
         8     -285.714285714284983
         9     -285.714285714285950
        10     -285.714285714285950
        11     -285.714285714285950
        12     -285.714285714284983
        13     -285.714285714285950
        14     -285.714285714285950
        15     -285.714285714285950
        16     -285.714285714285950
        17     -285.714285714285950
        18     -285.714285714285950
        19     -285.714285714285950
        20     -285.714285714285950
        21     -285.714285714285950
        22     -857.142857142856997
        23     -857.142857142856997
        24     -857.142857142856997
        25     -857.142857142856997
        26     -857.142857142856997
        27     -857.142857142856997
        28     -857.142857142856997
        29     -857.142857142856997
        30     -857.142857142856997
        31     -857.142857142856997
        32     -857.142857142856997
        33     -857.142857142856997
        34     -857.142857142856997
        35     -857.142857142856997
        36     -857.142857142856997
        37     -857.142857142856997
        38     -857.142857142856997
        39     -857.142857142856997
        40     -857.142857142856997
        41     -857.142857142856997
        42     -857.142857142856997
        43     -857.142857142856997
        44     -857.142857142856997
        45     -857.142857142856997
        46    -1428.571428571430033
        47    -1428.571428571430033
        48    -1428.571428571430033
        49    -1428.571428571430033
        50    -1428.571428571430033
        51    -1428.571428571430033
        52    -1428.571428571430033
        53    -1428.571428571430033
        54    -1428.571428571430033
        55    -1428.571428571430033
        56    -1428.571428571430033
        57    -1428.571428571430033
        58    -1428.571428571430033
        59    -1428.571428571430033
        60    -1428.571428571430033
        61    -1428.571428571430033
        62    -1428.571428571430033
        63    -1428.571428571430033
        64    -1428.571428571430033
        65    -1428.571428571430033
        66    -1428.571428571430033
        67    -1428.571428571430033
        68    -1428.571428571430033
        69    -1428.571428571430033
        70    -1428.571428571430033
        71    -1428.571428571430033
        72    -1428.571428571430033
        73    -2000.000000000000000
        74    -2000.000000000000000
        75    -2000.000000000000000
        76    -2000.000000000000000
        77    -2000.000000000000000
        78    -2000.000000000000000
        79    -2000.000000000000000
        80    -2000.000000000000000
        81    -2000.000000000000000
        82    -2000.000000000000000
        83    -2000.000000000000000
        84    -2000.000000000000000
        85    -2000.000000000000000
        86    -2000.000000000000000
        87    -2000.000000000000000
        88    -2000.000000000000000
        89    -2000.000000000000000
        90    -2000.000000000000000
        91    -2000.000000000000000
        92    -2000.000000000000000
        93    -2000.000000000000000
        94    -2000.000000000000000
        95    -2000.000000000000000
        96    -2000.000000000000000
        97    -2000.000000000000000
        98    -2000.000000000000000
        99    -2000.000000000000000
       100     -285.714285714285950
       101     -285.714285714285950
       102     -285.714285714285950
       103     -285.714285714285950
       104     -285.714285714285950
       105     -285.714285714285950
       106     -285.714285714285950
       107     -285.714285714284983
       108     -285.714285714285950
       109     -285.714285714284983
       110     -285.714285714284983
       111     -285.714285714285950
       112     -285.714285714285950
       113     -285.714285714285950
       114     -285.714285714284983
       115     -285.714285714284983
       116     -285.714285714284983
       117     -285.714285714285950
       118     -857.142857142856997
       119     -857.142857142856997
       120     -857.142857142856997
       121     -857.142857142856997
       122     -857.142857142856997
       123     -857.142857142856997
       124     -857.142857142856997
       125     -857.142857142856997
       126     -857.142857142856997
       127     -857.142857142856997
       128     -857.142857142856997
       129     -857.142857142856997
       130     -857.142857142856997
       131     -857.142857142855974
       132     -857.142857142856997
       133     -857.142857142856997
       134     -857.142857142856997
       135     -857.142857142856997
       136     -857.142857142856997
       137     -857.142857142856997
       138     -857.142857142856997
       139     -857.142857142856997
       140     -857.142857142856997
       141     -857.142857142856997
       142    -1428.571428571430033
       143    -1428.571428571430033
       144    -1428.571428571430033
       145    -1428.571428571430033
       146    -1428.571428571430033
       147    -1428.571428571430033
       148    -1428.571428571430033
       149    -1428.571428571430033
       150    -1428.571428571430033
       151    -1428.571428571430033
       152    -1428.571428571430033
       153    -1428.571428571430033
       154    -1428.571428571430033
       155    -1428.571428571430033
       156    -1428.571428571430033
       157    -1428.571428571430033
       158    -1428.571428571430033
       159    -1428.571428571430033
       160    -1428.571428571430033
       161    -1428.571428571430033
       162    -1428.571428571430033
       163    -1428.571428571430033
       164    -1428.571428571430033
       165    -1428.571428571430033
       166    -2000.000000000000000
       167    -2000.000000000000000
       168    -2000.000000000000000
       169    -2000.000000000000000
       170    -2000.000000000000000
       171    -2000.000000000000000
       172    -2000.000000000000000
       173    -2000.000000000000000
       174    -2000.000000000000000
       175    -2000.000000000000000
       176    -2000.000000000000000
       177    -2000.000000000000000
       178    -2000.000000000000000
       179    -2000.000000000000000
       180    -2000.000000000000000
       181    -2000.000000000000000
       182    -2000.000000000000000
       183    -2000.000000000000000
       184    -2000.000000000000000
       185    -2000.000000000000000
       186    -2000.000000000000000
       187    -2000.000000000000000
       188    -2000.000000000000000
       189    -2000.000000000000000
       190    -2000.000000000000000
       191    -2000.000000000000000
       192    -2000.000000000000000
       193    -2000.000000000000000
       194    -2000.000000000000000
       195    -1428.571428571430033
       196    -2000.000000000000000
       197    -1428.571428571430033
       198    -2000.000000000000000
       199    -1428.571428571430033
       200    -2000.000000000000000
       201    -1428.571428571430033
       202    -2000.000000000000000
       203     -857.142857142856997
       204     -857.142857142856997
       205    -1428.571428571430033
       206    -2000.000000000000000
       207    -1428.571428571430033
       208    -2000.000000000000000
       209     -857.142857142856997
       210     -857.142857142856997
       211    -1428.571428571430033
       212    -2000.000000000000000
       213    -1428.571428571430033
       214    -2000.000000000000000
       215     -857.142857142856997
       216     -857.142857142856997
       217    -2000.000000000000000
       218    -1428.571428571430033
       219    -2000.000000000000000
       220    -1428.571428571430033
       221    -2000.000000000000000
       222     -857.142857142856997
       223    -1428.571428571430033
       224    -2000.000000000000000
       225     -857.142857142856997
       226    -1428.571428571430033
       227    -2000.000000000000000
       228     -857.142857142856997
       229    -2000.000000000000000
       230    -1428.571428571430033
       231    -2000.000000000000000
       232    -1428.571428571430033
       233    -2000.000000000000000
       234     -857.142857142856997
       235    -1428.571428571430033
       236    -2000.000000000000000
       237     -857.142857142856997
       238    -1428.571428571430033
       239    -2000.000000000000000
       240     -857.142857142856997
       241    -2000.000000000000000
       242    -1428.571428571430033
       243    -2000.000000000000000
       244    -1428.571428571430033
       245    -2000.000000000000000
       246     -857.142857142856997
       247    -1428.571428571430033
       248    -2000.000000000000000
       249     -857.142857142856997
       250    -1428.571428571430033
       251    -2000.000000000000000
       252     -857.142857142856997
       253    -2000.000000000000000
       254    -1428.571428571430033
       255    -2000.000000000000000
       256    -1428.571428571430033
       257    -2000.000000000000000
       258     -857.142857142856997
       259    -1428.571428571430033
       260    -2000.000000000000000
       261     -857.142857142856997
       262    -1428.571428571430033
       263    -2000.000000000000000
       264     -857.142857142856997
       265    -2000.000000000000000
       266    -1428.571428571430033
       267    -2000.000000000000000
       268    -1428.571428571430033
       269    -2000.000000000000000
       270     -857.142857142856997
       271    -1428.571428571430033
       272    -2000.000000000000000
       273     -857.142857142856997
       274    -1428.571428571430033
       275    -2000.000000000000000
       276     -857.142857142856997
       277    -2000.000000000000000
       278    -1428.571428571430033
       279    -2000.000000000000000
       280    -1428.571428571430033
       281    -2000.000000000000000
       282    -1428.571428571430033
       283    -2000.000000000000000
       284    -1428.571428571430033
       285    -2000.000000000000000
       286    -2000.000000000000000
       287    -2000.000000000000000
       288    -2000.000000000000000
       289    -2000.000000000000000
       290    -2000.000000000000000
       291    -2615.384615384610242
       292    -2615.384615384619792
       293    -3230.769230769230035
       294    -3230.769230769230035
       295    -2615.384615384619792
       296    -3230.769230769230035
       297    -2615.384615384619792
       298    -2615.384615384619792
       299    -3230.769230769230035
       300    -3230.769230769230035
       301    -3846.153846153849827
       302    -3846.153846153849827
       303    -2615.384615384619792
       304    -3230.769230769230035
       305    -3846.153846153849827
       306    -2615.384615384619792
       307    -2615.384615384610242
       308    -3230.769230769230035
       309    -3230.769230769230035
       310    -3846.153846153849827
       311    -3846.153846153849827
       312    -4461.538461538460069
       313    -4461.538461538460069
       314    -2615.384615384610242
       315    -3230.769230769230035
       316    -3846.153846153849827
       317    -4461.538461538460069
       318    -2615.384615384619792
       319    -2615.384615384610242
       320    -3230.769230769230035
       321    -3230.769230769230035
       322    -3846.153846153849827
       323    -3846.153846153849827
       324    -4461.538461538460069
       325    -4461.538461538460069
       326    -2615.384615384619792
       327    -3230.769230769230035
       328    -3846.153846153849827
       329    -4461.538461538460069
       330    -2615.384615384610242
       331    -2615.384615384610242
       332    -3230.769230769230035
       333    -3230.769230769230035
       334    -3846.153846153849827
       335    -3846.153846153849827
       336    -4461.538461538460069
       337    -4461.538461538460069
       338    -2615.384615384610242
       339    -3230.769230769230035
       340    -3846.153846153849827
       341    -4461.538461538460069
       342    -2615.384615384619792
       343    -2615.384615384610242
       344    -3230.769230769230035
       345    -3230.769230769230035
       346    -3846.153846153849827
       347    -3846.153846153849827
       348    -4461.538461538460069
       349    -4461.538461538460069
       350    -2615.384615384619792
       351    -3230.769230769230035
       352    -3846.153846153849827
       353    -4461.538461538460069
       354    -2615.384615384619792
       355    -2615.384615384610242
       356    -3230.769230769230035
       357    -3230.769230769230035
       358    -3846.153846153849827
       359    -3846.153846153849827
       360    -4461.538461538460069
       361    -4461.538461538460069
       362    -2615.384615384610242
       363    -3230.769230769230035
       364    -3846.153846153849827
       365    -4461.538461538460069
       366    -2615.384615384610242
       367    -2615.384615384619792
       368    -3230.769230769230035
       369    -3230.769230769230035
       370    -3846.153846153849827
       371    -3846.153846153849827
       372    -4461.538461538460069
       373    -4461.538461538460069
       374    -2615.384615384619792
       375    -3230.769230769230035
       376    -3846.153846153849827
       377    -4461.538461538460069
       378    -2615.384615384619792
       379    -2615.384615384619792
       380    -3230.769230769230035
       381    -3230.769230769230035
       382    -3846.153846153849827
       383    -3846.153846153849827
       384    -4461.538461538460069
       385    -4461.538461538460069
       386    -2615.384615384619792
       387    -3230.769230769230035
       388    -3846.153846153849827
       389    -4461.538461538460069
       390    -2615.384615384610242
       391    -2615.384615384610242
       392    -3230.769230769230035
       393    -3230.769230769230035
       394    -2615.384615384610242
       395    -3230.769230769230035
       396    -2615.384615384619792
       397    -2615.384615384610242
       398    -3230.769230769230035
       399    -3230.769230769230035
       400    -3846.153846153849827
       401    -3846.153846153849827
       402    -2615.384615384619792
       403    -3230.769230769230035
       404    -3846.153846153849827
       405    -2615.384615384619792
       406    -2615.384615384610242
       407    -3230.769230769230035
       408    -3230.769230769230035
       409    -3846.153846153849827
       410    -3846.153846153849827
       411    -4461.538461538460069
       412    -4461.538461538460069
       413    -5076.923076923079861
       414    -2615.384615384619792
       415    -3230.769230769230035
       416    -3846.153846153849827
       417    -4461.538461538460069
       418    -2615.384615384619792
       419    -2615.384615384610242
       420    -3230.769230769230035
       421    -3230.769230769230035
       422    -3846.153846153849827
       423    -3846.153846153849827
       424    -4461.538461538460069
       425    -4461.538461538460069
       426    -5076.923076923079861
       427    -2615.384615384619792
       428    -3230.769230769230035
       429    -3846.153846153849827
       430    -4461.538461538460069
       431    -2615.384615384610242
       432    -2615.384615384610242
       433    -3230.769230769230035
       434    -3230.769230769230035
       435    -3846.153846153849827
       436    -3846.153846153849827
       437    -4461.538461538460069
       438    -4461.538461538460069
       439    -5076.923076923079861
       440    -2615.384615384619792
       441    -3230.769230769230035
       442    -3846.153846153849827
       443    -4461.538461538460069
       444    -2615.384615384619792
       445    -2615.384615384619792
       446    -3230.769230769230035
       447    -3230.769230769230035
       448    -3846.153846153849827
       449    -3846.153846153849827
       450    -4461.538461538460069
       451    -4461.538461538460069
       452    -5076.923076923079861
       453    -2615.384615384619792
       454    -3230.769230769230035
       455    -3846.153846153849827
       456    -4461.538461538460069
       457    -2615.384615384619792
       458    -2615.384615384619792
       459    -3230.769230769230035
       460    -3230.769230769230035
       461    -3846.153846153849827
       462    -3846.153846153849827
       463    -4461.538461538460069
       464    -4461.538461538470074
       465    -5076.923076923079861
       466    -2615.384615384610242
       467    -3230.769230769230035
       468    -3846.153846153839822
       469    -4461.538461538460069
       470    -2615.384615384610242
       471    -2615.384615384610242
       472    -3230.769230769230035
       473    -3230.769230769230035
       474    -3846.153846153849827
       475    -3846.153846153849827
       476    -4461.538461538460069
       477    -4461.538461538460069
       478    -5076.923076923079861
       479    -2615.384615384619792
       480    -3230.769230769230035
       481    -3846.153846153849827
       482    -4461.538461538460069
       483    -2615.384615384619792
       484    -2615.384615384610242
       485    -3230.769230769230035
       486    -3230.769230769230035
       487    -3846.153846153849827
       488    -3846.153846153849827
       489    -4461.538461538460069
       490    -4461.538461538460069
       491    -5076.923076923079861
       492    -2615.384615384619792
       493    -3230.769230769230035
       494    -3846.153846153849827
       495    -4461.538461538460069
       496    -6307.692307692310351
       497    -6307.692307692310351
       498    -6307.692307692310351
       499    -6307.692307692310351
       500    -6307.692307692310351
       501    -6307.692307692310351
       502    -6307.692307692310351
       503    -6307.692307692310351
       504    -6307.692307692310351
       505    -6307.692307692310351
       506    -6307.692307692310351
       507    -6307.692307692310351
       508    -6307.692307692310351
       509    -6307.692307692310351
       510    -6307.692307692310351
       511    -6307.692307692310351
       512    -6307.692307692310351
       513    -6307.692307692310351
       514    -6307.692307692310351
       515    -6307.692307692310351
       516    -6307.692307692310351
       517    -5692.307692307689649
       518    -5692.307692307689649
       519    -5692.307692307689649
       520    -5692.307692307689649
       521    -5692.307692307699654
       522    -5692.307692307689649
       523    -5692.307692307689649
       524    -5692.307692307689649
       525    -5692.307692307689649
       526    -5692.307692307689649
       527    -5692.307692307689649
       528    -5692.307692307699654
       529    -5692.307692307689649
       530    -5692.307692307689649
       531    -5692.307692307689649
       532    -5692.307692307689649
       533    -5692.307692307689649
       534    -5692.307692307689649
       535    -5692.307692307689649
       536    -5692.307692307689649
       537    -5692.307692307699654
       538    -5692.307692307689649
       539    -5692.307692307689649
       540    -5692.307692307689649
       541    -5692.307692307689649
       542    -5692.307692307699654
       543    -5692.307692307689649
       544    -5692.307692307689649
       545    -5692.307692307699654
       546    -5692.307692307689649
       547    -5692.307692307689649
       548    -5692.307692307689649
       549    -5692.307692307699654
       550    -5692.307692307689649
       551    -5076.923076923079861
       552    -5076.923076923079861
       553    -5076.923076923079861
       554    -5076.923076923070766
       555    -5076.923076923079861
       556    -5076.923076923079861
       557    -5076.923076923070766
       558    -5076.923076923070766
       559    -5076.923076923079861
       560    -5076.923076923079861
       561    -5076.923076923079861
       562    -5076.923076923079861
       563    -5076.923076923070766
       564    -5076.923076923079861
       565    -5076.923076923079861
       566    -5076.923076923079861
       567    -5076.923076923079861
       568    -5076.923076923079861
       569    -5076.923076923079861
       570    -5076.923076923079861
       571    -5076.923076923079861
       572    -5076.923076923070766
       573    -5076.923076923079861
       574    -5076.923076923079861
       575    -5076.923076923079861
       576    -5076.923076923070766
       577    -5076.923076923079861
       578    -5076.923076923079861
       579    -5076.923076923079861
       580    -5076.923076923079861
       581    -5076.923076923079861
       582    -5076.923076923079861
       583    -5076.923076923079861
       584    -5076.923076923079861
       585    -4461.538461538460069
       586    -4461.538461538460069
       587    -4461.538461538460069
       588    -4461.538461538460069
       589    -4461.538461538460069
       590    -4461.538461538460069
       591    -4461.538461538460069
       592    -4461.538461538460069
       593    -4461.538461538460069
       594    -4461.538461538460069
       595    -4461.538461538460069
       596    -4461.538461538460069
       597    -4461.538461538460069
       598    -4461.538461538460069
       599    -4461.538461538460069
       600    -4461.538461538460069
       601    -4461.538461538460069
       602    -4461.538461538460069
       603    -4461.538461538460069
       604    -4461.538461538460069
       605    -4461.538461538460069
       606    -4461.538461538460069
       607    -4461.538461538460069
       608    -4461.538461538460069
       609    -4461.538461538460069
       610    -4461.538461538460069
       611    -4461.538461538460069
       612    -4461.538461538460069
       613    -4461.538461538460069
       614    -4461.538461538460069
       615    -4461.538461538460069
       616    -4461.538461538460069
       617    -4461.538461538460069
       618    -4461.538461538460069
       619    -3846.153846153849827
       620    -3846.153846153849827
       621    -3846.153846153839822
       622    -3846.153846153849827
       623    -3846.153846153839822
       624    -3846.153846153839822
       625    -3846.153846153839822
       626    -3846.153846153839822
       627    -3846.153846153839822
       628    -3846.153846153849827
       629    -3846.153846153839822
       630    -3846.153846153849827
       631    -3846.153846153839822
       632    -3846.153846153839822
       633    -3846.153846153849827
       634    -3846.153846153849827
       635    -3846.153846153849827
       636    -3846.153846153849827
       637    -3846.153846153849827
       638    -3846.153846153849827
       639    -3846.153846153849827
       640    -3846.153846153849827
       641    -3846.153846153849827
       642    -3846.153846153849827
       643    -3846.153846153849827
       644    -3846.153846153849827
       645    -3846.153846153849827
       646    -3846.153846153849827
       647    -3846.153846153849827
       648    -3846.153846153849827
       649    -3846.153846153849827
       650    -3846.153846153849827
       651    -3846.153846153849827
       652    -3846.153846153849827
       653    -3846.153846153849827
       654    -3846.153846153849827
       655    -3846.153846153839822
       656    -3846.153846153849827
       657    -3846.153846153849827
       658    -3230.769230769230035
       659    -3230.769230769230035
       660    -3230.769230769230035
       661    -3230.769230769230035
       662    -3230.769230769230035
       663    -3230.769230769230035
       664    -3230.769230769230035
       665    -3230.769230769230035
       666    -3230.769230769230035
       667    -3230.769230769230035
       668    -3230.769230769230035
       669    -3230.769230769230035
       670    -3230.769230769230035
       671    -3230.769230769230035
       672    -3230.769230769230035
       673    -3230.769230769230035
       674    -3230.769230769230035
       675    -3230.769230769230035
       676    -3230.769230769230035
       677    -3230.769230769230035
       678    -3230.769230769230035
       679    -3230.769230769230035
       680    -3230.769230769230035
       681    -3230.769230769230035
       682    -3230.769230769230035
       683    -3230.769230769230035
       684    -3230.769230769230035
       685    -3230.769230769230035
       686    -3230.769230769230035
       687    -3230.769230769230035
       688    -3230.769230769230035
       689    -3230.769230769230035
       690    -3230.769230769230035
       691    -3230.769230769230035
       692    -3230.769230769230035
       693    -3230.769230769230035
       694    -3230.769230769230035
       695    -3230.769230769230035
       696    -3230.769230769230035
       697    -3230.769230769230035
       698    -3230.769230769230035
       699    -3230.769230769230035
       700    -3230.769230769230035
       701    -3230.769230769230035
       702    -3230.769230769230035
       703    -3230.769230769230035
       704    -3230.769230769230035
       705    -3230.769230769230035
       706    -3230.769230769230035
       707    -3230.769230769230035
       708    -2615.384615384610242
       709    -2615.384615384610242
       710    -2615.384615384619792
       711    -2615.384615384610242
       712    -2615.384615384619792
       713    -2615.384615384610242
       714    -2615.384615384619792
       715    -2615.384615384619792
       716    -2615.384615384619792
       717    -2615.384615384610242
       718    -2615.384615384610242
       719    -2615.384615384610242
       720    -2615.384615384619792
       721    -2615.384615384619792
       722    -2615.384615384619792
       723    -2615.384615384619792
       724    -2615.384615384619792
       725    -2615.384615384610242
       726    -2615.384615384610242
       727    -2615.384615384619792
       728    -2615.384615384619792
       729    -2615.384615384619792
       730    -2615.384615384619792
       731    -2615.384615384619792
       732    -2615.384615384619792
       733    -2615.384615384619792
       734    -2615.384615384619792
       735    -2615.384615384619792
       736    -2615.384615384619792
       737    -2615.384615384619792
       738    -2615.384615384619792
       739    -2615.384615384619792
       740    -2615.384615384619792
       741    -2615.384615384610242
       742    -2615.384615384619792
       743    -2615.384615384619792
       744    -2615.384615384619792
       745    -2615.384615384610242
       746    -2615.384615384619792
       747    -2615.384615384619792
       748    -2615.384615384610242
       749    -2615.384615384610242
       750    -2615.384615384610242
       751    -2615.384615384619792
       752    -2615.384615384610242
       753    -2615.384615384610242
       754    -2615.384615384610242
       755    -2615.384615384610242
       756    -2615.384615384619792
       757    -2615.384615384610242
       758    -2615.384615384610242
