         745
         1     3529.411764705880159
         2     3529.411764705880159
         3     3529.411764705880159
         4     3529.411764705880159
         5     3529.411764705880159
         6     3529.411764705880159
         7     3529.411764705880159
         8     3529.411764705880159
         9     3529.411764705880159
        10     3529.411764705880159
        11     3529.411764705880159
        12     3529.411764705880159
        13     3529.411764705880159
        14     3529.411764705880159
        15     3529.411764705880159
        16     3529.411764705880159
        17     3529.411764705880159
        18     3529.411764705880159
        19     3529.411764705880159
        20     3529.411764705880159
        21     3529.411764705880159
        22     3529.411764705880159
        23     3529.411764705880159
        24     3529.411764705880159
        25     3529.411764705880159
        26     3529.411764705880159
        27     3529.411764705880159
        28     2941.176470588240136
        29     2941.176470588240136
        30     2941.176470588240136
        31     2941.176470588240136
        32     2941.176470588240136
        33     2941.176470588240136
        34     2941.176470588230131
        35     2941.176470588240136
        36     2941.176470588230131
        37     2941.176470588230131
        38     2941.176470588240136
        39     2941.176470588240136
        40     2941.176470588230131
        41     2941.176470588240136
        42     2941.176470588230131
        43     2941.176470588230131
        44     2941.176470588240136
        45     2941.176470588240136
        46     2941.176470588230131
        47     2941.176470588240136
        48     2941.176470588240136
        49     2941.176470588230131
        50     2941.176470588230131
        51     2941.176470588240136
        52     2941.176470588230131
        53     2941.176470588230131
        54     2941.176470588240136
        55     2352.941176470590108
        56     2352.941176470590108
        57     2352.941176470590108
        58     2352.941176470590108
        59     2352.941176470590108
        60     2352.941176470590108
        61     2352.941176470590108
        62     2352.941176470590108
        63     2352.941176470590108
        64     2352.941176470590108
        65     2352.941176470590108
        66     2352.941176470590108
        67     2352.941176470590108
        68     2352.941176470590108
        69     2352.941176470590108
        70     2352.941176470590108
        71     2352.941176470590108
        72     2352.941176470590108
        73     2352.941176470590108
        74     2352.941176470590108
        75     2352.941176470590108
        76     2352.941176470590108
        77     2352.941176470590108
        78     2352.941176470590108
        79     2352.941176470590108
        80     2352.941176470590108
        81     2352.941176470590108
        82     1764.705882352940080
        83     1764.705882352940080
        84     1764.705882352940080
        85     1764.705882352940080
        86     1764.705882352940080
        87     1764.705882352940080
        88     1764.705882352940080
        89     1764.705882352940080
        90     1764.705882352940080
        91     1764.705882352940080
        92     1764.705882352940080
        93     1764.705882352940080
        94     1764.705882352940080
        95     1764.705882352940080
        96     1764.705882352940080
        97     1764.705882352940080
        98     1764.705882352940080
        99     1764.705882352940080
       100     1764.705882352940080
       101     1764.705882352940080
       102     1764.705882352940080
       103     1764.705882352940080
       104     1764.705882352940080
       105     1764.705882352940080
       106     1764.705882352940080
       107     1764.705882352940080
       108     1764.705882352940080
       109     1176.470588235290052
       110     1176.470588235290052
       111     1176.470588235290052
       112     1176.470588235290052
       113     1176.470588235290052
       114     1176.470588235290052
       115     1176.470588235290052
       116     1176.470588235290052
       117     1176.470588235290052
       118     1176.470588235290052
       119     1176.470588235290052
       120     1176.470588235290052
       121     1176.470588235290052
       122     1176.470588235290052
       123     1176.470588235290052
       124     1176.470588235290052
       125     1176.470588235290052
       126     1176.470588235290052
       127     1176.470588235290052
       128     1176.470588235290052
       129     1176.470588235290052
       130     1176.470588235290052
       131     1176.470588235290052
       132     1176.470588235290052
       133     1176.470588235290052
       134     1176.470588235290052
       135     1176.470588235290052
       136      588.235294117646959
       137      588.235294117646959
       138      588.235294117646959
       139      588.235294117646959
       140      588.235294117646959
       141      588.235294117646959
       142      588.235294117646959
       143      588.235294117646959
       144      588.235294117646959
       145      588.235294117646959
       146      588.235294117646959
       147      588.235294117646959
       148      588.235294117646959
       149      588.235294117646959
       150      588.235294117646959
       151      588.235294117646959
       152      588.235294117646959
       153      588.235294117646959
       154      588.235294117646959
       155      588.235294117646959
       156      588.235294117646959
       157      588.235294117646959
       158      588.235294117646959
       159      588.235294117646959
       160      588.235294117646959
       161      588.235294117646959
       162      588.235294117646959
       163     4705.882352941180216
       164     4705.882352941180216
       165     4705.882352941180216
       166     4705.882352941180216
       167     4705.882352941180216
       168     4705.882352941180216
       169     4705.882352941180216
       170     4705.882352941180216
       171     4705.882352941180216
       172     4705.882352941180216
       173     4705.882352941180216
       174     4705.882352941180216
       175     4705.882352941180216
       176     4705.882352941180216
       177     4705.882352941180216
       178     4705.882352941180216
       179     4705.882352941180216
       180     4705.882352941180216
       181     4117.647058823529733
       182     4117.647058823529733
       183     4117.647058823529733
       184     4117.647058823529733
       185     4117.647058823529733
       186     4117.647058823529733
       187     4117.647058823529733
       188     4117.647058823529733
       189     4117.647058823529733
       190     4117.647058823529733
       191     4117.647058823529733
       192     4117.647058823529733
       193     4117.647058823529733
       194     4117.647058823529733
       195     4117.647058823529733
       196     4117.647058823529733
       197     4117.647058823529733
       198     4117.647058823529733
       199     4117.647058823539737
       200     4117.647058823529733
       201     4117.647058823529733
       202     4117.647058823529733
       203     4117.647058823529733
       204     4117.647058823529733
       205     4117.647058823529733
       206     4117.647058823529733
       207     4117.647058823529733
       208     3529.411764705880159
       209     3529.411764705880159
       210     3529.411764705880159
       211     3529.411764705880159
       212     3529.411764705880159
       213     3529.411764705880159
       214     3529.411764705880159
       215     3529.411764705880159
       216     3529.411764705880159
       217     3529.411764705880159
       218     3529.411764705880159
       219     3529.411764705880159
       220     3529.411764705880159
       221     3529.411764705880159
       222     3529.411764705880159
       223     3529.411764705880159
       224     3529.411764705880159
       225     3529.411764705880159
       226     3529.411764705880159
       227     3529.411764705880159
       228     3529.411764705880159
       229     3529.411764705880159
       230     3529.411764705880159
       231     3529.411764705880159
       232     3529.411764705880159
       233     3529.411764705880159
       234     3529.411764705880159
       235     2941.176470588240136
       236     2941.176470588230131
       237     2941.176470588240136
       238     2941.176470588240136
       239     2941.176470588240136
       240     2941.176470588240136
       241     2941.176470588230131
       242     2941.176470588230131
       243     2941.176470588230131
       244     2941.176470588230131
       245     2941.176470588240136
       246     2941.176470588240136
       247     2941.176470588230131
       248     2941.176470588230131
       249     2941.176470588230131
       250     2941.176470588230131
       251     2941.176470588240136
       252     2941.176470588240136
       253     2941.176470588230131
       254     2941.176470588240136
       255     2941.176470588230131
       256     2941.176470588230131
       257     2941.176470588230131
       258     2941.176470588230131
       259     2941.176470588230131
       260     2941.176470588230131
       261     2941.176470588240136
       262     2352.941176470590108
       263     2352.941176470590108
       264     2352.941176470590108
       265     2352.941176470590108
       266     2352.941176470590108
       267     2352.941176470590108
       268     2352.941176470590108
       269     2352.941176470590108
       270     2352.941176470590108
       271     2352.941176470590108
       272     2352.941176470590108
       273     2352.941176470590108
       274     2352.941176470590108
       275     2352.941176470590108
       276     2352.941176470590108
       277     2352.941176470590108
       278     2352.941176470590108
       279     2352.941176470590108
       280     2352.941176470590108
       281     2352.941176470590108
       282     2352.941176470590108
       283     2352.941176470590108
       284     2352.941176470590108
       285     2352.941176470590108
       286     2352.941176470590108
       287     2352.941176470590108
       288     2352.941176470590108
       289     1764.705882352940080
       290     1764.705882352940080
       291     1764.705882352940080
       292     1764.705882352940080
       293     1764.705882352940080
       294     1764.705882352940080
       295     1764.705882352940080
       296     1764.705882352940080
       297     1764.705882352940080
       298     1764.705882352940080
       299     1764.705882352940080
       300     1764.705882352940080
       301     1764.705882352940080
       302     1764.705882352940080
       303     1764.705882352940080
       304     1764.705882352940080
       305     1764.705882352940080
       306     1764.705882352940080
       307     1764.705882352940080
       308     1764.705882352940080
       309     1764.705882352940080
       310     1764.705882352940080
       311     1764.705882352940080
       312     1764.705882352940080
       313     1764.705882352940080
       314     1764.705882352940080
       315     1764.705882352940080
       316     1176.470588235290052
       317     1176.470588235290052
       318     1176.470588235290052
       319     1176.470588235290052
       320     1176.470588235290052
       321     1176.470588235290052
       322     1176.470588235290052
       323     1176.470588235290052
       324     1176.470588235290052
       325     1176.470588235290052
       326     1176.470588235290052
       327     1176.470588235290052
       328     1176.470588235290052
       329     1176.470588235290052
       330     1176.470588235290052
       331     1176.470588235290052
       332     1176.470588235290052
       333     1176.470588235290052
       334     1176.470588235290052
       335     1176.470588235290052
       336     1176.470588235290052
       337     1176.470588235290052
       338     1176.470588235290052
       339     1176.470588235290052
       340     1176.470588235290052
       341     1176.470588235290052
       342     1176.470588235290052
       343      588.235294117646959
       344      588.235294117646959
       345      588.235294117646959
       346      588.235294117646959
       347      588.235294117646959
       348      588.235294117646959
       349      588.235294117646959
       350      588.235294117646959
       351      588.235294117646959
       352      588.235294117646959
       353      588.235294117646959
       354      588.235294117646959
       355      588.235294117646959
       356      588.235294117646959
       357      588.235294117646959
       358      588.235294117646959
       359      588.235294117646959
       360      588.235294117646959
       361      588.235294117646959
       362      588.235294117646959
       363      588.235294117646959
       364      588.235294117646959
       365      588.235294117646959
       366      588.235294117646959
       367      588.235294117646959
       368      588.235294117646959
       369      588.235294117646959
       370        0.000000000000000
       371        0.000000000000000
       372        0.000000000000000
       373     -588.235294117646959
       374     -588.235294117646959
       375        0.000000000000000
       376        0.000000000000000
       377        0.000000000000000
       378        0.000000000000000
       379        0.000000000000000
       380        0.000000000000000
       381        0.000000000000000
       382     -588.235294117646959
       383     -588.235294117646959
       384        0.000000000000000
       385        0.000000000000000
       386        0.000000000000000
       387        0.000000000000000
       388        0.000000000000000
       389        0.000000000000000
       390        0.000000000000000
       391        0.000000000000000
       392        0.000000000000000
       393        0.000000000000000
       394        0.000000000000000
       395        0.000000000000000
       396        0.000000000000000
       397        0.000000000000000
       398     4705.882352941180216
       399     4705.882352941180216
       400     4705.882352941180216
       401     4705.882352941180216
       402     4705.882352941180216
       403     4705.882352941180216
       404     4705.882352941180216
       405     4705.882352941180216
       406     4705.882352941180216
       407     4705.882352941180216
       408     4705.882352941180216
       409     4705.882352941180216
       410     4705.882352941180216
       411     4705.882352941180216
       412     4705.882352941180216
       413     4705.882352941180216
       414     4705.882352941180216
       415     4117.647058823529733
       416     4117.647058823529733
       417     4117.647058823529733
       418     4117.647058823529733
       419     4117.647058823529733
       420     4117.647058823529733
       421     4117.647058823529733
       422     4117.647058823529733
       423     4117.647058823529733
       424     4117.647058823529733
       425     4117.647058823529733
       426     4117.647058823529733
       427     4117.647058823529733
       428     4117.647058823529733
       429     4117.647058823529733
       430     4117.647058823529733
       431     4117.647058823529733
       432     4117.647058823529733
       433     4117.647058823529733
       434     4117.647058823529733
       435     4117.647058823529733
       436     4117.647058823529733
       437     4117.647058823529733
       438     4117.647058823529733
       439     4117.647058823529733
       440     4117.647058823529733
       441     4117.647058823529733
       442     4117.647058823529733
       443     4117.647058823529733
       444     4117.647058823529733
       445     4117.647058823529733
       446     4117.647058823529733
       447     4117.647058823529733
       448     4117.647058823529733
       449     4117.647058823529733
       450     4117.647058823529733
       451     3529.411764705880159
       452     3529.411764705880159
       453     3529.411764705880159
       454     3529.411764705880159
       455     3529.411764705880159
       456     3529.411764705880159
       457     3529.411764705880159
       458     3529.411764705880159
       459     3529.411764705880159
       460     3529.411764705880159
       461     3529.411764705880159
       462     3529.411764705880159
       463     3529.411764705880159
       464     3529.411764705880159
       465     3529.411764705880159
       466     3529.411764705880159
       467     3529.411764705880159
       468     3529.411764705880159
       469     3529.411764705880159
       470     3529.411764705880159
       471     3529.411764705880159
       472     3529.411764705880159
       473     3529.411764705880159
       474     3529.411764705880159
       475     3529.411764705880159
       476     3529.411764705880159
       477     3529.411764705880159
       478     3529.411764705880159
       479     3529.411764705880159
       480     3529.411764705880159
       481     3529.411764705880159
       482     3529.411764705880159
       483     3529.411764705880159
       484     3529.411764705880159
       485     3529.411764705880159
       486     3529.411764705880159
       487     3529.411764705880159
       488     3529.411764705880159
       489     3529.411764705880159
       490     3529.411764705880159
       491     3529.411764705880159
       492     3529.411764705880159
       493     3529.411764705880159
       494     3529.411764705880159
       495     3529.411764705880159
       496     2941.176470588230131
       497     2941.176470588240136
       498     2941.176470588240136
       499     2941.176470588230131
       500     2941.176470588230131
       501     2941.176470588240136
       502     2941.176470588240136
       503     2941.176470588240136
       504     2941.176470588230131
       505     2941.176470588240136
       506     2941.176470588240136
       507     2941.176470588240136
       508     2941.176470588240136
       509     2941.176470588230131
       510     2941.176470588240136
       511     2941.176470588230131
       512     2941.176470588240136
       513     2941.176470588240136
       514     2941.176470588230131
       515     2941.176470588240136
       516     2941.176470588240136
       517     2941.176470588240136
       518     2941.176470588230131
       519     2941.176470588230131
       520     2941.176470588240136
       521     2941.176470588240136
       522     2941.176470588240136
       523     2941.176470588240136
       524     2941.176470588230131
       525     2941.176470588230131
       526     2941.176470588230131
       527     2941.176470588240136
       528     2941.176470588230131
       529     2941.176470588230131
       530     2941.176470588230131
       531     2941.176470588230131
       532     2941.176470588240136
       533     2941.176470588230131
       534     2941.176470588230131
       535     2941.176470588240136
       536     2941.176470588240136
       537     2941.176470588240136
       538     2941.176470588240136
       539     2941.176470588240136
       540     2941.176470588240136
       541     2352.941176470590108
       542     2352.941176470590108
       543     2352.941176470590108
       544     2352.941176470590108
       545     2352.941176470590108
       546     2352.941176470590108
       547     2352.941176470590108
       548     2352.941176470590108
       549     2352.941176470590108
       550     2352.941176470590108
       551     2352.941176470590108
       552     2352.941176470590108
       553     2352.941176470590108
       554     2352.941176470590108
       555     2352.941176470590108
       556     2352.941176470590108
       557     2352.941176470590108
       558     2352.941176470590108
       559     2352.941176470590108
       560     2352.941176470590108
       561     2352.941176470590108
       562     2352.941176470590108
       563     2352.941176470590108
       564     2352.941176470590108
       565     2352.941176470590108
       566     2352.941176470590108
       567     2352.941176470590108
       568     2352.941176470590108
       569     2352.941176470590108
       570     2352.941176470590108
       571     2352.941176470590108
       572     2352.941176470590108
       573     2352.941176470590108
       574     2352.941176470590108
       575     2352.941176470590108
       576     2352.941176470590108
       577     2352.941176470590108
       578     2352.941176470590108
       579     2352.941176470590108
       580     2352.941176470590108
       581     2352.941176470590108
       582     2352.941176470590108
       583     2352.941176470590108
       584     2352.941176470590108
       585     2352.941176470590108
       586     2352.941176470590108
       587     2352.941176470590108
       588     2352.941176470590108
       589     2352.941176470590108
       590     2352.941176470590108
       591     2352.941176470590108
       592     2352.941176470590108
       593     2352.941176470590108
       594     1764.705882352940080
       595     1764.705882352940080
       596     1764.705882352940080
       597     1764.705882352940080
       598     1764.705882352940080
       599     1764.705882352940080
       600     1764.705882352940080
       601     1764.705882352940080
       602     1764.705882352940080
       603     1764.705882352940080
       604     1764.705882352940080
       605     1764.705882352940080
       606     1764.705882352940080
       607     1764.705882352940080
       608     1764.705882352940080
       609     1764.705882352940080
       610     1764.705882352940080
       611     1764.705882352940080
       612     1764.705882352940080
       613     1764.705882352940080
       614     1764.705882352940080
       615     1764.705882352940080
       616     1764.705882352940080
       617     1764.705882352940080
       618     1764.705882352940080
       619     1764.705882352940080
       620     1764.705882352940080
       621     1764.705882352940080
       622     1764.705882352940080
       623     1764.705882352940080
       624     1764.705882352940080
       625     1764.705882352940080
       626     1764.705882352940080
       627     1764.705882352940080
       628     1764.705882352940080
       629     1764.705882352940080
       630     1764.705882352940080
       631     1764.705882352940080
       632     1764.705882352940080
       633     1764.705882352940080
       634     1764.705882352940080
       635     1764.705882352940080
       636     1764.705882352940080
       637     1764.705882352940080
       638     1764.705882352940080
       639     1764.705882352940080
       640     1764.705882352940080
       641     1764.705882352940080
       642     1764.705882352940080
       643     1764.705882352940080
       644     1764.705882352940080
       645     1764.705882352940080
       646     1764.705882352940080
       647     1176.470588235290052
       648     1176.470588235290052
       649     1176.470588235290052
       650     1176.470588235290052
       651     1176.470588235290052
       652     1176.470588235290052
       653     1176.470588235290052
       654     1176.470588235290052
       655     1176.470588235290052
       656     1176.470588235290052
       657     1176.470588235290052
       658     1176.470588235290052
       659     1176.470588235290052
       660     1176.470588235290052
       661     1176.470588235290052
       662     1176.470588235290052
       663     1176.470588235290052
       664     1176.470588235290052
       665     1176.470588235290052
       666     1176.470588235290052
       667     1176.470588235290052
       668     1176.470588235290052
       669     1176.470588235290052
       670     1176.470588235290052
       671     1176.470588235290052
       672     1176.470588235290052
       673     1176.470588235290052
       674     1176.470588235290052
       675     1176.470588235290052
       676     1176.470588235290052
       677     1176.470588235290052
       678     1176.470588235290052
       679     1176.470588235290052
       680     1176.470588235290052
       681     1176.470588235290052
       682     1176.470588235290052
       683     1176.470588235290052
       684     1176.470588235290052
       685     1176.470588235290052
       686     1176.470588235290052
       687     1176.470588235290052
       688     1176.470588235290052
       689     1176.470588235290052
       690     1176.470588235290052
       691     1176.470588235290052
       692     1176.470588235290052
       693     1176.470588235290052
       694     1176.470588235290052
       695     1176.470588235290052
       696     1176.470588235290052
       697     1176.470588235290052
       698      588.235294117646959
       699      588.235294117646959
       700      588.235294117646959
       701      588.235294117646959
       702      588.235294117646959
       703      588.235294117646959
       704      588.235294117646959
       705      588.235294117646959
       706      588.235294117646959
       707      588.235294117646959
       708      588.235294117646959
       709      588.235294117646959
       710      588.235294117646959
       711      588.235294117646959
       712      588.235294117646959
       713      588.235294117646959
       714      588.235294117646959
       715      588.235294117646959
       716      588.235294117646959
       717      588.235294117646959
       718      588.235294117646959
       719      588.235294117646959
       720      588.235294117646959
       721      588.235294117646959
       722      588.235294117646959
       723      588.235294117646959
       724      588.235294117646959
       725      588.235294117646959
       726      588.235294117646959
       727      588.235294117646959
       728      588.235294117646959
       729      588.235294117646959
       730      588.235294117646959
       731      588.235294117646959
       732      588.235294117646959
       733      588.235294117646959
       734      588.235294117646959
       735      588.235294117646959
       736      588.235294117646959
       737      588.235294117646959
       738      588.235294117646959
       739      588.235294117646959
       740      588.235294117646959
       741      588.235294117646959
       742      588.235294117646959
       743      588.235294117646959
       744      588.235294117646959
       745      588.235294117646959
