         757
         1     2000.000000000000000
         2     2615.384615384610242
         3     2000.000000000000000
         4     2615.384615384610242
         5     2000.000000000000000
         6     2615.384615384610242
         7     2000.000000000000000
         8     2615.384615384610242
         9     2000.000000000000000
        10     2615.384615384610242
        11     2000.000000000000000
        12     2615.384615384610242
        13     2000.000000000000000
        14     2615.384615384610242
        15     2000.000000000000000
        16     2615.384615384610242
        17     2000.000000000000000
        18     2615.384615384610242
        19     2000.000000000000000
        20     2615.384615384610242
        21     2000.000000000000000
        22     2615.384615384610242
        23     2000.000000000000000
        24     2615.384615384610242
        25     2000.000000000000000
        26     2615.384615384619792
        27     2000.000000000000000
        28     2615.384615384619792
        29     2000.000000000000000
        30     2615.384615384619792
        31     2000.000000000000000
        32     2615.384615384610242
        33     2000.000000000000000
        34     2615.384615384610242
        35     2000.000000000000000
        36     2615.384615384619792
        37     2000.000000000000000
        38     2615.384615384619792
        39     2000.000000000000000
        40     2615.384615384619792
        41     2000.000000000000000
        42     2615.384615384619792
        43     2000.000000000000000
        44     2615.384615384619792
        45     3230.769230769230035
        46     3230.769230769230035
        47     3230.769230769230035
        48     3230.769230769230035
        49     3230.769230769230035
        50     3230.769230769230035
        51     3230.769230769230035
        52     3230.769230769230035
        53     3230.769230769230035
        54     3230.769230769230035
        55     3230.769230769230035
        56     3230.769230769230035
        57     3230.769230769230035
        58     3230.769230769230035
        59     3230.769230769230035
        60     3230.769230769230035
        61     3230.769230769230035
        62     3230.769230769230035
        63     3230.769230769230035
        64     3230.769230769230035
        65     3230.769230769230035
        66     3230.769230769230035
        67     3846.153846153839822
        68     3846.153846153849827
        69     3846.153846153849827
        70     3846.153846153849827
        71     3846.153846153849827
        72     3846.153846153849827
        73     3846.153846153849827
        74     3846.153846153849827
        75     3846.153846153849827
        76     3846.153846153849827
        77     3846.153846153849827
        78     3846.153846153849827
        79     3846.153846153849827
        80     3846.153846153849827
        81     3846.153846153849827
        82     3846.153846153849827
        83     3846.153846153849827
        84     3846.153846153849827
        85     3846.153846153849827
        86     3846.153846153849827
        87     4461.538461538460069
        88     4461.538461538460069
        89     4461.538461538460069
        90     4461.538461538460069
        91     4461.538461538460069
        92     4461.538461538460069
        93     4461.538461538460069
        94     4461.538461538460069
        95     4461.538461538460069
        96     4461.538461538460069
        97     4461.538461538460069
        98     4461.538461538460069
        99     4461.538461538460069
       100     4461.538461538460069
       101     4461.538461538460069
       102     4461.538461538460069
       103     4461.538461538460069
       104     4461.538461538460069
       105     2000.000000000000000
       106     2615.384615384610242
       107     2000.000000000000000
       108     2615.384615384610242
       109     2000.000000000000000
       110     2615.384615384610242
       111     2000.000000000000000
       112     2615.384615384610242
       113     2000.000000000000000
       114     2615.384615384610242
       115     2000.000000000000000
       116     2615.384615384610242
       117     2000.000000000000000
       118     2615.384615384610242
       119     2000.000000000000000
       120     2615.384615384610242
       121     2000.000000000000000
       122     2615.384615384610242
       123     2000.000000000000000
       124     2615.384615384610242
       125     2000.000000000000000
       126     2615.384615384610242
       127     3230.769230769230035
       128     3230.769230769230035
       129     3230.769230769230035
       130     3230.769230769230035
       131     3230.769230769230035
       132     3230.769230769230035
       133     3230.769230769230035
       134     3230.769230769230035
       135     3230.769230769230035
       136     3230.769230769230035
       137     3230.769230769230035
       138     3846.153846153849827
       139     3846.153846153849827
       140     3846.153846153849827
       141     3846.153846153849827
       142     3846.153846153849827
       143     3846.153846153849827
       144     3846.153846153849827
       145     3846.153846153849827
       146     3846.153846153849827
       147     3846.153846153849827
       148     4461.538461538460069
       149     4461.538461538460069
       150     4461.538461538460069
       151     4461.538461538460069
       152     4461.538461538460069
       153     4461.538461538460069
       154     4461.538461538460069
       155     4461.538461538460069
       156     4461.538461538460069
       157     2000.000000000000000
       158     2615.384615384610242
       159     2000.000000000000000
       160     2615.384615384610242
       161     2000.000000000000000
       162     2615.384615384619792
       163     2000.000000000000000
       164     2615.384615384610242
       165     2000.000000000000000
       166     2615.384615384610242
       167     2000.000000000000000
       168     2615.384615384619792
       169     2000.000000000000000
       170     2615.384615384619792
       171     2000.000000000000000
       172     2615.384615384619792
       173     2000.000000000000000
       174     2615.384615384619792
       175     2000.000000000000000
       176     2615.384615384619792
       177     2000.000000000000000
       178     2615.384615384619792
       179     3230.769230769230035
       180     3230.769230769230035
       181     3230.769230769230035
       182     3230.769230769230035
       183     3230.769230769230035
       184     3230.769230769230035
       185     3230.769230769230035
       186     3230.769230769230035
       187     3230.769230769230035
       188     3230.769230769230035
       189     3230.769230769230035
       190     3846.153846153849827
       191     3846.153846153839822
       192     3846.153846153839822
       193     3846.153846153849827
       194     3846.153846153839822
       195     3846.153846153849827
       196     3846.153846153849827
       197     3846.153846153849827
       198     3846.153846153849827
       199     3846.153846153849827
       200     4461.538461538460069
       201     4461.538461538460069
       202     4461.538461538460069
       203     4461.538461538460069
       204     4461.538461538460069
       205     4461.538461538460069
       206     4461.538461538460069
       207     4461.538461538460069
       208     4461.538461538460069
       209     2000.000000000000000
       210     2615.384615384619792
       211     2000.000000000000000
       212     2615.384615384610242
       213     2000.000000000000000
       214     2615.384615384619792
       215     2000.000000000000000
       216     2615.384615384619792
       217     2000.000000000000000
       218     2615.384615384619792
       219     2000.000000000000000
       220     2615.384615384619792
       221     2000.000000000000000
       222     2615.384615384610242
       223     2000.000000000000000
       224     2615.384615384619792
       225     2000.000000000000000
       226     2615.384615384610242
       227     2000.000000000000000
       228     2615.384615384619792
       229     2000.000000000000000
       230     2615.384615384619792
       231     3230.769230769230035
       232     3230.769230769230035
       233     3230.769230769230035
       234     3230.769230769230035
       235     3230.769230769230035
       236     3230.769230769230035
       237     3230.769230769230035
       238     3230.769230769230035
       239     3230.769230769230035
       240     3230.769230769230035
       241     3230.769230769230035
       242     3846.153846153849827
       243     3846.153846153839822
       244     3846.153846153849827
       245     3846.153846153849827
       246     3846.153846153839822
       247     3846.153846153839822
       248     3846.153846153839822
       249     3846.153846153849827
       250     3846.153846153849827
       251     3846.153846153849827
       252     4461.538461538460069
       253     4461.538461538460069
       254     4461.538461538460069
       255     4461.538461538460069
       256     4461.538461538460069
       257     4461.538461538460069
       258     4461.538461538460069
       259     4461.538461538460069
       260     4461.538461538460069
       261     5076.923076923070766
       262     5076.923076923070766
       263     2000.000000000000000
       264     2615.384615384610242
       265     2000.000000000000000
       266     2615.384615384610242
       267     2000.000000000000000
       268     2615.384615384610242
       269     2000.000000000000000
       270     2615.384615384610242
       271     2000.000000000000000
       272     2615.384615384610242
       273     2000.000000000000000
       274     2615.384615384610242
       275     2000.000000000000000
       276     2615.384615384610242
       277     2000.000000000000000
       278     2615.384615384610242
       279     2000.000000000000000
       280     2615.384615384610242
       281     2000.000000000000000
       282     2615.384615384619792
       283     2000.000000000000000
       284     2615.384615384619792
       285     3230.769230769230035
       286     3230.769230769230035
       287     3230.769230769230035
       288     3230.769230769230035
       289     3230.769230769230035
       290     3230.769230769230035
       291     3230.769230769230035
       292     3230.769230769230035
       293     3230.769230769230035
       294     3230.769230769230035
       295     3230.769230769230035
       296     3846.153846153849827
       297     3846.153846153849827
       298     3846.153846153849827
       299     3846.153846153839822
       300     3846.153846153849827
       301     3846.153846153849827
       302     3846.153846153849827
       303     3846.153846153849827
       304     3846.153846153839822
       305     3846.153846153849827
       306     4461.538461538460069
       307     4461.538461538460069
       308     4461.538461538460069
       309     4461.538461538460069
       310     4461.538461538460069
       311     4461.538461538460069
       312     4461.538461538460069
       313     4461.538461538460069
       314     4461.538461538460069
       315     5076.923076923079861
       316     5076.923076923079861
       317     5076.923076923079861
       318     2000.000000000000000
       319     2615.384615384610242
       320     2000.000000000000000
       321     2615.384615384610242
       322     2000.000000000000000
       323     2615.384615384610242
       324     2000.000000000000000
       325     2615.384615384610242
       326     2000.000000000000000
       327     2615.384615384610242
       328     2000.000000000000000
       329     2615.384615384610242
       330     2000.000000000000000
       331     2615.384615384619792
       332     2000.000000000000000
       333     2615.384615384610242
       334     2000.000000000000000
       335     2615.384615384610242
       336     2000.000000000000000
       337     2615.384615384610242
       338     2000.000000000000000
       339     2615.384615384610242
       340     3230.769230769230035
       341     3230.769230769230035
       342     3230.769230769230035
       343     3230.769230769230035
       344     3230.769230769230035
       345     3230.769230769230035
       346     3230.769230769230035
       347     3230.769230769230035
       348     3230.769230769230035
       349     3230.769230769230035
       350     3230.769230769230035
       351     3846.153846153849827
       352     3846.153846153849827
       353     3846.153846153849827
       354     3846.153846153849827
       355     3846.153846153849827
       356     3846.153846153849827
       357     3846.153846153849827
       358     3846.153846153849827
       359     3846.153846153849827
       360     3846.153846153849827
       361     4461.538461538460069
       362     4461.538461538460069
       363     4461.538461538460069
       364     4461.538461538460069
       365     4461.538461538460069
       366     4461.538461538460069
       367     4461.538461538460069
       368     4461.538461538460069
       369     4461.538461538460069
       370     5076.923076923070766
       371     5076.923076923079861
       372     5076.923076923079861
       373     5076.923076923079861
       374     5076.923076923079861
       375     5076.923076923079861
       376     5076.923076923079861
       377     5076.923076923079861
       378     2000.000000000000000
       379     2615.384615384610242
       380     2000.000000000000000
       381     2615.384615384619792
       382     2000.000000000000000
       383     2615.384615384610242
       384     2000.000000000000000
       385     2615.384615384610242
       386     2000.000000000000000
       387     2615.384615384610242
       388     2000.000000000000000
       389     2615.384615384610242
       390     2000.000000000000000
       391     2615.384615384619792
       392     2000.000000000000000
       393     2615.384615384619792
       394     2000.000000000000000
       395     2615.384615384610242
       396     2000.000000000000000
       397     2615.384615384610242
       398     2000.000000000000000
       399     2615.384615384619792
       400     2000.000000000000000
       401     2615.384615384619792
       402     3230.769230769230035
       403     3230.769230769230035
       404     3230.769230769230035
       405     3230.769230769230035
       406     3230.769230769230035
       407     3230.769230769230035
       408     3230.769230769230035
       409     3230.769230769230035
       410     3230.769230769230035
       411     3230.769230769230035
       412     3230.769230769230035
       413     3230.769230769230035
       414     3846.153846153849827
       415     3846.153846153849827
       416     3846.153846153849827
       417     3846.153846153849827
       418     3846.153846153849827
       419     3846.153846153849827
       420     3846.153846153849827
       421     3846.153846153849827
       422     3846.153846153849827
       423     3846.153846153849827
       424     4461.538461538460069
       425     4461.538461538460069
       426     4461.538461538460069
       427     4461.538461538460069
       428     4461.538461538460069
       429     4461.538461538460069
       430     4461.538461538460069
       431     4461.538461538460069
       432     4461.538461538460069
       433     5076.923076923079861
       434     5076.923076923079861
       435     5076.923076923079861
       436     5076.923076923079861
       437     5076.923076923079861
       438     5076.923076923079861
       439     5076.923076923079861
       440     5076.923076923079861
       441     2000.000000000000000
       442     2615.384615384610242
       443     2000.000000000000000
       444     2615.384615384610242
       445     2000.000000000000000
       446     2615.384615384610242
       447     2000.000000000000000
       448     2615.384615384619792
       449     2000.000000000000000
       450     2615.384615384610242
       451     2000.000000000000000
       452     2615.384615384610242
       453     2000.000000000000000
       454     2615.384615384619792
       455     2000.000000000000000
       456     2615.384615384610242
       457     2000.000000000000000
       458     2615.384615384610242
       459     2000.000000000000000
       460     2615.384615384610242
       461     2000.000000000000000
       462     2615.384615384610242
       463     2000.000000000000000
       464     2615.384615384619792
       465     3230.769230769230035
       466     3230.769230769230035
       467     3230.769230769230035
       468     3230.769230769230035
       469     3230.769230769230035
       470     3230.769230769230035
       471     3230.769230769230035
       472     3230.769230769230035
       473     3230.769230769230035
       474     3230.769230769230035
       475     3230.769230769230035
       476     3230.769230769230035
       477     3846.153846153849827
       478     3846.153846153849827
       479     3846.153846153849827
       480     3846.153846153849827
       481     3846.153846153849827
       482     3846.153846153849827
       483     3846.153846153849827
       484     3846.153846153849827
       485     3846.153846153849827
       486     3846.153846153849827
       487     3846.153846153849827
       488     4461.538461538460069
       489     4461.538461538460069
       490     4461.538461538460069
       491     4461.538461538460069
       492     4461.538461538460069
       493     4461.538461538460069
       494     4461.538461538460069
       495     4461.538461538460069
       496     4461.538461538460069
       497     5076.923076923079861
       498     5076.923076923070766
       499     5076.923076923079861
       500     5076.923076923079861
       501     5076.923076923070766
       502     5076.923076923079861
       503     5076.923076923079861
       504     5076.923076923079861
       505     2000.000000000000000
       506     2615.384615384610242
       507     2000.000000000000000
       508     2615.384615384610242
       509     2000.000000000000000
       510     2615.384615384619792
       511     2000.000000000000000
       512     2615.384615384610242
       513     2000.000000000000000
       514     2615.384615384610242
       515     2000.000000000000000
       516     2615.384615384619792
       517     2000.000000000000000
       518     2615.384615384610242
       519     2000.000000000000000
       520     2615.384615384610242
       521     2000.000000000000000
       522     2615.384615384610242
       523     2000.000000000000000
       524     2615.384615384610242
       525     2000.000000000000000
       526     2615.384615384619792
       527     3230.769230769230035
       528     3230.769230769230035
       529     3230.769230769230035
       530     3230.769230769230035
       531     3230.769230769230035
       532     3230.769230769230035
       533     3230.769230769230035
       534     3230.769230769230035
       535     3230.769230769230035
       536     3230.769230769230035
       537     3230.769230769230035
       538     3846.153846153849827
       539     3846.153846153849827
       540     3846.153846153849827
       541     3846.153846153849827
       542     3846.153846153849827
       543     3846.153846153839822
       544     3846.153846153849827
       545     3846.153846153849827
       546     3846.153846153849827
       547     3846.153846153839822
       548     3846.153846153849827
       549     4461.538461538460069
       550     4461.538461538460069
       551     4461.538461538460069
       552     4461.538461538460069
       553     4461.538461538460069
       554     4461.538461538460069
       555     4461.538461538460069
       556     4461.538461538460069
       557     4461.538461538460069
       558     5076.923076923079861
       559     5076.923076923079861
       560     2000.000000000000000
       561     2615.384615384610242
       562     2000.000000000000000
       563     2615.384615384610242
       564     2000.000000000000000
       565     2615.384615384610242
       566     3230.769230769230035
       567     3230.769230769230035
       568     3230.769230769230035
       569     3846.153846153849827
       570     3846.153846153849827
       571     3846.153846153849827
       572     1428.571428571430033
       573     1428.571428571430033
       574     1428.571428571430033
       575     1428.571428571430033
       576     1428.571428571430033
       577     1428.571428571430033
       578     1428.571428571430033
       579     1428.571428571430033
       580     1428.571428571430033
       581     1428.571428571430033
       582      857.142857142856997
       583      857.142857142856997
       584     1428.571428571430033
       585     1428.571428571430033
       586      857.142857142856997
       587      857.142857142855974
       588     1428.571428571430033
       589     1428.571428571430033
       590      857.142857142856997
       591      857.142857142856997
       592     1428.571428571430033
       593     1428.571428571430033
       594      857.142857142856997
       595      857.142857142856997
       596     1428.571428571430033
       597     1428.571428571430033
       598      857.142857142856997
       599      857.142857142856997
       600     1428.571428571430033
       601     1428.571428571430033
       602     1428.571428571430033
       603     1428.571428571430033
       604     1428.571428571430033
       605     1428.571428571430033
       606     1428.571428571430033
       607     1428.571428571430033
       608     1428.571428571430033
       609      857.142857142856997
       610     1428.571428571430033
       611      857.142857142856997
       612     1428.571428571430033
       613      857.142857142856997
       614     1428.571428571430033
       615      857.142857142856997
       616     1428.571428571430033
       617      857.142857142856997
       618     1428.571428571430033
       619     1428.571428571430033
       620     1428.571428571430033
       621     1428.571428571430033
       622     1428.571428571430033
       623     1428.571428571430033
       624     1428.571428571430033
       625      857.142857142856997
       626     1428.571428571430033
       627      857.142857142855974
       628     1428.571428571430033
       629      857.142857142856997
       630     1428.571428571430033
       631      857.142857142855974
       632     1428.571428571430033
       633      857.142857142856997
       634     1428.571428571430033
       635     1428.571428571430033
       636     1428.571428571430033
       637     1428.571428571430033
       638     1428.571428571430033
       639     1428.571428571430033
       640     1428.571428571430033
       641      857.142857142856997
       642     1428.571428571430033
       643      857.142857142856997
       644     1428.571428571430033
       645      857.142857142856997
       646     1428.571428571430033
       647      857.142857142856997
       648     1428.571428571430033
       649      857.142857142858020
       650     1428.571428571430033
       651     1428.571428571430033
       652     1428.571428571430033
       653     1428.571428571430033
       654     1428.571428571430033
       655     1428.571428571430033
       656     1428.571428571430033
       657      857.142857142856997
       658     1428.571428571430033
       659      857.142857142856997
       660     1428.571428571430033
       661      857.142857142856997
       662     1428.571428571430033
       663      857.142857142856997
       664     1428.571428571430033
       665      857.142857142856997
       666     1428.571428571430033
       667     1428.571428571430033
       668     1428.571428571430033
       669     1428.571428571430033
       670     1428.571428571430033
       671     1428.571428571430033
       672     1428.571428571430033
       673      857.142857142856997
       674     1428.571428571430033
       675      857.142857142856997
       676     1428.571428571430033
       677      857.142857142856997
       678     1428.571428571430033
       679      285.714285714284983
       680      857.142857142856997
       681     1428.571428571430033
       682      285.714285714284983
       683      857.142857142858020
       684     1428.571428571430033
       685      857.142857142858020
       686     1428.571428571430033
       687     1428.571428571430033
       688     1428.571428571430033
       689     1428.571428571430033
       690     1428.571428571430033
       691     1428.571428571430033
       692      857.142857142856997
       693     1428.571428571430033
       694      857.142857142855974
       695     1428.571428571430033
       696      285.714285714284983
       697      857.142857142856997
       698     1428.571428571430033
       699      285.714285714285950
       700      857.142857142855974
       701     1428.571428571430033
       702      285.714285714285950
       703      857.142857142856997
       704     1428.571428571430033
       705      285.714285714285950
       706      857.142857142856997
       707     1428.571428571430033
       708     1428.571428571430033
       709     1428.571428571430033
       710     1428.571428571430033
       711     1428.571428571430033
       712     1428.571428571430033
       713     1428.571428571430033
       714      857.142857142856997
       715     1428.571428571430033
       716      857.142857142856997
       717     1428.571428571430033
       718      285.714285714284983
       719      857.142857142856997
       720     1428.571428571430033
       721      285.714285714285950
       722      857.142857142856997
       723     1428.571428571430033
       724      285.714285714285950
       725      857.142857142856997
       726     1428.571428571430033
       727      285.714285714285950
       728      857.142857142856997
       729     1428.571428571430033
       730     1428.571428571430033
       731     1428.571428571430033
       732     1428.571428571430033
       733     1428.571428571430033
       734     1428.571428571430033
       735     1428.571428571430033
       736     1428.571428571430033
       737      857.142857142856997
       738     1428.571428571430033
       739      285.714285714284983
       740      857.142857142856997
       741     1428.571428571430033
       742      285.714285714285950
       743      857.142857142855974
       744     1428.571428571430033
       745      285.714285714285950
       746      857.142857142856997
       747     1428.571428571430033
       748      857.142857142856997
       749     1428.571428571430033
       750      285.714285714284983
       751      857.142857142856997
       752     1428.571428571430033
       753      285.714285714285950
       754      857.142857142856997
       755     1428.571428571430033
       756      857.142857142856997
       757     1428.571428571430033
