         509
           1           2           1           4           5          11
          10          13          14
           2           1           3           6           4          10
          12          15          13
           3           8           7          10          11          23
          22          25          26
           4           7           9          12          10          22
          24          27          25
           5          11          10          13          14          26
          25          28          29
           6          10          12          15          13          25
          27          30          28
           7          14          13          16          17          29
          28          31          32
           8          13          15          18          16          28
          30          33          31
           9          20          19          22          23          41
          40          43          44
          10          19          21          24          22          40
          42          45          43
          11          23          22          25          26          44
          43          46          47
          12          22          24          27          25          43
          45          48          46
          13          26          25          28          29          47
          46          49          50
          14          25          27          30          28          46
          48          51          49
          15          29          28          31          32          50
          49          52          53
          16          28          30          33          31          49
          51          54          52
          17          32          31          34          35          53
          52          55          56
          18          31          33          36          34          52
          54          57          55
          19          38          37          40          41          62
          61          64          65
          20          37          39          42          40          61
          63          66          64
          21          41          40          43          44          65
          64          67          68
          22          40          42          45          43          64
          66          69          67
          23          44          43          46          47          68
          67          70          71
          24          43          45          48          46          67
          69          72          70
          25          47          46          49          50          71
          70          73          74
          26          46          48          51          49          70
          72          75          73
          27          50          49          52          53          74
          73          76          77
          28          49          51          54          52          73
          75          78          76
          29          53          52          55          56          77
          76          79          80
          30          52          54          57          55          76
          78          81          79
          31          85          86          87          88          80
          56          55          79
          32          88          87          89          90          79
          55          57          81
          33          92          91          94          95         103
         102         105         106
          34          91          93          96          94         102
         104         107         105
          35          93           2           5          96         104
          11          14         107
          36          95          94          97          98         106
         105         108         109
          37         100          99         102         103         115
         114         117         118
          38          99         101         104         102         114
         116         119         117
          39         101           8          11         104         116
          23          26         119
          40         103         102         105         106         118
         117         120         121
          41         102         104         107         105         117
         119         122         120
          42         104          11          14         107         119
          26          29         122
          43         106         105         108         109         121
         120         123         124
          44         105         107         110         108         120
         122         125         123
          45         107          14          17         110         122
          29          32         125
          46         112         111         114         115         133
         132         135         136
          47         111         113         116         114         132
         134         137         135
          48         113          20          23         116         134
          41          44         137
          49         115         114         117         118         136
         135         138         139
          50         114         116         119         117         135
         137         140         138
          51         116          23          26         119         137
          44          47         140
          52         118         117         120         121         139
         138         141         142
          53         117         119         122         120         138
         140         143         141
          54         119          26          29         122         140
          47          50         143
          55         121         120         123         124         142
         141         144         145
          56         120         122         125         123         141
         143         146         144
          57         122          29          32         125         143
          50          53         146
          58         124         123         126         127         145
         144         147         148
          59         123         125         128         126         144
         146         149         147
          60         125          32          35         128         146
          53          56         149
          61         130         129         132         133         154
         153         156         157
          62         129         131         134         132         153
         155         158         156
          63         131          38          41         134         155
          62          65         158
          64         133         132         135         136         157
         156         159         160
          65         132         134         137         135         156
         158         161         159
          66         134          41          44         137         158
          65          68         161
          67         136         135         138         139         160
         159         162         163
          68         135         137         140         138         159
         161         164         162
          69         137          44          47         140         161
          68          71         164
          70         139         138         141         142         163
         162         165         166
          71         138         140         143         141         162
         164         167         165
          72         140          47          50         143         164
          71          74         167
          73         142         141         144         145         166
         165         168         169
          74         141         143         146         144         165
         167         170         168
          75         143          50          53         146         167
          74          77         170
          76         145         144         147         148         169
         168         171         172
          77         144         146         149         147         168
         170         173         171
          78         146          53          56         149         170
          77          80         173
          79         177         178         179         180         172
         148         147         171
          80         180         179         181         182         171
         147         149         173
          81         182         181          86          85         173
         149          56          80
          82         188         187         189         190         201
         200         203         204
          83         190         189         191         192         204
         203         206         207
          84         192         191         193         194         207
         206         209         210
          85         194         193         195         196         210
         209         212         213
          86         198         197         200         201         218
         217         220         221
          87         197         199         202         200         217
         219         222         220
          88         201         200         203         204         221
         220         224         225
          89         200         202         205         203         220
         222         226         224
          90         204         203         206         207         225
         224         228         229
          91         203         205         208         206         224
         226         230         228
          92         207         206         209         210         229
         228         232         233
          93         206         208         211         209         228
         230         234         232
          94         210         209         212         213         233
         232         236         237
          95         209         211         214         212         232
         234         238         236
          96         216         215         217         218         241
         240         242         243
          97         218         217         220         221         243
         242         245         246
          98         217         219         222         220         242
         244         247         245
          99         221         220         224         225         246
         245         249         250
         100         220         222         226         224         245
         247         251         249
         101         222         223         227         226         247
         248         252         251
         102         225         224         228         229         250
         249         254         255
         103         224         226         230         228         249
         251         256         254
         104         226         227         231         230         251
         252         257         256
         105         229         228         232         233         255
         254         259         260
         106         228         230         234         232         254
         256         261         259
         107         230         231         235         234         256
         257         262         261
         108         233         232         236         237         260
         259         263         264
         109         232         234         238         236         259
         261         265         263
         110         241         240         242         243         269
         268         270         271
         111         243         242         245         246         271
         270         273         274
         112         242         244         247         245         270
         272         275         273
         113         246         245         249         250         274
         273         277         278
         114         245         247         251         249         273
         275         279         277
         115         247         248         252         251         275
         276         280         279
         116         250         249         254         255         278
         277         282         283
         117         249         251         256         254         277
         279         284         282
         118         251         252         257         256         279
         280         285         284
         119         252         253         258         257         280
         281         286         285
         120         255         254         259         260         283
         282         287         288
         121         254         256         261         259         282
         284         289         287
         122         256         257         262         261         284
         285         290         289
         123         260         259         263         264         288
         287         292         293
         124         259         261         265         263         287
         289         294         292
         125         261         262         266         265         289
         290         295         294
         126         269         268         270         271         154
         130         133         157
         127         271         270         273         274         157
         133         136         160
         128         270         272         275         273         133
         112         115         136
         129         274         273         277         278         160
         136         139         163
         130         273         275         279         277         136
         115         118         139
         131         275         276         280         279         115
         100         103         118
         132         278         277         282         283         163
         139         142         166
         133         277         279         284         282         139
         118         121         142
         134         279         280         285         284         118
         103         106         121
         135         280         281         286         285         103
          92          95         106
         136         283         282         287         288         166
         142         145         169
         137         282         284         289         287         142
         121         124         145
         138         284         285         290         289         121
         106         109         124
         139         285         286         291         290         106
          95          98         109
         140         288         287         292         293         169
         145         148         172
         141         287         289         294         292         145
         124         127         148
         142         177         300         301         178         172
         293         292         148
         143         300         302         303         301         293
         264         263         292
         144         302         304         305         303         264
         237         236         263
         145         304         306         307         305         237
         213         212         236
         146         306         308         309         307         213
         196         195         212
         147          80          77          76          79         310
         311         312         313
         148          77          74          73          76         311
         314         315         312
         149          74          71          70          73         314
         316         317         315
         150          71          68          67          70         316
         318         319         317
         151          68          65          64          67         318
         320         321         319
         152          65          62          61          64         320
         322         323         321
         153          62          59          58          61         322
         324         325         323
         154          79          76          78          81         313
         312         326         327
         155          76          73          75          78         312
         315         328         326
         156          73          70          72          75         315
         317         329         328
         157          70          67          69          72         317
         319         330         329
         158          67          64          66          69         319
         321         331         330
         159          64          61          63          66         321
         323         332         331
         160          61          58          60          63         323
         325         333         332
         161         310         311         312         313         334
         335         336         337
         162         311         314         315         312         335
         338         339         336
         163         314         316         317         315         338
         340         341         339
         164         316         318         319         317         340
         342         343         341
         165         318         320         321         319         342
         344         345         343
         166         320         322         323         321         344
         346         347         345
         167         322         324         325         323         346
         348         349         347
         168         313         312         326         327         337
         336         350         351
         169         312         315         328         326         336
         339         352         350
         170         315         317         329         328         339
         341         353         352
         171         317         319         330         329         341
         343         354         353
         172         319         321         331         330         343
         345         355         354
         173         321         323         332         331         345
         347         356         355
         174         323         325         333         332         347
         349         357         356
         175         334         335         336         337         358
         359         360         361
         176         335         338         339         336         359
         362         363         360
         177         338         340         341         339         362
         364         365         363
         178         340         342         343         341         364
         366         367         365
         179         342         344         345         343         366
         368         369         367
         180         344         346         347         345         368
         370         371         369
         181         337         336         350         351         361
         360         372         373
         182         336         339         352         350         360
         363         374         372
         183         339         341         353         352         363
         365         375         374
         184         341         343         354         353         365
         367         376         375
         185         343         345         355         354         367
         369         377         376
         186         345         347         356         355         369
         371         378         377
         187         358         359         360         361         379
         380         381         382
         188         359         362         363         360         380
         383         384         381
         189         362         364         365         363         383
         385         386         384
         190         364         366         367         365         385
         387         388         386
         191         366         368         369         367         387
         389         390         388
         192         368         370         371         369         389
         391         392         390
         193         361         360         372         373         382
         381         393         394
         194         360         363         374         372         381
         384         395         393
         195         363         365         375         374         384
         386         396         395
         196         365         367         376         375         386
         388         397         396
         197         367         369         377         376         388
         390         398         397
         198         369         371         378         377         390
         392         399         398
         199         379         380         381         382         400
         401         402         403
         200         380         383         384         381         401
         404         405         402
         201         383         385         386         384         404
         406         407         405
         202         385         387         388         386         406
         408         409         407
         203         387         389         390         388         408
         410         411         409
         204         382         381         393         394         403
         402         412         413
         205         381         384         395         393         402
         405         414         412
         206         384         386         396         395         405
         407         415         414
         207         386         388         397         396         407
         409         416         415
         208         388         390         398         397         409
         411         417         416
         209          82          85          88          83         420
         422         423         421
         210          85          80          79          88         422
         310         313         423
         211          83          88          90          84         421
         423         426         425
         212          88          79          81          90         423
         313         327         426
         213         418         420         421         419         427
         429         430         428
         214         420         422         423         421         429
         431         432         430
         215         422         310         313         423         431
         334         337         432
         216         419         421         425         424         428
         430         434         433
         217         421         423         426         425         430
         432         435         434
         218         423         313         327         426         432
         337         351         435
         219         429         431         432         430         436
         438         439         437
         220         431         334         337         432         438
         358         361         439
         221         430         432         435         434         437
         439         441         440
         222         432         337         351         435         439
         361         373         441
         223         438         358         361         439         442
         379         382         443
         224         439         361         373         441         443
         382         394         444
         225         172         169         168         171         445
         446         447         448
         226         169         166         165         168         446
         449         450         447
         227         166         163         162         165         449
         451         452         450
         228         163         160         159         162         451
         453         454         452
         229         160         157         156         159         453
         455         456         454
         230         157         154         153         156         455
         457         458         456
         231         154         151         150         153         457
         459         460         458
         232         171         168         170         173         448
         447         461         462
         233         168         165         167         170         447
         450         463         461
         234         165         162         164         167         450
         452         464         463
         235         162         159         161         164         452
         454         465         464
         236         159         156         158         161         454
         456         466         465
         237         156         153         155         158         456
         458         467         466
         238         153         150         152         155         458
         460         468         467
         239         173         170          77          80         462
         461         311         310
         240         170         167          74          77         461
         463         314         311
         241         167         164          71          74         463
         464         316         314
         242         164         161          68          71         464
         465         318         316
         243         161         158          65          68         465
         466         320         318
         244         158         155          62          65         466
         467         322         320
         245         155         152          59          62         467
         468         324         322
         246         445         446         447         448         469
         470         471         472
         247         446         449         450         447         470
         473         474         471
         248         449         451         452         450         473
         475         476         474
         249         451         453         454         452         475
         477         478         476
         250         453         455         456         454         477
         479         480         478
         251         455         457         458         456         479
         481         482         480
         252         457         459         460         458         481
         483         484         482
         253         448         447         461         462         472
         471         485         486
         254         447         450         463         461         471
         474         487         485
         255         450         452         464         463         474
         476         488         487
         256         452         454         465         464         476
         478         489         488
         257         454         456         466         465         478
         480         490         489
         258         456         458         467         466         480
         482         491         490
         259         458         460         468         467         482
         484         492         491
         260         462         461         311         310         486
         485         335         334
         261         461         463         314         311         485
         487         338         335
         262         463         464         316         314         487
         488         340         338
         263         464         465         318         316         488
         489         342         340
         264         465         466         320         318         489
         490         344         342
         265         466         467         322         320         490
         491         346         344
         266         467         468         324         322         491
         492         348         346
         267         469         470         471         472         493
         494         495         496
         268         470         473         474         471         494
         497         498         495
         269         473         475         476         474         497
         499         500         498
         270         475         477         478         476         499
         501         502         500
         271         477         479         480         478         501
         503         504         502
         272         479         481         482         480         503
         505         506         504
         273         472         471         485         486         496
         495         507         508
         274         471         474         487         485         495
         498         509         507
         275         474         476         488         487         498
         500         510         509
         276         476         478         489         488         500
         502         511         510
         277         478         480         490         489         502
         504         512         511
         278         480         482         491         490         504
         506         513         512
         279         486         485         335         334         508
         507         359         358
         280         485         487         338         335         507
         509         362         359
         281         487         488         340         338         509
         510         364         362
         282         488         489         342         340         510
         511         366         364
         283         489         490         344         342         511
         512         368         366
         284         490         491         346         344         512
         513         370         368
         285         493         494         495         496         514
         515         516         517
         286         494         497         498         495         515
         518         519         516
         287         497         499         500         498         518
         520         521         519
         288         499         501         502         500         520
         522         523         521
         289         501         503         504         502         522
         524         525         523
         290         503         505         506         504         524
         526         527         525
         291         496         495         507         508         517
         516         528         529
         292         495         498         509         507         516
         519         530         528
         293         498         500         510         509         519
         521         531         530
         294         500         502         511         510         521
         523         532         531
         295         502         504         512         511         523
         525         533         532
         296         504         506         513         512         525
         527         534         533
         297         508         507         359         358         529
         528         380         379
         298         507         509         362         359         528
         530         383         380
         299         509         510         364         362         530
         531         385         383
         300         510         511         366         364         531
         532         387         385
         301         511         512         368         366         532
         533         389         387
         302         512         513         370         368         533
         534         391         389
         303         514         515         516         517         535
         536         537         538
         304         515         518         519         516         536
         539         540         537
         305         518         520         521         519         539
         541         542         540
         306         520         522         523         521         541
         543         544         542
         307         522         524         525         523         543
         545         546         544
         308         517         516         528         529         538
         537         547         548
         309         516         519         530         528         537
         540         549         547
         310         519         521         531         530         540
         542         550         549
         311         521         523         532         531         542
         544         551         550
         312         523         525         533         532         544
         546         552         551
         313         529         528         380         379         548
         547         401         400
         314         528         530         383         380         547
         549         404         401
         315         530         531         385         383         549
         550         406         404
         316         531         532         387         385         550
         551         408         406
         317         532         533         389         387         551
         552         410         408
         318         174         177         180         175         555
         557         558         556
         319         177         172         171         180         557
         445         448         558
         320         175         180         182         176         556
         558         561         560
         321         180         171         173         182         558
         448         462         561
         322         176         182          85          82         560
         561         422         420
         323         182         173          80          85         561
         462         310         422
         324         553         555         556         554         562
         564         565         563
         325         555         557         558         556         564
         566         567         565
         326         557         445         448         558         566
         469         472         567
         327         554         556         560         559         563
         565         569         568
         328         556         558         561         560         565
         567         570         569
         329         558         448         462         561         567
         472         486         570
         330         559         560         420         418         568
         569         429         427
         331         560         561         422         420         569
         570         431         429
         332         561         462         310         422         570
         486         334         431
         333         564         566         567         565         571
         573         574         572
         334         566         469         472         567         573
         493         496         574
         335         565         567         570         569         572
         574         576         575
         336         567         472         486         570         574
         496         508         576
         337         569         570         431         429         575
         576         438         436
         338         570         486         334         431         576
         508         358         438
         339         573         493         496         574         577
         514         517         578
         340         574         496         508         576         578
         517         529         579
         341         576         508         358         438         579
         529         379         442
         342         580         183         184         582         593
         190         192         597
         343         581         582         585         584         596
         597         602         601
         344         582         184         185         585         597
         192         194         602
         345         583         584         587         586         600
         601         606         605
         346         584         585         588         587         601
         602         607         606
         347         585         185         186         588         602
         194         196         607
         348         589         590         593         592         613
         614         619         618
         349         590         188         190         593         614
         201         204         619
         350         591         592         596         595         617
         618         623         622
         351         592         593         597         596         618
         619         624         623
         352         593         190         192         597         619
         204         207         624
         353         594         595         600         599         621
         622         627         626
         354         595         596         601         600         622
         623         628         627
         355         596         597         602         601         623
         624         629         628
         356         597         192         194         602         624
         207         210         629
         357         598         599         604         603         625
         626         631         630
         358         599         600         605         604         626
         627         632         631
         359         600         601         606         605         627
         628         633         632
         360         601         602         607         606         628
         629         634         633
         361         602         194         196         607         629
         210         213         634
         362         608         609         613         612         641
         642         647         646
         363         609         610         614         613         642
         643         648         647
         364         610         198         201         614         643
         218         221         648
         365         611         612         617         616         645
         646         651         650
         366         612         613         618         617         646
         647         652         651
         367         613         614         619         618         647
         648         653         652
         368         614         201         204         619         648
         221         225         653
         369         615         616         621         620         649
         650         655         654
         370         616         617         622         621         650
         651         656         655
         371         617         618         623         622         651
         652         657         656
         372         618         619         624         623         652
         653         658         657
         373         619         204         207         624         653
         225         229         658
         374         620         621         626         625         654
         655         660         659
         375         621         622         627         626         655
         656         661         660
         376         622         623         628         627         656
         657         662         661
         377         623         624         629         628         657
         658         663         662
         378         624         207         210         629         658
         229         233         663
         379         625         626         631         630         659
         660         665         664
         380         626         627         632         631         660
         661         666         665
         381         627         628         633         632         661
         662         667         666
         382         628         629         634         633         662
         663         668         667
         383         629         210         213         634         663
         233         237         668
         384         635         636         641         640         671
         672         677         676
         385         636         637         642         641         672
         673         678         677
         386         637         638         643         642         673
         674         679         678
         387         638         216         218         643         674
         241         243         679
         388         639         640         645         644         675
         676         681         680
         389         640         641         646         645         676
         677         682         681
         390         641         642         647         646         677
         678         683         682
         391         642         643         648         647         678
         679         684         683
         392         643         218         221         648         679
         243         246         684
         393         644         645         650         649         680
         681         686         685
         394         645         646         651         650         681
         682         687         686
         395         646         647         652         651         682
         683         688         687
         396         647         648         653         652         683
         684         689         688
         397         648         221         225         653         684
         246         250         689
         398         649         650         655         654         685
         686         691         690
         399         650         651         656         655         686
         687         692         691
         400         651         652         657         656         687
         688         693         692
         401         652         653         658         657         688
         689         694         693
         402         653         225         229         658         689
         250         255         694
         403         654         655         660         659         690
         691         696         695
         404         655         656         661         660         691
         692         697         696
         405         656         657         662         661         692
         693         698         697
         406         657         658         663         662         693
         694         699         698
         407         658         229         233         663         694
         255         260         699
         408         659         660         665         664         695
         696         701         700
         409         660         661         666         665         696
         697         702         701
         410         661         662         667         666         697
         698         703         702
         411         662         663         668         667         698
         699         704         703
         412         663         233         237         668         699
         260         264         704
         413         669         670         674         673         705
         706         710         709
         414         670         239         241         674         706
         267         269         710
         415         671         672         677         676         707
         708         713         712
         416         672         673         678         677         708
         709         714         713
         417         673         674         679         678         709
         710         715         714
         418         674         241         243         679         710
         269         271         715
         419         675         676         681         680         711
         712         717         716
         420         676         677         682         681         712
         713         718         717
         421         677         678         683         682         713
         714         719         718
         422         678         679         684         683         714
         715         720         719
         423         679         243         246         684         715
         271         274         720
         424         680         681         686         685         716
         717         722         721
         425         681         682         687         686         717
         718         723         722
         426         682         683         688         687         718
         719         724         723
         427         683         684         689         688         719
         720         725         724
         428         684         246         250         689         720
         274         278         725
         429         685         686         691         690         721
         722         727         726
         430         686         687         692         691         722
         723         728         727
         431         687         688         693         692         723
         724         729         728
         432         688         689         694         693         724
         725         730         729
         433         689         250         255         694         725
         278         283         730
         434         690         691         696         695         726
         727         732         731
         435         691         692         697         696         727
         728         733         732
         436         692         693         698         697         728
         729         734         733
         437         693         694         699         698         729
         730         735         734
         438         694         255         260         699         730
         283         288         735
         439         695         696         701         700         731
         732         737         736
         440         696         697         702         701         732
         733         738         737
         441         697         698         703         702         733
         734         739         738
         442         698         699         704         703         734
         735         740         739
         443         699         260         264         704         735
         288         293         740
         444         705         706         710         709         483
         459         457         481
         445         706         267         269         710         459
         151         154         457
         446         707         708         713         712         526
         505         503         524
         447         708         709         714         713         505
         481         479         503
         448         709         710         715         714         481
         457         455         479
         449         710         269         271         715         457
         154         157         455
         450         711         712         717         716         545
         524         522         543
         451         712         713         718         717         524
         503         501         522
         452         713         714         719         718         503
         479         477         501
         453         714         715         720         719         479
         455         453         477
         454         715         271         274         720         455
         157         160         453
         455         716         717         722         721         543
         522         520         541
         456         717         718         723         722         522
         501         499         520
         457         718         719         724         723         501
         477         475         499
         458         719         720         725         724         477
         453         451         475
         459         720         274         278         725         453
         160         163         451
         460         721         722         727         726         541
         520         518         539
         461         722         723         728         727         520
         499         497         518
         462         723         724         729         728         499
         475         473         497
         463         724         725         730         729         475
         451         449         473
         464         725         278         283         730         451
         163         166         449
         465         726         727         732         731         539
         518         515         536
         466         727         728         733         732         518
         497         494         515
         467         728         729         734         733         497
         473         470         494
         468         729         730         735         734         473
         449         446         470
         469         730         283         288         735         449
         166         169         446
         470         731         732         737         736         536
         515         514         535
         471         732         733         738         737         515
         494         493         514
         472         733         734         739         738         494
         470         469         493
         473         734         735         740         739         470
         446         445         469
         474         735         288         293         740         446
         169         172         445
         475         741         742         744         743         751
         752         755         754
         476         743         744         746         745         754
         755         758         757
         477         745         746         553         562         757
         758         555         564
         478         747         748         751         750         764
         765         769         768
         479         748         749         752         751         765
         766         770         769
         480         749         299         298         752         766
         306         304         770
         481         750         751         754         753         768
         769         773         772
         482         751         752         755         754         769
         770         774         773
         483         752         298         297         755         770
         304         302         774
         484         753         754         757         756         772
         773         777         776
         485         754         755         758         757         773
         774         778         777
         486         755         297         296         758         774
         302         300         778
         487         756         757         564         571         776
         777         566         573
         488         757         758         555         564         777
         778         557         566
         489         758         296         174         555         778
         300         177         557
         490         759         760         764         763         604
         605         632         631
         491         760         761         765         764         605
         606         633         632
         492         761         762         766         765         606
         607         634         633
         493         762         308         306         766         607
         196         213         634
         494         763         764         768         767         631
         632         666         665
         495         764         765         769         768         632
         633         667         666
         496         765         766         770         769         633
         634         668         667
         497         766         306         304         770         634
         213         237         668
         498         767         768         772         771         665
         666         702         701
         499         768         769         773         772         666
         667         703         702
         500         769         770         774         773         667
         668         704         703
         501         770         304         302         774         668
         237         264         704
         502         771         772         776         775         701
         702         738         737
         503         772         773         777         776         702
         703         739         738
         504         773         774         778         777         703
         704         740         739
         505         774         302         300         778         704
         264         293         740
         506         775         776         573         577         737
         738         493         514
         507         776         777         566         573         738
         739         469         493
         508         777         778         557         566         739
         740         445         469
         509         778         300         177         557         740
         293         172         445
