         764
         1    10000.000000000000000
         2     9411.764705882349517
         3    10000.000000000000000
         4     9411.764705882349517
         5    10000.000000000000000
         6     9411.764705882360431
         7    10000.000000000000000
         8     9411.764705882349517
         9    10000.000000000000000
        10     9411.764705882349517
        11    10000.000000000000000
        12     9411.764705882349517
        13    10000.000000000000000
        14     9411.764705882360431
        15    10000.000000000000000
        16     9411.764705882360431
        17    10000.000000000000000
        18     9411.764705882349517
        19    10000.000000000000000
        20     9411.764705882349517
        21     8823.529411764709948
        22     8823.529411764709948
        23     8823.529411764709948
        24     8823.529411764699034
        25     8823.529411764699034
        26     8823.529411764699034
        27     8823.529411764699034
        28     8823.529411764709948
        29     8823.529411764699034
        30     8823.529411764709948
        31     8235.294117647059466
        32     8235.294117647070379
        33     8235.294117647059466
        34     8235.294117647059466
        35     8235.294117647070379
        36     8235.294117647059466
        37     8235.294117647059466
        38     8235.294117647059466
        39     8235.294117647059466
        40     8235.294117647059466
        41     7647.058823529410802
        42     7647.058823529410802
        43     7647.058823529410802
        44     7647.058823529410802
        45     7647.058823529410802
        46     7647.058823529410802
        47     7647.058823529410802
        48     7647.058823529410802
        49     7647.058823529410802
        50     7647.058823529410802
        51     7058.823529411760319
        52     7058.823529411760319
        53     7058.823529411760319
        54     7058.823529411760319
        55     7058.823529411760319
        56     7058.823529411760319
        57     7058.823529411760319
        58     7058.823529411760319
        59     7058.823529411760319
        60     7058.823529411760319
        61     6470.588235294120750
        62     6470.588235294120750
        63     6470.588235294120750
        64     6470.588235294120750
        65     6470.588235294120750
        66     6470.588235294120750
        67     6470.588235294120750
        68     6470.588235294120750
        69     6470.588235294120750
        70     6470.588235294120750
        71     5882.352941176470267
        72     5882.352941176470267
        73     5882.352941176470267
        74     5882.352941176470267
        75     5882.352941176470267
        76     5882.352941176470267
        77     5882.352941176470267
        78     5882.352941176470267
        79     5882.352941176470267
        80     5882.352941176470267
        81     5294.117647058819784
        82     5294.117647058819784
        83     5294.117647058819784
        84     5294.117647058819784
        85     5294.117647058819784
        86     5294.117647058819784
        87     5294.117647058819784
        88     5294.117647058829789
        89     5294.117647058819784
        90     5294.117647058819784
        91     4705.882352941180216
        92     4705.882352941180216
        93     4705.882352941180216
        94     4705.882352941180216
        95     4705.882352941180216
        96     4705.882352941180216
        97     4705.882352941180216
        98     4705.882352941180216
        99     4705.882352941180216
       100    10000.000000000000000
       101     9411.764705882360431
       102    10000.000000000000000
       103     9411.764705882349517
       104    10000.000000000000000
       105     9411.764705882360431
       106    10000.000000000000000
       107     9411.764705882360431
       108    10000.000000000000000
       109     9411.764705882360431
       110    10000.000000000000000
       111     9411.764705882360431
       112    10000.000000000000000
       113     9411.764705882360431
       114    10000.000000000000000
       115     9411.764705882360431
       116    10000.000000000000000
       117     9411.764705882360431
       118    10000.000000000000000
       119     9411.764705882360431
       120    10000.000000000000000
       121     9411.764705882349517
       122    10000.000000000000000
       123     9411.764705882349517
       124    10000.000000000000000
       125     9411.764705882360431
       126    10000.000000000000000
       127     9411.764705882349517
       128    10000.000000000000000
       129     9411.764705882360431
       130    10000.000000000000000
       131     9411.764705882360431
       132    10000.000000000000000
       133     9411.764705882349517
       134    10000.000000000000000
       135     9411.764705882360431
       136    10000.000000000000000
       137     9411.764705882360431
       138    10000.000000000000000
       139     9411.764705882360431
       140    10000.000000000000000
       141     9411.764705882360431
       142    10000.000000000000000
       143     9411.764705882360431
       144    10000.000000000000000
       145     9411.764705882360431
       146    10000.000000000000000
       147     9411.764705882360431
       148    10000.000000000000000
       149     9411.764705882360431
       150    10000.000000000000000
       151     9411.764705882349517
       152    10000.000000000000000
       153     9411.764705882349517
       154    10000.000000000000000
       155     9411.764705882360431
       156    10000.000000000000000
       157     9411.764705882360431
       158    10000.000000000000000
       159     9411.764705882349517
       160    10000.000000000000000
       161     9411.764705882360431
       162    10000.000000000000000
       163     9411.764705882349517
       164    10000.000000000000000
       165     9411.764705882360431
       166    10000.000000000000000
       167     9411.764705882349517
       168    10000.000000000000000
       169     9411.764705882349517
       170    10000.000000000000000
       171     9411.764705882360431
       172    10000.000000000000000
       173     9411.764705882349517
       174    10000.000000000000000
       175     9411.764705882360431
       176    10000.000000000000000
       177     9411.764705882360431
       178    10000.000000000000000
       179     9411.764705882360431
       180    10000.000000000000000
       181     9411.764705882360431
       182    10000.000000000000000
       183     9411.764705882360431
       184    10000.000000000000000
       185     9411.764705882360431
       186    10000.000000000000000
       187     9411.764705882360431
       188    10000.000000000000000
       189     9411.764705882360431
       190    10000.000000000000000
       191     9411.764705882360431
       192    10000.000000000000000
       193     9411.764705882360431
       194    10000.000000000000000
       195     9411.764705882360431
       196    10000.000000000000000
       197     9411.764705882349517
       198    10000.000000000000000
       199     9411.764705882360431
       200    10000.000000000000000
       201     9411.764705882360431
       202    10000.000000000000000
       203     9411.764705882349517
       204    10000.000000000000000
       205     9411.764705882349517
       206    10000.000000000000000
       207     9411.764705882349517
       208    10000.000000000000000
       209     9411.764705882349517
       210    10000.000000000000000
       211     9411.764705882360431
       212    10000.000000000000000
       213     9411.764705882349517
       214    10000.000000000000000
       215     9411.764705882360431
       216     8823.529411764709948
       217     8823.529411764709948
       218     8823.529411764709948
       219     8823.529411764709948
       220     8823.529411764709948
       221     8823.529411764699034
       222     8823.529411764709948
       223     8823.529411764709948
       224     8823.529411764709948
       225     8823.529411764709948
       226     8823.529411764709948
       227     8823.529411764699034
       228     8823.529411764709948
       229     8823.529411764709948
       230     8823.529411764709948
       231     8823.529411764709948
       232     8823.529411764709948
       233     8823.529411764709948
       234     8823.529411764709948
       235     8823.529411764709948
       236     8823.529411764709948
       237     8823.529411764709948
       238     8823.529411764699034
       239     8823.529411764709948
       240     8823.529411764709948
       241     8823.529411764709948
       242     8823.529411764699034
       243     8823.529411764699034
       244     8823.529411764709948
       245     8823.529411764709948
       246     8823.529411764709948
       247     8823.529411764699034
       248     8823.529411764699034
       249     8823.529411764709948
       250     8823.529411764709948
       251     8823.529411764709948
       252     8823.529411764709948
       253     8823.529411764709948
       254     8823.529411764709948
       255     8823.529411764709948
       256     8823.529411764699034
       257     8823.529411764699034
       258     8823.529411764699034
       259     8823.529411764709948
       260     8823.529411764709948
       261     8823.529411764709948
       262     8823.529411764709948
       263     8823.529411764709948
       264     8823.529411764709948
       265     8823.529411764709948
       266     8823.529411764699034
       267     8823.529411764699034
       268     8823.529411764699034
       269     8823.529411764709948
       270     8823.529411764709948
       271     8823.529411764709948
       272     8823.529411764709948
       273     8823.529411764709948
       274     8823.529411764709948
       275     8823.529411764709948
       276     8235.294117647059466
       277     8235.294117647059466
       278     8235.294117647059466
       279     8235.294117647059466
       280     8235.294117647059466
       281     8235.294117647059466
       282     8235.294117647059466
       283     8235.294117647059466
       284     8235.294117647070379
       285     8235.294117647070379
       286     8235.294117647059466
       287     8235.294117647059466
       288     8235.294117647059466
       289     8235.294117647050371
       290     8235.294117647070379
       291     8235.294117647059466
       292     8235.294117647070379
       293     8235.294117647070379
       294     8235.294117647059466
       295     8235.294117647059466
       296     8235.294117647070379
       297     8235.294117647059466
       298     8235.294117647059466
       299     8235.294117647059466
       300     8235.294117647059466
       301     8235.294117647059466
       302     8235.294117647070379
       303     8235.294117647059466
       304     8235.294117647059466
       305     8235.294117647059466
       306     8235.294117647059466
       307     8235.294117647070379
       308     8235.294117647070379
       309     8235.294117647059466
       310     8235.294117647070379
       311     8235.294117647059466
       312     8235.294117647070379
       313     8235.294117647059466
       314     8235.294117647059466
       315     8235.294117647059466
       316     8235.294117647059466
       317     8235.294117647070379
       318     8235.294117647059466
       319     8235.294117647070379
       320     8235.294117647059466
       321     8235.294117647059466
       322     8235.294117647070379
       323     8235.294117647059466
       324     8235.294117647059466
       325     8235.294117647059466
       326     8235.294117647059466
       327     8235.294117647070379
       328     8235.294117647059466
       329     8235.294117647070379
       330     8235.294117647059466
       331     8235.294117647059466
       332     8235.294117647059466
       333     8235.294117647059466
       334     8235.294117647059466
       335     8235.294117647059466
       336     8235.294117647059466
       337     7647.058823529410802
       338     7647.058823529410802
       339     7647.058823529410802
       340     7647.058823529410802
       341     7647.058823529410802
       342     7647.058823529410802
       343     7647.058823529410802
       344     7647.058823529410802
       345     7647.058823529410802
       346     7647.058823529410802
       347     7647.058823529410802
       348     7647.058823529410802
       349     7647.058823529410802
       350     7647.058823529410802
       351     7647.058823529410802
       352     7647.058823529410802
       353     7647.058823529410802
       354     7647.058823529419897
       355     7647.058823529410802
       356     7647.058823529410802
       357     7647.058823529410802
       358     7647.058823529410802
       359     7647.058823529410802
       360     7647.058823529410802
       361     7647.058823529410802
       362     7647.058823529410802
       363     7647.058823529410802
       364     7647.058823529410802
       365     7647.058823529410802
       366     7647.058823529410802
       367     7647.058823529410802
       368     7647.058823529410802
       369     7647.058823529410802
       370     7647.058823529410802
       371     7647.058823529410802
       372     7647.058823529410802
       373     7647.058823529410802
       374     7647.058823529410802
       375     7647.058823529410802
       376     7647.058823529419897
       377     7647.058823529410802
       378     7647.058823529410802
       379     7647.058823529410802
       380     7647.058823529410802
       381     7647.058823529410802
       382     7647.058823529410802
       383     7647.058823529410802
       384     7647.058823529410802
       385     7647.058823529410802
       386     7647.058823529410802
       387     7647.058823529410802
       388     7647.058823529410802
       389     7647.058823529410802
       390     7647.058823529410802
       391     7647.058823529410802
       392     7647.058823529410802
       393     7647.058823529410802
       394     7647.058823529410802
       395     7647.058823529410802
       396     7647.058823529410802
       397     7647.058823529410802
       398     7647.058823529410802
       399     7058.823529411760319
       400     7058.823529411769414
       401     7058.823529411760319
       402     7058.823529411769414
       403     7058.823529411760319
       404     7058.823529411769414
       405     7058.823529411769414
       406     7058.823529411769414
       407     7058.823529411760319
       408     7058.823529411760319
       409     7058.823529411769414
       410     7058.823529411760319
       411     7058.823529411760319
       412     7058.823529411760319
       413     7058.823529411760319
       414     7058.823529411760319
       415     7058.823529411769414
       416     7058.823529411760319
       417     7058.823529411769414
       418     7058.823529411760319
       419     7058.823529411760319
       420     7058.823529411760319
       421     7058.823529411769414
       422     7058.823529411769414
       423     7058.823529411760319
       424     7058.823529411769414
       425     7058.823529411760319
       426     7058.823529411760319
       427     7058.823529411760319
       428     7058.823529411760319
       429     7058.823529411769414
       430     7058.823529411760319
       431     7058.823529411769414
       432     7058.823529411760319
       433     7058.823529411760319
       434     7058.823529411760319
       435     7058.823529411769414
       436     7058.823529411760319
       437     7058.823529411760319
       438     7058.823529411760319
       439     7058.823529411760319
       440     7058.823529411760319
       441     7058.823529411769414
       442     7058.823529411760319
       443     7058.823529411769414
       444     7058.823529411760319
       445     7058.823529411769414
       446     7058.823529411769414
       447     7058.823529411769414
       448     7058.823529411769414
       449     7058.823529411769414
       450     7058.823529411760319
       451     7058.823529411760319
       452     7058.823529411760319
       453     7058.823529411769414
       454     7058.823529411760319
       455     7058.823529411760319
       456     7058.823529411769414
       457     7058.823529411760319
       458     7058.823529411760319
       459     7058.823529411760319
       460     7058.823529411769414
       461     7058.823529411769414
       462     7058.823529411760319
       463     7058.823529411769414
       464     6470.588235294120750
       465     6470.588235294120750
       466     6470.588235294120750
       467     6470.588235294120750
       468     6470.588235294120750
       469     6470.588235294120750
       470     6470.588235294120750
       471     6470.588235294120750
       472     6470.588235294120750
       473     6470.588235294120750
       474     6470.588235294120750
       475     6470.588235294120750
       476     6470.588235294120750
       477     6470.588235294120750
       478     6470.588235294120750
       479     6470.588235294120750
       480     6470.588235294120750
       481     6470.588235294120750
       482     6470.588235294120750
       483     6470.588235294120750
       484     6470.588235294120750
       485     6470.588235294120750
       486     6470.588235294120750
       487     6470.588235294120750
       488     6470.588235294120750
       489     6470.588235294120750
       490     6470.588235294120750
       491     6470.588235294120750
       492     6470.588235294120750
       493     6470.588235294120750
       494     6470.588235294120750
       495     6470.588235294120750
       496     6470.588235294120750
       497     6470.588235294120750
       498     6470.588235294120750
       499     6470.588235294120750
       500     6470.588235294120750
       501     6470.588235294120750
       502     6470.588235294120750
       503     6470.588235294120750
       504     6470.588235294120750
       505     6470.588235294120750
       506     6470.588235294120750
       507     6470.588235294120750
       508     6470.588235294120750
       509     6470.588235294120750
       510     6470.588235294120750
       511     6470.588235294120750
       512     6470.588235294120750
       513     6470.588235294120750
       514     6470.588235294120750
       515     6470.588235294120750
       516     6470.588235294120750
       517     6470.588235294120750
       518     6470.588235294120750
       519     6470.588235294120750
       520     6470.588235294120750
       521     6470.588235294120750
       522     6470.588235294120750
       523     6470.588235294120750
       524     6470.588235294120750
       525     6470.588235294120750
       526     6470.588235294120750
       527     6470.588235294120750
       528     6470.588235294120750
       529     6470.588235294120750
       530     6470.588235294120750
       531     5882.352941176470267
       532     5882.352941176470267
       533     5882.352941176470267
       534     5882.352941176470267
       535     5882.352941176470267
       536     5882.352941176470267
       537     5882.352941176470267
       538     5882.352941176470267
       539     5882.352941176470267
       540     5882.352941176470267
       541     5882.352941176470267
       542     5882.352941176470267
       543     5882.352941176470267
       544     5882.352941176470267
       545     5882.352941176470267
       546     5882.352941176470267
       547     5882.352941176470267
       548     5882.352941176470267
       549     5882.352941176470267
       550     5882.352941176470267
       551     5882.352941176470267
       552     5882.352941176470267
       553     5882.352941176470267
       554     5882.352941176470267
       555     5882.352941176470267
       556     5882.352941176470267
       557     5882.352941176470267
       558     5882.352941176470267
       559     5882.352941176470267
       560     5882.352941176470267
       561     5882.352941176470267
       562     5882.352941176470267
       563     5882.352941176470267
       564     5882.352941176470267
       565     5882.352941176470267
       566     5882.352941176470267
       567     5882.352941176470267
       568     5882.352941176470267
       569     5882.352941176470267
       570     5882.352941176470267
       571     5882.352941176470267
       572     5882.352941176470267
       573     5882.352941176470267
       574     5882.352941176470267
       575     5882.352941176470267
       576     5882.352941176470267
       577     5882.352941176470267
       578     5882.352941176470267
       579     5882.352941176470267
       580     5882.352941176470267
       581     5882.352941176470267
       582     5882.352941176470267
       583     5882.352941176470267
       584     5882.352941176470267
       585     5882.352941176470267
       586     5882.352941176470267
       587     5882.352941176470267
       588     5882.352941176470267
       589     5882.352941176470267
       590     5882.352941176470267
       591     5882.352941176470267
       592     5882.352941176470267
       593     5882.352941176470267
       594     5882.352941176470267
       595     5882.352941176470267
       596     5882.352941176470267
       597     5882.352941176470267
       598     5882.352941176470267
       599     5294.117647058819784
       600     5294.117647058819784
       601     5294.117647058819784
       602     5294.117647058819784
       603     5294.117647058819784
       604     5294.117647058819784
       605     5294.117647058819784
       606     5294.117647058819784
       607     5294.117647058829789
       608     5294.117647058819784
       609     5294.117647058819784
       610     5294.117647058819784
       611     5294.117647058819784
       612     5294.117647058819784
       613     5294.117647058819784
       614     5294.117647058819784
       615     5294.117647058819784
       616     5294.117647058819784
       617     5294.117647058819784
       618     5294.117647058819784
       619     5294.117647058819784
       620     5294.117647058819784
       621     5294.117647058819784
       622     5294.117647058819784
       623     5294.117647058819784
       624     5294.117647058819784
       625     5294.117647058819784
       626     5294.117647058819784
       627     5294.117647058819784
       628     5294.117647058819784
       629     5294.117647058819784
       630     5294.117647058819784
       631     5294.117647058819784
       632     5294.117647058819784
       633     5294.117647058819784
       634     5294.117647058819784
       635     5294.117647058819784
       636     5294.117647058819784
       637     5294.117647058819784
       638     5294.117647058819784
       639     5294.117647058819784
       640     5294.117647058819784
       641     5294.117647058819784
       642     5294.117647058819784
       643     5294.117647058819784
       644     5294.117647058819784
       645     5294.117647058819784
       646     5294.117647058819784
       647     5294.117647058819784
       648     5294.117647058829789
       649     5294.117647058819784
       650     5294.117647058819784
       651     5294.117647058819784
       652     5294.117647058819784
       653     5294.117647058819784
       654     5294.117647058829789
       655     5294.117647058819784
       656     5294.117647058819784
       657     5294.117647058819784
       658     5294.117647058819784
       659     5294.117647058819784
       660     5294.117647058819784
       661     5294.117647058819784
       662     5294.117647058819784
       663     5294.117647058819784
       664     5294.117647058819784
       665     5294.117647058819784
       666     5294.117647058819784
       667     4705.882352941180216
       668     4705.882352941180216
       669     4705.882352941180216
       670     4705.882352941180216
       671     4705.882352941180216
       672     4705.882352941180216
       673     4705.882352941180216
       674     4705.882352941180216
       675     4705.882352941180216
       676     4705.882352941180216
       677     4705.882352941180216
       678     4705.882352941180216
       679     4705.882352941180216
       680     4705.882352941180216
       681     4705.882352941180216
       682     4705.882352941180216
       683     4705.882352941180216
       684     4705.882352941180216
       685     4705.882352941180216
       686     4705.882352941180216
       687     4705.882352941180216
       688     4705.882352941170211
       689     4705.882352941180216
       690     4705.882352941180216
       691     4705.882352941180216
       692     4705.882352941180216
       693     4705.882352941180216
       694     4705.882352941180216
       695     4705.882352941180216
       696     4705.882352941180216
       697     4705.882352941180216
       698     4705.882352941180216
       699     4705.882352941180216
       700     4705.882352941180216
       701     4705.882352941180216
       702     4705.882352941180216
       703     4705.882352941180216
       704     4705.882352941180216
       705     4705.882352941180216
       706     4705.882352941180216
       707     4705.882352941180216
       708     4705.882352941180216
       709     4705.882352941180216
       710     4705.882352941180216
       711     4705.882352941180216
       712     4705.882352941180216
       713     4705.882352941180216
       714     4705.882352941180216
       715     4705.882352941180216
       716     4705.882352941180216
       717     4705.882352941180216
       718     4705.882352941180216
       719     4705.882352941180216
       720     4705.882352941180216
       721     4705.882352941180216
       722     4705.882352941180216
       723     4705.882352941180216
       724     4705.882352941180216
       725     4117.647058823529733
       726     4117.647058823529733
       727     4117.647058823529733
       728     4117.647058823529733
       729     4117.647058823529733
       730     4117.647058823529733
       731     4117.647058823529733
       732     4117.647058823529733
       733     4117.647058823529733
       734     4117.647058823529733
       735     4117.647058823529733
       736     4117.647058823529733
       737     4117.647058823529733
       738     4117.647058823529733
       739     4117.647058823529733
       740     4117.647058823529733
       741     4117.647058823529733
       742     4117.647058823529733
       743     4117.647058823529733
       744     4117.647058823529733
       745     4117.647058823529733
       746     4117.647058823529733
       747     4117.647058823529733
       748     4117.647058823529733
       749     4117.647058823529733
       750     4117.647058823529733
       751     4117.647058823529733
       752     4117.647058823529733
       753     4117.647058823529733
       754     4117.647058823529733
       755     4117.647058823529733
       756     4117.647058823529733
       757     4117.647058823529733
       758     4117.647058823529733
       759     4117.647058823529733
       760     4117.647058823529733
       761     4117.647058823529733
       762     4117.647058823529733
       763     4117.647058823529733
       764     4117.647058823529733
