         760
         1    -2000.000000000000000
         2    -1428.571428571430033
         3    -1428.571428571430033
         4    -2000.000000000000000
         5    -2000.000000000000000
         6    -1428.571428571430033
         7    -1428.571428571430033
         8    -2000.000000000000000
         9     -857.142857142856997
        10     -857.142857142856997
        11     -857.142857142856997
        12     -857.142857142856997
        13     -285.714285714285950
        14     -285.714285714285950
        15     -285.714285714285950
        16     -285.714285714285950
        17      285.714285714285950
        18      285.714285714285950
        19      285.714285714285950
        20      285.714285714285950
        21      857.142857142856997
        22      857.142857142856997
        23      857.142857142856997
        24      857.142857142856997
        25     1428.571428571430033
        26     1428.571428571430033
        27     1428.571428571430033
        28     1428.571428571430033
        29    -1428.571428571430033
        30    -2000.000000000000000
        31    -1428.571428571430033
        32    -2000.000000000000000
        33     -857.142857142856997
        34     -857.142857142856997
        35     -285.714285714285950
        36     -285.714285714285950
        37      285.714285714285950
        38      285.714285714285950
        39      857.142857142856997
        40      857.142857142856997
        41     1428.571428571430033
        42     1428.571428571430033
        43    -1428.571428571430033
        44    -2000.000000000000000
        45    -1428.571428571430033
        46    -2000.000000000000000
        47     -857.142857142856997
        48     -857.142857142856997
        49     -285.714285714285950
        50     -285.714285714285950
        51      285.714285714285950
        52      285.714285714285950
        53      857.142857142856997
        54      857.142857142856997
        55     1428.571428571430033
        56     1428.571428571430033
        57    -1428.571428571430033
        58    -2000.000000000000000
        59    -1428.571428571430033
        60    -2000.000000000000000
        61     -857.142857142856997
        62     -857.142857142856997
        63     -285.714285714285950
        64     -285.714285714285950
        65      285.714285714285950
        66      285.714285714285950
        67      857.142857142856997
        68      857.142857142856997
        69     1428.571428571430033
        70     1428.571428571430033
        71    -1428.571428571430033
        72    -2000.000000000000000
        73    -1428.571428571430033
        74    -2000.000000000000000
        75     -857.142857142856997
        76     -857.142857142855974
        77     -285.714285714285950
        78     -285.714285714285950
        79      285.714285714285950
        80      285.714285714285950
        81      857.142857142856997
        82      857.142857142856997
        83     1428.571428571430033
        84     1428.571428571430033
        85    -1428.571428571430033
        86    -2000.000000000000000
        87    -1428.571428571430033
        88    -2000.000000000000000
        89     -857.142857142856997
        90     -857.142857142856997
        91     -285.714285714285950
        92     -285.714285714285950
        93      285.714285714285950
        94      285.714285714285950
        95      857.142857142856997
        96      857.142857142855974
        97    -1428.571428571430033
        98    -2000.000000000000000
        99    -1428.571428571430033
       100    -2000.000000000000000
       101     -857.142857142856997
       102     -857.142857142856997
       103     -285.714285714285950
       104     -285.714285714285950
       105      285.714285714285950
       106      285.714285714285950
       107      857.142857142856997
       108      857.142857142856997
       109    -1428.571428571430033
       110    -2000.000000000000000
       111    -1428.571428571430033
       112    -2000.000000000000000
       113     -857.142857142856997
       114     -857.142857142856997
       115     -285.714285714285950
       116     -285.714285714285950
       117      285.714285714285950
       118      285.714285714285950
       119      857.142857142856997
       120      857.142857142856997
       121    -1428.571428571430033
       122    -2000.000000000000000
       123    -1428.571428571430033
       124    -2000.000000000000000
       125     -857.142857142856997
       126     -857.142857142855974
       127     -285.714285714285950
       128     -285.714285714285950
       129      285.714285714285950
       130      285.714285714285950
       131      857.142857142856997
       132      857.142857142856997
       133    -1428.571428571430033
       134    -1428.571428571430033
       135     -857.142857142856997
       136     -857.142857142856997
       137     -285.714285714285950
       138     -285.714285714285950
       139    -2000.000000000000000
       140    -1428.571428571430033
       141    -1428.571428571430033
       142    -2000.000000000000000
       143     -857.142857142856997
       144     -857.142857142856997
       145     -285.714285714285950
       146     -285.714285714285950
       147      285.714285714285950
       148      285.714285714284983
       149      857.142857142856997
       150      857.142857142856997
       151     1428.571428571430033
       152     1428.571428571430033
       153    -1428.571428571430033
       154    -2000.000000000000000
       155     -857.142857142856997
       156     -285.714285714285950
       157      285.714285714285950
       158      857.142857142856997
       159     1428.571428571430033
       160    -1428.571428571430033
       161    -2000.000000000000000
       162     -857.142857142856997
       163     -285.714285714285950
       164      285.714285714285950
       165      857.142857142856997
       166     1428.571428571430033
       167    -1428.571428571430033
       168    -2000.000000000000000
       169     -857.142857142856997
       170     -285.714285714285950
       171      285.714285714285950
       172      857.142857142856997
       173     1428.571428571430033
       174    -1428.571428571430033
       175    -2000.000000000000000
       176     -857.142857142856997
       177     -285.714285714284983
       178      285.714285714284983
       179      857.142857142856997
       180     1428.571428571430033
       181    -1428.571428571430033
       182    -2000.000000000000000
       183     -857.142857142856997
       184     -285.714285714285950
       185      285.714285714285950
       186      857.142857142856997
       187    -1428.571428571430033
       188    -2000.000000000000000
       189     -857.142857142856997
       190     -285.714285714284983
       191      285.714285714285950
       192      857.142857142856997
       193    -1428.571428571430033
       194    -2000.000000000000000
       195     -857.142857142856997
       196     -285.714285714285950
       197      285.714285714284983
       198      857.142857142856997
       199    -1428.571428571430033
       200    -2000.000000000000000
       201     -857.142857142856997
       202     -285.714285714285950
       203      285.714285714285950
       204      857.142857142856997
       205    -1428.571428571430033
       206     -857.142857142856997
       207     -285.714285714285950
       208    -2000.000000000000000
       209    -1428.571428571430033
       210    -1428.571428571430033
       211    -2000.000000000000000
       212     -857.142857142856997
       213     -857.142857142856997
       214     -285.714285714285950
       215     -285.714285714285950
       216      285.714285714285950
       217      285.714285714284983
       218      857.142857142856997
       219      857.142857142856997
       220     1428.571428571430033
       221     1428.571428571430033
       222    -1428.571428571430033
       223    -2000.000000000000000
       224     -857.142857142856997
       225     -285.714285714285950
       226      285.714285714285950
       227      857.142857142856997
       228     1428.571428571430033
       229    -1428.571428571430033
       230    -2000.000000000000000
       231     -857.142857142856997
       232     -285.714285714285950
       233      285.714285714284983
       234      857.142857142855974
       235     1428.571428571430033
       236    -1428.571428571430033
       237    -2000.000000000000000
       238     -857.142857142856997
       239     -285.714285714285950
       240      285.714285714285950
       241      857.142857142855974
       242     1428.571428571430033
       243    -1428.571428571430033
       244    -2000.000000000000000
       245     -857.142857142856997
       246     -285.714285714285950
       247      285.714285714285950
       248      857.142857142856997
       249     1428.571428571430033
       250    -1428.571428571430033
       251    -2000.000000000000000
       252     -857.142857142856997
       253     -285.714285714285950
       254      285.714285714285950
       255      857.142857142855974
       256    -1428.571428571430033
       257    -2000.000000000000000
       258     -857.142857142856997
       259     -285.714285714285950
       260      285.714285714285950
       261      857.142857142856997
       262    -1428.571428571430033
       263    -2000.000000000000000
       264     -857.142857142856997
       265     -285.714285714285950
       266      285.714285714285950
       267      857.142857142855974
       268    -1428.571428571430033
       269    -2000.000000000000000
       270     -857.142857142856997
       271     -285.714285714285950
       272      285.714285714285950
       273      857.142857142856997
       274    -1428.571428571430033
       275     -857.142857142856997
       276     -285.714285714285950
       277    -2000.000000000000000
       278    -1428.571428571430033
       279    -1428.571428571430033
       280    -2000.000000000000000
       281     -857.142857142856997
       282     -857.142857142856997
       283     -285.714285714285950
       284     -285.714285714285950
       285      285.714285714285950
       286      285.714285714285950
       287      857.142857142856997
       288      857.142857142856997
       289     1428.571428571430033
       290     1428.571428571430033
       291    -1428.571428571430033
       292    -2000.000000000000000
       293     -857.142857142856997
       294     -285.714285714285950
       295      285.714285714285950
       296      857.142857142856997
       297     1428.571428571430033
       298    -1428.571428571430033
       299    -2000.000000000000000
       300     -857.142857142856997
       301     -285.714285714285950
       302      285.714285714285950
       303      857.142857142856997
       304     1428.571428571430033
       305    -1428.571428571430033
       306    -2000.000000000000000
       307     -857.142857142856997
       308     -285.714285714285950
       309      285.714285714285950
       310      857.142857142856997
       311     1428.571428571430033
       312    -1428.571428571430033
       313    -2000.000000000000000
       314     -857.142857142856997
       315     -285.714285714285950
       316      285.714285714285950
       317      857.142857142856997
       318     1428.571428571430033
       319    -1428.571428571430033
       320    -2000.000000000000000
       321     -857.142857142856997
       322     -285.714285714285950
       323      285.714285714285950
       324      857.142857142856997
       325    -1428.571428571430033
       326    -2000.000000000000000
       327     -857.142857142856997
       328     -285.714285714285950
       329      285.714285714285950
       330      857.142857142856997
       331    -1428.571428571430033
       332    -2000.000000000000000
       333     -857.142857142856997
       334     -285.714285714285950
       335      285.714285714285950
       336      857.142857142856997
       337    -1428.571428571430033
       338    -2000.000000000000000
       339     -857.142857142856997
       340     -285.714285714285950
       341      285.714285714285950
       342      857.142857142858020
       343    -1428.571428571430033
       344     -857.142857142856997
       345     -285.714285714285950
       346    -2000.000000000000000
       347    -1428.571428571430033
       348    -1428.571428571430033
       349    -2000.000000000000000
       350     -857.142857142856997
       351     -857.142857142856997
       352     -285.714285714285950
       353     -285.714285714285950
       354      285.714285714285950
       355      285.714285714284983
       356      857.142857142856997
       357      857.142857142856997
       358     1428.571428571430033
       359     1428.571428571430033
       360    -1428.571428571430033
       361    -2000.000000000000000
       362     -857.142857142856997
       363     -285.714285714285950
       364      285.714285714285950
       365      857.142857142856997
       366     1428.571428571430033
       367    -1428.571428571430033
       368    -2000.000000000000000
       369     -857.142857142856997
       370     -285.714285714285950
       371      285.714285714284983
       372      857.142857142856997
       373     1428.571428571430033
       374    -1428.571428571430033
       375    -2000.000000000000000
       376     -857.142857142856997
       377     -285.714285714285950
       378      285.714285714285950
       379      857.142857142856997
       380     1428.571428571430033
       381    -1428.571428571430033
       382    -2000.000000000000000
       383     -857.142857142856997
       384     -285.714285714285950
       385      285.714285714284983
       386      857.142857142856997
       387     1428.571428571430033
       388    -1428.571428571430033
       389    -2000.000000000000000
       390     -857.142857142856997
       391     -285.714285714285950
       392      285.714285714285950
       393      857.142857142856997
       394    -1428.571428571430033
       395    -2000.000000000000000
       396     -857.142857142856997
       397     -285.714285714285950
       398      285.714285714284983
       399      857.142857142856997
       400    -1428.571428571430033
       401    -2000.000000000000000
       402     -857.142857142856997
       403     -285.714285714285950
       404      285.714285714285950
       405      857.142857142856997
       406    -1428.571428571430033
       407    -2000.000000000000000
       408     -857.142857142856997
       409     -285.714285714285950
       410      285.714285714285950
       411      857.142857142856997
       412    -1428.571428571430033
       413     -857.142857142856997
       414     -285.714285714285950
       415    -2000.000000000000000
       416    -1428.571428571430033
       417    -1428.571428571430033
       418    -2000.000000000000000
       419     -857.142857142856997
       420     -857.142857142856997
       421     -285.714285714285950
       422     -285.714285714285950
       423      285.714285714284983
       424      285.714285714284983
       425      857.142857142856997
       426      857.142857142856997
       427     1428.571428571430033
       428     1428.571428571430033
       429    -1428.571428571430033
       430    -2000.000000000000000
       431     -857.142857142856997
       432     -285.714285714285950
       433      285.714285714285950
       434      857.142857142856997
       435     1428.571428571430033
       436    -1428.571428571430033
       437    -2000.000000000000000
       438     -857.142857142856997
       439     -285.714285714285950
       440      285.714285714284983
       441      857.142857142856997
       442     1428.571428571430033
       443    -1428.571428571430033
       444    -2000.000000000000000
       445     -857.142857142856997
       446     -285.714285714285950
       447      285.714285714285950
       448      857.142857142856997
       449     1428.571428571430033
       450    -1428.571428571430033
       451    -2000.000000000000000
       452     -857.142857142856997
       453     -285.714285714285950
       454      285.714285714284983
       455      857.142857142856997
       456     1428.571428571430033
       457    -1428.571428571430033
       458    -2000.000000000000000
       459     -857.142857142856997
       460     -285.714285714285950
       461      285.714285714284983
       462      857.142857142856997
       463    -1428.571428571430033
       464    -2000.000000000000000
       465     -857.142857142856997
       466     -285.714285714285950
       467      285.714285714284983
       468      857.142857142856997
       469    -1428.571428571430033
       470    -2000.000000000000000
       471     -857.142857142856997
       472     -285.714285714285950
       473      285.714285714284983
       474      857.142857142856997
       475    -1428.571428571430033
       476    -2000.000000000000000
       477     -857.142857142856997
       478     -285.714285714285950
       479      285.714285714284983
       480      857.142857142858020
       481    -1428.571428571430033
       482     -857.142857142856997
       483     -285.714285714285950
       484    -2000.000000000000000
       485    -1428.571428571430033
       486    -1428.571428571430033
       487    -2000.000000000000000
       488     -857.142857142856997
       489     -857.142857142856997
       490     -285.714285714285950
       491     -285.714285714285950
       492      285.714285714284983
       493      285.714285714285950
       494      857.142857142856997
       495      857.142857142856997
       496     1428.571428571430033
       497     1428.571428571430033
       498    -1428.571428571430033
       499    -2000.000000000000000
       500     -857.142857142856997
       501     -285.714285714285950
       502      285.714285714285950
       503      857.142857142856997
       504     1428.571428571430033
       505    -1428.571428571430033
       506    -2000.000000000000000
       507     -857.142857142856997
       508     -285.714285714285950
       509      285.714285714284983
       510      857.142857142856997
       511     1428.571428571430033
       512    -1428.571428571430033
       513    -2000.000000000000000
       514     -857.142857142856997
       515     -285.714285714285950
       516      285.714285714285950
       517      857.142857142856997
       518     1428.571428571430033
       519    -1428.571428571430033
       520    -2000.000000000000000
       521     -857.142857142856997
       522     -285.714285714285950
       523      285.714285714284983
       524      857.142857142856997
       525     1428.571428571430033
       526    -1428.571428571430033
       527    -2000.000000000000000
       528     -857.142857142856997
       529     -285.714285714285950
       530      285.714285714285950
       531      857.142857142855974
       532    -1428.571428571430033
       533    -2000.000000000000000
       534     -857.142857142856997
       535     -285.714285714285950
       536      285.714285714284983
       537      857.142857142856997
       538    -1428.571428571430033
       539    -2000.000000000000000
       540     -857.142857142856997
       541     -285.714285714285950
       542      285.714285714285950
       543      857.142857142855974
       544    -1428.571428571430033
       545    -2000.000000000000000
       546     -857.142857142856997
       547     -285.714285714285950
       548      285.714285714285950
       549    -1428.571428571430033
       550     -857.142857142856997
       551     -285.714285714285950
       552    -2000.000000000000000
       553    -1428.571428571430033
       554    -1428.571428571430033
       555    -2000.000000000000000
       556     -857.142857142856997
       557     -857.142857142856997
       558     -285.714285714285950
       559     -285.714285714285950
       560      285.714285714285950
       561      285.714285714285950
       562      857.142857142856997
       563      857.142857142856997
       564     1428.571428571430033
       565     1428.571428571430033
       566    -1428.571428571430033
       567    -2000.000000000000000
       568     -857.142857142856997
       569     -285.714285714285950
       570      285.714285714285950
       571      857.142857142856997
       572     1428.571428571430033
       573    -1428.571428571430033
       574    -2000.000000000000000
       575     -857.142857142856997
       576     -285.714285714285950
       577      285.714285714284983
       578      857.142857142856997
       579     1428.571428571430033
       580    -1428.571428571430033
       581    -2000.000000000000000
       582     -857.142857142856997
       583     -285.714285714285950
       584      285.714285714284983
       585      857.142857142856997
       586     1428.571428571430033
       587    -1428.571428571430033
       588    -2000.000000000000000
       589     -857.142857142856997
       590     -285.714285714285950
       591      285.714285714284983
       592      857.142857142856997
       593     1428.571428571430033
       594    -1428.571428571430033
       595    -2000.000000000000000
       596     -857.142857142856997
       597     -285.714285714284983
       598      285.714285714285950
       599      857.142857142856997
       600     1428.571428571430033
       601    -1428.571428571430033
       602    -2000.000000000000000
       603     -857.142857142856997
       604     -285.714285714285950
       605      285.714285714284983
       606      857.142857142856997
       607    -1428.571428571430033
       608    -2000.000000000000000
       609     -857.142857142856997
       610     -285.714285714285950
       611      285.714285714285950
       612    -1428.571428571430033
       613    -2000.000000000000000
       614     -857.142857142856997
       615     -285.714285714285950
       616      285.714285714285950
       617    -2000.000000000000000
       618    -1428.571428571430033
       619    -1428.571428571430033
       620    -2000.000000000000000
       621     -857.142857142856997
       622     -857.142857142858020
       623     -285.714285714285950
       624     -285.714285714285950
       625      285.714285714285950
       626      285.714285714284983
       627      857.142857142856997
       628      857.142857142856997
       629     1428.571428571430033
       630     1428.571428571430033
       631    -1428.571428571430033
       632    -2000.000000000000000
       633     -857.142857142856997
       634     -285.714285714285950
       635      285.714285714285950
       636      857.142857142855974
       637     1428.571428571430033
       638    -1428.571428571430033
       639    -2000.000000000000000
       640     -857.142857142858020
       641     -285.714285714285950
       642      285.714285714284983
       643      857.142857142856997
       644     1428.571428571430033
       645    -1428.571428571430033
       646    -2000.000000000000000
       647     -857.142857142856997
       648     -285.714285714285950
       649      285.714285714285950
       650      857.142857142856997
       651     1428.571428571430033
       652    -1428.571428571430033
       653    -2000.000000000000000
       654     -857.142857142856997
       655     -285.714285714285950
       656      285.714285714285950
       657      857.142857142856997
       658     1428.571428571430033
       659    -1428.571428571430033
       660    -2000.000000000000000
       661     -857.142857142856997
       662     -285.714285714285950
       663      285.714285714285950
       664      857.142857142856997
       665     1428.571428571430033
       666    -1428.571428571430033
       667    -2000.000000000000000
       668     -857.142857142856997
       669     -285.714285714285950
       670      285.714285714284983
       671      857.142857142856997
       672    -1428.571428571430033
       673    -2000.000000000000000
       674     -857.142857142856997
       675     -285.714285714285950
       676      285.714285714285950
       677    -1428.571428571430033
       678    -1428.571428571430033
       679     -857.142857142856997
       680     -857.142857142856997
       681     -285.714285714285950
       682     -285.714285714285950
       683      285.714285714285950
       684      285.714285714285950
       685      857.142857142856997
       686      857.142857142856997
       687    -1428.571428571430033
       688     -857.142857142856997
       689     -285.714285714285950
       690      285.714285714285950
       691      857.142857142855974
       692    -1428.571428571430033
       693     -857.142857142856997
       694     -285.714285714285950
       695      285.714285714284983
       696      857.142857142856997
       697    -1428.571428571430033
       698     -857.142857142856997
       699     -285.714285714285950
       700      285.714285714285950
       701      857.142857142856997
       702    -1428.571428571430033
       703     -857.142857142856997
       704     -285.714285714285950
       705      285.714285714285950
       706      857.142857142856997
       707    -1428.571428571430033
       708     -857.142857142856997
       709     -285.714285714284983
       710      285.714285714285950
       711      857.142857142855974
       712    -1428.571428571430033
       713     -857.142857142856997
       714     -285.714285714284983
       715      285.714285714284983
       716      857.142857142856997
       717     -857.142857142858020
       718     -857.142857142858020
       719     -285.714285714285950
       720     -285.714285714285950
       721      285.714285714285950
       722      285.714285714284983
       723     -857.142857142856997
       724     -285.714285714285950
       725      285.714285714285950
       726     -857.142857142858020
       727     -285.714285714285950
       728      285.714285714284983
       729     -857.142857142858020
       730     -285.714285714285950
       731      285.714285714284983
       732     -857.142857142856997
       733     -285.714285714285950
       734      285.714285714284983
       735     -857.142857142856997
       736     -285.714285714284983
       737      285.714285714284983
       738    -2615.384615384610242
       739    -2615.384615384610242
       740    -2615.384615384610242
       741    -2615.384615384610242
       742    -2615.384615384610242
       743    -2615.384615384619792
       744    -2615.384615384610242
       745    -2615.384615384610242
       746    -2615.384615384610242
       747    -2615.384615384610242
       748    -2615.384615384610242
       749    -2615.384615384619792
       750    -2615.384615384610242
       751    -2615.384615384619792
       752    -2615.384615384610242
       753    -2615.384615384619792
       754    -2615.384615384619792
       755    -2615.384615384610242
       756    -2615.384615384610242
       757    -2615.384615384610242
       758    -2615.384615384619792
       759    -2615.384615384619792
       760    -2615.384615384619792
