         772
         1    -2352.941176470590108
         2    -2352.941176470590108
         3    -1764.705882352940080
         4    -1764.705882352940080
         5    -1176.470588235290052
         6    -1176.470588235290052
         7    -2352.941176470590108
         8    -1764.705882352940080
         9    -1176.470588235290052
        10    -2352.941176470590108
        11    -1764.705882352940080
        12    -1176.470588235290052
        13    -2352.941176470590108
        14    -1764.705882352940080
        15    -1176.470588235290052
        16    -2352.941176470590108
        17    -1764.705882352940080
        18    -1176.470588235290052
        19    -2352.941176470590108
        20    -1764.705882352940080
        21    -1176.470588235290052
        22    -2352.941176470590108
        23    -1764.705882352940080
        24    -1176.470588235290052
        25    -7647.058823529410802
        26    -7647.058823529410802
        27    -7647.058823529410802
        28    -7647.058823529410802
        29    -7647.058823529410802
        30    -7647.058823529410802
        31    -7058.823529411760319
        32    -7058.823529411760319
        33    -7058.823529411760319
        34    -7058.823529411760319
        35    -7058.823529411760319
        36    -7058.823529411760319
        37    -7058.823529411760319
        38    -7058.823529411760319
        39    -7058.823529411769414
        40    -7058.823529411769414
        41    -6470.588235294120750
        42    -6470.588235294120750
        43    -6470.588235294120750
        44    -6470.588235294120750
        45    -6470.588235294120750
        46    -6470.588235294120750
        47    -6470.588235294120750
        48    -6470.588235294120750
        49    -6470.588235294120750
        50    -6470.588235294120750
        51    -6470.588235294120750
        52    -6470.588235294120750
        53    -6470.588235294120750
        54    -6470.588235294120750
        55    -5882.352941176470267
        56    -5882.352941176470267
        57    -5882.352941176470267
        58    -5882.352941176470267
        59    -5882.352941176470267
        60    -5882.352941176470267
        61    -5882.352941176470267
        62    -5882.352941176470267
        63    -5882.352941176470267
        64    -5882.352941176470267
        65    -5882.352941176470267
        66    -5882.352941176470267
        67    -5882.352941176470267
        68    -5882.352941176470267
        69    -5294.117647058819784
        70    -5294.117647058819784
        71    -5294.117647058819784
        72    -5294.117647058819784
        73    -5294.117647058819784
        74    -5294.117647058819784
        75    -5294.117647058819784
        76    -5294.117647058819784
        77    -5294.117647058819784
        78    -5294.117647058819784
        79    -5294.117647058819784
        80    -5294.117647058829789
        81    -5294.117647058819784
        82    -5294.117647058819784
        83    -4705.882352941180216
        84    -4705.882352941180216
        85    -4705.882352941180216
        86    -4705.882352941180216
        87    -4705.882352941180216
        88    -4705.882352941180216
        89    -4705.882352941180216
        90    -4705.882352941170211
        91    -4705.882352941180216
        92    -4705.882352941170211
        93    -4705.882352941180216
        94    -4705.882352941180216
        95    -4705.882352941180216
        96    -4705.882352941180216
        97    -4117.647058823529733
        98    -4117.647058823529733
        99    -4117.647058823529733
       100    -4117.647058823529733
       101    -4117.647058823529733
       102    -4117.647058823529733
       103    -4117.647058823529733
       104    -4117.647058823529733
       105    -4117.647058823529733
       106    -4117.647058823529733
       107    -4117.647058823529733
       108    -4117.647058823529733
       109    -4117.647058823529733
       110    -4117.647058823529733
       111    -3529.411764705880159
       112    -3529.411764705880159
       113    -3529.411764705880159
       114    -3529.411764705880159
       115    -3529.411764705880159
       116    -3529.411764705880159
       117    -3529.411764705880159
       118    -3529.411764705880159
       119    -3529.411764705880159
       120    -3529.411764705880159
       121    -3529.411764705880159
       122    -3529.411764705880159
       123    -3529.411764705880159
       124    -3529.411764705880159
       125    -2941.176470588240136
       126    -2941.176470588240136
       127    -2941.176470588240136
       128    -2941.176470588240136
       129    -2941.176470588230131
       130    -2941.176470588240136
       131    -2941.176470588240136
       132    -2941.176470588230131
       133    -2941.176470588240136
       134    -2941.176470588240136
       135    -2941.176470588230131
       136    -2941.176470588230131
       137    -2941.176470588240136
       138    -2941.176470588240136
       139    -2352.941176470590108
       140    -2352.941176470590108
       141    -2352.941176470590108
       142    -2352.941176470590108
       143    -2352.941176470590108
       144    -2352.941176470590108
       145    -2352.941176470590108
       146    -2352.941176470590108
       147    -2352.941176470590108
       148    -2352.941176470590108
       149    -2352.941176470590108
       150    -2352.941176470590108
       151    -2352.941176470590108
       152    -2352.941176470590108
       153    -1764.705882352940080
       154    -1764.705882352940080
       155    -1764.705882352940080
       156    -1764.705882352940080
       157    -1764.705882352940080
       158    -1764.705882352940080
       159    -1764.705882352940080
       160    -1764.705882352940080
       161    -1764.705882352940080
       162    -1764.705882352940080
       163    -1764.705882352940080
       164    -1764.705882352940080
       165    -1764.705882352940080
       166    -1764.705882352940080
       167    -1176.470588235290052
       168    -1176.470588235290052
       169    -1176.470588235290052
       170    -1176.470588235290052
       171    -1176.470588235290052
       172    -1176.470588235290052
       173    -1176.470588235290052
       174    -1176.470588235290052
       175    -1176.470588235290052
       176    -1176.470588235290052
       177    -1176.470588235290052
       178    -1176.470588235290052
       179    -1176.470588235290052
       180    -1176.470588235290052
       181     -588.235294117646959
       182     -588.235294117646959
       183     -588.235294117646959
       184     -588.235294117646959
       185     -588.235294117646959
       186     -588.235294117646959
       187     -588.235294117646959
       188     -588.235294117646959
       189     -588.235294117646959
       190     -588.235294117646959
       191     -588.235294117646959
       192     -588.235294117645935
       193        0.000000000000000
       194        0.000000000000000
       195        0.000000000000000
       196        0.000000000000000
       197        0.000000000000000
       198        0.000000000000000
       199    -7647.058823529410802
       200    -7647.058823529410802
       201    -7647.058823529410802
       202    -7058.823529411769414
       203    -7058.823529411760319
       204    -7058.823529411760319
       205    -7058.823529411760319
       206    -7058.823529411760319
       207    -6470.588235294120750
       208    -6470.588235294120750
       209    -6470.588235294120750
       210    -6470.588235294120750
       211    -6470.588235294120750
       212    -6470.588235294120750
       213    -6470.588235294120750
       214    -5882.352941176470267
       215    -5882.352941176470267
       216    -5882.352941176470267
       217    -5882.352941176470267
       218    -5882.352941176470267
       219    -5882.352941176470267
       220    -5882.352941176470267
       221    -5294.117647058819784
       222    -5294.117647058819784
       223    -5294.117647058829789
       224    -5294.117647058819784
       225    -5294.117647058819784
       226    -5294.117647058819784
       227    -5294.117647058819784
       228    -4705.882352941180216
       229    -4705.882352941180216
       230    -4705.882352941180216
       231    -4705.882352941180216
       232    -4705.882352941180216
       233    -4705.882352941180216
       234    -4705.882352941180216
       235    -4117.647058823529733
       236    -4117.647058823529733
       237    -4117.647058823529733
       238    -4117.647058823529733
       239    -4117.647058823529733
       240    -4117.647058823529733
       241    -4117.647058823529733
       242    -3529.411764705880159
       243    -3529.411764705880159
       244    -3529.411764705880159
       245    -3529.411764705880159
       246    -3529.411764705880159
       247    -3529.411764705880159
       248    -3529.411764705880159
       249    -2941.176470588230131
       250    -2941.176470588240136
       251    -2941.176470588230131
       252    -2941.176470588240136
       253    -2941.176470588240136
       254    -2941.176470588230131
       255    -2941.176470588230131
       256    -2352.941176470590108
       257    -2352.941176470590108
       258    -2352.941176470590108
       259    -2352.941176470590108
       260    -2352.941176470590108
       261    -2352.941176470590108
       262    -2352.941176470590108
       263    -1764.705882352940080
       264    -1764.705882352940080
       265    -1764.705882352940080
       266    -1764.705882352940080
       267    -1764.705882352940080
       268    -1764.705882352940080
       269    -1764.705882352940080
       270    -1176.470588235290052
       271    -1176.470588235290052
       272    -1176.470588235290052
       273    -1176.470588235290052
       274    -1176.470588235290052
       275    -1176.470588235290052
       276    -1176.470588235290052
       277     -588.235294117645935
       278     -588.235294117646959
       279     -588.235294117646959
       280     -588.235294117646959
       281     -588.235294117646959
       282     -588.235294117646959
       283        0.000000000000000
       284        0.000000000000000
       285        0.000000000000000
       286    -7647.058823529410802
       287    -7647.058823529410802
       288    -7058.823529411769414
       289    -7058.823529411760319
       290    -7058.823529411760319
       291    -7058.823529411760319
       292    -7058.823529411760319
       293    -6470.588235294120750
       294    -6470.588235294120750
       295    -6470.588235294120750
       296    -6470.588235294120750
       297    -6470.588235294120750
       298    -6470.588235294120750
       299    -6470.588235294120750
       300    -5882.352941176470267
       301    -5882.352941176470267
       302    -5882.352941176470267
       303    -5882.352941176470267
       304    -5882.352941176470267
       305    -5882.352941176470267
       306    -5882.352941176470267
       307    -5294.117647058819784
       308    -5294.117647058819784
       309    -5294.117647058819784
       310    -5294.117647058819784
       311    -5294.117647058819784
       312    -5294.117647058819784
       313    -5294.117647058819784
       314    -4705.882352941180216
       315    -4705.882352941180216
       316    -4705.882352941180216
       317    -4705.882352941180216
       318    -4705.882352941180216
       319    -4705.882352941180216
       320    -4705.882352941180216
       321    -4117.647058823529733
       322    -4117.647058823529733
       323    -4117.647058823529733
       324    -4117.647058823529733
       325    -4117.647058823529733
       326    -4117.647058823529733
       327    -4117.647058823529733
       328    -3529.411764705880159
       329    -3529.411764705880159
       330    -3529.411764705880159
       331    -3529.411764705880159
       332    -3529.411764705880159
       333    -3529.411764705880159
       334    -3529.411764705880159
       335    -2941.176470588230131
       336    -2941.176470588240136
       337    -2941.176470588230131
       338    -2941.176470588230131
       339    -2941.176470588240136
       340    -2941.176470588230131
       341    -2941.176470588230131
       342    -2352.941176470590108
       343    -2352.941176470590108
       344    -2352.941176470590108
       345    -2352.941176470590108
       346    -2352.941176470590108
       347    -2352.941176470590108
       348    -2352.941176470590108
       349    -1764.705882352940080
       350    -1764.705882352940080
       351    -1764.705882352940080
       352    -1764.705882352940080
       353    -1764.705882352940080
       354    -1764.705882352940080
       355    -1764.705882352940080
       356    -1176.470588235290052
       357    -1176.470588235290052
       358    -1176.470588235290052
       359    -1176.470588235290052
       360    -1176.470588235290052
       361    -1176.470588235290052
       362    -1176.470588235290052
       363     -588.235294117646959
       364     -588.235294117646959
       365     -588.235294117646959
       366     -588.235294117646959
       367     -588.235294117646959
       368     -588.235294117646959
       369        0.000000000000000
       370        0.000000000000000
       371        0.000000000000000
       372    -7058.823529411760319
       373    -7058.823529411760319
       374    -7058.823529411769414
       375    -7058.823529411769414
       376    -6470.588235294120750
       377    -6470.588235294120750
       378    -6470.588235294120750
       379    -6470.588235294120750
       380    -6470.588235294120750
       381    -6470.588235294120750
       382    -5882.352941176470267
       383    -5882.352941176470267
       384    -5882.352941176470267
       385    -5882.352941176470267
       386    -5882.352941176470267
       387    -5882.352941176470267
       388    -5882.352941176470267
       389    -5294.117647058819784
       390    -5294.117647058819784
       391    -5294.117647058819784
       392    -5294.117647058819784
       393    -5294.117647058819784
       394    -5294.117647058819784
       395    -5294.117647058819784
       396    -4705.882352941180216
       397    -4705.882352941180216
       398    -4705.882352941180216
       399    -4705.882352941180216
       400    -4705.882352941180216
       401    -4705.882352941180216
       402    -4705.882352941180216
       403    -4117.647058823529733
       404    -4117.647058823529733
       405    -4117.647058823529733
       406    -4117.647058823529733
       407    -4117.647058823529733
       408    -4117.647058823529733
       409    -4117.647058823529733
       410    -3529.411764705880159
       411    -3529.411764705880159
       412    -3529.411764705880159
       413    -3529.411764705880159
       414    -3529.411764705880159
       415    -3529.411764705880159
       416    -3529.411764705880159
       417    -2941.176470588230131
       418    -2941.176470588240136
       419    -2941.176470588230131
       420    -2941.176470588240136
       421    -2941.176470588230131
       422    -2941.176470588230131
       423    -2941.176470588230131
       424    -2352.941176470590108
       425    -2352.941176470590108
       426    -2352.941176470590108
       427    -2352.941176470590108
       428    -2352.941176470590108
       429    -2352.941176470590108
       430    -2352.941176470590108
       431    -1764.705882352940080
       432    -1764.705882352940080
       433    -1764.705882352940080
       434    -1764.705882352940080
       435    -1764.705882352940080
       436    -1764.705882352940080
       437    -1764.705882352940080
       438    -1176.470588235290052
       439    -1176.470588235290052
       440    -1176.470588235290052
       441    -1176.470588235290052
       442    -1176.470588235290052
       443    -1176.470588235290052
       444    -1176.470588235290052
       445     -588.235294117646959
       446     -588.235294117646959
       447     -588.235294117646959
       448     -588.235294117646959
       449     -588.235294117646959
       450     -588.235294117646959
       451        0.000000000000000
       452        0.000000000000000
       453        0.000000000000000
       454    -7058.823529411760319
       455    -7058.823529411769414
       456    -7058.823529411760319
       457    -6470.588235294120750
       458    -6470.588235294120750
       459    -6470.588235294120750
       460    -6470.588235294120750
       461    -6470.588235294120750
       462    -5882.352941176470267
       463    -5882.352941176470267
       464    -5882.352941176470267
       465    -5882.352941176470267
       466    -5882.352941176470267
       467    -5882.352941176470267
       468    -5882.352941176470267
       469    -5294.117647058819784
       470    -5294.117647058819784
       471    -5294.117647058819784
       472    -5294.117647058819784
       473    -5294.117647058819784
       474    -5294.117647058819784
       475    -5294.117647058819784
       476    -4705.882352941180216
       477    -4705.882352941180216
       478    -4705.882352941180216
       479    -4705.882352941180216
       480    -4705.882352941180216
       481    -4705.882352941180216
       482    -4705.882352941180216
       483    -4117.647058823529733
       484    -4117.647058823529733
       485    -4117.647058823529733
       486    -4117.647058823529733
       487    -4117.647058823529733
       488    -4117.647058823529733
       489    -4117.647058823529733
       490    -3529.411764705880159
       491    -3529.411764705880159
       492    -3529.411764705880159
       493    -3529.411764705880159
       494    -3529.411764705880159
       495    -3529.411764705880159
       496    -3529.411764705880159
       497    -2941.176470588230131
       498    -2941.176470588230131
       499    -2941.176470588230131
       500    -2941.176470588230131
       501    -2941.176470588240136
       502    -2941.176470588230131
       503    -2941.176470588230131
       504    -2352.941176470590108
       505    -2352.941176470590108
       506    -2352.941176470590108
       507    -2352.941176470590108
       508    -2352.941176470590108
       509    -2352.941176470590108
       510    -2352.941176470590108
       511    -1764.705882352940080
       512    -1764.705882352940080
       513    -1764.705882352940080
       514    -1764.705882352940080
       515    -1764.705882352940080
       516    -1764.705882352940080
       517    -1764.705882352940080
       518    -1176.470588235290052
       519    -1176.470588235290052
       520    -1176.470588235290052
       521    -1176.470588235290052
       522    -1176.470588235290052
       523    -1176.470588235290052
       524    -1176.470588235290052
       525     -588.235294117645935
       526     -588.235294117646959
       527     -588.235294117646959
       528     -588.235294117646959
       529     -588.235294117646959
       530     -588.235294117646959
       531        0.000000000000000
       532        0.000000000000000
       533        0.000000000000000
       534    -6470.588235294120750
       535    -6470.588235294120750
       536    -6470.588235294120750
       537    -5882.352941176470267
       538    -5882.352941176470267
       539    -5882.352941176470267
       540    -5882.352941176470267
       541    -5882.352941176470267
       542    -5294.117647058819784
       543    -5294.117647058819784
       544    -5294.117647058819784
       545    -5294.117647058819784
       546    -5294.117647058819784
       547    -5294.117647058819784
       548    -4705.882352941180216
       549    -4705.882352941180216
       550    -4705.882352941180216
       551    -4705.882352941180216
       552    -4705.882352941180216
       553    -4705.882352941180216
       554    -4117.647058823529733
       555    -4117.647058823529733
       556    -4117.647058823529733
       557    -4117.647058823529733
       558    -4117.647058823529733
       559    -4117.647058823529733
       560    -3529.411764705880159
       561    -3529.411764705880159
       562    -3529.411764705880159
       563    -3529.411764705880159
       564    -3529.411764705880159
       565    -3529.411764705880159
       566    -3529.411764705880159
       567    -2941.176470588240136
       568    -2941.176470588240136
       569    -2941.176470588230131
       570    -2941.176470588240136
       571    -2941.176470588240136
       572    -2941.176470588230131
       573    -2941.176470588230131
       574    -2352.941176470590108
       575    -2352.941176470590108
       576    -2352.941176470590108
       577    -2352.941176470590108
       578    -2352.941176470590108
       579    -2352.941176470590108
       580    -2352.941176470590108
       581    -1764.705882352940080
       582    -1764.705882352940080
       583    -1764.705882352940080
       584    -1764.705882352940080
       585    -1764.705882352940080
       586    -1764.705882352940080
       587    -1764.705882352940080
       588    -1176.470588235290052
       589    -1176.470588235290052
       590    -1176.470588235290052
       591    -1176.470588235290052
       592    -1176.470588235290052
       593    -1176.470588235290052
       594    -1176.470588235290052
       595     -588.235294117646959
       596     -588.235294117646959
       597     -588.235294117646959
       598     -588.235294117646959
       599     -588.235294117646959
       600     -588.235294117646959
       601        0.000000000000000
       602        0.000000000000000
       603        0.000000000000000
       604    -5882.352941176470267
       605    -5882.352941176470267
       606    -5882.352941176470267
       607    -5294.117647058819784
       608    -5294.117647058819784
       609    -5294.117647058819784
       610    -5294.117647058819784
       611    -5294.117647058819784
       612    -4705.882352941180216
       613    -4705.882352941180216
       614    -4705.882352941180216
       615    -4705.882352941180216
       616    -4705.882352941180216
       617    -4117.647058823529733
       618    -4117.647058823529733
       619    -4117.647058823529733
       620    -4117.647058823529733
       621    -4117.647058823529733
       622    -4117.647058823529733
       623    -3529.411764705880159
       624    -3529.411764705880159
       625    -3529.411764705880159
       626    -3529.411764705880159
       627    -3529.411764705880159
       628    -3529.411764705880159
       629    -2941.176470588240136
       630    -2941.176470588240136
       631    -2941.176470588230131
       632    -2941.176470588240136
       633    -2941.176470588240136
       634    -2941.176470588240136
       635    -2941.176470588240136
       636    -2352.941176470590108
       637    -2352.941176470590108
       638    -2352.941176470590108
       639    -2352.941176470590108
       640    -2352.941176470590108
       641    -2352.941176470590108
       642    -2352.941176470590108
       643    -1764.705882352940080
       644    -1764.705882352940080
       645    -1764.705882352940080
       646    -1764.705882352940080
       647    -1764.705882352940080
       648    -1764.705882352940080
       649    -1764.705882352940080
       650    -1176.470588235290052
       651    -1176.470588235290052
       652    -1176.470588235290052
       653    -1176.470588235290052
       654    -1176.470588235290052
       655    -1176.470588235290052
       656    -1176.470588235290052
       657     -588.235294117646959
       658     -588.235294117646959
       659     -588.235294117646959
       660     -588.235294117646959
       661     -588.235294117646959
       662     -588.235294117646959
       663        0.000000000000000
       664        0.000000000000000
       665        0.000000000000000
       666    -5294.117647058819784
       667    -5294.117647058819784
       668    -5294.117647058819784
       669    -5294.117647058819784
       670    -4705.882352941180216
       671    -4705.882352941180216
       672    -4705.882352941180216
       673    -4705.882352941180216
       674    -4705.882352941180216
       675    -4117.647058823529733
       676    -4117.647058823529733
       677    -4117.647058823529733
       678    -4117.647058823529733
       679    -4117.647058823529733
       680    -3529.411764705880159
       681    -3529.411764705880159
       682    -3529.411764705880159
       683    -3529.411764705880159
       684    -3529.411764705880159
       685    -3529.411764705880159
       686    -2941.176470588230131
       687    -2941.176470588240136
       688    -2941.176470588230131
       689    -2941.176470588230131
       690    -2941.176470588230131
       691    -2941.176470588230131
       692    -2941.176470588230131
       693    -2352.941176470590108
       694    -2352.941176470590108
       695    -2352.941176470590108
       696    -2352.941176470590108
       697    -2352.941176470590108
       698    -2352.941176470590108
       699    -2352.941176470590108
       700    -1764.705882352940080
       701    -1764.705882352940080
       702    -1764.705882352940080
       703    -1764.705882352940080
       704    -1764.705882352940080
       705    -1764.705882352940080
       706    -1764.705882352940080
       707    -1176.470588235290052
       708    -1176.470588235290052
       709    -1176.470588235290052
       710    -1176.470588235290052
       711    -1176.470588235290052
       712    -1176.470588235290052
       713    -1176.470588235290052
       714     -588.235294117646959
       715     -588.235294117646959
       716     -588.235294117646959
       717     -588.235294117646959
       718     -588.235294117646959
       719        0.000000000000000
       720        0.000000000000000
       721        0.000000000000000
       722    -4705.882352941180216
       723    -4705.882352941180216
       724    -4705.882352941180216
       725    -4117.647058823529733
       726    -4117.647058823529733
       727    -4117.647058823529733
       728    -4117.647058823529733
       729    -4117.647058823529733
       730    -3529.411764705880159
       731    -3529.411764705880159
       732    -3529.411764705880159
       733    -3529.411764705880159
       734    -3529.411764705880159
       735    -3529.411764705880159
       736    -2941.176470588240136
       737    -2941.176470588240136
       738    -2941.176470588230131
       739    -2941.176470588240136
       740    -2941.176470588240136
       741    -2941.176470588230131
       742    -2352.941176470590108
       743    -2352.941176470590108
       744    -2352.941176470590108
       745    -2352.941176470590108
       746    -2352.941176470590108
       747    -2352.941176470590108
       748    -1764.705882352940080
       749    -1764.705882352940080
       750    -1764.705882352940080
       751    -1764.705882352940080
       752    -1764.705882352940080
       753    -1176.470588235290052
       754    -1176.470588235290052
       755    -1176.470588235290052
       756    -1176.470588235290052
       757     -588.235294117646959
       758     -588.235294117646959
       759    -3529.411764705880159
       760    -3529.411764705880159
       761    -3529.411764705880159
       762    -3529.411764705880159
       763    -2941.176470588230131
       764    -2941.176470588230131
       765    -2941.176470588230131
       766    -2941.176470588230131
       767    -2352.941176470590108
       768    -2352.941176470590108
       769    -2352.941176470590108
       770    -2352.941176470590108
       771    -1764.705882352940080
       772    -1764.705882352940080
