         507
           1           1           5           6           2           3
           7           8           4
           2           5           9          10           6           7
          11          12           8
           3           9          13          14          10          11
          15          16          12
           4          13          17          18          14          15
          19          20          16
           5          17          21          22          18          19
          23          24          20
           6          21          25          26          22          23
          27          28          24
           7          25          29          30          26          27
          31          32          28
           8          29          33          34          30          31
          35          36          32
           9          33          37          38          34          35
          39          40          36
          10          37          41          42          38          39
          43          44          40
          11           2           6          47          45           4
           8          48          46
          12           6          10          49          47           8
          12          50          48
          13          10          14          51          49          12
          16          52          50
          14          14          18          53          51          16
          20          54          52
          15          18          22          55          53          20
          24          56          54
          16          22          26          57          55          24
          28          58          56
          17          26          30          59          57          28
          32          60          58
          18          30          34          61          59          32
          36          62          60
          19          34          38          63          61          36
          40          64          62
          20          38          42          65          63          40
          44          66          64
          21          45          47          69          67          46
          48          70          68
          22          47          49          71          69          48
          50          72          70
          23          49          51          73          71          50
          52          74          72
          24          51          53          75          73          52
          54          76          74
          25          53          55          77          75          54
          56          78          76
          26          55          57          79          77          56
          58          80          78
          27          57          59          81          79          58
          60          82          80
          28          59          61          83          81          60
          62          84          82
          29          61          63          85          83          62
          64          86          84
          30          63          65          87          85          64
          66          88          86
          31          67          69          91          89          68
          70          92          90
          32          69          71          93          91          70
          72          94          92
          33          71          73          95          93          72
          74          96          94
          34          73          75          97          95          74
          76          98          96
          35          75          77          99          97          76
          78         100          98
          36          77          79         101          99          78
          80         102         100
          37          79          81         103         101          80
          82         104         102
          38          81          83         105         103          82
          84         106         104
          39          83          85         107         105          84
          86         108         106
          40          85          87         109         107          86
          88         110         108
          41          91          93         113         111          92
          94         114         112
          42          93          95         115         113          94
          96         116         114
          43          95          97         117         115          96
          98         118         116
          44          97          99         119         117          98
         100         120         118
          45          99         101         121         119         100
         102         122         120
          46         101         103         123         121         102
         104         124         122
          47         103         105         125         123         104
         106         126         124
          48         105         107         127         125         106
         108         128         126
          49         107         109         129         127         108
         110         130         128
          50         113         115         133         131         114
         116         134         132
          51         115         117         135         133         116
         118         136         134
          52         117         119         137         135         118
         120         138         136
          53         119         121         139         137         120
         122         140         138
          54         121         123         141         139         122
         124         142         140
          55         123         125         143         141         124
         126         144         142
          56         125         127         145         143         126
         128         146         144
          57         127         129         147         145         128
         130         148         146
          58           3           7           8           4         149
         151         152         150
          59           7          11          12           8         151
         153         154         152
          60          11          15          16          12         153
         155         156         154
          61          15          19          20          16         155
         157         158         156
          62          19          23          24          20         157
         159         160         158
          63          23          27          28          24         159
         161         162         160
          64          27          31          32          28         161
         163         164         162
          65          31          35          36          32         163
         165         166         164
          66          35          39          40          36         165
         167         168         166
          67          39          43          44          40         167
         169         170         168
          68           4           8          48          46         150
         152         172         171
          69           8          12          50          48         152
         154         173         172
          70          12          16          52          50         154
         156         174         173
          71          16          20          54          52         156
         158         175         174
          72          20          24          56          54         158
         160         176         175
          73          24          28          58          56         160
         162         177         176
          74          28          32          60          58         162
         164         178         177
          75          32          36          62          60         164
         166         179         178
          76          36          40          64          62         166
         168         180         179
          77          40          44          66          64         168
         170         181         180
          78          46          48          70          68         171
         172         183         182
          79          48          50          72          70         172
         173         184         183
          80          50          52          74          72         173
         174         185         184
          81          52          54          76          74         174
         175         186         185
          82          54          56          78          76         175
         176         187         186
          83          56          58          80          78         176
         177         188         187
          84          58          60          82          80         177
         178         189         188
          85          60          62          84          82         178
         179         190         189
          86          62          64          86          84         179
         180         191         190
          87          64          66          88          86         180
         181         192         191
          88          68          70          92          90         182
         183         194         193
          89          70          72          94          92         183
         184         195         194
          90          72          74          96          94         184
         185         196         195
          91          74          76          98          96         185
         186         197         196
          92          76          78         100          98         186
         187         198         197
          93          78          80         102         100         187
         188         199         198
          94          80          82         104         102         188
         189         200         199
          95          82          84         106         104         189
         190         201         200
          96          84          86         108         106         190
         191         202         201
          97          86          88         110         108         191
         192         203         202
          98          92          94         114         112         194
         195         205         204
          99          94          96         116         114         195
         196         206         205
         100          96          98         118         116         196
         197         207         206
         101          98         100         120         118         197
         198         208         207
         102         100         102         122         120         198
         199         209         208
         103         102         104         124         122         199
         200         210         209
         104         104         106         126         124         200
         201         211         210
         105         106         108         128         126         201
         202         212         211
         106         108         110         130         128         202
         203         213         212
         107         114         116         134         132         205
         206         215         214
         108         116         118         136         134         206
         207         216         215
         109         118         120         138         136         207
         208         217         216
         110         120         122         140         138         208
         209         218         217
         111         122         124         142         140         209
         210         219         218
         112         124         126         144         142         210
         211         220         219
         113         126         128         146         144         211
         212         221         220
         114         128         130         148         146         212
         213         222         221
         115         149         151         152         150         223
         225         226         224
         116         151         153         154         152         225
         227         228         226
         117         153         155         156         154         227
         229         230         228
         118         155         157         158         156         229
         231         232         230
         119         157         159         160         158         231
         233         234         232
         120         159         161         162         160         233
         235         236         234
         121         161         163         164         162         235
         237         238         236
         122         163         165         166         164         237
         239         240         238
         123         165         167         168         166         239
         241         242         240
         124         167         169         170         168         241
         243         244         242
         125         150         152         172         171         224
         226         246         245
         126         152         154         173         172         226
         228         247         246
         127         154         156         174         173         228
         230         248         247
         128         156         158         175         174         230
         232         249         248
         129         158         160         176         175         232
         234         250         249
         130         160         162         177         176         234
         236         251         250
         131         162         164         178         177         236
         238         252         251
         132         164         166         179         178         238
         240         253         252
         133         166         168         180         179         240
         242         254         253
         134         168         170         181         180         242
         244         255         254
         135         171         172         183         182         245
         246         257         256
         136         172         173         184         183         246
         247         258         257
         137         173         174         185         184         247
         248         259         258
         138         174         175         186         185         248
         249         260         259
         139         175         176         187         186         249
         250         261         260
         140         176         177         188         187         250
         251         262         261
         141         177         178         189         188         251
         252         263         262
         142         178         179         190         189         252
         253         264         263
         143         179         180         191         190         253
         254         265         264
         144         180         181         192         191         254
         255         266         265
         145         182         183         194         193         256
         257         268         267
         146         183         184         195         194         257
         258         269         268
         147         184         185         196         195         258
         259         270         269
         148         185         186         197         196         259
         260         271         270
         149         186         187         198         197         260
         261         272         271
         150         187         188         199         198         261
         262         273         272
         151         188         189         200         199         262
         263         274         273
         152         189         190         201         200         263
         264         275         274
         153         190         191         202         201         264
         265         276         275
         154         191         192         203         202         265
         266         277         276
         155         194         195         205         204         268
         269         279         278
         156         195         196         206         205         269
         270         280         279
         157         196         197         207         206         270
         271         281         280
         158         197         198         208         207         271
         272         282         281
         159         198         199         209         208         272
         273         283         282
         160         199         200         210         209         273
         274         284         283
         161         200         201         211         210         274
         275         285         284
         162         201         202         212         211         275
         276         286         285
         163         202         203         213         212         276
         277         287         286
         164         205         206         215         214         279
         280         289         288
         165         206         207         216         215         280
         281         290         289
         166         207         208         217         216         281
         282         291         290
         167         208         209         218         217         282
         283         292         291
         168         209         210         219         218         283
         284         293         292
         169         210         211         220         219         284
         285         294         293
         170         211         212         221         220         285
         286         295         294
         171         212         213         222         221         286
         287         296         295
         172         223         225         226         224         297
         299         300         298
         173         225         227         228         226         299
         301         302         300
         174         227         229         230         228         301
         303         304         302
         175         229         231         232         230         303
         305         306         304
         176         231         233         234         232         305
         307         308         306
         177         233         235         236         234         307
         309         310         308
         178         235         237         238         236         309
         311         312         310
         179         237         239         240         238         311
         313         314         312
         180         239         241         242         240         313
         315         316         314
         181         241         243         244         242         315
         317         318         316
         182         224         226         246         245         298
         300         320         319
         183         226         228         247         246         300
         302         321         320
         184         228         230         248         247         302
         304         322         321
         185         230         232         249         248         304
         306         323         322
         186         232         234         250         249         306
         308         324         323
         187         234         236         251         250         308
         310         325         324
         188         236         238         252         251         310
         312         326         325
         189         238         240         253         252         312
         314         327         326
         190         240         242         254         253         314
         316         328         327
         191         242         244         255         254         316
         318         329         328
         192         245         246         257         256         319
         320         331         330
         193         246         247         258         257         320
         321         332         331
         194         247         248         259         258         321
         322         333         332
         195         248         249         260         259         322
         323         334         333
         196         249         250         261         260         323
         324         335         334
         197         250         251         262         261         324
         325         336         335
         198         251         252         263         262         325
         326         337         336
         199         252         253         264         263         326
         327         338         337
         200         253         254         265         264         327
         328         339         338
         201         254         255         266         265         328
         329         340         339
         202         256         257         268         267         330
         331         342         341
         203         257         258         269         268         331
         332         343         342
         204         258         259         270         269         332
         333         344         343
         205         259         260         271         270         333
         334         345         344
         206         260         261         272         271         334
         335         346         345
         207         261         262         273         272         335
         336         347         346
         208         262         263         274         273         336
         337         348         347
         209         263         264         275         274         337
         338         349         348
         210         264         265         276         275         338
         339         350         349
         211         265         266         277         276         339
         340         351         350
         212         268         269         279         278         342
         343         353         352
         213         269         270         280         279         343
         344         354         353
         214         270         271         281         280         344
         345         355         354
         215         271         272         282         281         345
         346         356         355
         216         272         273         283         282         346
         347         357         356
         217         273         274         284         283         347
         348         358         357
         218         274         275         285         284         348
         349         359         358
         219         275         276         286         285         349
         350         360         359
         220         276         277         287         286         350
         351         361         360
         221         279         280         289         288         353
         354         364         363
         222         280         281         290         289         354
         355         365         364
         223         281         282         291         290         355
         356         366         365
         224         282         283         292         291         356
         357         367         366
         225         283         284         293         292         357
         358         368         367
         226         284         285         294         293         358
         359         369         368
         227         285         286         295         294         359
         360         370         369
         228         286         287         296         295         360
         361         371         370
         229         297         299         300         298         372
         374         375         373
         230         299         301         302         300         374
         376         377         375
         231         301         303         304         302         376
         378         379         377
         232         303         305         306         304         378
         380         381         379
         233         305         307         308         306         380
         382         383         381
         234         307         309         310         308         382
         384         385         383
         235         309         311         312         310         384
         386         387         385
         236         311         313         314         312         386
         388         389         387
         237         313         315         316         314         388
         390         391         389
         238         315         317         318         316         390
         392         393         391
         239         298         300         320         319         373
         375         395         394
         240         300         302         321         320         375
         377         396         395
         241         302         304         322         321         377
         379         397         396
         242         304         306         323         322         379
         381         398         397
         243         306         308         324         323         381
         383         399         398
         244         308         310         325         324         383
         385         400         399
         245         310         312         326         325         385
         387         401         400
         246         312         314         327         326         387
         389         402         401
         247         314         316         328         327         389
         391         403         402
         248         316         318         329         328         391
         393         404         403
         249         319         320         331         330         394
         395         406         405
         250         320         321         332         331         395
         396         407         406
         251         321         322         333         332         396
         397         408         407
         252         322         323         334         333         397
         398         409         408
         253         323         324         335         334         398
         399         410         409
         254         324         325         336         335         399
         400         411         410
         255         325         326         337         336         400
         401         412         411
         256         326         327         338         337         401
         402         413         412
         257         327         328         339         338         402
         403         414         413
         258         328         329         340         339         403
         404         415         414
         259         330         331         342         341         405
         406         417         416
         260         331         332         343         342         406
         407         418         417
         261         332         333         344         343         407
         408         419         418
         262         333         334         345         344         408
         409         420         419
         263         334         335         346         345         409
         410         421         420
         264         335         336         347         346         410
         411         422         421
         265         336         337         348         347         411
         412         423         422
         266         337         338         349         348         412
         413         424         423
         267         338         339         350         349         413
         414         425         424
         268         339         340         351         350         414
         415         426         425
         269         342         343         353         352         417
         418         429         428
         270         343         344         354         353         418
         419         430         429
         271         344         345         355         354         419
         420         431         430
         272         345         346         356         355         420
         421         432         431
         273         346         347         357         356         421
         422         433         432
         274         347         348         358         357         422
         423         434         433
         275         348         349         359         358         423
         424         435         434
         276         349         350         360         359         424
         425         436         435
         277         350         351         361         360         425
         426         437         436
         278         352         353         363         362         428
         429         439         438
         279         353         354         364         363         429
         430         440         439
         280         354         355         365         364         430
         431         441         440
         281         355         356         366         365         431
         432         442         441
         282         356         357         367         366         432
         433         443         442
         283         357         358         368         367         433
         434         444         443
         284         358         359         369         368         434
         435         445         444
         285         359         360         370         369         435
         436         446         445
         286         360         361         371         370         436
         437         447         446
         287         372         374         375         373         455
         457         458         456
         288         374         376         377         375         457
         459         460         458
         289         376         378         379         377         459
         461         462         460
         290         378         380         381         379         461
         463         464         462
         291         380         382         383         381         463
         465         466         464
         292         382         384         385         383         465
         467         468         466
         293         384         386         387         385         467
         469         470         468
         294         386         388         389         387         469
         471         472         470
         295         388         390         391         389         471
         473         474         472
         296         390         392         393         391         473
         475         476         474
         297         373         375         395         394         456
         458         478         477
         298         375         377         396         395         458
         460         479         478
         299         377         379         397         396         460
         462         480         479
         300         379         381         398         397         462
         464         481         480
         301         381         383         399         398         464
         466         482         481
         302         383         385         400         399         466
         468         483         482
         303         385         387         401         400         468
         470         484         483
         304         387         389         402         401         470
         472         485         484
         305         389         391         403         402         472
         474         486         485
         306         391         393         404         403         474
         476         487         486
         307         394         395         406         405         477
         478         489         488
         308         395         396         407         406         478
         479         490         489
         309         396         397         408         407         479
         480         491         490
         310         397         398         409         408         480
         481         492         491
         311         398         399         410         409         481
         482         493         492
         312         399         400         411         410         482
         483         494         493
         313         400         401         412         411         483
         484         495         494
         314         401         402         413         412         484
         485         496         495
         315         402         403         414         413         485
         486         497         496
         316         403         404         415         414         486
         487         498         497
         317         405         406         417         416         488
         489         500         499
         318         406         407         418         417         489
         490         501         500
         319         407         408         419         418         490
         491         502         501
         320         408         409         420         419         491
         492         503         502
         321         409         410         421         420         492
         493         504         503
         322         410         411         422         421         493
         494         505         504
         323         411         412         423         422         494
         495         506         505
         324         412         413         424         423         495
         496         507         506
         325         413         414         425         424         496
         497         508         507
         326         414         415         426         425         497
         498         509         508
         327         416         417         428         427         499
         500         511         510
         328         417         418         429         428         500
         501         512         511
         329         418         419         430         429         501
         502         513         512
         330         419         420         431         430         502
         503         514         513
         331         420         421         432         431         503
         504         515         514
         332         421         422         433         432         504
         505         516         515
         333         422         423         434         433         505
         506         517         516
         334         423         424         435         434         506
         507         518         517
         335         424         425         436         435         507
         508         519         518
         336         425         426         437         436         508
         509         520         519
         337         428         429         439         438         511
         512         522         521
         338         429         430         440         439         512
         513         523         522
         339         430         431         441         440         513
         514         524         523
         340         431         432         442         441         514
         515         525         524
         341         432         433         443         442         515
         516         526         525
         342         433         434         444         443         516
         517         527         526
         343         434         435         445         444         517
         518         528         527
         344         435         436         446         445         518
         519         529         528
         345         436         437         447         446         519
         520         530         529
         346         441         442         449         448         524
         525         533         532
         347         442         443         450         449         525
         526         534         533
         348         443         444         451         450         526
         527         535         534
         349         444         445         452         451         527
         528         536         535
         350         445         446         453         452         528
         529         537         536
         351         446         447         454         453         529
         530         538         537
         352         455         457         458         456         539
         541         542         540
         353         457         459         460         458         541
         543         544         542
         354         459         461         462         460         543
         545         546         544
         355         461         463         464         462         545
         547         548         546
         356         463         465         466         464         547
         549         550         548
         357         465         467         468         466         549
         551         552         550
         358         467         469         470         468         551
         553         554         552
         359         469         471         472         470         553
         555         556         554
         360         471         473         474         472         555
         557         558         556
         361         473         475         476         474         557
         559         560         558
         362         456         458         478         477         540
         542         562         561
         363         458         460         479         478         542
         544         563         562
         364         460         462         480         479         544
         546         564         563
         365         462         464         481         480         546
         548         565         564
         366         464         466         482         481         548
         550         566         565
         367         466         468         483         482         550
         552         567         566
         368         468         470         484         483         552
         554         568         567
         369         470         472         485         484         554
         556         569         568
         370         472         474         486         485         556
         558         570         569
         371         474         476         487         486         558
         560         571         570
         372         477         478         489         488         561
         562         573         572
         373         478         479         490         489         562
         563         574         573
         374         479         480         491         490         563
         564         575         574
         375         480         481         492         491         564
         565         576         575
         376         481         482         493         492         565
         566         577         576
         377         482         483         494         493         566
         567         578         577
         378         483         484         495         494         567
         568         579         578
         379         484         485         496         495         568
         569         580         579
         380         485         486         497         496         569
         570         581         580
         381         486         487         498         497         570
         571         582         581
         382         488         489         500         499         572
         573         584         583
         383         489         490         501         500         573
         574         585         584
         384         490         491         502         501         574
         575         586         585
         385         491         492         503         502         575
         576         587         586
         386         492         493         504         503         576
         577         588         587
         387         493         494         505         504         577
         578         589         588
         388         494         495         506         505         578
         579         590         589
         389         495         496         507         506         579
         580         591         590
         390         496         497         508         507         580
         581         592         591
         391         497         498         509         508         581
         582         593         592
         392         500         501         512         511         584
         585         595         594
         393         501         502         513         512         585
         586         596         595
         394         502         503         514         513         586
         587         597         596
         395         503         504         515         514         587
         588         598         597
         396         504         505         516         515         588
         589         599         598
         397         505         506         517         516         589
         590         600         599
         398         506         507         518         517         590
         591         601         600
         399         507         508         519         518         591
         592         602         601
         400         508         509         520         519         592
         593         603         602
         401         511         512         522         521         594
         595         605         604
         402         512         513         523         522         595
         596         606         605
         403         513         514         524         523         596
         597         607         606
         404         514         515         525         524         597
         598         608         607
         405         515         516         526         525         598
         599         609         608
         406         516         517         527         526         599
         600         610         609
         407         517         518         528         527         600
         601         611         610
         408         518         519         529         528         601
         602         612         611
         409         519         520         530         529         602
         603         613         612
         410         523         524         532         531         606
         607         615         614
         411         524         525         533         532         607
         608         616         615
         412         525         526         534         533         608
         609         617         616
         413         526         527         535         534         609
         610         618         617
         414         527         528         536         535         610
         611         619         618
         415         528         529         537         536         611
         612         620         619
         416         529         530         538         537         612
         613         621         620
         417         541         543         544         542         622
         624         625         623
         418         543         545         546         544         624
         626         627         625
         419         545         547         548         546         626
         628         629         627
         420         547         549         550         548         628
         630         631         629
         421         549         551         552         550         630
         632         633         631
         422         551         553         554         552         632
         634         635         633
         423         553         555         556         554         634
         636         637         635
         424         555         557         558         556         636
         638         639         637
         425         557         559         560         558         638
         640         641         639
         426         542         544         563         562         623
         625         643         642
         427         544         546         564         563         625
         627         644         643
         428         546         548         565         564         627
         629         645         644
         429         548         550         566         565         629
         631         646         645
         430         550         552         567         566         631
         633         647         646
         431         552         554         568         567         633
         635         648         647
         432         554         556         569         568         635
         637         649         648
         433         556         558         570         569         637
         639         650         649
         434         558         560         571         570         639
         641         651         650
         435         562         563         574         573         642
         643         653         652
         436         563         564         575         574         643
         644         654         653
         437         564         565         576         575         644
         645         655         654
         438         565         566         577         576         645
         646         656         655
         439         566         567         578         577         646
         647         657         656
         440         567         568         579         578         647
         648         658         657
         441         568         569         580         579         648
         649         659         658
         442         569         570         581         580         649
         650         660         659
         443         570         571         582         581         650
         651         661         660
         444         573         574         585         584         652
         653         663         662
         445         574         575         586         585         653
         654         664         663
         446         575         576         587         586         654
         655         665         664
         447         576         577         588         587         655
         656         666         665
         448         577         578         589         588         656
         657         667         666
         449         578         579         590         589         657
         658         668         667
         450         579         580         591         590         658
         659         669         668
         451         580         581         592         591         659
         660         670         669
         452         581         582         593         592         660
         661         671         670
         453         585         586         596         595         663
         664         673         672
         454         586         587         597         596         664
         665         674         673
         455         587         588         598         597         665
         666         675         674
         456         588         589         599         598         666
         667         676         675
         457         589         590         600         599         667
         668         677         676
         458         590         591         601         600         668
         669         678         677
         459         591         592         602         601         669
         670         679         678
         460         592         593         603         602         670
         671         680         679
         461         595         596         606         605         672
         673         682         681
         462         596         597         607         606         673
         674         683         682
         463         597         598         608         607         674
         675         684         683
         464         598         599         609         608         675
         676         685         684
         465         599         600         610         609         676
         677         686         685
         466         600         601         611         610         677
         678         687         686
         467         601         602         612         611         678
         679         688         687
         468         602         603         613         612         679
         680         689         688
         469         624         626         627         625         690
         692         693         691
         470         626         628         629         627         692
         694         695         693
         471         628         630         631         629         694
         696         697         695
         472         630         632         633         631         696
         698         699         697
         473         632         634         635         633         698
         700         701         699
         474         634         636         637         635         700
         702         703         701
         475         636         638         639         637         702
         704         705         703
         476         638         640         641         639         704
         706         707         705
         477         625         627         644         643         691
         693         709         708
         478         627         629         645         644         693
         695         710         709
         479         629         631         646         645         695
         697         711         710
         480         631         633         647         646         697
         699         712         711
         481         633         635         648         647         699
         701         713         712
         482         635         637         649         648         701
         703         714         713
         483         637         639         650         649         703
         705         715         714
         484         639         641         651         650         705
         707         716         715
         485         643         644         654         653         708
         709         718         717
         486         644         645         655         654         709
         710         719         718
         487         645         646         656         655         710
         711         720         719
         488         646         647         657         656         711
         712         721         720
         489         647         648         658         657         712
         713         722         721
         490         648         649         659         658         713
         714         723         722
         491         649         650         660         659         714
         715         724         723
         492         650         651         661         660         715
         716         725         724
         493         653         654         664         663         717
         718         727         726
         494         654         655         665         664         718
         719         728         727
         495         655         656         666         665         719
         720         729         728
         496         656         657         667         666         720
         721         730         729
         497         657         658         668         667         721
         722         731         730
         498         658         659         669         668         722
         723         732         731
         499         659         660         670         669         723
         724         733         732
         500         660         661         671         670         724
         725         734         733
         501         664         665         674         673         727
         728         736         735
         502         665         666         675         674         728
         729         737         736
         503         666         667         676         675         729
         730         738         737
         504         667         668         677         676         730
         731         739         738
         505         668         669         678         677         731
         732         740         739
         506         669         670         679         678         732
         733         741         740
         507         670         671         680         679         733
         734         742         741
