         765
         1    -2692.307692307689649
         2    -2692.307692307689649
         3    -3269.230769230769965
         4    -3269.230769230769965
         5    -3846.153846153849827
         6    -3846.153846153849827
         7    -4423.076923076920139
         8    -4423.076923076929234
         9    -5000.000000000000000
        10    -5000.000000000000000
        11    -2115.384615384610242
        12    -2115.384615384610242
        13    -2692.307692307689649
        14    -2692.307692307689649
        15    -3269.230769230769965
        16    -3269.230769230769965
        17    -3846.153846153849827
        18    -3846.153846153849827
        19    -4423.076923076920139
        20    -4423.076923076920139
        21    -5000.000000000000000
        22    -5000.000000000000000
        23    -2692.307692307689649
        24    -3269.230769230769965
        25    -3846.153846153849827
        26    -4423.076923076920139
        27    -5000.000000000000000
        28    -2115.384615384619792
        29    -2692.307692307689649
        30    -3269.230769230769965
        31    -3846.153846153849827
        32    -4423.076923076920139
        33    -5000.000000000000000
        34    -2692.307692307689649
        35    -3269.230769230769965
        36    -3846.153846153849827
        37    -4423.076923076920139
        38    -5000.000000000000000
        39    -2115.384615384610242
        40    -2692.307692307689649
        41    -3269.230769230769965
        42    -3846.153846153849827
        43    -4423.076923076920139
        44    -5000.000000000000000
        45    -3269.230769230769965
        46    -3846.153846153839822
        47    -4423.076923076920139
        48    -5000.000000000000000
        49    -2692.307692307689649
        50    -3269.230769230769965
        51    -3846.153846153839822
        52    -4423.076923076920139
        53    -5000.000000000000000
        54    -3269.230769230769965
        55    -3846.153846153849827
        56    -4423.076923076920139
        57    -5000.000000000000000
        58    -5000.000000000000000
        59    -4423.076923076920139
        60    -5000.000000000000000
        61    -4423.076923076920139
        62    -5000.000000000000000
        63    -4423.076923076920139
        64    -5000.000000000000000
        65    -4423.076923076920139
        66    -5000.000000000000000
        67    -4423.076923076920139
        68    -5000.000000000000000
        69    -4423.076923076929234
        70    -5000.000000000000000
        71    -4423.076923076920139
        72    -5000.000000000000000
        73    -4423.076923076920139
        74    -5000.000000000000000
        75    -4423.076923076920139
        76    -5000.000000000000000
        77    -4423.076923076920139
        78    -5000.000000000000000
        79    -4423.076923076920139
        80    -5000.000000000000000
        81    -4423.076923076920139
        82    -5000.000000000000000
        83    -4423.076923076920139
        84    -5000.000000000000000
        85    -4423.076923076920139
        86    -5000.000000000000000
        87    -4423.076923076920139
        88    -5000.000000000000000
        89    -4423.076923076920139
        90    -3846.153846153849827
        91    -3846.153846153849827
        92    -3846.153846153849827
        93    -3846.153846153849827
        94    -3846.153846153849827
        95    -3846.153846153849827
        96    -3846.153846153849827
        97    -3846.153846153849827
        98    -3846.153846153849827
        99    -3846.153846153849827
       100    -3846.153846153849827
       101    -3846.153846153849827
       102    -3846.153846153849827
       103    -3846.153846153849827
       104    -3846.153846153849827
       105    -3846.153846153849827
       106    -3269.230769230769965
       107    -3269.230769230769965
       108    -3269.230769230769965
       109    -3269.230769230769965
       110    -3269.230769230769965
       111    -3269.230769230769965
       112    -3269.230769230769965
       113    -3269.230769230769965
       114    -3269.230769230769965
       115    -3269.230769230769965
       116    -3269.230769230769965
       117    -3269.230769230769965
       118    -3269.230769230769965
       119    -3269.230769230769965
       120    -3269.230769230769965
       121    -3269.230769230769965
       122    -2692.307692307689649
       123    -2692.307692307689649
       124    -2692.307692307689649
       125    -2692.307692307689649
       126    -2692.307692307689649
       127    -2692.307692307689649
       128    -2692.307692307689649
       129    -2692.307692307689649
       130    -2692.307692307689649
       131    -2692.307692307689649
       132    -2692.307692307689649
       133    -2692.307692307689649
       134    -2692.307692307689649
       135    -2692.307692307689649
       136    -2692.307692307689649
       137    -2692.307692307689649
       138    -2692.307692307689649
       139    -2692.307692307689649
       140    -2115.384615384610242
       141    -2115.384615384610242
       142    -2115.384615384610242
       143    -2115.384615384610242
       144    -2115.384615384610242
       145    -2115.384615384619792
       146    -2115.384615384610242
       147    -2115.384615384610242
       148    -2115.384615384610242
       149    -2115.384615384610242
       150    -2115.384615384610242
       151    -2115.384615384610242
       152    -2115.384615384610242
       153    -2115.384615384610242
       154    -2115.384615384619792
       155    -2115.384615384619792
       156    -2115.384615384619792
       157    -2115.384615384619792
       158    -1538.461538461540158
       159    -1538.461538461540158
       160    -1538.461538461540158
       161    -1538.461538461540158
       162    -1538.461538461540158
       163    -1538.461538461540158
       164    -1538.461538461540158
       165    -1538.461538461540158
       166    -1538.461538461540158
       167    -1538.461538461540158
       168    -1538.461538461540158
       169    -1538.461538461540158
       170    -1538.461538461540158
       171    -1538.461538461540158
       172    -1538.461538461540158
       173    -1538.461538461540158
       174    -1538.461538461540158
       175    -1538.461538461540158
       176     -961.538461538460979
       177     -961.538461538460979
       178     -961.538461538460979
       179     -961.538461538459956
       180     -961.538461538460979
       181     -961.538461538460979
       182     -961.538461538460979
       183     -961.538461538460979
       184     -961.538461538460979
       185     -961.538461538460979
       186     -961.538461538462002
       187     -961.538461538460979
       188     -961.538461538460979
       189     -961.538461538460979
       190     -961.538461538462002
       191     -961.538461538460979
       192     -384.615384615384016
       193     -384.615384615385040
       194     -384.615384615384016
       195     -384.615384615384016
       196     -384.615384615384016
       197     -384.615384615385040
       198     -384.615384615384016
       199     -384.615384615384016
       200     -384.615384615384016
       201     -384.615384615385040
       202     -384.615384615384016
       203     -384.615384615384016
       204     -384.615384615384016
       205     -384.615384615384016
       206      192.307692307693003
       207      192.307692307693003
       208      192.307692307693003
       209      192.307692307693003
       210      192.307692307693003
       211      192.307692307693003
       212      192.307692307693003
       213      192.307692307693003
       214      192.307692307693003
       215      192.307692307693003
       216      192.307692307693003
       217      192.307692307693003
       218      769.230769230769056
       219      769.230769230770079
       220      769.230769230769056
       221      769.230769230770079
       222      769.230769230769056
       223      769.230769230770079
       224      769.230769230769056
       225      769.230769230770079
       226      769.230769230769056
       227      769.230769230770079
       228    -5000.000000000000000
       229    -4423.076923076920139
       230    -5000.000000000000000
       231    -4423.076923076920139
       232    -5000.000000000000000
       233    -4423.076923076920139
       234    -5000.000000000000000
       235    -4423.076923076920139
       236    -5000.000000000000000
       237    -4423.076923076920139
       238    -5000.000000000000000
       239    -4423.076923076920139
       240    -5000.000000000000000
       241    -4423.076923076920139
       242    -5000.000000000000000
       243    -4423.076923076920139
       244    -3846.153846153849827
       245    -3846.153846153849827
       246    -3846.153846153849827
       247    -3846.153846153849827
       248    -3846.153846153849827
       249    -3846.153846153849827
       250    -3846.153846153849827
       251    -3846.153846153849827
       252    -3269.230769230769965
       253    -3269.230769230769965
       254    -3269.230769230769965
       255    -3269.230769230769965
       256    -3269.230769230769965
       257    -3269.230769230769965
       258    -3269.230769230769965
       259    -3269.230769230769965
       260    -2692.307692307689649
       261    -2692.307692307689649
       262    -2692.307692307689649
       263    -2692.307692307689649
       264    -2692.307692307689649
       265    -2692.307692307689649
       266    -2692.307692307689649
       267    -2692.307692307689649
       268    -2692.307692307689649
       269    -2115.384615384619792
       270    -2115.384615384619792
       271    -2115.384615384619792
       272    -2115.384615384619792
       273    -2115.384615384619792
       274    -2115.384615384619792
       275    -2115.384615384619792
       276    -2115.384615384619792
       277    -2115.384615384619792
       278    -1538.461538461540158
       279    -1538.461538461540158
       280    -1538.461538461540158
       281    -1538.461538461540158
       282    -1538.461538461540158
       283    -1538.461538461540158
       284    -1538.461538461540158
       285    -1538.461538461540158
       286    -1538.461538461540158
       287     -961.538461538460979
       288     -961.538461538460979
       289     -961.538461538460979
       290     -961.538461538460979
       291     -961.538461538460979
       292     -961.538461538460979
       293     -961.538461538460979
       294     -961.538461538460979
       295     -384.615384615384016
       296     -384.615384615384016
       297     -384.615384615385040
       298     -384.615384615384016
       299     -384.615384615385040
       300     -384.615384615384016
       301     -384.615384615384016
       302      192.307692307693003
       303      192.307692307693003
       304      192.307692307692008
       305      192.307692307692008
       306      192.307692307692008
       307      192.307692307692008
       308      769.230769230769056
       309      769.230769230769056
       310      769.230769230769056
       311      769.230769230769056
       312      769.230769230769056
       313    -5000.000000000000000
       314    -4423.076923076920139
       315    -5000.000000000000000
       316    -4423.076923076920139
       317    -5000.000000000000000
       318    -4423.076923076920139
       319    -5000.000000000000000
       320    -4423.076923076920139
       321    -5000.000000000000000
       322    -4423.076923076920139
       323    -5000.000000000000000
       324    -4423.076923076920139
       325    -5000.000000000000000
       326    -4423.076923076920139
       327    -5000.000000000000000
       328    -4423.076923076920139
       329    -3846.153846153849827
       330    -3846.153846153849827
       331    -3846.153846153849827
       332    -3846.153846153849827
       333    -3846.153846153849827
       334    -3846.153846153849827
       335    -3846.153846153849827
       336    -3846.153846153849827
       337    -3269.230769230769965
       338    -3269.230769230769965
       339    -3269.230769230769965
       340    -3269.230769230769965
       341    -3269.230769230769965
       342    -3269.230769230769965
       343    -3269.230769230769965
       344    -3269.230769230769965
       345    -3269.230769230769965
       346    -2692.307692307689649
       347    -2692.307692307689649
       348    -2692.307692307689649
       349    -2692.307692307689649
       350    -2692.307692307689649
       351    -2692.307692307689649
       352    -2692.307692307689649
       353    -2692.307692307689649
       354    -2692.307692307689649
       355    -2115.384615384610242
       356    -2115.384615384619792
       357    -2115.384615384619792
       358    -2115.384615384610242
       359    -2115.384615384619792
       360    -2115.384615384610242
       361    -2115.384615384619792
       362    -2115.384615384619792
       363    -2115.384615384619792
       364    -1538.461538461540158
       365    -1538.461538461540158
       366    -1538.461538461540158
       367    -1538.461538461540158
       368    -1538.461538461540158
       369    -1538.461538461540158
       370    -1538.461538461540158
       371    -1538.461538461540158
       372    -1538.461538461540158
       373     -961.538461538460979
       374     -961.538461538460979
       375     -961.538461538460979
       376     -961.538461538460979
       377     -961.538461538460979
       378     -961.538461538460979
       379     -961.538461538460979
       380     -961.538461538460979
       381     -384.615384615384016
       382     -384.615384615384016
       383     -384.615384615384016
       384     -384.615384615384016
       385     -384.615384615384016
       386     -384.615384615384016
       387     -384.615384615384016
       388      192.307692307693003
       389      192.307692307692008
       390      192.307692307692008
       391      192.307692307692008
       392      192.307692307692008
       393      192.307692307692008
       394      769.230769230769056
       395      769.230769230769056
       396      769.230769230769056
       397      769.230769230769056
       398      769.230769230769056
       399    -5000.000000000000000
       400    -4423.076923076929234
       401    -5000.000000000000000
       402    -4423.076923076929234
       403    -5000.000000000000000
       404    -4423.076923076929234
       405    -5000.000000000000000
       406    -4423.076923076929234
       407    -5000.000000000000000
       408    -4423.076923076920139
       409    -5000.000000000000000
       410    -4423.076923076920139
       411    -5000.000000000000000
       412    -4423.076923076920139
       413    -5000.000000000000000
       414    -4423.076923076920139
       415    -3846.153846153849827
       416    -3846.153846153849827
       417    -3846.153846153839822
       418    -3846.153846153839822
       419    -3846.153846153849827
       420    -3846.153846153849827
       421    -3846.153846153849827
       422    -3846.153846153839822
       423    -3846.153846153839822
       424    -3269.230769230769965
       425    -3269.230769230769965
       426    -3269.230769230769965
       427    -3269.230769230769965
       428    -3269.230769230769965
       429    -3269.230769230769965
       430    -3269.230769230769965
       431    -3269.230769230769965
       432    -3269.230769230769965
       433    -2692.307692307689649
       434    -2692.307692307689649
       435    -2692.307692307689649
       436    -2692.307692307689649
       437    -2692.307692307689649
       438    -2692.307692307689649
       439    -2692.307692307689649
       440    -2692.307692307689649
       441    -2692.307692307689649
       442    -2115.384615384619792
       443    -2115.384615384619792
       444    -2115.384615384619792
       445    -2115.384615384619792
       446    -2115.384615384610242
       447    -2115.384615384619792
       448    -2115.384615384619792
       449    -2115.384615384619792
       450    -2115.384615384619792
       451    -1538.461538461540158
       452    -1538.461538461540158
       453    -1538.461538461540158
       454    -1538.461538461540158
       455    -1538.461538461540158
       456    -1538.461538461540158
       457    -1538.461538461540158
       458    -1538.461538461540158
       459     -961.538461538460979
       460     -961.538461538460979
       461     -961.538461538460979
       462     -961.538461538460979
       463     -961.538461538462002
       464     -961.538461538462002
       465     -961.538461538460979
       466     -961.538461538462002
       467     -384.615384615384016
       468     -384.615384615384016
       469     -384.615384615385040
       470     -384.615384615384016
       471     -384.615384615385040
       472     -384.615384615385040
       473     -384.615384615384016
       474      192.307692307692008
       475      192.307692307693003
       476      192.307692307693003
       477      192.307692307693003
       478      192.307692307693003
       479      192.307692307693003
       480      769.230769230769056
       481      769.230769230769056
       482      769.230769230769056
       483      769.230769230769056
       484      769.230769230769056
       485    -5000.000000000000000
       486    -4423.076923076920139
       487    -5000.000000000000000
       488    -4423.076923076920139
       489    -5000.000000000000000
       490    -4423.076923076920139
       491    -5000.000000000000000
       492    -4423.076923076920139
       493    -5000.000000000000000
       494    -4423.076923076920139
       495    -5000.000000000000000
       496    -4423.076923076920139
       497    -5000.000000000000000
       498    -4423.076923076920139
       499    -5000.000000000000000
       500    -4423.076923076920139
       501    -5000.000000000000000
       502    -4423.076923076920139
       503    -3846.153846153849827
       504    -3846.153846153849827
       505    -3846.153846153849827
       506    -3846.153846153849827
       507    -3846.153846153849827
       508    -3846.153846153849827
       509    -3846.153846153849827
       510    -3846.153846153849827
       511    -3846.153846153849827
       512    -3269.230769230769965
       513    -3269.230769230769965
       514    -3269.230769230769965
       515    -3269.230769230769965
       516    -3269.230769230769965
       517    -3269.230769230769965
       518    -3269.230769230769965
       519    -3269.230769230769965
       520    -3269.230769230769965
       521    -2692.307692307689649
       522    -2692.307692307689649
       523    -2692.307692307689649
       524    -2692.307692307689649
       525    -2692.307692307689649
       526    -2692.307692307689649
       527    -2692.307692307689649
       528    -2692.307692307689649
       529    -2692.307692307689649
       530    -2115.384615384610242
       531    -2115.384615384610242
       532    -2115.384615384610242
       533    -2115.384615384610242
       534    -2115.384615384610242
       535    -2115.384615384610242
       536    -2115.384615384619792
       537    -2115.384615384610242
       538    -1538.461538461540158
       539    -1538.461538461540158
       540    -1538.461538461540158
       541    -1538.461538461540158
       542    -1538.461538461540158
       543    -1538.461538461540158
       544    -1538.461538461540158
       545    -1538.461538461540158
       546     -961.538461538462002
       547     -961.538461538460979
       548     -961.538461538460979
       549     -961.538461538462002
       550     -961.538461538462002
       551     -961.538461538460979
       552     -961.538461538460979
       553     -384.615384615384016
       554     -384.615384615384016
       555     -384.615384615385040
       556     -384.615384615384016
       557     -384.615384615384016
       558     -384.615384615385040
       559     -384.615384615385040
       560      192.307692307692008
       561      192.307692307692008
       562      192.307692307692008
       563      192.307692307692008
       564      192.307692307692008
       565      192.307692307692008
       566      769.230769230769056
       567      769.230769230769056
       568      769.230769230769056
       569      769.230769230769056
       570      769.230769230769056
       571    -5000.000000000000000
       572    -4423.076923076920139
       573    -5000.000000000000000
       574    -4423.076923076929234
       575    -5000.000000000000000
       576    -4423.076923076920139
       577    -5000.000000000000000
       578    -4423.076923076920139
       579    -5000.000000000000000
       580    -4423.076923076920139
       581    -5000.000000000000000
       582    -4423.076923076920139
       583    -5000.000000000000000
       584    -4423.076923076920139
       585    -5000.000000000000000
       586    -4423.076923076920139
       587    -5000.000000000000000
       588    -4423.076923076920139
       589    -3846.153846153849827
       590    -3846.153846153849827
       591    -3846.153846153839822
       592    -3846.153846153849827
       593    -3846.153846153849827
       594    -3846.153846153849827
       595    -3846.153846153849827
       596    -3846.153846153849827
       597    -3846.153846153839822
       598    -3269.230769230769965
       599    -3269.230769230769965
       600    -3269.230769230769965
       601    -3269.230769230769965
       602    -3269.230769230769965
       603    -3269.230769230769965
       604    -3269.230769230769965
       605    -3269.230769230769965
       606    -3269.230769230769965
       607    -2692.307692307689649
       608    -2692.307692307689649
       609    -2692.307692307689649
       610    -2692.307692307689649
       611    -2692.307692307689649
       612    -2692.307692307689649
       613    -2692.307692307689649
       614    -2692.307692307689649
       615    -2115.384615384610242
       616    -2115.384615384610242
       617    -2115.384615384610242
       618    -2115.384615384610242
       619    -2115.384615384610242
       620    -2115.384615384610242
       621    -2115.384615384619792
       622    -2115.384615384619792
       623    -1538.461538461540158
       624    -1538.461538461540158
       625    -1538.461538461540158
       626    -1538.461538461540158
       627    -1538.461538461540158
       628    -1538.461538461540158
       629    -1538.461538461540158
       630     -961.538461538460979
       631     -961.538461538460979
       632     -961.538461538460979
       633     -961.538461538460979
       634     -961.538461538462002
       635     -961.538461538460979
       636     -961.538461538460979
       637     -384.615384615384016
       638     -384.615384615384016
       639     -384.615384615384016
       640     -384.615384615384016
       641     -384.615384615384016
       642     -384.615384615384016
       643      192.307692307692008
       644      192.307692307692008
       645      192.307692307692008
       646      192.307692307692008
       647      192.307692307692008
       648      192.307692307692008
       649      769.230769230769056
       650      769.230769230769056
       651      769.230769230769056
       652    -5000.000000000000000
       653    -4423.076923076929234
       654    -5000.000000000000000
       655    -4423.076923076920139
       656    -5000.000000000000000
       657    -4423.076923076929234
       658    -5000.000000000000000
       659    -4423.076923076920139
       660    -5000.000000000000000
       661    -4423.076923076920139
       662    -5000.000000000000000
       663    -4423.076923076929234
       664    -5000.000000000000000
       665    -4423.076923076920139
       666    -5000.000000000000000
       667    -4423.076923076929234
       668    -3846.153846153849827
       669    -3846.153846153849827
       670    -3846.153846153849827
       671    -3846.153846153849827
       672    -3846.153846153849827
       673    -3846.153846153849827
       674    -3846.153846153849827
       675    -3846.153846153849827
       676    -3269.230769230769965
       677    -3269.230769230769965
       678    -3269.230769230769965
       679    -3269.230769230769965
       680    -3269.230769230769965
       681    -3269.230769230769965
       682    -3269.230769230769965
       683    -3269.230769230769965
       684    -2692.307692307689649
       685    -2692.307692307689649
       686    -2692.307692307689649
       687    -2692.307692307689649
       688    -2692.307692307689649
       689    -2692.307692307689649
       690    -2692.307692307689649
       691    -2115.384615384619792
       692    -2115.384615384619792
       693    -2115.384615384610242
       694    -2115.384615384619792
       695    -2115.384615384619792
       696    -2115.384615384619792
       697    -2115.384615384619792
       698    -1538.461538461540158
       699    -1538.461538461540158
       700    -1538.461538461540158
       701    -1538.461538461540158
       702    -1538.461538461540158
       703    -1538.461538461540158
       704    -1538.461538461540158
       705     -961.538461538462002
       706     -961.538461538462002
       707     -961.538461538462002
       708     -961.538461538463025
       709     -961.538461538462002
       710     -961.538461538462002
       711     -384.615384615385040
       712     -384.615384615385040
       713     -384.615384615384016
       714     -384.615384615385040
       715     -384.615384615385040
       716     -384.615384615384016
       717      192.307692307692008
       718      192.307692307692008
       719      192.307692307692008
       720    -4423.076923076920139
       721    -5000.000000000000000
       722    -4423.076923076920139
       723    -5000.000000000000000
       724    -4423.076923076920139
       725    -5000.000000000000000
       726    -4423.076923076920139
       727    -5000.000000000000000
       728    -4423.076923076920139
       729    -3846.153846153849827
       730    -3846.153846153849827
       731    -3846.153846153849827
       732    -3846.153846153849827
       733    -3846.153846153839822
       734    -3269.230769230769965
       735    -3269.230769230769965
       736    -3269.230769230769965
       737    -3269.230769230769965
       738    -3269.230769230769965
       739    -2692.307692307689649
       740    -2692.307692307689649
       741    -2692.307692307689649
       742    -2692.307692307689649
       743    -2692.307692307689649
       744    -2115.384615384610242
       745    -2115.384615384610242
       746    -2115.384615384610242
       747    -2115.384615384610242
       748    -2115.384615384610242
       749    -1538.461538461540158
       750    -1538.461538461540158
       751    -1538.461538461540158
       752    -1538.461538461540158
       753    -1538.461538461540158
       754     -961.538461538462002
       755     -961.538461538462002
       756     -961.538461538462002
       757     -961.538461538462002
       758     -961.538461538462002
       759     -384.615384615385040
       760     -384.615384615384016
       761     -384.615384615385040
       762    -1538.461538461540158
       763    -1538.461538461540158
       764     -961.538461538462002
       765     -961.538461538463025
