         725
         1    -5692.307692307689649
         2    -5692.307692307689649
         3    -6307.692307692310351
         4    -6307.692307692310351
         5    -6923.076923076920139
         6    -6923.076923076929234
         7    -7538.461538461539931
         8    -7538.461538461539931
         9    -8153.846153846149718
        10    -8153.846153846149718
        11    -8769.230769230769511
        12    -8769.230769230769511
        13    -9384.615384615379298
        14    -9384.615384615379298
        15   -10000.000000000000000
        16   -10000.000000000000000
        17    -5692.307692307689649
        18    -6307.692307692310351
        19    -6923.076923076920139
        20    -7538.461538461539931
        21    -8153.846153846149718
        22    -8769.230769230769511
        23    -9384.615384615379298
        24   -10000.000000000000000
        25    -5076.923076923079861
        26    -5076.923076923079861
        27    -5692.307692307689649
        28    -5692.307692307689649
        29    -6307.692307692310351
        30    -6307.692307692310351
        31    -6923.076923076920139
        32    -6923.076923076920139
        33    -7538.461538461539931
        34    -7538.461538461539931
        35    -8153.846153846149718
        36    -8153.846153846149718
        37    -8769.230769230769511
        38    -8769.230769230769511
        39    -9384.615384615390212
        40    -9384.615384615390212
        41   -10000.000000000000000
        42   -10000.000000000000000
        43    -5076.923076923079861
        44    -5692.307692307689649
        45    -6307.692307692310351
        46    -6923.076923076920139
        47    -7538.461538461539931
        48    -8153.846153846149718
        49    -8769.230769230769511
        50    -9384.615384615390212
        51   -10000.000000000000000
        52    -4461.538461538460069
        53    -4461.538461538460069
        54    -5076.923076923079861
        55    -5076.923076923079861
        56    -5692.307692307689649
        57    -5692.307692307689649
        58    -6307.692307692310351
        59    -6307.692307692310351
        60    -6923.076923076929234
        61    -6923.076923076929234
        62    -7538.461538461539931
        63    -7538.461538461539931
        64    -8153.846153846160632
        65    -8153.846153846149718
        66    -8769.230769230769511
        67    -8769.230769230769511
        68    -9384.615384615390212
        69    -9384.615384615379298
        70   -10000.000000000000000
        71   -10000.000000000000000
        72    -4461.538461538460069
        73    -5076.923076923070766
        74    -5692.307692307689649
        75    -6307.692307692310351
        76    -6923.076923076929234
        77    -7538.461538461539931
        78    -8153.846153846149718
        79    -8769.230769230769511
        80    -9384.615384615390212
        81   -10000.000000000000000
        82    -4461.538461538460069
        83    -4461.538461538460069
        84    -5076.923076923079861
        85    -5076.923076923079861
        86    -5692.307692307689649
        87    -5692.307692307689649
        88    -6307.692307692310351
        89    -6307.692307692310351
        90    -6923.076923076920139
        91    -6923.076923076929234
        92    -7538.461538461539931
        93    -7538.461538461539931
        94    -8153.846153846149718
        95    -8153.846153846149718
        96    -8769.230769230769511
        97    -8769.230769230780425
        98    -9384.615384615379298
        99    -9384.615384615379298
       100   -10000.000000000000000
       101   -10000.000000000000000
       102    -4461.538461538460069
       103    -5076.923076923079861
       104    -5692.307692307689649
       105    -6307.692307692310351
       106    -6923.076923076920139
       107    -7538.461538461539931
       108    -8153.846153846149718
       109    -8769.230769230769511
       110    -9384.615384615390212
       111   -10000.000000000000000
       112    -4461.538461538460069
       113    -4461.538461538460069
       114    -5076.923076923079861
       115    -5076.923076923079861
       116    -5692.307692307689649
       117    -5692.307692307689649
       118    -6307.692307692310351
       119    -6307.692307692310351
       120    -6923.076923076920139
       121    -6923.076923076929234
       122    -7538.461538461539931
       123    -7538.461538461539931
       124    -8153.846153846149718
       125    -8153.846153846149718
       126    -8769.230769230769511
       127    -8769.230769230769511
       128    -9384.615384615390212
       129    -9384.615384615379298
       130   -10000.000000000000000
       131   -10000.000000000000000
       132    -4461.538461538460069
       133    -5076.923076923079861
       134    -5692.307692307689649
       135    -6307.692307692310351
       136    -6923.076923076920139
       137    -7538.461538461539931
       138    -8153.846153846149718
       139    -8769.230769230769511
       140    -9384.615384615390212
       141   -10000.000000000000000
       142    -4461.538461538460069
       143    -4461.538461538460069
       144    -5076.923076923079861
       145    -5076.923076923079861
       146    -5692.307692307689649
       147    -5692.307692307689649
       148    -6307.692307692310351
       149    -6307.692307692310351
       150    -6923.076923076920139
       151    -6923.076923076929234
       152    -7538.461538461539931
       153    -7538.461538461539931
       154    -8153.846153846149718
       155    -8153.846153846149718
       156    -8769.230769230769511
       157    -8769.230769230769511
       158    -9384.615384615390212
       159    -9384.615384615390212
       160   -10000.000000000000000
       161   -10000.000000000000000
       162    -4461.538461538460069
       163    -5076.923076923079861
       164    -5692.307692307689649
       165    -6307.692307692310351
       166    -6923.076923076929234
       167    -7538.461538461539931
       168    -8153.846153846149718
       169    -8769.230769230769511
       170    -9384.615384615390212
       171   -10000.000000000000000
       172    -4461.538461538460069
       173    -4461.538461538460069
       174    -5076.923076923079861
       175    -5076.923076923079861
       176    -5692.307692307689649
       177    -5692.307692307689649
       178    -6307.692307692310351
       179    -6307.692307692310351
       180    -6923.076923076920139
       181    -6923.076923076929234
       182    -7538.461538461539931
       183    -7538.461538461539931
       184    -8153.846153846149718
       185    -8153.846153846149718
       186    -8769.230769230769511
       187    -8769.230769230769511
       188    -9384.615384615390212
       189    -9384.615384615390212
       190   -10000.000000000000000
       191   -10000.000000000000000
       192    -4461.538461538460069
       193    -5076.923076923079861
       194    -5692.307692307689649
       195    -6307.692307692310351
       196    -6923.076923076929234
       197    -7538.461538461539931
       198    -8153.846153846149718
       199    -8769.230769230769511
       200    -9384.615384615390212
       201   -10000.000000000000000
       202    -4461.538461538460069
       203    -4461.538461538460069
       204    -5076.923076923079861
       205    -5076.923076923079861
       206    -5692.307692307689649
       207    -5692.307692307689649
       208    -6307.692307692310351
       209    -6307.692307692310351
       210    -6923.076923076920139
       211    -6923.076923076920139
       212    -7538.461538461539931
       213    -7538.461538461539931
       214    -8153.846153846160632
       215    -8153.846153846149718
       216    -8769.230769230769511
       217    -8769.230769230769511
       218    -9384.615384615379298
       219    -9384.615384615379298
       220   -10000.000000000000000
       221   -10000.000000000000000
       222    -4461.538461538460069
       223    -5076.923076923079861
       224    -5692.307692307689649
       225    -6307.692307692310351
       226    -6923.076923076920139
       227    -7538.461538461539931
       228    -8153.846153846149718
       229    -8769.230769230769511
       230    -9384.615384615379298
       231   -10000.000000000000000
       232    -4461.538461538460069
       233    -4461.538461538460069
       234    -5076.923076923079861
       235    -5076.923076923079861
       236    -5692.307692307689649
       237    -5692.307692307689649
       238    -6307.692307692310351
       239    -6307.692307692310351
       240    -6923.076923076920139
       241    -6923.076923076920139
       242    -7538.461538461539931
       243    -7538.461538461539931
       244    -8153.846153846149718
       245    -8153.846153846149718
       246    -8769.230769230769511
       247    -8769.230769230769511
       248    -9384.615384615390212
       249    -9384.615384615379298
       250   -10000.000000000000000
       251   -10000.000000000000000
       252    -4461.538461538460069
       253    -5076.923076923079861
       254    -5692.307692307689649
       255    -6307.692307692310351
       256    -6923.076923076920139
       257    -7538.461538461539931
       258    -8153.846153846149718
       259    -8769.230769230769511
       260    -9384.615384615390212
       261   -10000.000000000000000
       262    -5692.307692307689649
       263    -5692.307692307689649
       264    -6307.692307692310351
       265    -6307.692307692310351
       266    -6923.076923076920139
       267    -6923.076923076929234
       268    -7538.461538461539931
       269    -7538.461538461539931
       270    -8153.846153846149718
       271    -8153.846153846149718
       272    -8769.230769230769511
       273    -8769.230769230769511
       274    -9384.615384615379298
       275    -9384.615384615379298
       276   -10000.000000000000000
       277   -10000.000000000000000
       278    -5692.307692307689649
       279    -6307.692307692310351
       280    -6923.076923076920139
       281    -7538.461538461539931
       282    -8153.846153846149718
       283    -8769.230769230769511
       284    -9384.615384615390212
       285   -10000.000000000000000
       286    -5076.923076923079861
       287    -5076.923076923079861
       288    -5692.307692307689649
       289    -5692.307692307689649
       290    -6307.692307692310351
       291    -6307.692307692310351
       292    -6923.076923076920139
       293    -6923.076923076929234
       294    -7538.461538461539931
       295    -7538.461538461539931
       296    -8153.846153846149718
       297    -8153.846153846160632
       298    -8769.230769230769511
       299    -8769.230769230769511
       300    -9384.615384615390212
       301    -9384.615384615390212
       302   -10000.000000000000000
       303   -10000.000000000000000
       304    -5076.923076923070766
       305    -5692.307692307689649
       306    -6307.692307692310351
       307    -6923.076923076929234
       308    -7538.461538461539931
       309    -8153.846153846149718
       310    -8769.230769230769511
       311    -9384.615384615379298
       312   -10000.000000000000000
       313    -4461.538461538460069
       314    -4461.538461538460069
       315    -5076.923076923079861
       316    -5076.923076923070766
       317    -5692.307692307689649
       318    -5692.307692307689649
       319    -6307.692307692310351
       320    -6307.692307692310351
       321    -6923.076923076929234
       322    -6923.076923076920139
       323    -7538.461538461539931
       324    -7538.461538461539931
       325    -8153.846153846160632
       326    -8153.846153846149718
       327    -8769.230769230769511
       328    -8769.230769230769511
       329    -9384.615384615390212
       330    -9384.615384615390212
       331   -10000.000000000000000
       332   -10000.000000000000000
       333    -4461.538461538460069
       334    -5076.923076923070766
       335    -5692.307692307699654
       336    -6307.692307692310351
       337    -6923.076923076929234
       338    -7538.461538461539931
       339    -8153.846153846149718
       340    -8769.230769230780425
       341    -9384.615384615379298
       342   -10000.000000000000000
       343    -4461.538461538460069
       344    -4461.538461538460069
       345    -5076.923076923079861
       346    -5076.923076923070766
       347    -5692.307692307689649
       348    -5692.307692307689649
       349    -6307.692307692310351
       350    -6307.692307692310351
       351    -6923.076923076920139
       352    -6923.076923076929234
       353    -7538.461538461539931
       354    -7538.461538461539931
       355    -8153.846153846149718
       356    -8153.846153846149718
       357    -8769.230769230769511
       358    -8769.230769230769511
       359    -9384.615384615379298
       360    -9384.615384615379298
       361   -10000.000000000000000
       362   -10000.000000000000000
       363    -4461.538461538460069
       364    -5076.923076923070766
       365    -5692.307692307689649
       366    -6307.692307692300346
       367    -6923.076923076929234
       368    -7538.461538461539931
       369    -8153.846153846149718
       370    -8769.230769230769511
       371    -9384.615384615379298
       372   -10000.000000000000000
       373    -4461.538461538460069
       374    -4461.538461538460069
       375    -5076.923076923079861
       376    -5076.923076923079861
       377    -5692.307692307689649
       378    -5692.307692307699654
       379    -6307.692307692310351
       380    -6307.692307692310351
       381    -6923.076923076920139
       382    -6923.076923076920139
       383    -7538.461538461539931
       384    -7538.461538461539931
       385    -8153.846153846149718
       386    -8153.846153846160632
       387    -8769.230769230769511
       388    -8769.230769230769511
       389    -9384.615384615390212
       390    -9384.615384615390212
       391   -10000.000000000000000
       392   -10000.000000000000000
       393    -4461.538461538460069
       394    -5076.923076923079861
       395    -5692.307692307699654
       396    -6307.692307692310351
       397    -6923.076923076920139
       398    -7538.461538461539931
       399    -8153.846153846149718
       400    -8769.230769230769511
       401    -9384.615384615390212
       402   -10000.000000000000000
       403    -4461.538461538460069
       404    -4461.538461538460069
       405    -5076.923076923079861
       406    -5076.923076923070766
       407    -5692.307692307689649
       408    -5692.307692307699654
       409    -6307.692307692310351
       410    -6307.692307692310351
       411    -6923.076923076920139
       412    -6923.076923076920139
       413    -7538.461538461539931
       414    -7538.461538461539931
       415    -8153.846153846149718
       416    -8153.846153846149718
       417    -8769.230769230769511
       418    -8769.230769230769511
       419    -9384.615384615390212
       420    -9384.615384615390212
       421   -10000.000000000000000
       422   -10000.000000000000000
       423    -4461.538461538460069
       424    -5076.923076923070766
       425    -5692.307692307689649
       426    -6307.692307692300346
       427    -6923.076923076920139
       428    -7538.461538461539931
       429    -8153.846153846149718
       430    -8769.230769230769511
       431    -9384.615384615390212
       432   -10000.000000000000000
       433    -4461.538461538460069
       434    -4461.538461538470074
       435    -5076.923076923079861
       436    -5076.923076923079861
       437    -5692.307692307689649
       438    -5692.307692307689649
       439    -6307.692307692310351
       440    -6307.692307692310351
       441    -6923.076923076920139
       442    -6923.076923076929234
       443    -7538.461538461539931
       444    -7538.461538461539931
       445    -8153.846153846149718
       446    -8153.846153846149718
       447    -8769.230769230769511
       448    -8769.230769230769511
       449    -9384.615384615390212
       450    -9384.615384615390212
       451   -10000.000000000000000
       452   -10000.000000000000000
       453    -4461.538461538460069
       454    -5076.923076923079861
       455    -5692.307692307689649
       456    -6307.692307692310351
       457    -6923.076923076929234
       458    -7538.461538461539931
       459    -8153.846153846160632
       460    -8769.230769230769511
       461    -9384.615384615379298
       462   -10000.000000000000000
       463    -4461.538461538460069
       464    -4461.538461538460069
       465    -5076.923076923079861
       466    -5076.923076923079861
       467    -5692.307692307689649
       468    -5692.307692307699654
       469    -6307.692307692310351
       470    -6307.692307692310351
       471    -6923.076923076920139
       472    -6923.076923076929234
       473    -7538.461538461539931
       474    -7538.461538461539931
       475    -8153.846153846160632
       476    -8153.846153846149718
       477    -8769.230769230769511
       478    -8769.230769230769511
       479    -9384.615384615379298
       480    -9384.615384615390212
       481   -10000.000000000000000
       482   -10000.000000000000000
       483    -4461.538461538460069
       484    -5076.923076923070766
       485    -5692.307692307689649
       486    -6307.692307692310351
       487    -6923.076923076920139
       488    -7538.461538461539931
       489    -8153.846153846149718
       490    -8769.230769230769511
       491    -9384.615384615379298
       492   -10000.000000000000000
       493    -4461.538461538460069
       494    -4461.538461538460069
       495    -5076.923076923079861
       496    -5076.923076923079861
       497    -5692.307692307689649
       498    -5692.307692307689649
       499    -6307.692307692310351
       500    -6307.692307692310351
       501    -6923.076923076920139
       502    -6923.076923076920139
       503    -7538.461538461539931
       504    -7538.461538461539931
       505    -8153.846153846149718
       506    -8153.846153846149718
       507    -8769.230769230769511
       508    -8769.230769230769511
       509    -9384.615384615390212
       510    -9384.615384615390212
       511   -10000.000000000000000
       512   -10000.000000000000000
       513    -4461.538461538460069
       514    -5076.923076923079861
       515    -5692.307692307699654
       516    -6307.692307692310351
       517    -6923.076923076920139
       518    -7538.461538461539931
       519    -8153.846153846149718
       520    -8769.230769230769511
       521    -9384.615384615390212
       522   -10000.000000000000000
       523   -10000.000000000000000
       524    -9384.615384615390212
       525   -10000.000000000000000
       526    -9384.615384615379298
       527   -10000.000000000000000
       528    -9384.615384615379298
       529   -10000.000000000000000
       530    -9384.615384615390212
       531   -10000.000000000000000
       532    -9384.615384615390212
       533   -10000.000000000000000
       534    -9384.615384615390212
       535   -10000.000000000000000
       536    -9384.615384615390212
       537   -10000.000000000000000
       538    -9384.615384615390212
       539   -10000.000000000000000
       540    -9384.615384615390212
       541   -10000.000000000000000
       542    -9384.615384615390212
       543   -10000.000000000000000
       544    -9384.615384615379298
       545   -10000.000000000000000
       546    -9384.615384615390212
       547   -10000.000000000000000
       548    -9384.615384615390212
       549   -10000.000000000000000
       550    -9384.615384615390212
       551   -10000.000000000000000
       552    -9384.615384615390212
       553   -10000.000000000000000
       554    -9384.615384615390212
       555    -9384.615384615379298
       556   -10000.000000000000000
       557    -9384.615384615379298
       558   -10000.000000000000000
       559    -9384.615384615379298
       560   -10000.000000000000000
       561    -9384.615384615379298
       562   -10000.000000000000000
       563    -9384.615384615390212
       564   -10000.000000000000000
       565    -9384.615384615390212
       566   -10000.000000000000000
       567    -9384.615384615379298
       568   -10000.000000000000000
       569    -9384.615384615379298
       570   -10000.000000000000000
       571    -9384.615384615379298
       572    -8769.230769230769511
       573    -8769.230769230769511
       574    -8769.230769230769511
       575    -8769.230769230769511
       576    -8769.230769230769511
       577    -8769.230769230769511
       578    -8769.230769230769511
       579    -8769.230769230769511
       580    -8769.230769230769511
       581    -8769.230769230769511
       582    -8769.230769230769511
       583    -8769.230769230769511
       584    -8769.230769230769511
       585    -8769.230769230769511
       586    -8769.230769230769511
       587    -8769.230769230769511
       588    -8769.230769230769511
       589    -8769.230769230769511
       590    -8769.230769230769511
       591    -8769.230769230769511
       592    -8769.230769230769511
       593    -8769.230769230769511
       594    -8769.230769230769511
       595    -8769.230769230780425
       596    -8769.230769230769511
       597    -8769.230769230769511
       598    -8153.846153846160632
       599    -8153.846153846149718
       600    -8153.846153846149718
       601    -8153.846153846160632
       602    -8153.846153846160632
       603    -8153.846153846160632
       604    -8153.846153846160632
       605    -8153.846153846160632
       606    -8153.846153846160632
       607    -8153.846153846149718
       608    -8153.846153846149718
       609    -8153.846153846160632
       610    -8153.846153846149718
       611    -8153.846153846149718
       612    -8153.846153846160632
       613    -8153.846153846149718
       614    -8153.846153846160632
       615    -8153.846153846149718
       616    -8153.846153846160632
       617    -8153.846153846149718
       618    -8153.846153846160632
       619    -8153.846153846149718
       620    -8153.846153846149718
       621    -8153.846153846160632
       622    -8153.846153846160632
       623    -8153.846153846149718
       624    -8153.846153846160632
       625    -7538.461538461539931
       626    -7538.461538461539931
       627    -7538.461538461539931
       628    -7538.461538461539931
       629    -7538.461538461539931
       630    -7538.461538461539931
       631    -7538.461538461539931
       632    -7538.461538461539931
       633    -7538.461538461539931
       634    -7538.461538461539931
       635    -7538.461538461539931
       636    -7538.461538461539931
       637    -7538.461538461539931
       638    -7538.461538461539931
       639    -7538.461538461539931
       640    -7538.461538461539931
       641    -7538.461538461539931
       642    -7538.461538461539931
       643    -7538.461538461539931
       644    -7538.461538461539931
       645    -7538.461538461539931
       646    -7538.461538461539931
       647    -7538.461538461539931
       648    -7538.461538461539931
       649    -7538.461538461539931
       650    -7538.461538461539931
       651    -7538.461538461539931
       652    -6923.076923076920139
       653    -6923.076923076920139
       654    -6923.076923076920139
       655    -6923.076923076920139
       656    -6923.076923076920139
       657    -6923.076923076920139
       658    -6923.076923076920139
       659    -6923.076923076920139
       660    -6923.076923076920139
       661    -6923.076923076929234
       662    -6923.076923076920139
       663    -6923.076923076929234
       664    -6923.076923076920139
       665    -6923.076923076929234
       666    -6923.076923076929234
       667    -6923.076923076929234
       668    -6923.076923076929234
       669    -6923.076923076929234
       670    -6923.076923076920139
       671    -6923.076923076920139
       672    -6923.076923076920139
       673    -6923.076923076920139
       674    -6923.076923076920139
       675    -6923.076923076920139
       676    -6923.076923076920139
       677    -6923.076923076920139
       678    -6923.076923076920139
       679    -6307.692307692310351
       680    -6307.692307692310351
       681    -6307.692307692310351
       682    -6307.692307692310351
       683    -6307.692307692310351
       684    -6307.692307692310351
       685    -6307.692307692310351
       686    -6307.692307692310351
       687    -6307.692307692310351
       688    -6307.692307692310351
       689    -6307.692307692310351
       690    -6307.692307692310351
       691    -6307.692307692310351
       692    -6307.692307692310351
       693    -6307.692307692310351
       694    -6307.692307692310351
       695    -6307.692307692310351
       696    -6307.692307692310351
       697    -6307.692307692310351
       698    -6307.692307692310351
       699    -6307.692307692310351
       700    -6307.692307692310351
       701    -6307.692307692310351
       702    -6307.692307692310351
       703    -6307.692307692310351
       704    -5692.307692307699654
       705    -5692.307692307689649
       706    -5692.307692307689649
       707    -5692.307692307689649
       708    -5692.307692307689649
       709    -5692.307692307699654
       710    -5692.307692307689649
       711    -5692.307692307689649
       712    -5692.307692307689649
       713    -5692.307692307699654
       714    -5692.307692307689649
       715    -5692.307692307689649
       716    -5692.307692307689649
       717    -5692.307692307699654
       718    -5692.307692307689649
       719    -5076.923076923079861
       720    -5076.923076923079861
       721    -5076.923076923079861
       722    -5076.923076923079861
       723    -5076.923076923079861
       724    -5076.923076923079861
       725    -5076.923076923079861
