         772
         1     7538.461538461539931
         2     7538.461538461539931
         3     7538.461538461539931
         4     7538.461538461539931
         5     7538.461538461539931
         6     7538.461538461539931
         7     7538.461538461539931
         8     7538.461538461539931
         9     7538.461538461539931
        10     6923.076923076920139
        11     6923.076923076920139
        12     6923.076923076920139
        13     6923.076923076920139
        14     6923.076923076920139
        15     6923.076923076920139
        16     6923.076923076920139
        17     6923.076923076920139
        18     6923.076923076920139
        19     6923.076923076920139
        20     6923.076923076929234
        21     6923.076923076920139
        22     6923.076923076920139
        23     6923.076923076920139
        24     6923.076923076920139
        25     6307.692307692300346
        26     6307.692307692310351
        27     6307.692307692310351
        28     6307.692307692310351
        29     6307.692307692310351
        30     6307.692307692310351
        31     6307.692307692310351
        32     6307.692307692310351
        33     6307.692307692310351
        34     6307.692307692310351
        35     6307.692307692310351
        36     6307.692307692310351
        37     6307.692307692310351
        38     6307.692307692300346
        39     6307.692307692310351
        40     6307.692307692310351
        41     6307.692307692310351
        42     6307.692307692310351
        43     6307.692307692310351
        44     6307.692307692310351
        45     6307.692307692310351
        46     5692.307692307689649
        47     5692.307692307689649
        48     5692.307692307689649
        49     5692.307692307689649
        50     5692.307692307689649
        51     5692.307692307689649
        52     5692.307692307689649
        53     5692.307692307689649
        54     5692.307692307689649
        55     5692.307692307689649
        56     5692.307692307689649
        57     5692.307692307689649
        58     5692.307692307689649
        59     5692.307692307689649
        60     5692.307692307689649
        61     5692.307692307689649
        62     5692.307692307689649
        63     5692.307692307689649
        64     5692.307692307689649
        65     5692.307692307689649
        66     5692.307692307689649
        67     5692.307692307689649
        68     5692.307692307689649
        69     5692.307692307689649
        70     5692.307692307689649
        71     5692.307692307689649
        72     5692.307692307689649
        73     5076.923076923079861
        74     5076.923076923079861
        75     5076.923076923079861
        76     5076.923076923079861
        77     5076.923076923079861
        78     5076.923076923079861
        79     5076.923076923079861
        80     5076.923076923079861
        81     5076.923076923079861
        82     5076.923076923079861
        83     5076.923076923079861
        84     5076.923076923079861
        85     5076.923076923079861
        86     5076.923076923079861
        87     5076.923076923079861
        88     5076.923076923079861
        89     5076.923076923079861
        90     5076.923076923079861
        91     5076.923076923079861
        92     5076.923076923079861
        93     5076.923076923070766
        94     5076.923076923079861
        95     5076.923076923079861
        96     5076.923076923079861
        97     5076.923076923079861
        98     5076.923076923079861
        99     5076.923076923079861
       100     5076.923076923079861
       101     5076.923076923079861
       102     5076.923076923079861
       103     4461.538461538460069
       104     4461.538461538460069
       105     4461.538461538460069
       106     4461.538461538460069
       107     4461.538461538460069
       108     4461.538461538460069
       109     4461.538461538460069
       110     4461.538461538460069
       111     4461.538461538460069
       112     4461.538461538460069
       113     4461.538461538460069
       114     4461.538461538460069
       115     4461.538461538460069
       116     4461.538461538460069
       117     4461.538461538460069
       118     4461.538461538460069
       119     4461.538461538460069
       120     4461.538461538460069
       121     4461.538461538460069
       122     4461.538461538460069
       123     4461.538461538460069
       124     4461.538461538460069
       125     4461.538461538460069
       126     4461.538461538460069
       127     4461.538461538460069
       128     4461.538461538460069
       129     4461.538461538460069
       130     4461.538461538460069
       131     4461.538461538460069
       132     4461.538461538460069
       133     3846.153846153849827
       134     3846.153846153849827
       135     3846.153846153849827
       136     3846.153846153849827
       137     3846.153846153849827
       138     3846.153846153849827
       139     3846.153846153849827
       140     3846.153846153849827
       141     3846.153846153849827
       142     3846.153846153849827
       143     3846.153846153849827
       144     3846.153846153849827
       145     3846.153846153849827
       146     3846.153846153849827
       147     3846.153846153849827
       148     3846.153846153849827
       149     3846.153846153849827
       150     3846.153846153839822
       151     3846.153846153849827
       152     3846.153846153849827
       153     3846.153846153849827
       154     3846.153846153849827
       155     3846.153846153849827
       156     3846.153846153849827
       157     3846.153846153849827
       158     3846.153846153849827
       159     3846.153846153849827
       160     3846.153846153849827
       161     3846.153846153849827
       162     3846.153846153849827
       163     3230.769230769230035
       164     3230.769230769230035
       165     3230.769230769230035
       166     3230.769230769230035
       167     3230.769230769230035
       168     3230.769230769230035
       169     3230.769230769230035
       170     3230.769230769230035
       171     3230.769230769230035
       172     3230.769230769230035
       173     3230.769230769230035
       174     3230.769230769230035
       175     3230.769230769230035
       176     3230.769230769230035
       177     3230.769230769230035
       178     3230.769230769230035
       179     3230.769230769230035
       180     3230.769230769230035
       181     3230.769230769230035
       182     3230.769230769230035
       183     3230.769230769230035
       184     3230.769230769230035
       185     3230.769230769230035
       186     3230.769230769230035
       187     2615.384615384619792
       188     2615.384615384610242
       189     2615.384615384610242
       190     2615.384615384610242
       191     2615.384615384610242
       192     2615.384615384610242
       193     2615.384615384610242
       194     2615.384615384619792
       195     2615.384615384610242
       196     2615.384615384610242
       197     2615.384615384610242
       198     2615.384615384619792
       199     2615.384615384610242
       200     2615.384615384610242
       201     2615.384615384610242
       202     2615.384615384610242
       203     2615.384615384610242
       204     2615.384615384610242
       205     2000.000000000000000
       206     2000.000000000000000
       207     2000.000000000000000
       208     2000.000000000000000
       209     2000.000000000000000
       210     2000.000000000000000
       211     2000.000000000000000
       212     2000.000000000000000
       213     2000.000000000000000
       214     2000.000000000000000
       215     2000.000000000000000
       216     2000.000000000000000
       217     2000.000000000000000
       218     2000.000000000000000
       219     2000.000000000000000
       220     7538.461538461529926
       221     7538.461538461539931
       222     7538.461538461539931
       223     7538.461538461539931
       224     7538.461538461539931
       225     7538.461538461539931
       226     7538.461538461539931
       227     7538.461538461539931
       228     7538.461538461539931
       229     6923.076923076920139
       230     6923.076923076920139
       231     6923.076923076920139
       232     6923.076923076920139
       233     6923.076923076920139
       234     6923.076923076920139
       235     6923.076923076920139
       236     6923.076923076920139
       237     6923.076923076920139
       238     6923.076923076920139
       239     6923.076923076929234
       240     6923.076923076920139
       241     6923.076923076920139
       242     6923.076923076920139
       243     6923.076923076920139
       244     6307.692307692310351
       245     6307.692307692310351
       246     6307.692307692310351
       247     6307.692307692310351
       248     6307.692307692310351
       249     6307.692307692300346
       250     6307.692307692310351
       251     6307.692307692310351
       252     6307.692307692310351
       253     6307.692307692310351
       254     6307.692307692310351
       255     6307.692307692310351
       256     6307.692307692300346
       257     6307.692307692300346
       258     6307.692307692300346
       259     6307.692307692310351
       260     6307.692307692310351
       261     6307.692307692300346
       262     6307.692307692310351
       263     6307.692307692310351
       264     6307.692307692300346
       265     5692.307692307699654
       266     5692.307692307689649
       267     5692.307692307689649
       268     5692.307692307689649
       269     5692.307692307689649
       270     5692.307692307699654
       271     5692.307692307689649
       272     5692.307692307689649
       273     5692.307692307689649
       274     5692.307692307699654
       275     5692.307692307689649
       276     5692.307692307689649
       277     5692.307692307689649
       278     5692.307692307689649
       279     5692.307692307689649
       280     5692.307692307699654
       281     5692.307692307689649
       282     5692.307692307699654
       283     5692.307692307689649
       284     5692.307692307689649
       285     5692.307692307699654
       286     5692.307692307699654
       287     5692.307692307689649
       288     5692.307692307699654
       289     5692.307692307689649
       290     5692.307692307689649
       291     5692.307692307689649
       292     5076.923076923079861
       293     5076.923076923079861
       294     5076.923076923079861
       295     5076.923076923079861
       296     5076.923076923079861
       297     5076.923076923070766
       298     5076.923076923070766
       299     5076.923076923079861
       300     5076.923076923079861
       301     5076.923076923079861
       302     5076.923076923079861
       303     5076.923076923079861
       304     5076.923076923070766
       305     5076.923076923079861
       306     5076.923076923079861
       307     5076.923076923079861
       308     5076.923076923079861
       309     5076.923076923079861
       310     5076.923076923079861
       311     5076.923076923079861
       312     5076.923076923079861
       313     5076.923076923070766
       314     5076.923076923079861
       315     5076.923076923079861
       316     5076.923076923079861
       317     5076.923076923079861
       318     5076.923076923079861
       319     5076.923076923079861
       320     5076.923076923079861
       321     5076.923076923079861
       322     4461.538461538460069
       323     4461.538461538460069
       324     4461.538461538460069
       325     4461.538461538460069
       326     4461.538461538460069
       327     4461.538461538460069
       328     4461.538461538460069
       329     4461.538461538460069
       330     4461.538461538460069
       331     4461.538461538460069
       332     4461.538461538460069
       333     4461.538461538460069
       334     4461.538461538460069
       335     4461.538461538460069
       336     4461.538461538460069
       337     4461.538461538460069
       338     4461.538461538460069
       339     4461.538461538460069
       340     4461.538461538460069
       341     4461.538461538460069
       342     4461.538461538460069
       343     4461.538461538460069
       344     4461.538461538460069
       345     4461.538461538460069
       346     4461.538461538460069
       347     4461.538461538460069
       348     4461.538461538460069
       349     4461.538461538460069
       350     4461.538461538460069
       351     4461.538461538460069
       352     3846.153846153849827
       353     3846.153846153849827
       354     3846.153846153849827
       355     3846.153846153849827
       356     3846.153846153849827
       357     3846.153846153849827
       358     3846.153846153849827
       359     3846.153846153849827
       360     3846.153846153849827
       361     3846.153846153849827
       362     3846.153846153849827
       363     3846.153846153849827
       364     3846.153846153849827
       365     3846.153846153849827
       366     3846.153846153849827
       367     3846.153846153849827
       368     3846.153846153849827
       369     3846.153846153849827
       370     3846.153846153849827
       371     3846.153846153849827
       372     3846.153846153839822
       373     3846.153846153849827
       374     3846.153846153849827
       375     3846.153846153849827
       376     3846.153846153849827
       377     3846.153846153849827
       378     3846.153846153849827
       379     3846.153846153849827
       380     3846.153846153849827
       381     3846.153846153849827
       382     3230.769230769230035
       383     3230.769230769230035
       384     3230.769230769230035
       385     3230.769230769230035
       386     3230.769230769230035
       387     3230.769230769230035
       388     3230.769230769230035
       389     3230.769230769230035
       390     3230.769230769230035
       391     3230.769230769230035
       392     3230.769230769230035
       393     3230.769230769230035
       394     3230.769230769230035
       395     3230.769230769230035
       396     3230.769230769230035
       397     3230.769230769230035
       398     3230.769230769230035
       399     3230.769230769230035
       400     3230.769230769230035
       401     3230.769230769230035
       402     3230.769230769230035
       403     3230.769230769230035
       404     3230.769230769230035
       405     3230.769230769230035
       406     2615.384615384610242
       407     2615.384615384610242
       408     2615.384615384610242
       409     2615.384615384610242
       410     2615.384615384610242
       411     2615.384615384619792
       412     2615.384615384610242
       413     2615.384615384619792
       414     2615.384615384619792
       415     2615.384615384610242
       416     2615.384615384610242
       417     2615.384615384610242
       418     2615.384615384610242
       419     2615.384615384610242
       420     2615.384615384610242
       421     2615.384615384610242
       422     2615.384615384610242
       423     2615.384615384610242
       424     2000.000000000000000
       425     2000.000000000000000
       426     2000.000000000000000
       427     2000.000000000000000
       428     2000.000000000000000
       429     2000.000000000000000
       430     2000.000000000000000
       431     2000.000000000000000
       432     2000.000000000000000
       433     2000.000000000000000
       434     2000.000000000000000
       435     2000.000000000000000
       436     2000.000000000000000
       437     2000.000000000000000
       438     2000.000000000000000
       439     4461.538461538460069
       440     5076.923076923079861
       441     5692.307692307689649
       442     6307.692307692310351
       443     4461.538461538460069
       444     5076.923076923079861
       445     5692.307692307689649
       446     6307.692307692310351
       447     5076.923076923079861
       448     5692.307692307689649
       449     6307.692307692310351
       450     3846.153846153849827
       451     4461.538461538460069
       452     5076.923076923070766
       453     5692.307692307689649
       454     6307.692307692310351
       455     3846.153846153849827
       456     4461.538461538460069
       457     5076.923076923079861
       458     5692.307692307689649
       459     6307.692307692310351
       460     6923.076923076929234
       461     3846.153846153849827
       462     4461.538461538460069
       463     5076.923076923079861
       464     5692.307692307689649
       465     6307.692307692310351
       466     6923.076923076929234
       467     3846.153846153849827
       468     4461.538461538460069
       469     5076.923076923070766
       470     5692.307692307689649
       471     6307.692307692310351
       472     6923.076923076920139
       473     3846.153846153849827
       474     4461.538461538460069
       475     5076.923076923079861
       476     5692.307692307689649
       477     6307.692307692310351
       478     3846.153846153849827
       479     4461.538461538460069
       480     5076.923076923070766
       481     5692.307692307689649
       482     3846.153846153849827
       483     4461.538461538460069
       484     5076.923076923079861
       485     5692.307692307689649
       486     3230.769230769230035
       487     3846.153846153849827
       488     4461.538461538460069
       489     5076.923076923070766
       490     5692.307692307689649
       491     6307.692307692310351
       492     3230.769230769230035
       493     3846.153846153849827
       494     4461.538461538460069
       495     5076.923076923079861
       496     5692.307692307689649
       497     6307.692307692310351
       498     6923.076923076920139
       499     3230.769230769230035
       500     3846.153846153849827
       501     4461.538461538460069
       502     5076.923076923079861
       503     5692.307692307689649
       504     6307.692307692310351
       505     6923.076923076920139
       506     7538.461538461539931
       507     3230.769230769230035
       508     3846.153846153849827
       509     4461.538461538460069
       510     5076.923076923079861
       511     5692.307692307689649
       512     6307.692307692310351
       513     6923.076923076920139
       514     7538.461538461539931
       515     3230.769230769230035
       516     3846.153846153849827
       517     4461.538461538460069
       518     5076.923076923079861
       519     5692.307692307689649
       520     6307.692307692300346
       521     6923.076923076929234
       522     3230.769230769230035
       523     3846.153846153849827
       524     4461.538461538460069
       525     5076.923076923079861
       526     5692.307692307689649
       527     6307.692307692300346
       528     3230.769230769230035
       529     3846.153846153849827
       530     4461.538461538460069
       531     5076.923076923079861
       532     5692.307692307689649
       533     6307.692307692300346
       534     3846.153846153849827
       535     4461.538461538460069
       536     5076.923076923079861
       537     5692.307692307689649
       538     3230.769230769230035
       539     3846.153846153849827
       540     4461.538461538460069
       541     5076.923076923070766
       542     5692.307692307689649
       543     6307.692307692310351
       544     2615.384615384610242
       545     3230.769230769230035
       546     3846.153846153849827
       547     4461.538461538460069
       548     5076.923076923079861
       549     5692.307692307689649
       550     6307.692307692300346
       551     6923.076923076920139
       552     2615.384615384619792
       553     3230.769230769230035
       554     3846.153846153849827
       555     4461.538461538460069
       556     5076.923076923079861
       557     5692.307692307689649
       558     6307.692307692310351
       559     6923.076923076920139
       560     7538.461538461539931
       561     2615.384615384619792
       562     3230.769230769230035
       563     3846.153846153849827
       564     4461.538461538460069
       565     5076.923076923079861
       566     5692.307692307689649
       567     6307.692307692310351
       568     6923.076923076920139
       569     7538.461538461539931
       570     2615.384615384610242
       571     3230.769230769230035
       572     3846.153846153849827
       573     4461.538461538460069
       574     5076.923076923070766
       575     5692.307692307689649
       576     6307.692307692300346
       577     6923.076923076920139
       578     7538.461538461539931
       579     2615.384615384610242
       580     3230.769230769230035
       581     3846.153846153849827
       582     4461.538461538460069
       583     5076.923076923079861
       584     5692.307692307689649
       585     6307.692307692300346
       586     6923.076923076920139
       587     2615.384615384610242
       588     3230.769230769230035
       589     3846.153846153849827
       590     4461.538461538460069
       591     5076.923076923070766
       592     5692.307692307689649
       593     6307.692307692310351
       594     3230.769230769230035
       595     3846.153846153849827
       596     4461.538461538460069
       597     5076.923076923070766
       598     5692.307692307689649
       599     3846.153846153849827
       600     4461.538461538460069
       601     5076.923076923070766
       602     5692.307692307699654
       603     3230.769230769230035
       604     3846.153846153849827
       605     4461.538461538460069
       606     5076.923076923070766
       607     5692.307692307689649
       608     6307.692307692310351
       609     2615.384615384610242
       610     2000.000000000000000
       611     3230.769230769230035
       612     3846.153846153849827
       613     4461.538461538460069
       614     5076.923076923079861
       615     5692.307692307689649
       616     6307.692307692310351
       617     6923.076923076920139
       618     2615.384615384610242
       619     2000.000000000000000
       620     3230.769230769230035
       621     3846.153846153849827
       622     4461.538461538460069
       623     5076.923076923070766
       624     5692.307692307689649
       625     6307.692307692310351
       626     6923.076923076920139
       627     7538.461538461539931
       628     2615.384615384610242
       629     2000.000000000000000
       630     3230.769230769230035
       631     3846.153846153849827
       632     4461.538461538460069
       633     5076.923076923070766
       634     5692.307692307689649
       635     6307.692307692300346
       636     6923.076923076920139
       637     7538.461538461539931
       638     2615.384615384610242
       639     2000.000000000000000
       640     3230.769230769230035
       641     3846.153846153849827
       642     4461.538461538460069
       643     5076.923076923079861
       644     5692.307692307699654
       645     6307.692307692300346
       646     6923.076923076920139
       647     7538.461538461539931
       648     2615.384615384610242
       649     2000.000000000000000
       650     3230.769230769230035
       651     3846.153846153849827
       652     4461.538461538460069
       653     5076.923076923079861
       654     5692.307692307689649
       655     6307.692307692310351
       656     6923.076923076920139
       657     2615.384615384610242
       658     3230.769230769230035
       659     3846.153846153849827
       660     4461.538461538460069
       661     5076.923076923070766
       662     5692.307692307689649
       663     6307.692307692300346
       664     3230.769230769230035
       665     3846.153846153849827
       666     4461.538461538460069
       667     5076.923076923070766
       668     5692.307692307689649
       669     3846.153846153849827
       670     4461.538461538460069
       671     5076.923076923079861
       672     3846.153846153849827
       673     4461.538461538460069
       674     5076.923076923070766
       675     5692.307692307689649
       676     3230.769230769230035
       677     3846.153846153849827
       678     4461.538461538460069
       679     5076.923076923070766
       680     5692.307692307689649
       681     6307.692307692310351
       682     2615.384615384610242
       683     2000.000000000000000
       684     3230.769230769230035
       685     3846.153846153849827
       686     4461.538461538460069
       687     5076.923076923070766
       688     5692.307692307689649
       689     6307.692307692300346
       690     6923.076923076929234
       691     2615.384615384610242
       692     2000.000000000000000
       693     3230.769230769230035
       694     3846.153846153849827
       695     4461.538461538460069
       696     5076.923076923070766
       697     5692.307692307689649
       698     6307.692307692310351
       699     6923.076923076920139
       700     7538.461538461539931
       701     2615.384615384610242
       702     2000.000000000000000
       703     3230.769230769230035
       704     3846.153846153849827
       705     4461.538461538460069
       706     5076.923076923079861
       707     5692.307692307689649
       708     6307.692307692300346
       709     6923.076923076929234
       710     7538.461538461539931
       711     2615.384615384610242
       712     2000.000000000000000
       713     3230.769230769230035
       714     3846.153846153849827
       715     4461.538461538460069
       716     5076.923076923070766
       717     5692.307692307699654
       718     6307.692307692300346
       719     6923.076923076929234
       720     7538.461538461539931
       721     2615.384615384610242
       722     2000.000000000000000
       723     3230.769230769230035
       724     3846.153846153849827
       725     4461.538461538460069
       726     5076.923076923079861
       727     5692.307692307689649
       728     6307.692307692300346
       729     6923.076923076920139
       730     2615.384615384610242
       731     3230.769230769230035
       732     3846.153846153849827
       733     4461.538461538460069
       734     5076.923076923079861
       735     5692.307692307699654
       736     6307.692307692310351
       737     3230.769230769230035
       738     3846.153846153849827
       739     4461.538461538460069
       740     5076.923076923079861
       741     5692.307692307689649
       742     3846.153846153849827
       743     4461.538461538460069
       744     5076.923076923079861
       745     1428.571428571430033
       746     1428.571428571430033
       747     1428.571428571430033
       748     1428.571428571430033
       749     1428.571428571430033
       750     1428.571428571430033
       751     1428.571428571430033
       752     1428.571428571430033
       753     1428.571428571430033
       754     1428.571428571430033
       755     1428.571428571430033
       756     1428.571428571430033
       757     1428.571428571430033
       758     1428.571428571430033
       759     1428.571428571430033
       760     1428.571428571430033
       761     1428.571428571430033
       762     1428.571428571430033
       763     1428.571428571430033
       764     1428.571428571430033
       765     1428.571428571430033
       766     1428.571428571430033
       767     1428.571428571430033
       768     1428.571428571430033
       769     1428.571428571430033
       770     1428.571428571430033
       771     1428.571428571430033
       772     1428.571428571430033
