         507
           1          78          80          81          79         155
         157         158         156
           2          80          82          83          81         157
         159         160         158
           3          82          84          85          83         159
         161         162         160
           4          84          86          87          85         161
         163         164         162
           5          86          88          89          87         163
         165         166         164
           6          88          90          91          89         165
         167         168         166
           7          90          92          93          91         167
         169         170         168
           8          92          94          95          93         169
         171         172         170
           9          79          81          97          96         156
         158         175         174
          10          81          83          98          97         158
         160         176         175
          11          83          85          99          98         160
         162         177         176
          12          85          87         100          99         162
         164         178         177
          13          87          89         101         100         164
         166         179         178
          14          89          91         102         101         166
         168         180         179
          15          91          93         103         102         168
         170         181         180
          16          93          95         104         103         170
         172         182         181
          17          96          97         106         105         174
         175         185         184
          18          97          98         107         106         175
         176         186         185
          19          98          99         108         107         176
         177         187         186
          20          99         100         109         108         177
         178         188         187
          21         100         101         110         109         178
         179         189         188
          22         101         102         111         110         179
         180         190         189
          23         102         103         112         111         180
         181         191         190
          24         103         104         113         112         181
         182         192         191
          25         105         106         115         114         184
         185         195         194
          26         106         107         116         115         185
         186         196         195
          27         107         108         117         116         186
         187         197         196
          28         108         109         118         117         187
         188         198         197
          29         109         110         119         118         188
         189         199         198
          30         110         111         120         119         189
         190         200         199
          31         111         112         121         120         190
         191         201         200
          32         112         113         122         121         191
         192         202         201
          33         114         115         124         123         194
         195         205         204
          34         115         116         125         124         195
         196         206         205
          35         116         117         126         125         196
         197         207         206
          36         117         118         127         126         197
         198         208         207
          37         118         119         128         127         198
         199         209         208
          38         119         120         129         128         199
         200         210         209
          39         120         121         130         129         200
         201         211         210
          40         121         122         131         130         201
         202         212         211
          41         123         124         133         132         204
         205         215         214
          42         124         125         134         133         205
         206         216         215
          43         125         126         135         134         206
         207         217         216
          44         126         127         136         135         207
         208         218         217
          45         127         128         137         136         208
         209         219         218
          46         128         129         138         137         209
         210         220         219
          47         129         130         139         138         210
         211         221         220
          48         130         131         140         139         211
         212         222         221
          49         132         133         142         141         214
         215         225         224
          50         133         134         143         142         215
         216         226         225
          51         134         135         144         143         216
         217         227         226
          52         135         136         145         144         217
         218         228         227
          53         136         137         146         145         218
         219         229         228
          54         137         138         147         146         219
         220         230         229
          55         138         139         148         147         220
         221         231         230
          56         139         140         149         148         221
         222         232         231
          57         141         142         151         150         224
         225         234         233
          58         142         143         152         151         225
         226         235         234
          59         153         155         156         154         247
         249         250         248
          60         155         157         158         156         249
         251         252         250
          61         157         159         160         158         251
         253         254         252
          62         159         161         162         160         253
         255         256         254
          63         161         163         164         162         255
         257         258         256
          64         163         165         166         164         257
         259         260         258
          65         165         167         168         166         259
         261         262         260
          66         167         169         170         168         261
         263         264         262
          67         169         171         172         170         263
         265         266         264
          68         154         156         174         173         248
         250         269         268
          69         156         158         175         174         250
         252         270         269
          70         158         160         176         175         252
         254         271         270
          71         160         162         177         176         254
         256         272         271
          72         162         164         178         177         256
         258         273         272
          73         164         166         179         178         258
         260         274         273
          74         166         168         180         179         260
         262         275         274
          75         168         170         181         180         262
         264         276         275
          76         170         172         182         181         264
         266         277         276
          77         173         174         184         183         268
         269         280         279
          78         174         175         185         184         269
         270         281         280
          79         175         176         186         185         270
         271         282         281
          80         176         177         187         186         271
         272         283         282
          81         177         178         188         187         272
         273         284         283
          82         178         179         189         188         273
         274         285         284
          83         179         180         190         189         274
         275         286         285
          84         180         181         191         190         275
         276         287         286
          85         181         182         192         191         276
         277         288         287
          86         183         184         194         193         279
         280         291         290
          87         184         185         195         194         280
         281         292         291
          88         185         186         196         195         281
         282         293         292
          89         186         187         197         196         282
         283         294         293
          90         187         188         198         197         283
         284         295         294
          91         188         189         199         198         284
         285         296         295
          92         189         190         200         199         285
         286         297         296
          93         190         191         201         200         286
         287         298         297
          94         191         192         202         201         287
         288         299         298
          95         193         194         204         203         290
         291         302         301
          96         194         195         205         204         291
         292         303         302
          97         195         196         206         205         292
         293         304         303
          98         196         197         207         206         293
         294         305         304
          99         197         198         208         207         294
         295         306         305
         100         198         199         209         208         295
         296         307         306
         101         199         200         210         209         296
         297         308         307
         102         200         201         211         210         297
         298         309         308
         103         201         202         212         211         298
         299         310         309
         104         203         204         214         213         301
         302         313         312
         105         204         205         215         214         302
         303         314         313
         106         205         206         216         215         303
         304         315         314
         107         206         207         217         216         304
         305         316         315
         108         207         208         218         217         305
         306         317         316
         109         208         209         219         218         306
         307         318         317
         110         209         210         220         219         307
         308         319         318
         111         210         211         221         220         308
         309         320         319
         112         211         212         222         221         309
         310         321         320
         113         213         214         224         223         312
         313         324         323
         114         214         215         225         224         313
         314         325         324
         115         215         216         226         225         314
         315         326         325
         116         216         217         227         226         315
         316         327         326
         117         217         218         228         227         316
         317         328         327
         118         218         219         229         228         317
         318         329         328
         119         219         220         230         229         318
         319         330         329
         120         220         221         231         230         319
         320         331         330
         121         221         222         232         231         320
         321         332         331
         122         224         225         234         233         324
         325         334         333
         123         225         226         235         234         325
         326         335         334
         124         226         227         236         235         326
         327         336         335
         125         227         228         237         236         327
         328         337         336
         126         228         229         238         237         328
         329         338         337
         127         229         230         239         238         329
         330         339         338
         128         230         231         240         239         330
         331         340         339
         129         231         232         241         240         331
         332         341         340
         130         234         235         243         242         334
         335         343         342
         131         235         236         244         243         335
         336         344         343
         132         245         247         248         246         345
         347         348         346
         133         247         249         250         248         347
         349         350         348
         134         249         251         252         250         349
         351         352         350
         135         251         253         254         252         351
         353         354         352
         136         253         255         256         254         353
         355         356         354
         137         255         257         258         256         355
         357         358         356
         138         257         259         260         258         357
         359         360         358
         139         259         261         262         260         359
         361         362         360
         140         261         263         264         262         361
         363         364         362
         141         263         265         266         264         363
         365         366         364
         142         246         248         268         267         346
         348         368         367
         143         248         250         269         268         348
         350         369         368
         144         250         252         270         269         350
         352         370         369
         145         252         254         271         270         352
         354         371         370
         146         254         256         272         271         354
         356         372         371
         147         256         258         273         272         356
         358         373         372
         148         258         260         274         273         358
         360         374         373
         149         260         262         275         274         360
         362         375         374
         150         262         264         276         275         362
         364         376         375
         151         264         266         277         276         364
         366         377         376
         152         267         268         279         278         367
         368         379         378
         153         268         269         280         279         368
         369         380         379
         154         269         270         281         280         369
         370         381         380
         155         270         271         282         281         370
         371         382         381
         156         271         272         283         282         371
         372         383         382
         157         272         273         284         283         372
         373         384         383
         158         273         274         285         284         373
         374         385         384
         159         274         275         286         285         374
         375         386         385
         160         275         276         287         286         375
         376         387         386
         161         276         277         288         287         376
         377         388         387
         162         278         279         290         289         378
         379         390         389
         163         279         280         291         290         379
         380         391         390
         164         280         281         292         291         380
         381         392         391
         165         281         282         293         292         381
         382         393         392
         166         282         283         294         293         382
         383         394         393
         167         283         284         295         294         383
         384         395         394
         168         284         285         296         295         384
         385         396         395
         169         285         286         297         296         385
         386         397         396
         170         286         287         298         297         386
         387         398         397
         171         287         288         299         298         387
         388         399         398
         172         289         290         301         300         389
         390         401         400
         173         290         291         302         301         390
         391         402         401
         174         291         292         303         302         391
         392         403         402
         175         292         293         304         303         392
         393         404         403
         176         293         294         305         304         393
         394         405         404
         177         294         295         306         305         394
         395         406         405
         178         295         296         307         306         395
         396         407         406
         179         296         297         308         307         396
         397         408         407
         180         297         298         309         308         397
         398         409         408
         181         298         299         310         309         398
         399         410         409
         182         300         301         312         311         400
         401         412         411
         183         301         302         313         312         401
         402         413         412
         184         302         303         314         313         402
         403         414         413
         185         303         304         315         314         403
         404         415         414
         186         304         305         316         315         404
         405         416         415
         187         305         306         317         316         405
         406         417         416
         188         306         307         318         317         406
         407         418         417
         189         307         308         319         318         407
         408         419         418
         190         308         309         320         319         408
         409         420         419
         191         309         310         321         320         409
         410         421         420
         192         311         312         323         322         411
         412         423         422
         193         312         313         324         323         412
         413         424         423
         194         313         314         325         324         413
         414         425         424
         195         314         315         326         325         414
         415         426         425
         196         315         316         327         326         415
         416         427         426
         197         316         317         328         327         416
         417         428         427
         198         317         318         329         328         417
         418         429         428
         199         318         319         330         329         418
         419         430         429
         200         319         320         331         330         419
         420         431         430
         201         320         321         332         331         420
         421         432         431
         202         324         325         334         333         424
         425         435         434
         203         325         326         335         334         425
         426         436         435
         204         326         327         336         335         426
         427         437         436
         205         327         328         337         336         427
         428         438         437
         206         328         329         338         337         428
         429         439         438
         207         329         330         339         338         429
         430         440         439
         208         330         331         340         339         430
         431         441         440
         209         331         332         341         340         431
         432         442         441
         210         334         335         343         342         435
         436         444         443
         211         335         336         344         343         436
         437         445         444
         212         345         347         348         346         446
         448         449         447
         213         347         349         350         348         448
         450         451         449
         214         349         351         352         350         450
         452         453         451
         215         351         353         354         352         452
         454         455         453
         216         353         355         356         354         454
         456         457         455
         217         355         357         358         356         456
         458         459         457
         218         357         359         360         358         458
         460         461         459
         219         359         361         362         360         460
         462         463         461
         220         361         363         364         362         462
         464         465         463
         221         363         365         366         364         464
         466         467         465
         222         346         348         368         367         447
         449         469         468
         223         348         350         369         368         449
         451         470         469
         224         350         352         370         369         451
         453         471         470
         225         352         354         371         370         453
         455         472         471
         226         354         356         372         371         455
         457         473         472
         227         356         358         373         372         457
         459         474         473
         228         358         360         374         373         459
         461         475         474
         229         360         362         375         374         461
         463         476         475
         230         362         364         376         375         463
         465         477         476
         231         364         366         377         376         465
         467         478         477
         232         367         368         379         378         468
         469         480         479
         233         368         369         380         379         469
         470         481         480
         234         369         370         381         380         470
         471         482         481
         235         370         371         382         381         471
         472         483         482
         236         371         372         383         382         472
         473         484         483
         237         372         373         384         383         473
         474         485         484
         238         373         374         385         384         474
         475         486         485
         239         374         375         386         385         475
         476         487         486
         240         375         376         387         386         476
         477         488         487
         241         376         377         388         387         477
         478         489         488
         242         378         379         390         389         479
         480         491         490
         243         379         380         391         390         480
         481         492         491
         244         380         381         392         391         481
         482         493         492
         245         381         382         393         392         482
         483         494         493
         246         382         383         394         393         483
         484         495         494
         247         383         384         395         394         484
         485         496         495
         248         384         385         396         395         485
         486         497         496
         249         385         386         397         396         486
         487         498         497
         250         386         387         398         397         487
         488         499         498
         251         387         388         399         398         488
         489         500         499
         252         389         390         401         400         490
         491         502         501
         253         390         391         402         401         491
         492         503         502
         254         391         392         403         402         492
         493         504         503
         255         392         393         404         403         493
         494         505         504
         256         393         394         405         404         494
         495         506         505
         257         394         395         406         405         495
         496         507         506
         258         395         396         407         406         496
         497         508         507
         259         396         397         408         407         497
         498         509         508
         260         397         398         409         408         498
         499         510         509
         261         398         399         410         409         499
         500         511         510
         262         400         401         412         411         501
         502         513         512
         263         401         402         413         412         502
         503         514         513
         264         402         403         414         413         503
         504         515         514
         265         403         404         415         414         504
         505         516         515
         266         404         405         416         415         505
         506         517         516
         267         405         406         417         416         506
         507         518         517
         268         406         407         418         417         507
         508         519         518
         269         407         408         419         418         508
         509         520         519
         270         408         409         420         419         509
         510         521         520
         271         409         410         421         420         510
         511         522         521
         272         411         412         423         422         512
         513         524         523
         273         412         413         424         423         513
         514         525         524
         274         413         414         425         424         514
         515         526         525
         275         414         415         426         425         515
         516         527         526
         276         415         416         427         426         516
         517         528         527
         277         416         417         428         427         517
         518         529         528
         278         417         418         429         428         518
         519         530         529
         279         418         419         430         429         519
         520         531         530
         280         419         420         431         430         520
         521         532         531
         281         420         421         432         431         521
         522         533         532
         282         423         424         434         433         524
         525         535         534
         283         424         425         435         434         525
         526         536         535
         284         425         426         436         435         526
         527         537         536
         285         426         427         437         436         527
         528         538         537
         286         427         428         438         437         528
         529         539         538
         287         428         429         439         438         529
         530         540         539
         288         429         430         440         439         530
         531         541         540
         289         430         431         441         440         531
         532         542         541
         290         431         432         442         441         532
         533         543         542
         291         435         436         444         443         536
         537         546         545
         292         436         437         445         444         537
         538         547         546
         293         446         448         449         447         548
         550         551         549
         294         448         450         451         449         550
         552         553         551
         295         450         452         453         451         552
         554         555         553
         296         452         454         455         453         554
         556         557         555
         297         454         456         457         455         556
         558         559         557
         298         456         458         459         457         558
         560         561         559
         299         458         460         461         459         560
         562         563         561
         300         460         462         463         461         562
         564         565         563
         301         462         464         465         463         564
         566         567         565
         302         464         466         467         465         566
         568         569         567
         303         447         449         469         468         549
         551         571         570
         304         449         451         470         469         551
         553         572         571
         305         451         453         471         470         553
         555         573         572
         306         453         455         472         471         555
         557         574         573
         307         455         457         473         472         557
         559         575         574
         308         457         459         474         473         559
         561         576         575
         309         459         461         475         474         561
         563         577         576
         310         461         463         476         475         563
         565         578         577
         311         463         465         477         476         565
         567         579         578
         312         465         467         478         477         567
         569         580         579
         313         468         469         480         479         570
         571         582         581
         314         469         470         481         480         571
         572         583         582
         315         470         471         482         481         572
         573         584         583
         316         471         472         483         482         573
         574         585         584
         317         472         473         484         483         574
         575         586         585
         318         473         474         485         484         575
         576         587         586
         319         474         475         486         485         576
         577         588         587
         320         475         476         487         486         577
         578         589         588
         321         476         477         488         487         578
         579         590         589
         322         477         478         489         488         579
         580         591         590
         323         479         480         491         490         581
         582         593         592
         324         480         481         492         491         582
         583         594         593
         325         481         482         493         492         583
         584         595         594
         326         482         483         494         493         584
         585         596         595
         327         483         484         495         494         585
         586         597         596
         328         484         485         496         495         586
         587         598         597
         329         485         486         497         496         587
         588         599         598
         330         486         487         498         497         588
         589         600         599
         331         487         488         499         498         589
         590         601         600
         332         488         489         500         499         590
         591         602         601
         333         490         491         502         501         592
         593         604         603
         334         491         492         503         502         593
         594         605         604
         335         492         493         504         503         594
         595         606         605
         336         493         494         505         504         595
         596         607         606
         337         494         495         506         505         596
         597         608         607
         338         495         496         507         506         597
         598         609         608
         339         496         497         508         507         598
         599         610         609
         340         497         498         509         508         599
         600         611         610
         341         498         499         510         509         600
         601         612         611
         342         499         500         511         510         601
         602         613         612
         343         501         502         513         512         603
         604         615         614
         344         502         503         514         513         604
         605         616         615
         345         503         504         515         514         605
         606         617         616
         346         504         505         516         515         606
         607         618         617
         347         505         506         517         516         607
         608         619         618
         348         506         507         518         517         608
         609         620         619
         349         507         508         519         518         609
         610         621         620
         350         508         509         520         519         610
         611         622         621
         351         509         510         521         520         611
         612         623         622
         352         510         511         522         521         612
         613         624         623
         353         512         513         524         523         614
         615         626         625
         354         513         514         525         524         615
         616         627         626
         355         514         515         526         525         616
         617         628         627
         356         515         516         527         526         617
         618         629         628
         357         516         517         528         527         618
         619         630         629
         358         517         518         529         528         619
         620         631         630
         359         518         519         530         529         620
         621         632         631
         360         519         520         531         530         621
         622         633         632
         361         520         521         532         531         622
         623         634         633
         362         521         522         533         532         623
         624         635         634
         363         524         525         535         534         626
         627         637         636
         364         525         526         536         535         627
         628         638         637
         365         526         527         537         536         628
         629         639         638
         366         527         528         538         537         629
         630         640         639
         367         528         529         539         538         630
         631         641         640
         368         529         530         540         539         631
         632         642         641
         369         530         531         541         540         632
         633         643         642
         370         531         532         542         541         633
         634         644         643
         371         532         533         543         542         634
         635         645         644
         372         535         536         545         544         637
         638         647         646
         373         536         537         546         545         638
         639         648         647
         374         548         550         551         549         649
         651         652         650
         375         550         552         553         551         651
         653         654         652
         376         552         554         555         553         653
         655         656         654
         377         554         556         557         555         655
         657         658         656
         378         556         558         559         557         657
         659         660         658
         379         558         560         561         559         659
         661         662         660
         380         560         562         563         561         661
         663         664         662
         381         562         564         565         563         663
         665         666         664
         382         564         566         567         565         665
         667         668         666
         383         566         568         569         567         667
         669         670         668
         384         549         551         571         570         650
         652         672         671
         385         551         553         572         571         652
         654         673         672
         386         553         555         573         572         654
         656         674         673
         387         555         557         574         573         656
         658         675         674
         388         557         559         575         574         658
         660         676         675
         389         559         561         576         575         660
         662         677         676
         390         561         563         577         576         662
         664         678         677
         391         563         565         578         577         664
         666         679         678
         392         565         567         579         578         666
         668         680         679
         393         567         569         580         579         668
         670         681         680
         394         570         571         582         581         671
         672         683         682
         395         571         572         583         582         672
         673         684         683
         396         572         573         584         583         673
         674         685         684
         397         573         574         585         584         674
         675         686         685
         398         574         575         586         585         675
         676         687         686
         399         575         576         587         586         676
         677         688         687
         400         576         577         588         587         677
         678         689         688
         401         577         578         589         588         678
         679         690         689
         402         578         579         590         589         679
         680         691         690
         403         579         580         591         590         680
         681         692         691
         404         581         582         593         592         682
         683         694         693
         405         582         583         594         593         683
         684         695         694
         406         583         584         595         594         684
         685         696         695
         407         584         585         596         595         685
         686         697         696
         408         585         586         597         596         686
         687         698         697
         409         586         587         598         597         687
         688         699         698
         410         587         588         599         598         688
         689         700         699
         411         588         589         600         599         689
         690         701         700
         412         589         590         601         600         690
         691         702         701
         413         590         591         602         601         691
         692         703         702
         414         592         593         604         603         693
         694         705         704
         415         593         594         605         604         694
         695         706         705
         416         594         595         606         605         695
         696         707         706
         417         595         596         607         606         696
         697         708         707
         418         596         597         608         607         697
         698         709         708
         419         597         598         609         608         698
         699         710         709
         420         598         599         610         609         699
         700         711         710
         421         599         600         611         610         700
         701         712         711
         422         600         601         612         611         701
         702         713         712
         423         601         602         613         612         702
         703         714         713
         424         603         604         615         614         704
         705         716         715
         425         604         605         616         615         705
         706         717         716
         426         605         606         617         616         706
         707         718         717
         427         606         607         618         617         707
         708         719         718
         428         607         608         619         618         708
         709         720         719
         429         608         609         620         619         709
         710         721         720
         430         609         610         621         620         710
         711         722         721
         431         610         611         622         621         711
         712         723         722
         432         611         612         623         622         712
         713         724         723
         433         612         613         624         623         713
         714         725         724
         434         614         615         626         625         715
         716         727         726
         435         615         616         627         626         716
         717         728         727
         436         616         617         628         627         717
         718         729         728
         437         617         618         629         628         718
         719         730         729
         438         618         619         630         629         719
         720         731         730
         439         619         620         631         630         720
         721         732         731
         440         620         621         632         631         721
         722         733         732
         441         621         622         633         632         722
         723         734         733
         442         622         623         634         633         723
         724         735         734
         443         623         624         635         634         724
         725         736         735
         444         626         627         637         636         727
         728         738         737
         445         627         628         638         637         728
         729         739         738
         446         628         629         639         638         729
         730         740         739
         447         629         630         640         639         730
         731         741         740
         448         637         638         647         646         738
         739         743         742
         449         651         653         654         652          69
          60          61          70
         450         653         655         656         654          60
          51          52          61
         451         655         657         658         656          51
          43          44          52
         452         657         659         660         658          43
          36          37          44
         453         659         661         662         660          36
          29          30          37
         454         661         663         664         662          29
          22          23          30
         455         663         665         666         664          22
          15          16          23
         456         665         667         668         666          15
           3           4          16
         457         667         669         670         668           3
           1           2           4
         458         652         654         673         672          70
          61          62          71
         459         654         656         674         673          61
          52          53          62
         460         656         658         675         674          52
          44          45          53
         461         658         660         676         675          44
          37          38          45
         462         660         662         677         676          37
          30          31          38
         463         662         664         678         677          30
          23          24          31
         464         664         666         679         678          23
          16          17          24
         465         666         668         680         679          16
           4           6          17
         466         668         670         681         680           4
           2           5           6
         467         672         673         684         683          71
          62          63          72
         468         673         674         685         684          62
          53          54          63
         469         674         675         686         685          53
          45          46          54
         470         675         676         687         686          45
          38          39          46
         471         676         677         688         687          38
          31          32          39
         472         677         678         689         688          31
          24          25          32
         473         678         679         690         689          24
          17          18          25
         474         679         680         691         690          17
           6           8          18
         475         680         681         692         691           6
           5           7           8
         476         683         684         695         694          72
          63          64          73
         477         684         685         696         695          63
          54          55          64
         478         685         686         697         696          54
          46          47          55
         479         686         687         698         697          46
          39          40          47
         480         687         688         699         698          39
          32          33          40
         481         688         689         700         699          32
          25          26          33
         482         689         690         701         700          25
          18          19          26
         483         690         691         702         701          18
           8          10          19
         484         691         692         703         702           8
           7           9          10
         485         694         695         706         705          73
          64          65          74
         486         695         696         707         706          64
          55          56          65
         487         696         697         708         707          55
          47          48          56
         488         697         698         709         708          47
          40          41          48
         489         698         699         710         709          40
          33          34          41
         490         699         700         711         710          33
          26          27          34
         491         700         701         712         711          26
          19          20          27
         492         701         702         713         712          19
          10          12          20
         493         702         703         714         713          10
           9          11          12
         494         705         706         717         716          74
          65          66          75
         495         706         707         718         717          65
          56          57          66
         496         707         708         719         718          56
          48          49          57
         497         708         709         720         719          48
          41          42          49
         498         709         710         721         720          41
          34          35          42
         499         710         711         722         721          34
          27          28          35
         500         711         712         723         722          27
          20          21          28
         501         712         713         724         723          20
          12          14          21
         502         713         714         725         724          12
          11          13          14
         503         716         717         728         727          75
          66          67          76
         504         717         718         729         728          66
          57          58          67
         505         718         719         730         729          57
          49          50          58
         506         727         728         738         737          76
          67          68          77
         507         728         729         739         738          67
          58          59          68
