         760
         1     6307.692307692310351
         2     6307.692307692310351
         3     6923.076923076920139
         4     6923.076923076929234
         5     7538.461538461539931
         6     7538.461538461529926
         7     8153.846153846149718
         8     8153.846153846149718
         9     8769.230769230769511
        10     8769.230769230769511
        11     9384.615384615390212
        12     9384.615384615390212
        13    10000.000000000000000
        14    10000.000000000000000
        15     6307.692307692310351
        16     6307.692307692310351
        17     6923.076923076920139
        18     6923.076923076929234
        19     7538.461538461539931
        20     7538.461538461529926
        21     8153.846153846149718
        22     8153.846153846149718
        23     8769.230769230769511
        24     8769.230769230769511
        25     9384.615384615390212
        26     9384.615384615379298
        27    10000.000000000000000
        28    10000.000000000000000
        29     6307.692307692310351
        30     6307.692307692310351
        31     6923.076923076929234
        32     6923.076923076929234
        33     7538.461538461539931
        34     7538.461538461539931
        35     8153.846153846149718
        36     8153.846153846149718
        37     8769.230769230769511
        38     8769.230769230769511
        39     9384.615384615390212
        40     9384.615384615390212
        41    10000.000000000000000
        42    10000.000000000000000
        43     6307.692307692310351
        44     6307.692307692310351
        45     6923.076923076920139
        46     6923.076923076920139
        47     7538.461538461539931
        48     7538.461538461539931
        49     8153.846153846149718
        50     8153.846153846149718
        51     8769.230769230769511
        52     8769.230769230769511
        53     9384.615384615390212
        54     9384.615384615390212
        55    10000.000000000000000
        56    10000.000000000000000
        57     6307.692307692310351
        58     6307.692307692310351
        59     6923.076923076920139
        60     6923.076923076929234
        61     7538.461538461539931
        62     7538.461538461539931
        63     8153.846153846149718
        64     8153.846153846149718
        65     8769.230769230769511
        66     8769.230769230769511
        67     9384.615384615390212
        68     9384.615384615390212
        69    10000.000000000000000
        70    10000.000000000000000
        71     6307.692307692310351
        72     6307.692307692310351
        73     6923.076923076929234
        74     6923.076923076929234
        75     7538.461538461539931
        76     7538.461538461539931
        77     8153.846153846149718
        78     8153.846153846160632
        79     8769.230769230769511
        80     8769.230769230769511
        81     9384.615384615390212
        82     9384.615384615379298
        83    10000.000000000000000
        84    10000.000000000000000
        85     6923.076923076920139
        86     6923.076923076929234
        87     7538.461538461539931
        88     7538.461538461539931
        89     8153.846153846149718
        90     8153.846153846160632
        91     8769.230769230769511
        92     8769.230769230769511
        93     9384.615384615390212
        94     9384.615384615390212
        95    10000.000000000000000
        96    10000.000000000000000
        97     6923.076923076929234
        98     6923.076923076929234
        99     7538.461538461539931
       100     7538.461538461539931
       101     8153.846153846149718
       102     8153.846153846149718
       103     8769.230769230769511
       104     8769.230769230769511
       105     9384.615384615390212
       106     9384.615384615379298
       107    10000.000000000000000
       108    10000.000000000000000
       109     6923.076923076920139
       110     6923.076923076920139
       111     7538.461538461539931
       112     7538.461538461539931
       113     8153.846153846149718
       114     8153.846153846149718
       115     8769.230769230769511
       116     8769.230769230769511
       117     9384.615384615390212
       118     9384.615384615379298
       119    10000.000000000000000
       120    10000.000000000000000
       121     6307.692307692310351
       122     6923.076923076920139
       123     7538.461538461539931
       124     8153.846153846149718
       125     8769.230769230769511
       126     9384.615384615379298
       127    10000.000000000000000
       128     6307.692307692310351
       129     6923.076923076929234
       130     7538.461538461529926
       131     8153.846153846160632
       132     8769.230769230769511
       133     9384.615384615390212
       134    10000.000000000000000
       135     6307.692307692310351
       136     6923.076923076929234
       137     7538.461538461529926
       138     8153.846153846149718
       139     8769.230769230769511
       140     9384.615384615390212
       141    10000.000000000000000
       142     5692.307692307689649
       143     6307.692307692310351
       144     6923.076923076929234
       145     7538.461538461529926
       146     8153.846153846149718
       147     8769.230769230769511
       148     9384.615384615379298
       149    10000.000000000000000
       150     5692.307692307689649
       151     6307.692307692310351
       152     6923.076923076929234
       153     7538.461538461539931
       154     8153.846153846160632
       155     8769.230769230769511
       156     9384.615384615390212
       157    10000.000000000000000
       158     6307.692307692310351
       159     6923.076923076929234
       160     7538.461538461529926
       161     8153.846153846149718
       162     8769.230769230769511
       163     9384.615384615379298
       164    10000.000000000000000
       165     6923.076923076920139
       166     7538.461538461529926
       167     8153.846153846160632
       168     8769.230769230769511
       169     9384.615384615390212
       170    10000.000000000000000
       171     6923.076923076929234
       172     7538.461538461539931
       173     8153.846153846149718
       174     8769.230769230769511
       175     9384.615384615379298
       176    10000.000000000000000
       177     6923.076923076929234
       178     7538.461538461529926
       179     8153.846153846149718
       180     8769.230769230769511
       181     9384.615384615379298
       182    10000.000000000000000
       183     6307.692307692310351
       184     6923.076923076920139
       185     7538.461538461539931
       186     8153.846153846160632
       187     8769.230769230769511
       188     9384.615384615379298
       189    10000.000000000000000
       190     6307.692307692310351
       191     6923.076923076929234
       192     7538.461538461539931
       193     8153.846153846149718
       194     8769.230769230769511
       195     9384.615384615390212
       196    10000.000000000000000
       197     5692.307692307689649
       198     6307.692307692310351
       199     6923.076923076920139
       200     7538.461538461539931
       201     8153.846153846160632
       202     8769.230769230769511
       203     9384.615384615390212
       204    10000.000000000000000
       205     5692.307692307689649
       206     6307.692307692310351
       207     6923.076923076920139
       208     7538.461538461539931
       209     8153.846153846149718
       210     8769.230769230769511
       211     9384.615384615390212
       212    10000.000000000000000
       213     5692.307692307689649
       214     6307.692307692310351
       215     6923.076923076920139
       216     7538.461538461539931
       217     8153.846153846160632
       218     8769.230769230769511
       219     9384.615384615390212
       220    10000.000000000000000
       221     6307.692307692310351
       222     6923.076923076929234
       223     7538.461538461539931
       224     8153.846153846149718
       225     8769.230769230769511
       226     9384.615384615379298
       227    10000.000000000000000
       228     6923.076923076920139
       229     7538.461538461539931
       230     8153.846153846149718
       231     8769.230769230769511
       232     9384.615384615390212
       233    10000.000000000000000
       234     6923.076923076920139
       235     7538.461538461539931
       236     8153.846153846160632
       237     8769.230769230769511
       238     9384.615384615390212
       239    10000.000000000000000
       240     6923.076923076920139
       241     7538.461538461539931
       242     8153.846153846149718
       243     8769.230769230769511
       244     9384.615384615390212
       245    10000.000000000000000
       246     6307.692307692310351
       247     6923.076923076920139
       248     7538.461538461539931
       249     8153.846153846149718
       250     8769.230769230769511
       251     9384.615384615379298
       252    10000.000000000000000
       253     6307.692307692310351
       254     6923.076923076920139
       255     7538.461538461539931
       256     8153.846153846149718
       257     8769.230769230769511
       258     9384.615384615390212
       259    10000.000000000000000
       260     5692.307692307689649
       261     6307.692307692300346
       262     6923.076923076920139
       263     7538.461538461539931
       264     8153.846153846149718
       265     8769.230769230769511
       266     9384.615384615390212
       267    10000.000000000000000
       268     5692.307692307689649
       269     6307.692307692310351
       270     6923.076923076920139
       271     7538.461538461539931
       272     8153.846153846149718
       273     8769.230769230769511
       274     9384.615384615390212
       275    10000.000000000000000
       276     5692.307692307689649
       277     6307.692307692310351
       278     6923.076923076929234
       279     7538.461538461539931
       280     8153.846153846160632
       281     8769.230769230769511
       282     9384.615384615390212
       283    10000.000000000000000
       284     6307.692307692310351
       285     6923.076923076929234
       286     7538.461538461539931
       287     8153.846153846149718
       288     8769.230769230769511
       289     9384.615384615379298
       290    10000.000000000000000
       291     6923.076923076929234
       292     7538.461538461539931
       293     8153.846153846149718
       294     8769.230769230769511
       295     9384.615384615379298
       296    10000.000000000000000
       297     6923.076923076929234
       298     7538.461538461539931
       299     8153.846153846149718
       300     8769.230769230769511
       301     9384.615384615379298
       302    10000.000000000000000
       303     6923.076923076929234
       304     7538.461538461539931
       305     8153.846153846149718
       306     8769.230769230769511
       307     9384.615384615379298
       308    10000.000000000000000
       309     6923.076923076929234
       310     7538.461538461539931
       311     8153.846153846149718
       312     8769.230769230769511
       313     9384.615384615390212
       314    10000.000000000000000
       315     6307.692307692310351
       316     6923.076923076920139
       317     7538.461538461539931
       318     8153.846153846149718
       319     8769.230769230769511
       320     9384.615384615390212
       321    10000.000000000000000
       322     5692.307692307689649
       323     6307.692307692310351
       324     6923.076923076929234
       325     7538.461538461539931
       326     8153.846153846149718
       327     8769.230769230769511
       328     9384.615384615390212
       329    10000.000000000000000
       330     5692.307692307699654
       331     6307.692307692310351
       332     6923.076923076920139
       333     7538.461538461539931
       334     8153.846153846149718
       335     8769.230769230769511
       336     9384.615384615379298
       337    10000.000000000000000
       338     5692.307692307689649
       339     6307.692307692310351
       340     6923.076923076920139
       341     7538.461538461539931
       342     8153.846153846149718
       343     8769.230769230769511
       344     9384.615384615390212
       345    10000.000000000000000
       346     5692.307692307689649
       347     6307.692307692300346
       348     6923.076923076920139
       349     7538.461538461539931
       350     8153.846153846149718
       351     8769.230769230769511
       352     9384.615384615390212
       353    10000.000000000000000
       354     6307.692307692310351
       355     6923.076923076929234
       356     7538.461538461539931
       357     8153.846153846149718
       358     8769.230769230758597
       359     9384.615384615390212
       360    10000.000000000000000
       361     6923.076923076920139
       362     7538.461538461539931
       363     8153.846153846149718
       364     8769.230769230769511
       365     9384.615384615390212
       366    10000.000000000000000
       367     6923.076923076920139
       368     7538.461538461539931
       369     8153.846153846149718
       370     8769.230769230769511
       371     9384.615384615390212
       372    10000.000000000000000
       373     6923.076923076920139
       374     7538.461538461539931
       375     8153.846153846149718
       376     8769.230769230769511
       377     9384.615384615390212
       378    10000.000000000000000
       379     6307.692307692300346
       380     6923.076923076920139
       381     7538.461538461539931
       382     8153.846153846160632
       383     8769.230769230769511
       384     9384.615384615390212
       385    10000.000000000000000
       386     5692.307692307689649
       387     6307.692307692310351
       388     6923.076923076920139
       389     7538.461538461539931
       390     8153.846153846149718
       391     8769.230769230769511
       392     9384.615384615390212
       393    10000.000000000000000
       394     5692.307692307699654
       395     6307.692307692310351
       396     6923.076923076929234
       397     7538.461538461539931
       398     8153.846153846160632
       399     8769.230769230769511
       400     9384.615384615390212
       401    10000.000000000000000
       402     5692.307692307689649
       403     6307.692307692310351
       404     6923.076923076920139
       405     7538.461538461539931
       406     8153.846153846149718
       407     8769.230769230780425
       408     9384.615384615390212
       409    10000.000000000000000
       410     5692.307692307689649
       411     6307.692307692310351
       412     6923.076923076929234
       413     7538.461538461539931
       414     8153.846153846149718
       415     8769.230769230769511
       416     9384.615384615390212
       417    10000.000000000000000
       418     5692.307692307689649
       419     6307.692307692310351
       420     6923.076923076929234
       421     7538.461538461539931
       422     8153.846153846149718
       423     8769.230769230769511
       424     9384.615384615390212
       425    10000.000000000000000
       426     6307.692307692310351
       427     6923.076923076929234
       428     7538.461538461539931
       429     8153.846153846149718
       430     8769.230769230769511
       431     9384.615384615390212
       432    10000.000000000000000
       433     6923.076923076920139
       434     7538.461538461529926
       435     8153.846153846160632
       436     8769.230769230769511
       437     9384.615384615390212
       438    10000.000000000000000
       439     6923.076923076920139
       440     7538.461538461539931
       441     8153.846153846149718
       442     8769.230769230769511
       443     9384.615384615390212
       444    10000.000000000000000
       445     6923.076923076920139
       446     7538.461538461539931
       447     8153.846153846149718
       448     8769.230769230769511
       449     9384.615384615390212
       450    10000.000000000000000
       451     6307.692307692310351
       452     6923.076923076929234
       453     7538.461538461539931
       454     8153.846153846149718
       455     8769.230769230769511
       456     9384.615384615390212
       457    10000.000000000000000
       458     5692.307692307689649
       459     6307.692307692310351
       460     6923.076923076920139
       461     7538.461538461539931
       462     8153.846153846149718
       463     8769.230769230769511
       464     9384.615384615390212
       465    10000.000000000000000
       466     5692.307692307689649
       467     6307.692307692300346
       468     6923.076923076929234
       469     7538.461538461539931
       470     8153.846153846149718
       471     8769.230769230769511
       472     9384.615384615390212
       473    10000.000000000000000
       474     5692.307692307689649
       475     6307.692307692300346
       476     6923.076923076920139
       477     7538.461538461539931
       478     8153.846153846149718
       479     8769.230769230769511
       480     9384.615384615390212
       481    10000.000000000000000
       482     5692.307692307689649
       483     6307.692307692310351
       484     6923.076923076929234
       485     7538.461538461539931
       486     8153.846153846149718
       487     8769.230769230769511
       488     9384.615384615379298
       489    10000.000000000000000
       490     5692.307692307689649
       491     6307.692307692310351
       492     6923.076923076929234
       493     7538.461538461539931
       494     8153.846153846149718
       495     8769.230769230769511
       496     9384.615384615390212
       497    10000.000000000000000
       498     6307.692307692310351
       499     6923.076923076929234
       500     7538.461538461539931
       501     8153.846153846160632
       502     8769.230769230769511
       503     9384.615384615379298
       504    10000.000000000000000
       505     6923.076923076920139
       506     7538.461538461539931
       507     8153.846153846149718
       508     8769.230769230769511
       509     9384.615384615390212
       510    10000.000000000000000
       511     6923.076923076929234
       512     7538.461538461539931
       513     8153.846153846149718
       514     8769.230769230769511
       515     9384.615384615379298
       516    10000.000000000000000
       517     6923.076923076920139
       518     7538.461538461539931
       519     8153.846153846149718
       520     8769.230769230769511
       521     9384.615384615379298
       522    10000.000000000000000
       523     6307.692307692310351
       524     6923.076923076929234
       525     7538.461538461539931
       526     8153.846153846149718
       527     8769.230769230769511
       528     9384.615384615390212
       529    10000.000000000000000
       530     5692.307692307689649
       531     6307.692307692310351
       532     6923.076923076920139
       533     7538.461538461539931
       534     8153.846153846149718
       535     8769.230769230769511
       536     9384.615384615379298
       537    10000.000000000000000
       538     5692.307692307689649
       539     6307.692307692310351
       540     6923.076923076920139
       541     7538.461538461539931
       542     8153.846153846149718
       543     8769.230769230769511
       544     9384.615384615390212
       545    10000.000000000000000
       546     5692.307692307689649
       547     6307.692307692300346
       548     6923.076923076920139
       549     7538.461538461539931
       550     8153.846153846149718
       551     8769.230769230769511
       552     9384.615384615379298
       553    10000.000000000000000
       554     5692.307692307689649
       555     6307.692307692310351
       556     6923.076923076920139
       557     7538.461538461539931
       558     8153.846153846149718
       559     8769.230769230769511
       560     9384.615384615390212
       561    10000.000000000000000
       562     6307.692307692300346
       563     6923.076923076929234
       564     7538.461538461539931
       565     8153.846153846149718
       566     8769.230769230769511
       567     9384.615384615390212
       568    10000.000000000000000
       569     6307.692307692310351
       570     6923.076923076929234
       571     7538.461538461539931
       572     8153.846153846149718
       573     8769.230769230769511
       574     9384.615384615379298
       575    10000.000000000000000
       576     6923.076923076929234
       577     7538.461538461539931
       578     8153.846153846149718
       579     8769.230769230769511
       580     9384.615384615390212
       581    10000.000000000000000
       582     6923.076923076929234
       583     7538.461538461539931
       584     8153.846153846149718
       585     8769.230769230769511
       586     9384.615384615379298
       587    10000.000000000000000
       588     6923.076923076920139
       589     7538.461538461539931
       590     8153.846153846149718
       591     8769.230769230769511
       592     9384.615384615390212
       593    10000.000000000000000
       594     6923.076923076920139
       595     7538.461538461539931
       596     8153.846153846149718
       597     8769.230769230769511
       598     9384.615384615390212
       599    10000.000000000000000
       600     6307.692307692310351
       601     6923.076923076920139
       602     7538.461538461539931
       603     8153.846153846149718
       604     8769.230769230769511
       605     9384.615384615390212
       606    10000.000000000000000
       607     5692.307692307689649
       608     6307.692307692300346
       609     6923.076923076929234
       610     7538.461538461539931
       611     8153.846153846160632
       612     8769.230769230769511
       613     9384.615384615390212
       614    10000.000000000000000
       615     5692.307692307689649
       616     6307.692307692300346
       617     6923.076923076920139
       618     7538.461538461539931
       619     8153.846153846149718
       620     8769.230769230769511
       621     9384.615384615390212
       622    10000.000000000000000
       623     5692.307692307689649
       624     6307.692307692300346
       625     6923.076923076929234
       626     7538.461538461539931
       627     8153.846153846160632
       628     8769.230769230769511
       629     9384.615384615390212
       630    10000.000000000000000
       631     6307.692307692300346
       632     6923.076923076929234
       633     7538.461538461539931
       634     8153.846153846160632
       635     8769.230769230769511
       636     9384.615384615390212
       637    10000.000000000000000
       638     6923.076923076929234
       639     7538.461538461539931
       640     8153.846153846149718
       641     8769.230769230769511
       642     9384.615384615390212
       643    10000.000000000000000
       644     6923.076923076920139
       645     7538.461538461539931
       646     8153.846153846149718
       647     8769.230769230769511
       648     9384.615384615390212
       649    10000.000000000000000
       650     6923.076923076920139
       651     7538.461538461539931
       652     8153.846153846149718
       653     8769.230769230769511
       654     9384.615384615390212
       655    10000.000000000000000
       656     7538.461538461539931
       657     8153.846153846149718
       658     8769.230769230769511
       659     9384.615384615390212
       660    10000.000000000000000
       661     7538.461538461539931
       662     8153.846153846149718
       663     8769.230769230769511
       664     9384.615384615390212
       665    10000.000000000000000
       666     6923.076923076920139
       667     7538.461538461539931
       668     8153.846153846149718
       669     8769.230769230769511
       670     9384.615384615379298
       671    10000.000000000000000
       672     6307.692307692300346
       673     6923.076923076920139
       674     7538.461538461539931
       675     8153.846153846160632
       676     8769.230769230769511
       677     9384.615384615390212
       678    10000.000000000000000
       679     6307.692307692300346
       680     6923.076923076920139
       681     7538.461538461539931
       682     8153.846153846149718
       683     8769.230769230769511
       684     9384.615384615390212
       685    10000.000000000000000
       686     6307.692307692310351
       687     6923.076923076920139
       688     7538.461538461539931
       689     8153.846153846160632
       690     8769.230769230769511
       691     9384.615384615390212
       692    10000.000000000000000
       693     7538.461538461539931
       694     8153.846153846160632
       695     8769.230769230769511
       696     9384.615384615390212
       697    10000.000000000000000
       698     6923.076923076920139
       699     7538.461538461539931
       700     8153.846153846160632
       701     8769.230769230769511
       702     9384.615384615390212
       703    10000.000000000000000
       704     6923.076923076920139
       705     7538.461538461539931
       706     8153.846153846149718
       707     8769.230769230769511
       708     9384.615384615390212
       709    10000.000000000000000
       710     6923.076923076920139
       711     6923.076923076920139
       712     6923.076923076929234
       713     6923.076923076920139
       714     6923.076923076929234
       715     6923.076923076920139
       716     6923.076923076920139
       717     7538.461538461539931
       718     7538.461538461539931
       719     7538.461538461539931
       720     7538.461538461539931
       721     7538.461538461539931
       722     7538.461538461529926
       723     7538.461538461539931
       724     7538.461538461539931
       725     8153.846153846149718
       726     8153.846153846149718
       727     8153.846153846149718
       728     8153.846153846149718
       729     8153.846153846149718
       730     8153.846153846149718
       731     8153.846153846160632
       732     8153.846153846149718
       733     8153.846153846149718
       734     8769.230769230769511
       735     8769.230769230769511
       736     8769.230769230769511
       737     8769.230769230769511
       738     8769.230769230769511
       739     8769.230769230769511
       740     8769.230769230769511
       741     8769.230769230769511
       742     8769.230769230769511
       743     9384.615384615390212
       744     9384.615384615390212
       745     9384.615384615379298
       746     9384.615384615390212
       747     9384.615384615379298
       748     9384.615384615390212
       749     9384.615384615390212
       750     9384.615384615379298
       751     9384.615384615379298
       752    10000.000000000000000
       753    10000.000000000000000
       754    10000.000000000000000
       755    10000.000000000000000
       756    10000.000000000000000
       757    10000.000000000000000
       758    10000.000000000000000
       759    10000.000000000000000
       760    10000.000000000000000
