         500
           1          85          86          88          87         142
         143         153         152
           2          89          90         100          99         189
         190         200         199
           3          90          91         101         100         190
         191         201         200
           4          91          92         102         101         191
         192         202         201
           5          92          93         103         102         192
         193         203         202
           6          93          94         104         103         193
         194         204         203
           7          94          95         105         104         194
         195         205         204
           8          95          96         106         105         195
         196         206         205
           9          96          97         107         106         196
         197         207         206
          10          98          99         110         109         198
         199         210         209
          11          99         100         111         110         199
         200         211         210
          12         100         101         112         111         200
         201         212         211
          13         101         102         113         112         201
         202         213         212
          14         102         103         114         113         202
         203         214         213
          15         103         104         115         114         203
         204         215         214
          16         104         105         116         115         204
         205         216         215
          17         105         106         117         116         205
         206         217         216
          18         106         107         118         117         206
         207         218         217
          19         108         109         120         119         208
         209         221         220
          20         109         110         121         120         209
         210         222         221
          21         110         111         122         121         210
         211         223         222
          22         111         112         123         122         211
         212         224         223
          23         112         113         124         123         212
         213         225         224
          24         113         114         125         124         213
         214         226         225
          25         114         115         126         125         214
         215         227         226
          26         115         116         127         126         215
         216         228         227
          27         116         117         128         127         216
         217         229         228
          28         117         118         129         128         217
         218         230         229
          29         119         120         131         130         220
         221         233         232
          30         120         121         132         131         221
         222         234         233
          31         121         122         133         132         222
         223         235         234
          32         122         123         134         133         223
         224         236         235
          33         123         124         135         134         224
         225         237         236
          34         124         125         136         135         225
         226         238         237
          35         125         126         137         136         226
         227         239         238
          36         126         127         138         137         227
         228         240         239
          37         127         128         139         138         228
         229         241         240
          38         128         129         140         139         229
         230         242         241
          39         131         132         142         141         233
         234         245         244
          40         132         133         143         142         234
         235         246         245
          41         133         134         144         143         235
         236         247         246
          42         134         135         145         144         236
         237         248         247
          43         135         136         146         145         237
         238         249         248
          44         136         137         147         146         238
         239         250         249
          45         137         138         148         147         239
         240         251         250
          46         138         139         149         148         240
         241         252         251
          47         139         140         150         149         241
         242         253         252
          48         141         142         152         151         244
         245         256         255
          49         142         143         153         152         245
         246         257         256
          50         143         144         154         153         246
         247         258         257
          51         144         145         155         154         247
         248         259         258
          52         145         146         156         155         248
         249         260         259
          53         146         147         157         156         249
         250         261         260
          54         147         148         158         157         250
         251         262         261
          55         148         149         159         158         251
         252         263         262
          56         149         150         160         159         252
         253         264         263
          57         151         152         162         161         255
         256         267         266
          58         152         153         163         162         256
         257         268         267
          59         153         154         164         163         257
         258         269         268
          60         154         155         165         164         258
         259         270         269
          61         155         156         166         165         259
         260         271         270
          62         156         157         167         166         260
         261         272         271
          63         157         158         168         167         261
         262         273         272
          64         158         159         169         168         262
         263         274         273
          65         159         160         170         169         263
         264         275         274
          66         165         166         172         171         270
         271         281         280
          67         166         167         173         172         271
         272         282         281
          68         167         168         174         173         272
         273         283         282
          69         168         169         175         174         273
         274         284         283
          70         169         170         176         175         274
         275         285         284
          71         173         174         178         177         282
         283         289         288
          72         174         175         179         178         283
         284         290         289
          73         175         176         180         179         284
         285         291         290
          74         181         182         191         190         296
         297         306         305
          75         182         183         192         191         297
         298         307         306
          76         183         184         193         192         298
         299         308         307
          77         184         185         194         193         299
         300         309         308
          78         185         186         195         194         300
         301         310         309
          79         186         187         196         195         301
         302         311         310
          80         187         188         197         196         302
         303         312         311
          81         189         190         200         199         304
         305         315         314
          82         190         191         201         200         305
         306         316         315
          83         191         192         202         201         306
         307         317         316
          84         192         193         203         202         307
         308         318         317
          85         193         194         204         203         308
         309         319         318
          86         194         195         205         204         309
         310         320         319
          87         195         196         206         205         310
         311         321         320
          88         196         197         207         206         311
         312         322         321
          89         198         199         210         209         313
         314         325         324
          90         199         200         211         210         314
         315         326         325
          91         200         201         212         211         315
         316         327         326
          92         201         202         213         212         316
         317         328         327
          93         202         203         214         213         317
         318         329         328
          94         203         204         215         214         318
         319         330         329
          95         204         205         216         215         319
         320         331         330
          96         205         206         217         216         320
         321         332         331
          97         206         207         218         217         321
         322         333         332
          98         208         209         221         220         323
         324         336         335
          99         209         210         222         221         324
         325         337         336
         100         210         211         223         222         325
         326         338         337
         101         211         212         224         223         326
         327         339         338
         102         212         213         225         224         327
         328         340         339
         103         213         214         226         225         328
         329         341         340
         104         214         215         227         226         329
         330         342         341
         105         215         216         228         227         330
         331         343         342
         106         216         217         229         228         331
         332         344         343
         107         217         218         230         229         332
         333         345         344
         108         219         220         232         231         334
         335         347         346
         109         220         221         233         232         335
         336         348         347
         110         221         222         234         233         336
         337         349         348
         111         222         223         235         234         337
         338         350         349
         112         223         224         236         235         338
         339         351         350
         113         224         225         237         236         339
         340         352         351
         114         225         226         238         237         340
         341         353         352
         115         226         227         239         238         341
         342         354         353
         116         227         228         240         239         342
         343         355         354
         117         228         229         241         240         343
         344         356         355
         118         229         230         242         241         344
         345         357         356
         119         232         233         244         243         347
         348         360         359
         120         233         234         245         244         348
         349         361         360
         121         234         235         246         245         349
         350         362         361
         122         235         236         247         246         350
         351         363         362
         123         236         237         248         247         351
         352         364         363
         124         237         238         249         248         352
         353         365         364
         125         238         239         250         249         353
         354         366         365
         126         239         240         251         250         354
         355         367         366
         127         240         241         252         251         355
         356         368         367
         128         241         242         253         252         356
         357         369         368
         129         243         244         255         254         359
         360         371         370
         130         244         245         256         255         360
         361         372         371
         131         245         246         257         256         361
         362         373         372
         132         246         247         258         257         362
         363         374         373
         133         247         248         259         258         363
         364         375         374
         134         248         249         260         259         364
         365         376         375
         135         249         250         261         260         365
         366         377         376
         136         250         251         262         261         366
         367         378         377
         137         251         252         263         262         367
         368         379         378
         138         252         253         264         263         368
         369         380         379
         139         254         255         266         265         370
         371         382         381
         140         255         256         267         266         371
         372         383         382
         141         256         257         268         267         372
         373         384         383
         142         257         258         269         268         373
         374         385         384
         143         258         259         270         269         374
         375         386         385
         144         259         260         271         270         375
         376         387         386
         145         260         261         272         271         376
         377         388         387
         146         261         262         273         272         377
         378         389         388
         147         262         263         274         273         378
         379         390         389
         148         263         264         275         274         379
         380         391         390
         149         266         267         277         276         382
         383         393         392
         150         267         268         278         277         383
         384         394         393
         151         268         269         279         278         384
         385         395         394
         152         269         270         280         279         385
         386         396         395
         153         270         271         281         280         386
         387         397         396
         154         271         272         282         281         387
         388         398         397
         155         272         273         283         282         388
         389         399         398
         156         273         274         284         283         389
         390         400         399
         157         274         275         285         284         390
         391         401         400
         158         280         281         287         286         396
         397         406         405
         159         281         282         288         287         397
         398         407         406
         160         282         283         289         288         398
         399         408         407
         161         283         284         290         289         399
         400         409         408
         162         284         285         291         290         400
         401         410         409
         163         288         289         293         292         407
         408         414         413
         164         289         290         294         293         408
         409         415         414
         165         290         291         295         294         409
         410         416         415
         166         296         297         306         305         417
         418         427         426
         167         297         298         307         306         418
         419         428         427
         168         298         299         308         307         419
         420         429         428
         169         299         300         309         308         420
         421         430         429
         170         300         301         310         309         421
         422         431         430
         171         301         302         311         310         422
         423         432         431
         172         302         303         312         311         423
         424         433         432
         173         304         305         315         314         425
         426         436         435
         174         305         306         316         315         426
         427         437         436
         175         306         307         317         316         427
         428         438         437
         176         307         308         318         317         428
         429         439         438
         177         308         309         319         318         429
         430         440         439
         178         309         310         320         319         430
         431         441         440
         179         310         311         321         320         431
         432         442         441
         180         311         312         322         321         432
         433         443         442
         181         313         314         325         324         434
         435         446         445
         182         314         315         326         325         435
         436         447         446
         183         315         316         327         326         436
         437         448         447
         184         316         317         328         327         437
         438         449         448
         185         317         318         329         328         438
         439         450         449
         186         318         319         330         329         439
         440         451         450
         187         319         320         331         330         440
         441         452         451
         188         320         321         332         331         441
         442         453         452
         189         321         322         333         332         442
         443         454         453
         190         323         324         336         335         444
         445         457         456
         191         324         325         337         336         445
         446         458         457
         192         325         326         338         337         446
         447         459         458
         193         326         327         339         338         447
         448         460         459
         194         327         328         340         339         448
         449         461         460
         195         328         329         341         340         449
         450         462         461
         196         329         330         342         341         450
         451         463         462
         197         330         331         343         342         451
         452         464         463
         198         331         332         344         343         452
         453         465         464
         199         332         333         345         344         453
         454         466         465
         200         334         335         347         346         455
         456         468         467
         201         335         336         348         347         456
         457         469         468
         202         336         337         349         348         457
         458         470         469
         203         337         338         350         349         458
         459         471         470
         204         338         339         351         350         459
         460         472         471
         205         339         340         352         351         460
         461         473         472
         206         340         341         353         352         461
         462         474         473
         207         341         342         354         353         462
         463         475         474
         208         342         343         355         354         463
         464         476         475
         209         343         344         356         355         464
         465         477         476
         210         344         345         357         356         465
         466         478         477
         211         346         347         359         358         467
         468         480         479
         212         347         348         360         359         468
         469         481         480
         213         348         349         361         360         469
         470         482         481
         214         349         350         362         361         470
         471         483         482
         215         350         351         363         362         471
         472         484         483
         216         351         352         364         363         472
         473         485         484
         217         352         353         365         364         473
         474         486         485
         218         353         354         366         365         474
         475         487         486
         219         354         355         367         366         475
         476         488         487
         220         355         356         368         367         476
         477         489         488
         221         356         357         369         368         477
         478         490         489
         222         359         360         371         370         480
         481         492         491
         223         360         361         372         371         481
         482         493         492
         224         361         362         373         372         482
         483         494         493
         225         362         363         374         373         483
         484         495         494
         226         363         364         375         374         484
         485         496         495
         227         364         365         376         375         485
         486         497         496
         228         365         366         377         376         486
         487         498         497
         229         366         367         378         377         487
         488         499         498
         230         367         368         379         378         488
         489         500         499
         231         368         369         380         379         489
         490         501         500
         232         370         371         382         381         491
         492         503         502
         233         371         372         383         382         492
         493         504         503
         234         372         373         384         383         493
         494         505         504
         235         373         374         385         384         494
         495         506         505
         236         374         375         386         385         495
         496         507         506
         237         375         376         387         386         496
         497         508         507
         238         376         377         388         387         497
         498         509         508
         239         377         378         389         388         498
         499         510         509
         240         378         379         390         389         499
         500         511         510
         241         379         380         391         390         500
         501         512         511
         242         382         383         393         392         503
         504         514         513
         243         383         384         394         393         504
         505         515         514
         244         384         385         395         394         505
         506         516         515
         245         385         386         396         395         506
         507         517         516
         246         386         387         397         396         507
         508         518         517
         247         387         388         398         397         508
         509         519         518
         248         388         389         399         398         509
         510         520         519
         249         389         390         400         399         510
         511         521         520
         250         390         391         401         400         511
         512         522         521
         251         393         394         403         402         514
         515         524         523
         252         394         395         404         403         515
         516         525         524
         253         395         396         405         404         516
         517         526         525
         254         396         397         406         405         517
         518         527         526
         255         397         398         407         406         518
         519         528         527
         256         398         399         408         407         519
         520         529         528
         257         399         400         409         408         520
         521         530         529
         258         400         401         410         409         521
         522         531         530
         259         405         406         412         411         526
         527         535         534
         260         406         407         413         412         527
         528         536         535
         261         407         408         414         413         528
         529         537         536
         262         408         409         415         414         529
         530         538         537
         263         409         410         416         415         530
         531         539         538
         264         425         426         436         435         540
         541         551         550
         265         426         427         437         436         541
         542         552         551
         266         427         428         438         437         542
         543         553         552
         267         428         429         439         438         543
         544         554         553
         268         429         430         440         439         544
         545         555         554
         269         430         431         441         440         545
         546         556         555
         270         431         432         442         441         546
         547         557         556
         271         432         433         443         442         547
         548         558         557
         272         434         435         446         445         549
         550         561         560
         273         435         436         447         446         550
         551         562         561
         274         436         437         448         447         551
         552         563         562
         275         437         438         449         448         552
         553         564         563
         276         438         439         450         449         553
         554         565         564
         277         439         440         451         450         554
         555         566         565
         278         440         441         452         451         555
         556         567         566
         279         441         442         453         452         556
         557         568         567
         280         442         443         454         453         557
         558         569         568
         281         444         445         457         456         559
         560         572         571
         282         445         446         458         457         560
         561         573         572
         283         446         447         459         458         561
         562         574         573
         284         447         448         460         459         562
         563         575         574
         285         448         449         461         460         563
         564         576         575
         286         449         450         462         461         564
         565         577         576
         287         450         451         463         462         565
         566         578         577
         288         451         452         464         463         566
         567         579         578
         289         452         453         465         464         567
         568         580         579
         290         453         454         466         465         568
         569         581         580
         291         455         456         468         467         570
         571         583         582
         292         456         457         469         468         571
         572         584         583
         293         457         458         470         469         572
         573         585         584
         294         458         459         471         470         573
         574         586         585
         295         459         460         472         471         574
         575         587         586
         296         460         461         473         472         575
         576         588         587
         297         461         462         474         473         576
         577         589         588
         298         462         463         475         474         577
         578         590         589
         299         463         464         476         475         578
         579         591         590
         300         464         465         477         476         579
         580         592         591
         301         465         466         478         477         580
         581         593         592
         302         468         469         481         480         583
         584         595         594
         303         469         470         482         481         584
         585         596         595
         304         470         471         483         482         585
         586         597         596
         305         471         472         484         483         586
         587         598         597
         306         472         473         485         484         587
         588         599         598
         307         473         474         486         485         588
         589         600         599
         308         474         475         487         486         589
         590         601         600
         309         475         476         488         487         590
         591         602         601
         310         476         477         489         488         591
         592         603         602
         311         477         478         490         489         592
         593         604         603
         312         480         481         492         491         594
         595         606         605
         313         481         482         493         492         595
         596         607         606
         314         482         483         494         493         596
         597         608         607
         315         483         484         495         494         597
         598         609         608
         316         484         485         496         495         598
         599         610         609
         317         485         486         497         496         599
         600         611         610
         318         486         487         498         497         600
         601         612         611
         319         487         488         499         498         601
         602         613         612
         320         488         489         500         499         602
         603         614         613
         321         489         490         501         500         603
         604         615         614
         322         492         493         504         503         606
         607         617         616
         323         493         494         505         504         607
         608         618         617
         324         494         495         506         505         608
         609         619         618
         325         495         496         507         506         609
         610         620         619
         326         496         497         508         507         610
         611         621         620
         327         497         498         509         508         611
         612         622         621
         328         498         499         510         509         612
         613         623         622
         329         499         500         511         510         613
         614         624         623
         330         500         501         512         511         614
         615         625         624
         331         503         504         514         513         616
         617         627         626
         332         504         505         515         514         617
         618         628         627
         333         505         506         516         515         618
         619         629         628
         334         506         507         517         516         619
         620         630         629
         335         507         508         518         517         620
         621         631         630
         336         508         509         519         518         621
         622         632         631
         337         509         510         520         519         622
         623         633         632
         338         510         511         521         520         623
         624         634         633
         339         511         512         522         521         624
         625         635         634
         340         514         515         524         523         627
         628         637         636
         341         515         516         525         524         628
         629         638         637
         342         516         517         526         525         629
         630         639         638
         343         517         518         527         526         630
         631         640         639
         344         518         519         528         527         631
         632         641         640
         345         519         520         529         528         632
         633         642         641
         346         520         521         530         529         633
         634         643         642
         347         521         522         531         530         634
         635         644         643
         348         524         525         533         532         637
         638         646         645
         349         525         526         534         533         638
         639         647         646
         350         526         527         535         534         639
         640         648         647
         351         527         528         536         535         640
         641         649         648
         352         528         529         537         536         641
         642         650         649
         353         529         530         538         537         642
         643         651         650
         354         530         531         539         538         643
         644         652         651
         355         549         550         561         560         653
         654         665         664
         356         550         551         562         561         654
         655         666         665
         357         551         552         563         562         655
         656         667         666
         358         552         553         564         563         656
         657         668         667
         359         553         554         565         564         657
         658         669         668
         360         554         555         566         565         658
         659         670         669
         361         555         556         567         566         659
         660         671         670
         362         556         557         568         567         660
         661         672         671
         363         557         558         569         568         661
         662         673         672
         364         559         560         572         571         663
         664         676         675
         365         560         561         573         572         664
         665         677         676
         366         561         562         574         573         665
         666         678         677
         367         562         563         575         574         666
         667         679         678
         368         563         564         576         575         667
         668         680         679
         369         564         565         577         576         668
         669         681         680
         370         565         566         578         577         669
         670         682         681
         371         566         567         579         578         670
         671         683         682
         372         567         568         580         579         671
         672         684         683
         373         568         569         581         580         672
         673         685         684
         374         570         571         583         582         674
         675         687         686
         375         571         572         584         583         675
         676         688         687
         376         572         573         585         584         676
         677         689         688
         377         573         574         586         585         677
         678         690         689
         378         574         575         587         586         678
         679         691         690
         379         575         576         588         587         679
         680         692         691
         380         576         577         589         588         680
         681         693         692
         381         577         578         590         589         681
         682         694         693
         382         578         579         591         590         682
         683         695         694
         383         579         580         592         591         683
         684         696         695
         384         580         581         593         592         684
         685         697         696
         385         583         584         595         594         687
         688         699         698
         386         584         585         596         595         688
         689         700         699
         387         585         586         597         596         689
         690         701         700
         388         586         587         598         597         690
         691         702         701
         389         587         588         599         598         691
         692         703         702
         390         588         589         600         599         692
         693         704         703
         391         589         590         601         600         693
         694         705         704
         392         590         591         602         601         694
         695         706         705
         393         591         592         603         602         695
         696         707         706
         394         592         593         604         603         696
         697         708         707
         395         595         596         607         606         699
         700         710         709
         396         596         597         608         607         700
         701         711         710
         397         597         598         609         608         701
         702         712         711
         398         598         599         610         609         702
         703         713         712
         399         599         600         611         610         703
         704         714         713
         400         600         601         612         611         704
         705         715         714
         401         601         602         613         612         705
         706         716         715
         402         602         603         614         613         706
         707         717         716
         403         603         604         615         614         707
         708         718         717
         404         606         607         617         616         709
         710         720         719
         405         607         608         618         617         710
         711         721         720
         406         608         609         619         618         711
         712         722         721
         407         609         610         620         619         712
         713         723         722
         408         610         611         621         620         713
         714         724         723
         409         611         612         622         621         714
         715         725         724
         410         612         613         623         622         715
         716         726         725
         411         613         614         624         623         716
         717         727         726
         412         614         615         625         624         717
         718         728         727
         413         617         618         628         627         720
         721         730         729
         414         618         619         629         628         721
         722         731         730
         415         619         620         630         629         722
         723         732         731
         416         620         621         631         630         723
         724         733         732
         417         621         622         632         631         724
         725         734         733
         418         622         623         633         632         725
         726         735         734
         419         623         624         634         633         726
         727         736         735
         420         624         625         635         634         727
         728         737         736
         421         627         628         637         636         729
         730         739         738
         422         628         629         638         637         730
         731         740         739
         423         629         630         639         638         731
         732         741         740
         424         630         631         640         639         732
         733         742         741
         425         631         632         641         640         733
         734         743         742
         426         632         633         642         641         734
         735         744         743
         427         633         634         643         642         735
         736         745         744
         428         634         635         644         643         736
         737         746         745
         429         637         638         646         645         739
         740         748         747
         430         638         639         647         646         740
         741         749         748
         431         639         640         648         647         741
         742         750         749
         432         640         641         649         648         742
         743         751         750
         433         641         642         650         649         743
         744         752         751
         434         642         643         651         650         744
         745         753         752
         435         643         644         652         651         745
         746         754         753
         436         657         658         669         668          46
          37          38          47
         437         658         659         670         669          37
          28          29          38
         438         659         660         671         670          28
          19          20          29
         439         660         661         672         671          19
           2           4          20
         440         661         662         673         672           2
           1           3           4
         441         664         665         677         676          78
          71          72          79
         442         665         666         678         677          71
          63          64          72
         443         666         667         679         678          63
          55          56          64
         444         667         668         680         679          55
          47          48          56
         445         668         669         681         680          47
          38          39          48
         446         669         670         682         681          38
          29          30          39
         447         670         671         683         682          29
          20          21          30
         448         671         672         684         683          20
           4           6          21
         449         672         673         685         684           4
           3           5           6
         450         676         677         689         688          79
          72          73          80
         451         677         678         690         689          72
          64          65          73
         452         678         679         691         690          64
          56          57          65
         453         679         680         692         691          56
          48          49          57
         454         680         681         693         692          48
          39          40          49
         455         681         682         694         693          39
          30          31          40
         456         682         683         695         694          30
          21          22          31
         457         683         684         696         695          21
           6           8          22
         458         684         685         697         696           6
           5           7           8
         459         687         688         699         698          83
          80          81          84
         460         688         689         700         699          80
          73          74          81
         461         689         690         701         700          73
          65          66          74
         462         690         691         702         701          65
          57          58          66
         463         691         692         703         702          57
          49          50          58
         464         692         693         704         703          49
          40          41          50
         465         693         694         705         704          40
          31          32          41
         466         694         695         706         705          31
          22          23          32
         467         695         696         707         706          22
           8          10          23
         468         696         697         708         707           8
           7           9          10
         469         699         700         710         709          81
          74          75          82
         470         700         701         711         710          74
          66          67          75
         471         701         702         712         711          66
          58          59          67
         472         702         703         713         712          58
          50          51          59
         473         703         704         714         713          50
          41          42          51
         474         704         705         715         714          41
          32          33          42
         475         705         706         716         715          32
          23          24          33
         476         706         707         717         716          23
          10          12          24
         477         707         708         718         717          10
           9          11          12
         478         710         711         721         720          75
          67          68          76
         479         711         712         722         721          67
          59          60          68
         480         712         713         723         722          59
          51          52          60
         481         713         714         724         723          51
          42          43          52
         482         714         715         725         724          42
          33          34          43
         483         715         716         726         725          33
          24          25          34
         484         716         717         727         726          24
          12          14          25
         485         717         718         728         727          12
          11          13          14
         486         720         721         730         729          76
          68          69          77
         487         721         722         731         730          68
          60          61          69
         488         722         723         732         731          60
          52          53          61
         489         723         724         733         732          52
          43          44          53
         490         724         725         734         733          43
          34          35          44
         491         725         726         735         734          34
          25          26          35
         492         726         727         736         735          25
          14          16          26
         493         727         728         737         736          14
          13          15          16
         494         730         731         740         739          69
          61          62          70
         495         731         732         741         740          61
          53          54          62
         496         732         733         742         741          53
          44          45          54
         497         733         734         743         742          44
          35          36          45
         498         734         735         744         743          35
          26          27          36
         499         735         736         745         744          26
          16          18          27
         500         736         737         746         745          16
          15          17          18
