2 .00000
143
457  1
439  1
420  1
401  1
382  1
475  1
458  1
440  1
421  1
402  1
383  1
497  1
492  1
487  1
476  1
459  1
441  1
422  1
403  1
384  1
350  1
311  1
271  1
230  1
188  1
142  1
 95  1
 48  1
  1  1
351  1
312  1
272  1
231  1
189  1
143  1
 96  1
 49  1
  2  1
352  1
313  1
273  1
232  1
190  1
144  1
 97  1
 50  1
  3  1
353  1
314  1
274  1
233  1
191  1
145  1
 98  1
 51  1
  4  1
354  1
315  1
275  1
234  1
192  1
146  1
 99  1
 52  1
  5  1
316  1
276  1
235  1
193  1
147  1
100  1
 53  1
  6  1
148  1
101  1
 54  1
  7  1
  1  5
  8  5
 15  5
 22  5
 29  5
 36  5
 42  5
  2  5
  9  5
 16  5
 23  5
 30  5
 37  5
 43  5
  3  5
 10  5
 17  5
 24  5
 31  5
 38  5
 44  5
  4  5
 11  5
 18  5
 25  5
 32  5
 39  5
 45  5
  5  5
 12  5
 19  5
 26  5
 33  5
 40  5
 46  5
  6  5
 13  5
 20  5
 27  5
 34  5
 41  5
 47  5
  7  5
 14  5
 21  5
 28  5
 35  5
391  5
382  5
385  5
388  5
392  5
395  5
383  5
386  5
389  5
393  5
396  5
398  5
384  5
387  5
390  5
394  5
397  5
399  5
400  5
