         754
         1    -5000.000000000000000
         2    -4423.076923076920139
         3    -5000.000000000000000
         4    -4423.076923076920139
         5    -5000.000000000000000
         6    -4423.076923076920139
         7    -5000.000000000000000
         8    -4423.076923076920139
         9    -5000.000000000000000
        10    -4423.076923076920139
        11    -5000.000000000000000
        12    -4423.076923076920139
        13    -5000.000000000000000
        14    -4423.076923076929234
        15    -5000.000000000000000
        16    -4423.076923076929234
        17    -5000.000000000000000
        18    -4423.076923076929234
        19    -3846.153846153849827
        20    -3846.153846153849827
        21    -3846.153846153849827
        22    -3846.153846153849827
        23    -3846.153846153849827
        24    -3846.153846153849827
        25    -3846.153846153849827
        26    -3846.153846153849827
        27    -3846.153846153849827
        28    -3269.230769230769965
        29    -3269.230769230769965
        30    -3269.230769230769965
        31    -3269.230769230769965
        32    -3269.230769230769965
        33    -3269.230769230769965
        34    -3269.230769230769965
        35    -3269.230769230769965
        36    -3269.230769230769965
        37    -2692.307692307689649
        38    -2692.307692307689649
        39    -2692.307692307689649
        40    -2692.307692307689649
        41    -2692.307692307689649
        42    -2692.307692307689649
        43    -2692.307692307689649
        44    -2692.307692307689649
        45    -2692.307692307689649
        46    -2115.384615384619792
        47    -2115.384615384619792
        48    -2115.384615384610242
        49    -2115.384615384610242
        50    -2115.384615384619792
        51    -2115.384615384619792
        52    -2115.384615384619792
        53    -2115.384615384619792
        54    -2115.384615384619792
        55    -1538.461538461540158
        56    -1538.461538461540158
        57    -1538.461538461540158
        58    -1538.461538461540158
        59    -1538.461538461540158
        60    -1538.461538461540158
        61    -1538.461538461540158
        62    -1538.461538461540158
        63     -961.538461538462002
        64     -961.538461538462002
        65     -961.538461538462002
        66     -961.538461538462002
        67     -961.538461538462002
        68     -961.538461538462002
        69     -961.538461538462002
        70     -961.538461538462002
        71     -384.615384615385040
        72     -384.615384615385040
        73     -384.615384615385040
        74     -384.615384615385040
        75     -384.615384615385040
        76     -384.615384615385040
        77     -384.615384615385040
        78      192.307692307692008
        79      192.307692307692008
        80      192.307692307692008
        81      192.307692307692008
        82      192.307692307692008
        83      769.230769230768033
        84      769.230769230768033
        85     -384.615384615384016
        86     -961.538461538462002
        87     -384.615384615384016
        88     -961.538461538460979
        89     -384.615384615384016
        90     -961.538461538462002
        91    -1538.461538461540158
        92    -2115.384615384619792
        93    -2692.307692307689649
        94    -3269.230769230769965
        95    -3846.153846153849827
        96    -4423.076923076920139
        97    -5000.000000000000000
        98      192.307692307693003
        99     -384.615384615384016
       100     -961.538461538463025
       101    -1538.461538461540158
       102    -2115.384615384610242
       103    -2692.307692307689649
       104    -3269.230769230769965
       105    -3846.153846153849827
       106    -4423.076923076920139
       107    -5000.000000000000000
       108      769.230769230769056
       109      192.307692307692008
       110     -384.615384615384016
       111     -961.538461538462002
       112    -1538.461538461540158
       113    -2115.384615384619792
       114    -2692.307692307689649
       115    -3269.230769230769965
       116    -3846.153846153849827
       117    -4423.076923076920139
       118    -5000.000000000000000
       119      769.230769230769056
       120      192.307692307693003
       121     -384.615384615384016
       122     -961.538461538462002
       123    -1538.461538461540158
       124    -2115.384615384610242
       125    -2692.307692307689649
       126    -3269.230769230769965
       127    -3846.153846153849827
       128    -4423.076923076920139
       129    -5000.000000000000000
       130      769.230769230769056
       131      192.307692307693003
       132     -384.615384615384016
       133     -961.538461538462002
       134    -1538.461538461540158
       135    -2115.384615384610242
       136    -2692.307692307689649
       137    -3269.230769230769965
       138    -3846.153846153849827
       139    -4423.076923076920139
       140    -5000.000000000000000
       141      192.307692307692008
       142     -384.615384615384016
       143     -961.538461538462002
       144    -1538.461538461540158
       145    -2115.384615384619792
       146    -2692.307692307689649
       147    -3269.230769230769965
       148    -3846.153846153849827
       149    -4423.076923076920139
       150    -5000.000000000000000
       151      192.307692307692008
       152     -384.615384615384016
       153     -961.538461538462002
       154    -1538.461538461540158
       155    -2115.384615384619792
       156    -2692.307692307689649
       157    -3269.230769230769965
       158    -3846.153846153849827
       159    -4423.076923076920139
       160    -5000.000000000000000
       161      192.307692307693003
       162     -384.615384615385040
       163     -961.538461538462002
       164    -1538.461538461540158
       165    -2115.384615384619792
       166    -2692.307692307689649
       167    -3269.230769230769965
       168    -3846.153846153849827
       169    -4423.076923076920139
       170    -5000.000000000000000
       171    -2115.384615384619792
       172    -2692.307692307689649
       173    -3269.230769230769965
       174    -3846.153846153839822
       175    -4423.076923076920139
       176    -5000.000000000000000
       177    -3269.230769230769965
       178    -3846.153846153839822
       179    -4423.076923076920139
       180    -5000.000000000000000
       181     -961.538461538460979
       182    -1538.461538461540158
       183    -2115.384615384610242
       184    -2692.307692307689649
       185    -3269.230769230769965
       186    -3846.153846153849827
       187    -4423.076923076920139
       188    -5000.000000000000000
       189     -384.615384615384016
       190     -961.538461538462002
       191    -1538.461538461540158
       192    -2115.384615384619792
       193    -2692.307692307689649
       194    -3269.230769230769965
       195    -3846.153846153849827
       196    -4423.076923076920139
       197    -5000.000000000000000
       198      192.307692307692008
       199     -384.615384615384016
       200     -961.538461538463025
       201    -1538.461538461540158
       202    -2115.384615384610242
       203    -2692.307692307689649
       204    -3269.230769230769965
       205    -3846.153846153849827
       206    -4423.076923076920139
       207    -5000.000000000000000
       208      769.230769230769056
       209      192.307692307692008
       210     -384.615384615385040
       211     -961.538461538462002
       212    -1538.461538461540158
       213    -2115.384615384619792
       214    -2692.307692307689649
       215    -3269.230769230769965
       216    -3846.153846153849827
       217    -4423.076923076920139
       218    -5000.000000000000000
       219     1346.153846153850054
       220      769.230769230770079
       221      192.307692307692008
       222     -384.615384615384016
       223     -961.538461538462002
       224    -1538.461538461540158
       225    -2115.384615384619792
       226    -2692.307692307689649
       227    -3269.230769230769965
       228    -3846.153846153849827
       229    -4423.076923076920139
       230    -5000.000000000000000
       231     1346.153846153850054
       232      769.230769230769056
       233      192.307692307692008
       234     -384.615384615384016
       235     -961.538461538462002
       236    -1538.461538461540158
       237    -2115.384615384610242
       238    -2692.307692307689649
       239    -3269.230769230769965
       240    -3846.153846153849827
       241    -4423.076923076920139
       242    -5000.000000000000000
       243      769.230769230769056
       244      192.307692307692008
       245     -384.615384615384016
       246     -961.538461538462002
       247    -1538.461538461540158
       248    -2115.384615384610242
       249    -2692.307692307689649
       250    -3269.230769230769965
       251    -3846.153846153849827
       252    -4423.076923076920139
       253    -5000.000000000000000
       254      769.230769230769056
       255      192.307692307692008
       256     -384.615384615384016
       257     -961.538461538462002
       258    -1538.461538461540158
       259    -2115.384615384610242
       260    -2692.307692307689649
       261    -3269.230769230769965
       262    -3846.153846153849827
       263    -4423.076923076920139
       264    -5000.000000000000000
       265      769.230769230769056
       266      192.307692307692008
       267     -384.615384615385040
       268     -961.538461538460979
       269    -1538.461538461540158
       270    -2115.384615384619792
       271    -2692.307692307689649
       272    -3269.230769230769965
       273    -3846.153846153849827
       274    -4423.076923076920139
       275    -5000.000000000000000
       276      192.307692307692008
       277     -384.615384615385040
       278     -961.538461538462002
       279    -1538.461538461540158
       280    -2115.384615384619792
       281    -2692.307692307689649
       282    -3269.230769230769965
       283    -3846.153846153839822
       284    -4423.076923076920139
       285    -5000.000000000000000
       286    -2115.384615384619792
       287    -2692.307692307700108
       288    -3269.230769230769965
       289    -3846.153846153839822
       290    -4423.076923076920139
       291    -5000.000000000000000
       292    -3269.230769230769965
       293    -3846.153846153849827
       294    -4423.076923076920139
       295    -5000.000000000000000
       296     -961.538461538460979
       297    -1538.461538461540158
       298    -2115.384615384619792
       299    -2692.307692307689649
       300    -3269.230769230769965
       301    -3846.153846153849827
       302    -4423.076923076920139
       303    -5000.000000000000000
       304     -384.615384615385040
       305     -961.538461538462002
       306    -1538.461538461540158
       307    -2115.384615384610242
       308    -2692.307692307689649
       309    -3269.230769230769965
       310    -3846.153846153849827
       311    -4423.076923076920139
       312    -5000.000000000000000
       313      192.307692307693003
       314     -384.615384615385040
       315     -961.538461538462002
       316    -1538.461538461540158
       317    -2115.384615384610242
       318    -2692.307692307689649
       319    -3269.230769230769965
       320    -3846.153846153849827
       321    -4423.076923076920139
       322    -5000.000000000000000
       323      769.230769230769056
       324      192.307692307693003
       325     -384.615384615385040
       326     -961.538461538462002
       327    -1538.461538461540158
       328    -2115.384615384619792
       329    -2692.307692307689649
       330    -3269.230769230769965
       331    -3846.153846153849827
       332    -4423.076923076920139
       333    -5000.000000000000000
       334     1346.153846153850054
       335      769.230769230769056
       336      192.307692307692008
       337     -384.615384615385040
       338     -961.538461538462002
       339    -1538.461538461540158
       340    -2115.384615384610242
       341    -2692.307692307689649
       342    -3269.230769230769965
       343    -3846.153846153849827
       344    -4423.076923076920139
       345    -5000.000000000000000
       346     1346.153846153850054
       347      769.230769230768033
       348      192.307692307693003
       349     -384.615384615385040
       350     -961.538461538462002
       351    -1538.461538461540158
       352    -2115.384615384610242
       353    -2692.307692307689649
       354    -3269.230769230769965
       355    -3846.153846153849827
       356    -4423.076923076920139
       357    -5000.000000000000000
       358     1346.153846153850054
       359      769.230769230768033
       360      192.307692307692008
       361     -384.615384615384016
       362     -961.538461538462002
       363    -1538.461538461540158
       364    -2115.384615384619792
       365    -2692.307692307689649
       366    -3269.230769230769965
       367    -3846.153846153849827
       368    -4423.076923076920139
       369    -5000.000000000000000
       370      769.230769230769056
       371      192.307692307692008
       372     -384.615384615385040
       373     -961.538461538462002
       374    -1538.461538461540158
       375    -2115.384615384619792
       376    -2692.307692307689649
       377    -3269.230769230769965
       378    -3846.153846153839822
       379    -4423.076923076920139
       380    -5000.000000000000000
       381      769.230769230769056
       382      192.307692307693003
       383     -384.615384615385040
       384     -961.538461538462002
       385    -1538.461538461540158
       386    -2115.384615384619792
       387    -2692.307692307689649
       388    -3269.230769230769965
       389    -3846.153846153839822
       390    -4423.076923076929234
       391    -5000.000000000000000
       392      192.307692307692008
       393     -384.615384615385040
       394     -961.538461538462002
       395    -1538.461538461540158
       396    -2115.384615384619792
       397    -2692.307692307689649
       398    -3269.230769230769965
       399    -3846.153846153839822
       400    -4423.076923076929234
       401    -5000.000000000000000
       402     -384.615384615384016
       403     -961.538461538462002
       404    -1538.461538461540158
       405    -2115.384615384619792
       406    -2692.307692307689649
       407    -3269.230769230769965
       408    -3846.153846153839822
       409    -4423.076923076920139
       410    -5000.000000000000000
       411    -2115.384615384619792
       412    -2692.307692307689649
       413    -3269.230769230769965
       414    -3846.153846153839822
       415    -4423.076923076920139
       416    -5000.000000000000000
       417     -961.538461538460979
       418    -1538.461538461540158
       419    -2115.384615384619792
       420    -2692.307692307689649
       421    -3269.230769230769965
       422    -3846.153846153849827
       423    -4423.076923076920139
       424    -5000.000000000000000
       425     -384.615384615385040
       426     -961.538461538460979
       427    -1538.461538461540158
       428    -2115.384615384610242
       429    -2692.307692307689649
       430    -3269.230769230769965
       431    -3846.153846153849827
       432    -4423.076923076920139
       433    -5000.000000000000000
       434      192.307692307693003
       435     -384.615384615384016
       436     -961.538461538462002
       437    -1538.461538461540158
       438    -2115.384615384610242
       439    -2692.307692307689649
       440    -3269.230769230769965
       441    -3846.153846153849827
       442    -4423.076923076920139
       443    -5000.000000000000000
       444      769.230769230769056
       445      192.307692307692008
       446     -384.615384615385040
       447     -961.538461538462002
       448    -1538.461538461540158
       449    -2115.384615384619792
       450    -2692.307692307689649
       451    -3269.230769230769965
       452    -3846.153846153849827
       453    -4423.076923076920139
       454    -5000.000000000000000
       455     1346.153846153850054
       456      769.230769230769056
       457      192.307692307693003
       458     -384.615384615385040
       459     -961.538461538462002
       460    -1538.461538461540158
       461    -2115.384615384619792
       462    -2692.307692307689649
       463    -3269.230769230769965
       464    -3846.153846153849827
       465    -4423.076923076920139
       466    -5000.000000000000000
       467     1346.153846153850054
       468      769.230769230769056
       469      192.307692307692008
       470     -384.615384615385040
       471     -961.538461538462002
       472    -1538.461538461540158
       473    -2115.384615384610242
       474    -2692.307692307689649
       475    -3269.230769230769965
       476    -3846.153846153849827
       477    -4423.076923076920139
       478    -5000.000000000000000
       479     1346.153846153850054
       480      769.230769230768033
       481      192.307692307692008
       482     -384.615384615385040
       483     -961.538461538460979
       484    -1538.461538461540158
       485    -2115.384615384610242
       486    -2692.307692307689649
       487    -3269.230769230769965
       488    -3846.153846153849827
       489    -4423.076923076920139
       490    -5000.000000000000000
       491      769.230769230768033
       492      192.307692307692008
       493     -384.615384615385040
       494     -961.538461538462002
       495    -1538.461538461540158
       496    -2115.384615384610242
       497    -2692.307692307689649
       498    -3269.230769230769965
       499    -3846.153846153849827
       500    -4423.076923076920139
       501    -5000.000000000000000
       502      769.230769230768033
       503      192.307692307693003
       504     -384.615384615385040
       505     -961.538461538460979
       506    -1538.461538461540158
       507    -2115.384615384619792
       508    -2692.307692307689649
       509    -3269.230769230769965
       510    -3846.153846153849827
       511    -4423.076923076929234
       512    -5000.000000000000000
       513      192.307692307693003
       514     -384.615384615385040
       515     -961.538461538462002
       516    -1538.461538461540158
       517    -2115.384615384619792
       518    -2692.307692307689649
       519    -3269.230769230769965
       520    -3846.153846153849827
       521    -4423.076923076929234
       522    -5000.000000000000000
       523     -384.615384615385040
       524     -961.538461538460979
       525    -1538.461538461540158
       526    -2115.384615384619792
       527    -2692.307692307689649
       528    -3269.230769230769965
       529    -3846.153846153849827
       530    -4423.076923076920139
       531    -5000.000000000000000
       532     -961.538461538460979
       533    -1538.461538461540158
       534    -2115.384615384610242
       535    -2692.307692307689649
       536    -3269.230769230769965
       537    -3846.153846153849827
       538    -4423.076923076920139
       539    -5000.000000000000000
       540     -384.615384615385040
       541     -961.538461538462002
       542    -1538.461538461540158
       543    -2115.384615384610242
       544    -2692.307692307689649
       545    -3269.230769230769965
       546    -3846.153846153849827
       547    -4423.076923076920139
       548    -5000.000000000000000
       549      192.307692307693003
       550     -384.615384615384016
       551     -961.538461538462002
       552    -1538.461538461540158
       553    -2115.384615384610242
       554    -2692.307692307689649
       555    -3269.230769230769965
       556    -3846.153846153849827
       557    -4423.076923076920139
       558    -5000.000000000000000
       559      769.230769230769056
       560      192.307692307693003
       561     -384.615384615385040
       562     -961.538461538462002
       563    -1538.461538461540158
       564    -2115.384615384619792
       565    -2692.307692307689649
       566    -3269.230769230769965
       567    -3846.153846153849827
       568    -4423.076923076920139
       569    -5000.000000000000000
       570     1346.153846153850054
       571      769.230769230769056
       572      192.307692307693003
       573     -384.615384615385040
       574     -961.538461538462002
       575    -1538.461538461540158
       576    -2115.384615384619792
       577    -2692.307692307689649
       578    -3269.230769230769965
       579    -3846.153846153849827
       580    -4423.076923076920139
       581    -5000.000000000000000
       582     1346.153846153850054
       583      769.230769230768033
       584      192.307692307692008
       585     -384.615384615385040
       586     -961.538461538462002
       587    -1538.461538461540158
       588    -2115.384615384610242
       589    -2692.307692307689649
       590    -3269.230769230769965
       591    -3846.153846153849827
       592    -4423.076923076920139
       593    -5000.000000000000000
       594      769.230769230769056
       595      192.307692307692008
       596     -384.615384615385040
       597     -961.538461538463025
       598    -1538.461538461540158
       599    -2115.384615384619792
       600    -2692.307692307689649
       601    -3269.230769230769965
       602    -3846.153846153849827
       603    -4423.076923076920139
       604    -5000.000000000000000
       605      769.230769230769056
       606      192.307692307692008
       607     -384.615384615385040
       608     -961.538461538462002
       609    -1538.461538461540158
       610    -2115.384615384619792
       611    -2692.307692307689649
       612    -3269.230769230769965
       613    -3846.153846153849827
       614    -4423.076923076929234
       615    -5000.000000000000000
       616      192.307692307693003
       617     -384.615384615386006
       618     -961.538461538462002
       619    -1538.461538461540158
       620    -2115.384615384619792
       621    -2692.307692307689649
       622    -3269.230769230769965
       623    -3846.153846153849827
       624    -4423.076923076929234
       625    -5000.000000000000000
       626      192.307692307692008
       627     -384.615384615385040
       628     -961.538461538462002
       629    -1538.461538461540158
       630    -2115.384615384619792
       631    -2692.307692307689649
       632    -3269.230769230769965
       633    -3846.153846153849827
       634    -4423.076923076929234
       635    -5000.000000000000000
       636     -384.615384615385040
       637     -961.538461538462002
       638    -1538.461538461540158
       639    -2115.384615384619792
       640    -2692.307692307689649
       641    -3269.230769230769965
       642    -3846.153846153849827
       643    -4423.076923076929234
       644    -5000.000000000000000
       645     -961.538461538462002
       646    -1538.461538461540158
       647    -2115.384615384619792
       648    -2692.307692307689649
       649    -3269.230769230769965
       650    -3846.153846153849827
       651    -4423.076923076920139
       652    -5000.000000000000000
       653      192.307692307693003
       654     -384.615384615385040
       655     -961.538461538462002
       656    -1538.461538461540158
       657    -2115.384615384610242
       658    -2692.307692307689649
       659    -3269.230769230769965
       660    -3846.153846153849827
       661    -4423.076923076920139
       662    -5000.000000000000000
       663      769.230769230769056
       664      192.307692307692008
       665     -384.615384615385040
       666     -961.538461538460979
       667    -1538.461538461540158
       668    -2115.384615384610242
       669    -2692.307692307689649
       670    -3269.230769230769965
       671    -3846.153846153849827
       672    -4423.076923076920139
       673    -5000.000000000000000
       674     1346.153846153850054
       675      769.230769230769056
       676      192.307692307692008
       677     -384.615384615386006
       678     -961.538461538462002
       679    -1538.461538461540158
       680    -2115.384615384610242
       681    -2692.307692307689649
       682    -3269.230769230769965
       683    -3846.153846153849827
       684    -4423.076923076920139
       685    -5000.000000000000000
       686     1346.153846153850054
       687      769.230769230769056
       688      192.307692307692008
       689     -384.615384615385040
       690     -961.538461538462002
       691    -1538.461538461540158
       692    -2115.384615384610242
       693    -2692.307692307689649
       694    -3269.230769230769965
       695    -3846.153846153849827
       696    -4423.076923076920139
       697    -5000.000000000000000
       698      769.230769230769056
       699      192.307692307692008
       700     -384.615384615385040
       701     -961.538461538462002
       702    -1538.461538461540158
       703    -2115.384615384610242
       704    -2692.307692307689649
       705    -3269.230769230769965
       706    -3846.153846153849827
       707    -4423.076923076920139
       708    -5000.000000000000000
       709      192.307692307692008
       710     -384.615384615385040
       711     -961.538461538462002
       712    -1538.461538461540158
       713    -2115.384615384610242
       714    -2692.307692307689649
       715    -3269.230769230769965
       716    -3846.153846153849827
       717    -4423.076923076920139
       718    -5000.000000000000000
       719      192.307692307692008
       720     -384.615384615386006
       721     -961.538461538462002
       722    -1538.461538461540158
       723    -2115.384615384610242
       724    -2692.307692307689649
       725    -3269.230769230769965
       726    -3846.153846153849827
       727    -4423.076923076929234
       728    -5000.000000000000000
       729     -384.615384615385040
       730     -961.538461538462002
       731    -1538.461538461540158
       732    -2115.384615384610242
       733    -2692.307692307689649
       734    -3269.230769230769965
       735    -3846.153846153849827
       736    -4423.076923076929234
       737    -5000.000000000000000
       738     -384.615384615386006
       739     -961.538461538462002
       740    -1538.461538461540158
       741    -2115.384615384619792
       742    -2692.307692307689649
       743    -3269.230769230769965
       744    -3846.153846153849827
       745    -4423.076923076929234
       746    -5000.000000000000000
       747     -961.538461538460979
       748    -1538.461538461540158
       749    -2115.384615384610242
       750    -2692.307692307689649
       751    -3269.230769230769965
       752    -3846.153846153849827
       753    -4423.076923076920139
       754    -5000.000000000000000
