         735
         1   -10000.000000000000000
         2   -10000.000000000000000
         3    -9411.764705882360431
         4    -9411.764705882360431
         5   -10000.000000000000000
         6   -10000.000000000000000
         7    -9411.764705882349517
         8    -9411.764705882360431
         9   -10000.000000000000000
        10   -10000.000000000000000
        11    -9411.764705882349517
        12    -9411.764705882360431
        13   -10000.000000000000000
        14   -10000.000000000000000
        15    -9411.764705882349517
        16    -9411.764705882360431
        17   -10000.000000000000000
        18   -10000.000000000000000
        19    -9411.764705882360431
        20    -9411.764705882349517
        21   -10000.000000000000000
        22   -10000.000000000000000
        23    -9411.764705882360431
        24    -9411.764705882360431
        25   -10000.000000000000000
        26   -10000.000000000000000
        27    -9411.764705882349517
        28    -9411.764705882349517
        29   -10000.000000000000000
        30   -10000.000000000000000
        31    -9411.764705882349517
        32    -9411.764705882349517
        33   -10000.000000000000000
        34    -9411.764705882360431
        35   -10000.000000000000000
        36    -9411.764705882349517
        37   -10000.000000000000000
        38    -9411.764705882349517
        39   -10000.000000000000000
        40    -9411.764705882349517
        41   -10000.000000000000000
        42    -9411.764705882360431
        43   -10000.000000000000000
        44    -9411.764705882360431
        45   -10000.000000000000000
        46    -9411.764705882349517
        47   -10000.000000000000000
        48    -9411.764705882349517
        49    -8823.529411764709948
        50    -8823.529411764709948
        51    -8823.529411764699034
        52    -8823.529411764699034
        53    -8823.529411764699034
        54    -8823.529411764699034
        55    -8823.529411764699034
        56    -8823.529411764709948
        57    -8823.529411764699034
        58    -8823.529411764699034
        59    -8823.529411764709948
        60    -8823.529411764699034
        61    -8823.529411764699034
        62    -8823.529411764699034
        63    -8823.529411764709948
        64    -8823.529411764699034
        65    -8823.529411764709948
        66    -8823.529411764709948
        67    -8823.529411764709948
        68    -8823.529411764709948
        69    -8823.529411764709948
        70    -8823.529411764709948
        71    -8823.529411764699034
        72    -8823.529411764709948
        73    -8235.294117647059466
        74    -8235.294117647059466
        75    -8235.294117647059466
        76    -8235.294117647059466
        77    -8235.294117647059466
        78    -8235.294117647059466
        79    -8235.294117647059466
        80    -8235.294117647070379
        81    -8235.294117647059466
        82    -8235.294117647059466
        83    -8235.294117647059466
        84    -8235.294117647059466
        85    -8235.294117647059466
        86    -8235.294117647059466
        87    -8235.294117647059466
        88    -8235.294117647059466
        89    -8235.294117647059466
        90    -8235.294117647059466
        91    -8235.294117647059466
        92    -8235.294117647059466
        93    -8235.294117647059466
        94    -8235.294117647059466
        95    -8235.294117647059466
        96    -8235.294117647059466
        97    -7647.058823529410802
        98    -7647.058823529410802
        99    -7647.058823529410802
       100    -7647.058823529410802
       101    -7647.058823529410802
       102    -7647.058823529410802
       103    -7647.058823529410802
       104    -7647.058823529410802
       105    -7647.058823529410802
       106    -7647.058823529410802
       107    -7647.058823529410802
       108    -7647.058823529410802
       109    -7647.058823529410802
       110    -7647.058823529410802
       111    -7647.058823529410802
       112    -7647.058823529410802
       113    -7647.058823529410802
       114    -7647.058823529410802
       115    -7647.058823529410802
       116    -7647.058823529410802
       117    -7647.058823529410802
       118    -7647.058823529410802
       119    -7647.058823529410802
       120    -7647.058823529410802
       121    -7058.823529411760319
       122    -7058.823529411760319
       123    -7058.823529411760319
       124    -7058.823529411769414
       125    -7058.823529411760319
       126    -7058.823529411769414
       127    -7058.823529411760319
       128    -7058.823529411760319
       129    -7058.823529411760319
       130    -7058.823529411760319
       131    -7058.823529411760319
       132    -7058.823529411760319
       133    -7058.823529411760319
       134    -7058.823529411760319
       135    -7058.823529411760319
       136    -7058.823529411760319
       137    -7058.823529411760319
       138    -7058.823529411769414
       139    -7058.823529411760319
       140    -7058.823529411769414
       141    -7058.823529411760319
       142    -7058.823529411760319
       143    -7058.823529411760319
       144    -7058.823529411760319
       145    -6470.588235294120750
       146    -6470.588235294120750
       147    -6470.588235294120750
       148    -6470.588235294120750
       149    -6470.588235294120750
       150    -6470.588235294120750
       151    -6470.588235294120750
       152    -6470.588235294120750
       153    -6470.588235294120750
       154    -6470.588235294120750
       155    -6470.588235294120750
       156    -6470.588235294120750
       157    -6470.588235294120750
       158    -6470.588235294120750
       159    -6470.588235294120750
       160    -6470.588235294120750
       161    -6470.588235294120750
       162    -6470.588235294120750
       163    -6470.588235294120750
       164    -6470.588235294120750
       165    -6470.588235294120750
       166    -6470.588235294120750
       167    -6470.588235294120750
       168    -6470.588235294120750
       169    -5882.352941176470267
       170    -5882.352941176470267
       171    -5882.352941176470267
       172    -5882.352941176470267
       173    -5882.352941176470267
       174    -5882.352941176470267
       175    -5882.352941176470267
       176    -5882.352941176470267
       177    -5882.352941176470267
       178    -5882.352941176470267
       179    -5882.352941176470267
       180    -5882.352941176470267
       181    -5882.352941176470267
       182    -5882.352941176470267
       183    -5882.352941176470267
       184    -5882.352941176470267
       185    -5882.352941176470267
       186    -5882.352941176470267
       187    -5882.352941176470267
       188    -5882.352941176470267
       189    -5882.352941176470267
       190    -5882.352941176470267
       191    -5882.352941176470267
       192    -5882.352941176470267
       193    -5294.117647058819784
       194    -5294.117647058819784
       195    -5294.117647058819784
       196    -5294.117647058819784
       197    -5294.117647058819784
       198    -5294.117647058819784
       199    -5294.117647058819784
       200    -5294.117647058819784
       201    -5294.117647058819784
       202    -5294.117647058819784
       203    -5294.117647058819784
       204    -5294.117647058819784
       205    -5294.117647058819784
       206    -5294.117647058819784
       207    -5294.117647058819784
       208    -5294.117647058819784
       209    -5294.117647058819784
       210    -5294.117647058819784
       211    -5294.117647058819784
       212    -5294.117647058819784
       213    -5294.117647058819784
       214    -5294.117647058819784
       215    -5294.117647058819784
       216    -5294.117647058819784
       217    -4705.882352941180216
       218    -4705.882352941180216
       219    -4705.882352941180216
       220    -4705.882352941180216
       221    -4705.882352941180216
       222    -4705.882352941180216
       223    -4705.882352941180216
       224    -4705.882352941180216
       225    -4705.882352941180216
       226    -4705.882352941180216
       227    -4705.882352941180216
       228    -4705.882352941180216
       229    -4705.882352941180216
       230    -4705.882352941180216
       231    -4705.882352941180216
       232    -4705.882352941180216
       233    -4705.882352941180216
       234    -4705.882352941180216
       235   -10000.000000000000000
       236   -10000.000000000000000
       237    -9411.764705882360431
       238    -9411.764705882360431
       239   -10000.000000000000000
       240   -10000.000000000000000
       241    -9411.764705882349517
       242    -9411.764705882360431
       243   -10000.000000000000000
       244   -10000.000000000000000
       245    -9411.764705882349517
       246    -9411.764705882360431
       247   -10000.000000000000000
       248   -10000.000000000000000
       249    -9411.764705882349517
       250    -9411.764705882360431
       251   -10000.000000000000000
       252   -10000.000000000000000
       253    -9411.764705882360431
       254    -9411.764705882360431
       255   -10000.000000000000000
       256   -10000.000000000000000
       257    -9411.764705882360431
       258    -9411.764705882360431
       259   -10000.000000000000000
       260   -10000.000000000000000
       261    -9411.764705882349517
       262    -9411.764705882349517
       263   -10000.000000000000000
       264   -10000.000000000000000
       265    -9411.764705882349517
       266    -9411.764705882349517
       267   -10000.000000000000000
       268    -9411.764705882360431
       269   -10000.000000000000000
       270    -9411.764705882349517
       271   -10000.000000000000000
       272    -9411.764705882349517
       273   -10000.000000000000000
       274    -9411.764705882360431
       275   -10000.000000000000000
       276    -9411.764705882360431
       277   -10000.000000000000000
       278    -9411.764705882360431
       279   -10000.000000000000000
       280    -9411.764705882349517
       281   -10000.000000000000000
       282    -9411.764705882360431
       283    -8823.529411764709948
       284    -8823.529411764709948
       285    -8823.529411764699034
       286    -8823.529411764699034
       287    -8823.529411764699034
       288    -8823.529411764709948
       289    -8823.529411764699034
       290    -8823.529411764709948
       291    -8823.529411764699034
       292    -8823.529411764699034
       293    -8823.529411764709948
       294    -8823.529411764709948
       295    -8823.529411764699034
       296    -8823.529411764699034
       297    -8823.529411764709948
       298    -8823.529411764709948
       299    -8823.529411764709948
       300    -8823.529411764699034
       301    -8823.529411764709948
       302    -8823.529411764709948
       303    -8823.529411764699034
       304    -8823.529411764709948
       305    -8823.529411764699034
       306    -8823.529411764709948
       307    -8235.294117647059466
       308    -8235.294117647059466
       309    -8235.294117647059466
       310    -8235.294117647059466
       311    -8235.294117647059466
       312    -8235.294117647070379
       313    -8235.294117647059466
       314    -8235.294117647059466
       315    -8235.294117647059466
       316    -8235.294117647059466
       317    -8235.294117647059466
       318    -8235.294117647059466
       319    -8235.294117647059466
       320    -8235.294117647059466
       321    -8235.294117647059466
       322    -8235.294117647059466
       323    -8235.294117647059466
       324    -8235.294117647059466
       325    -8235.294117647070379
       326    -8235.294117647059466
       327    -8235.294117647070379
       328    -8235.294117647070379
       329    -8235.294117647070379
       330    -8235.294117647059466
       331    -7647.058823529410802
       332    -7647.058823529410802
       333    -7647.058823529410802
       334    -7647.058823529410802
       335    -7647.058823529410802
       336    -7647.058823529410802
       337    -7647.058823529410802
       338    -7647.058823529410802
       339    -7647.058823529410802
       340    -7647.058823529410802
       341    -7647.058823529410802
       342    -7647.058823529410802
       343    -7647.058823529410802
       344    -7647.058823529410802
       345    -7647.058823529410802
       346    -7647.058823529410802
       347    -7647.058823529410802
       348    -7647.058823529410802
       349    -7647.058823529410802
       350    -7647.058823529410802
       351    -7647.058823529410802
       352    -7647.058823529410802
       353    -7647.058823529410802
       354    -7647.058823529410802
       355    -7058.823529411760319
       356    -7058.823529411760319
       357    -7058.823529411760319
       358    -7058.823529411760319
       359    -7058.823529411760319
       360    -7058.823529411760319
       361    -7058.823529411760319
       362    -7058.823529411760319
       363    -7058.823529411760319
       364    -7058.823529411760319
       365    -7058.823529411760319
       366    -7058.823529411760319
       367    -7058.823529411760319
       368    -7058.823529411760319
       369    -7058.823529411760319
       370    -7058.823529411760319
       371    -7058.823529411760319
       372    -7058.823529411760319
       373    -7058.823529411760319
       374    -7058.823529411760319
       375    -7058.823529411760319
       376    -7058.823529411760319
       377    -7058.823529411760319
       378    -7058.823529411760319
       379    -6470.588235294120750
       380    -6470.588235294109836
       381    -6470.588235294120750
       382    -6470.588235294120750
       383    -6470.588235294120750
       384    -6470.588235294120750
       385    -6470.588235294120750
       386    -6470.588235294120750
       387    -6470.588235294120750
       388    -6470.588235294120750
       389    -6470.588235294120750
       390    -6470.588235294120750
       391    -6470.588235294120750
       392    -6470.588235294120750
       393    -6470.588235294120750
       394    -6470.588235294120750
       395    -6470.588235294109836
       396    -6470.588235294120750
       397    -6470.588235294120750
       398    -6470.588235294120750
       399    -6470.588235294120750
       400    -6470.588235294120750
       401    -6470.588235294120750
       402    -6470.588235294120750
       403    -5882.352941176470267
       404    -5882.352941176470267
       405    -5882.352941176470267
       406    -5882.352941176470267
       407    -5882.352941176470267
       408    -5882.352941176470267
       409    -5882.352941176470267
       410    -5882.352941176470267
       411    -5882.352941176470267
       412    -5882.352941176470267
       413    -5882.352941176470267
       414    -5882.352941176470267
       415    -5882.352941176470267
       416    -5882.352941176470267
       417    -5882.352941176470267
       418    -5882.352941176470267
       419    -5882.352941176470267
       420    -5882.352941176470267
       421    -5882.352941176470267
       422    -5882.352941176470267
       423    -5882.352941176470267
       424    -5882.352941176470267
       425    -5882.352941176470267
       426    -5294.117647058819784
       427    -5294.117647058819784
       428    -5294.117647058819784
       429    -5294.117647058819784
       430    -5294.117647058819784
       431    -5294.117647058819784
       432    -5294.117647058819784
       433    -5294.117647058819784
       434    -5294.117647058819784
       435    -5294.117647058829789
       436    -5294.117647058819784
       437    -5294.117647058829789
       438    -5294.117647058819784
       439    -5294.117647058829789
       440    -5294.117647058819784
       441    -5294.117647058819784
       442    -5294.117647058819784
       443    -5294.117647058819784
       444    -5294.117647058819784
       445    -5294.117647058819784
       446    -5294.117647058829789
       447    -5294.117647058819784
       448    -4705.882352941180216
       449    -4705.882352941180216
       450    -4705.882352941180216
       451    -4705.882352941180216
       452    -4705.882352941180216
       453    -4705.882352941180216
       454    -4705.882352941180216
       455    -4705.882352941180216
       456    -4705.882352941180216
       457    -4705.882352941180216
       458    -4705.882352941180216
       459    -4705.882352941180216
       460    -4705.882352941180216
       461    -4705.882352941180216
       462    -4705.882352941180216
       463    -4705.882352941180216
       464    -4705.882352941180216
       465    -4705.882352941180216
       466   -10000.000000000000000
       467    -9411.764705882349517
       468   -10000.000000000000000
       469    -9411.764705882349517
       470   -10000.000000000000000
       471    -9411.764705882349517
       472   -10000.000000000000000
       473    -9411.764705882349517
       474   -10000.000000000000000
       475    -9411.764705882360431
       476   -10000.000000000000000
       477    -9411.764705882360431
       478    -8823.529411764709948
       479    -8823.529411764699034
       480    -8823.529411764709948
       481    -8823.529411764699034
       482    -8823.529411764709948
       483    -8823.529411764699034
       484    -8235.294117647059466
       485    -8235.294117647070379
       486    -8235.294117647059466
       487    -8235.294117647059466
       488    -8235.294117647059466
       489    -8235.294117647059466
       490    -7647.058823529410802
       491    -7647.058823529410802
       492    -7647.058823529410802
       493    -7647.058823529410802
       494    -7647.058823529410802
       495    -7647.058823529410802
       496    -7647.058823529410802
       497    -7647.058823529410802
       498    -7058.823529411760319
       499    -7058.823529411760319
       500    -7058.823529411760319
       501    -7058.823529411769414
       502    -7058.823529411769414
       503    -7058.823529411769414
       504    -7058.823529411760319
       505    -7058.823529411760319
       506    -7058.823529411760319
       507    -7058.823529411769414
       508    -6470.588235294120750
       509    -6470.588235294120750
       510    -6470.588235294120750
       511    -6470.588235294120750
       512    -6470.588235294120750
       513    -6470.588235294120750
       514    -6470.588235294120750
       515    -6470.588235294120750
       516    -6470.588235294120750
       517    -6470.588235294120750
       518    -5882.352941176470267
       519    -5882.352941176470267
       520    -5882.352941176470267
       521    -5882.352941176470267
       522    -5882.352941176470267
       523    -5882.352941176470267
       524    -5882.352941176470267
       525    -5882.352941176470267
       526    -5882.352941176470267
       527    -5882.352941176470267
       528    -5294.117647058819784
       529    -5294.117647058819784
       530    -5294.117647058819784
       531    -5294.117647058819784
       532    -5294.117647058819784
       533    -5294.117647058819784
       534    -5294.117647058819784
       535    -5294.117647058819784
       536    -4705.882352941180216
       537    -4705.882352941180216
       538    -4705.882352941180216
       539    -4705.882352941180216
       540    -4705.882352941180216
       541    -4705.882352941180216
       542   -10000.000000000000000
       543    -9411.764705882360431
       544   -10000.000000000000000
       545    -9411.764705882360431
       546   -10000.000000000000000
       547    -9411.764705882360431
       548    -8823.529411764709948
       549    -8823.529411764699034
       550    -8823.529411764709948
       551    -8235.294117647070379
       552    -8235.294117647059466
       553    -8235.294117647059466
       554    -7647.058823529410802
       555    -7647.058823529410802
       556    -7647.058823529410802
       557    -7647.058823529410802
       558    -7058.823529411769414
       559    -7058.823529411760319
       560    -7058.823529411769414
       561    -7058.823529411760319
       562    -7058.823529411769414
       563    -6470.588235294120750
       564    -6470.588235294120750
       565    -6470.588235294120750
       566    -6470.588235294120750
       567    -6470.588235294120750
       568    -5882.352941176470267
       569    -5882.352941176470267
       570    -5882.352941176470267
       571    -5882.352941176470267
       572    -5882.352941176470267
       573    -5294.117647058819784
       574    -5294.117647058819784
       575    -5294.117647058819784
       576    -5294.117647058819784
       577    -4705.882352941180216
       578    -4705.882352941180216
       579    -4705.882352941180216
       580   -10000.000000000000000
       581    -9411.764705882360431
       582   -10000.000000000000000
       583    -9411.764705882360431
       584   -10000.000000000000000
       585    -9411.764705882360431
       586    -8823.529411764699034
       587    -8823.529411764699034
       588    -8823.529411764699034
       589    -8235.294117647070379
       590    -8235.294117647070379
       591    -8235.294117647059466
       592    -7647.058823529410802
       593    -7647.058823529410802
       594    -7647.058823529410802
       595    -7647.058823529410802
       596    -7058.823529411760319
       597    -7058.823529411769414
       598    -7058.823529411769414
       599    -7058.823529411769414
       600    -7058.823529411760319
       601    -6470.588235294120750
       602    -6470.588235294120750
       603    -6470.588235294120750
       604    -6470.588235294120750
       605    -6470.588235294120750
       606    -5882.352941176470267
       607    -5882.352941176470267
       608    -5882.352941176470267
       609    -5882.352941176470267
       610    -5882.352941176470267
       611    -5294.117647058819784
       612    -5294.117647058819784
       613    -5294.117647058819784
       614    -5294.117647058819784
       615    -4705.882352941180216
       616    -4705.882352941180216
       617    -4705.882352941180216
       618   -10000.000000000000000
       619    -9411.764705882349517
       620   -10000.000000000000000
       621    -9411.764705882349517
       622   -10000.000000000000000
       623    -9411.764705882360431
       624    -8823.529411764709948
       625    -8823.529411764709948
       626    -8823.529411764709948
       627    -8235.294117647059466
       628    -8235.294117647059466
       629    -8235.294117647059466
       630    -7647.058823529410802
       631    -7647.058823529410802
       632    -7647.058823529410802
       633    -7647.058823529410802
       634    -7058.823529411760319
       635    -7058.823529411760319
       636    -7058.823529411769414
       637    -7058.823529411760319
       638    -7058.823529411760319
       639    -6470.588235294120750
       640    -6470.588235294120750
       641    -6470.588235294120750
       642    -6470.588235294120750
       643    -6470.588235294120750
       644    -5882.352941176470267
       645    -5882.352941176470267
       646    -5882.352941176470267
       647    -5882.352941176470267
       648    -5882.352941176470267
       649    -5294.117647058819784
       650    -5294.117647058819784
       651    -5294.117647058819784
       652    -5294.117647058819784
       653    -4705.882352941180216
       654    -4705.882352941180216
       655    -4705.882352941180216
       656   -10000.000000000000000
       657    -9411.764705882349517
       658   -10000.000000000000000
       659    -9411.764705882349517
       660   -10000.000000000000000
       661    -9411.764705882349517
       662    -8823.529411764699034
       663    -8823.529411764699034
       664    -8823.529411764699034
       665    -8235.294117647059466
       666    -8235.294117647059466
       667    -8235.294117647059466
       668    -7647.058823529410802
       669    -7647.058823529410802
       670    -7647.058823529410802
       671    -7647.058823529410802
       672    -7058.823529411760319
       673    -7058.823529411760319
       674    -7058.823529411769414
       675    -7058.823529411760319
       676    -6470.588235294120750
       677    -6470.588235294120750
       678    -6470.588235294120750
       679    -6470.588235294120750
       680    -5882.352941176470267
       681    -5882.352941176470267
       682    -5882.352941176470267
       683    -5882.352941176470267
       684    -5294.117647058819784
       685    -5294.117647058819784
       686    -5294.117647058819784
       687    -5294.117647058819784
       688    -4705.882352941180216
       689    -4705.882352941180216
       690    -4705.882352941180216
       691   -10000.000000000000000
       692    -9411.764705882349517
       693   -10000.000000000000000
       694    -9411.764705882360431
       695   -10000.000000000000000
       696    -9411.764705882349517
       697    -8823.529411764709948
       698    -8823.529411764699034
       699    -8823.529411764699034
       700    -8235.294117647059466
       701    -8235.294117647059466
       702    -8235.294117647059466
       703    -7647.058823529410802
       704    -7647.058823529410802
       705    -7647.058823529410802
       706    -7058.823529411760319
       707    -7058.823529411760319
       708    -7058.823529411769414
       709    -7058.823529411760319
       710    -6470.588235294120750
       711    -6470.588235294120750
       712    -6470.588235294120750
       713    -6470.588235294120750
       714    -5882.352941176470267
       715    -5882.352941176470267
       716    -5882.352941176470267
       717    -5882.352941176470267
       718    -5294.117647058819784
       719    -5294.117647058819784
       720    -5294.117647058819784
       721   -10000.000000000000000
       722    -9411.764705882360431
       723   -10000.000000000000000
       724    -9411.764705882360431
       725   -10000.000000000000000
       726    -9411.764705882349517
       727    -8823.529411764709948
       728    -8823.529411764709948
       729    -8823.529411764709948
       730    -8235.294117647059466
       731    -8235.294117647059466
       732    -8235.294117647059466
       733    -7647.058823529410802
       734    -7647.058823529410802
       735    -7058.823529411760319
