         757
         1    -3230.769230769230035
         2    -3230.769230769230035
         3    -3846.153846153849827
         4    -3846.153846153849827
         5    -4461.538461538460069
         6    -4461.538461538460069
         7    -5076.923076923079861
         8    -5076.923076923070766
         9    -3230.769230769230035
        10    -3846.153846153849827
        11    -4461.538461538460069
        12    -5076.923076923079861
        13    -2615.384615384610242
        14    -2615.384615384610242
        15    -3230.769230769230035
        16    -3230.769230769230035
        17    -3846.153846153849827
        18    -3846.153846153849827
        19    -4461.538461538460069
        20    -4461.538461538460069
        21    -5076.923076923079861
        22    -5076.923076923079861
        23    -5692.307692307689649
        24    -5692.307692307689649
        25    -2615.384615384619792
        26    -3230.769230769230035
        27    -3846.153846153849827
        28    -4461.538461538460069
        29    -5076.923076923079861
        30    -5692.307692307689649
        31    -2615.384615384619792
        32    -2615.384615384619792
        33    -3230.769230769230035
        34    -3230.769230769230035
        35    -3846.153846153849827
        36    -3846.153846153849827
        37    -4461.538461538460069
        38    -4461.538461538460069
        39    -5076.923076923079861
        40    -5076.923076923079861
        41    -5692.307692307689649
        42    -5692.307692307689649
        43    -2615.384615384619792
        44    -3230.769230769230035
        45    -3846.153846153849827
        46    -4461.538461538460069
        47    -5076.923076923070766
        48    -5692.307692307689649
        49    -2615.384615384619792
        50    -2615.384615384610242
        51    -3230.769230769230035
        52    -3230.769230769230035
        53    -3846.153846153849827
        54    -3846.153846153849827
        55    -4461.538461538460069
        56    -4461.538461538460069
        57    -5076.923076923079861
        58    -5076.923076923079861
        59    -5692.307692307689649
        60    -5692.307692307689649
        61    -6307.692307692310351
        62    -6307.692307692310351
        63    -2615.384615384610242
        64    -3230.769230769230035
        65    -3846.153846153849827
        66    -4461.538461538460069
        67    -5076.923076923079861
        68    -5692.307692307689649
        69    -6307.692307692310351
        70    -2615.384615384619792
        71    -2615.384615384610242
        72    -3230.769230769230035
        73    -3230.769230769230035
        74    -3846.153846153849827
        75    -3846.153846153849827
        76    -4461.538461538460069
        77    -4461.538461538460069
        78    -5076.923076923079861
        79    -5076.923076923079861
        80    -5692.307692307689649
        81    -5692.307692307689649
        82    -6307.692307692310351
        83    -6307.692307692310351
        84    -2615.384615384619792
        85    -3230.769230769230035
        86    -3846.153846153849827
        87    -4461.538461538460069
        88    -5076.923076923079861
        89    -5692.307692307689649
        90    -6307.692307692310351
        91    -2615.384615384619792
        92    -2615.384615384610242
        93    -3230.769230769230035
        94    -3230.769230769230035
        95    -3846.153846153849827
        96    -3846.153846153849827
        97    -4461.538461538460069
        98    -4461.538461538460069
        99    -5076.923076923070766
       100    -5076.923076923070766
       101    -5692.307692307689649
       102    -5692.307692307689649
       103    -6307.692307692310351
       104    -6307.692307692310351
       105    -2615.384615384619792
       106    -3230.769230769230035
       107    -3846.153846153849827
       108    -4461.538461538460069
       109    -5076.923076923070766
       110    -5692.307692307689649
       111    -6307.692307692310351
       112    -2615.384615384610242
       113    -2615.384615384610242
       114    -3230.769230769230035
       115    -3230.769230769230035
       116    -3846.153846153849827
       117    -3846.153846153849827
       118    -4461.538461538460069
       119    -4461.538461538460069
       120    -5076.923076923079861
       121    -5076.923076923079861
       122    -5692.307692307689649
       123    -5692.307692307689649
       124    -6307.692307692310351
       125    -6307.692307692310351
       126    -2615.384615384619792
       127    -3230.769230769230035
       128    -3846.153846153839822
       129    -4461.538461538460069
       130    -5076.923076923070766
       131    -5692.307692307689649
       132    -6307.692307692310351
       133    -2615.384615384619792
       134    -2615.384615384610242
       135    -3230.769230769230035
       136    -3230.769230769230035
       137    -3846.153846153849827
       138    -3846.153846153849827
       139    -4461.538461538460069
       140    -4461.538461538460069
       141    -5076.923076923079861
       142    -5076.923076923079861
       143    -5692.307692307689649
       144    -5692.307692307689649
       145    -6307.692307692310351
       146    -6307.692307692310351
       147    -2615.384615384610242
       148    -3230.769230769230035
       149    -3846.153846153849827
       150    -4461.538461538460069
       151    -5076.923076923079861
       152    -5692.307692307689649
       153    -6307.692307692310351
       154    -2615.384615384610242
       155    -2615.384615384619792
       156    -3230.769230769230035
       157    -3230.769230769230035
       158    -3846.153846153849827
       159    -3846.153846153849827
       160    -4461.538461538460069
       161    -4461.538461538460069
       162    -5076.923076923079861
       163    -5076.923076923079861
       164    -5692.307692307689649
       165    -5692.307692307689649
       166    -6307.692307692310351
       167    -6307.692307692310351
       168    -2615.384615384619792
       169    -3230.769230769230035
       170    -3846.153846153849827
       171    -4461.538461538460069
       172    -5076.923076923079861
       173    -5692.307692307689649
       174    -6307.692307692310351
       175    -3230.769230769230035
       176    -3230.769230769230035
       177    -3846.153846153849827
       178    -3846.153846153849827
       179    -4461.538461538460069
       180    -4461.538461538460069
       181    -5076.923076923079861
       182    -5076.923076923079861
       183    -5692.307692307689649
       184    -5692.307692307689649
       185    -3230.769230769230035
       186    -3846.153846153849827
       187    -4461.538461538460069
       188    -5076.923076923079861
       189    -5692.307692307689649
       190    -3846.153846153849827
       191    -3846.153846153849827
       192    -4461.538461538460069
       193    -4461.538461538460069
       194    -5076.923076923079861
       195    -5076.923076923079861
       196    -3846.153846153849827
       197    -4461.538461538460069
       198    -5076.923076923070766
       199    -3230.769230769230035
       200    -3230.769230769230035
       201    -3846.153846153849827
       202    -3846.153846153839822
       203    -4461.538461538460069
       204    -4461.538461538460069
       205    -5076.923076923079861
       206    -5076.923076923070766
       207    -5692.307692307689649
       208    -3230.769230769230035
       209    -3846.153846153849827
       210    -4461.538461538460069
       211    -5076.923076923070766
       212    -2615.384615384610242
       213    -2615.384615384610242
       214    -3230.769230769230035
       215    -3230.769230769230035
       216    -3846.153846153849827
       217    -3846.153846153849827
       218    -4461.538461538460069
       219    -4461.538461538460069
       220    -5076.923076923079861
       221    -5076.923076923079861
       222    -5692.307692307689649
       223    -5692.307692307689649
       224    -2615.384615384610242
       225    -3230.769230769230035
       226    -3846.153846153849827
       227    -4461.538461538460069
       228    -5076.923076923079861
       229    -5692.307692307689649
       230    -2615.384615384619792
       231    -2615.384615384610242
       232    -3230.769230769230035
       233    -3230.769230769230035
       234    -3846.153846153849827
       235    -3846.153846153849827
       236    -4461.538461538460069
       237    -4461.538461538460069
       238    -5076.923076923079861
       239    -5076.923076923079861
       240    -5692.307692307689649
       241    -5692.307692307699654
       242    -6307.692307692310351
       243    -2615.384615384610242
       244    -3230.769230769230035
       245    -3846.153846153849827
       246    -4461.538461538460069
       247    -5076.923076923079861
       248    -5692.307692307689649
       249    -2615.384615384619792
       250    -2615.384615384619792
       251    -3230.769230769230035
       252    -3230.769230769230035
       253    -3846.153846153849827
       254    -3846.153846153849827
       255    -4461.538461538460069
       256    -4461.538461538460069
       257    -5076.923076923079861
       258    -5076.923076923079861
       259    -5692.307692307689649
       260    -5692.307692307689649
       261    -6307.692307692310351
       262    -6307.692307692310351
       263    -2615.384615384610242
       264    -3230.769230769230035
       265    -3846.153846153839822
       266    -4461.538461538460069
       267    -5076.923076923079861
       268    -5692.307692307689649
       269    -6307.692307692310351
       270    -2615.384615384619792
       271    -2615.384615384610242
       272    -3230.769230769230035
       273    -3230.769230769230035
       274    -3846.153846153849827
       275    -3846.153846153849827
       276    -4461.538461538460069
       277    -4461.538461538460069
       278    -5076.923076923079861
       279    -5076.923076923070766
       280    -5692.307692307689649
       281    -5692.307692307699654
       282    -6307.692307692310351
       283    -6307.692307692310351
       284    -2615.384615384619792
       285    -3230.769230769230035
       286    -3846.153846153849827
       287    -4461.538461538460069
       288    -5076.923076923070766
       289    -5692.307692307689649
       290    -6307.692307692310351
       291    -2615.384615384619792
       292    -2615.384615384610242
       293    -3230.769230769230035
       294    -3230.769230769230035
       295    -3846.153846153849827
       296    -3846.153846153849827
       297    -4461.538461538460069
       298    -4461.538461538460069
       299    -5076.923076923070766
       300    -5076.923076923070766
       301    -5692.307692307689649
       302    -5692.307692307689649
       303    -6307.692307692310351
       304    -6307.692307692310351
       305    -2615.384615384610242
       306    -3230.769230769230035
       307    -3846.153846153849827
       308    -4461.538461538460069
       309    -5076.923076923070766
       310    -5692.307692307699654
       311    -6307.692307692310351
       312    -2615.384615384610242
       313    -2615.384615384610242
       314    -3230.769230769230035
       315    -3230.769230769230035
       316    -3846.153846153849827
       317    -3846.153846153849827
       318    -4461.538461538460069
       319    -4461.538461538460069
       320    -5076.923076923079861
       321    -5076.923076923070766
       322    -5692.307692307689649
       323    -5692.307692307689649
       324    -6307.692307692310351
       325    -6307.692307692310351
       326    -2615.384615384610242
       327    -3230.769230769230035
       328    -3846.153846153849827
       329    -4461.538461538460069
       330    -5076.923076923070766
       331    -5692.307692307699654
       332    -6307.692307692300346
       333    -2615.384615384619792
       334    -2615.384615384610242
       335    -3230.769230769230035
       336    -3230.769230769230035
       337    -3846.153846153849827
       338    -3846.153846153849827
       339    -4461.538461538460069
       340    -4461.538461538460069
       341    -5076.923076923079861
       342    -5076.923076923079861
       343    -5692.307692307689649
       344    -5692.307692307689649
       345    -6307.692307692310351
       346    -6307.692307692310351
       347    -2615.384615384619792
       348    -3230.769230769230035
       349    -3846.153846153849827
       350    -4461.538461538460069
       351    -5076.923076923070766
       352    -5692.307692307699654
       353    -6307.692307692310351
       354    -2615.384615384610242
       355    -2615.384615384610242
       356    -3230.769230769230035
       357    -3230.769230769230035
       358    -3846.153846153849827
       359    -3846.153846153849827
       360    -4461.538461538460069
       361    -4461.538461538460069
       362    -5076.923076923079861
       363    -5076.923076923079861
       364    -5692.307692307689649
       365    -5692.307692307689649
       366    -6307.692307692310351
       367    -6307.692307692310351
       368    -2615.384615384610242
       369    -3230.769230769230035
       370    -3846.153846153849827
       371    -4461.538461538460069
       372    -5076.923076923079861
       373    -5692.307692307689649
       374    -6307.692307692310351
       375    -3230.769230769230035
       376    -3230.769230769230035
       377    -3846.153846153849827
       378    -3846.153846153849827
       379    -4461.538461538460069
       380    -4461.538461538460069
       381    -5076.923076923079861
       382    -5076.923076923079861
       383    -5692.307692307689649
       384    -5692.307692307689649
       385    -6307.692307692310351
       386    -3230.769230769230035
       387    -3846.153846153849827
       388    -4461.538461538460069
       389    -5076.923076923070766
       390    -5692.307692307689649
       391    -3846.153846153849827
       392    -3846.153846153849827
       393    -4461.538461538460069
       394    -4461.538461538460069
       395    -5076.923076923079861
       396    -5076.923076923070766
       397    -5692.307692307689649
       398    -3846.153846153849827
       399    -4461.538461538460069
       400    -5076.923076923070766
       401    -6923.076923076929234
       402    -6923.076923076929234
       403    -6923.076923076920139
       404    -6923.076923076920139
       405    -6923.076923076920139
       406    -6923.076923076920139
       407    -6923.076923076920139
       408    -6923.076923076920139
       409    -6923.076923076920139
       410    -6923.076923076929234
       411    -6923.076923076929234
       412    -6923.076923076929234
       413    -6923.076923076929234
       414    -6923.076923076920139
       415    -6923.076923076920139
       416    -6923.076923076920139
       417    -6923.076923076920139
       418    -6307.692307692310351
       419    -6307.692307692310351
       420    -6307.692307692310351
       421    -6307.692307692310351
       422    -6307.692307692310351
       423    -6307.692307692310351
       424    -6307.692307692310351
       425    -6307.692307692310351
       426    -6307.692307692310351
       427    -6307.692307692310351
       428    -6307.692307692310351
       429    -6307.692307692310351
       430    -6307.692307692310351
       431    -6307.692307692310351
       432    -6307.692307692310351
       433    -6307.692307692310351
       434    -6307.692307692310351
       435    -6307.692307692310351
       436    -6307.692307692310351
       437    -6307.692307692310351
       438    -6307.692307692310351
       439    -6307.692307692310351
       440    -6307.692307692310351
       441    -6307.692307692310351
       442    -6307.692307692310351
       443    -6307.692307692310351
       444    -6307.692307692310351
       445    -6307.692307692310351
       446    -6307.692307692310351
       447    -6307.692307692310351
       448    -6307.692307692310351
       449    -6307.692307692310351
       450    -6307.692307692310351
       451    -6307.692307692310351
       452    -6307.692307692310351
       453    -6307.692307692310351
       454    -6307.692307692310351
       455    -6307.692307692310351
       456    -5692.307692307689649
       457    -5692.307692307689649
       458    -5692.307692307689649
       459    -5692.307692307689649
       460    -5692.307692307689649
       461    -5692.307692307689649
       462    -5692.307692307689649
       463    -5692.307692307689649
       464    -5692.307692307689649
       465    -5692.307692307689649
       466    -5692.307692307689649
       467    -5692.307692307689649
       468    -5692.307692307689649
       469    -5692.307692307689649
       470    -5692.307692307689649
       471    -5692.307692307689649
       472    -5692.307692307689649
       473    -5692.307692307689649
       474    -5692.307692307689649
       475    -5692.307692307689649
       476    -5692.307692307689649
       477    -5692.307692307689649
       478    -5692.307692307689649
       479    -5692.307692307689649
       480    -5692.307692307689649
       481    -5692.307692307689649
       482    -5692.307692307689649
       483    -5692.307692307699654
       484    -5692.307692307689649
       485    -5692.307692307699654
       486    -5692.307692307689649
       487    -5692.307692307689649
       488    -5692.307692307689649
       489    -5692.307692307689649
       490    -5692.307692307689649
       491    -5692.307692307689649
       492    -5692.307692307699654
       493    -5692.307692307689649
       494    -5692.307692307689649
       495    -5692.307692307689649
       496    -5692.307692307689649
       497    -5692.307692307689649
       498    -5692.307692307689649
       499    -5692.307692307689649
       500    -5692.307692307689649
       501    -5692.307692307689649
       502    -5692.307692307689649
       503    -5692.307692307689649
       504    -5076.923076923070766
       505    -5076.923076923079861
       506    -5076.923076923079861
       507    -5076.923076923079861
       508    -5076.923076923079861
       509    -5076.923076923079861
       510    -5076.923076923079861
       511    -5076.923076923079861
       512    -5076.923076923070766
       513    -5076.923076923079861
       514    -5076.923076923079861
       515    -5076.923076923079861
       516    -5076.923076923079861
       517    -5076.923076923079861
       518    -5076.923076923079861
       519    -5076.923076923079861
       520    -5076.923076923079861
       521    -5076.923076923079861
       522    -5076.923076923079861
       523    -5076.923076923079861
       524    -5076.923076923079861
       525    -5076.923076923070766
       526    -5076.923076923079861
       527    -5076.923076923079861
       528    -5076.923076923079861
       529    -5076.923076923079861
       530    -5076.923076923070766
       531    -5076.923076923079861
       532    -5076.923076923079861
       533    -5076.923076923079861
       534    -5076.923076923079861
       535    -5076.923076923079861
       536    -5076.923076923079861
       537    -5076.923076923079861
       538    -5076.923076923079861
       539    -5076.923076923079861
       540    -5076.923076923079861
       541    -5076.923076923070766
       542    -5076.923076923079861
       543    -5076.923076923079861
       544    -5076.923076923079861
       545    -5076.923076923079861
       546    -5076.923076923079861
       547    -5076.923076923079861
       548    -5076.923076923079861
       549    -5076.923076923079861
       550    -5076.923076923079861
       551    -5076.923076923079861
       552    -5076.923076923070766
       553    -5076.923076923079861
       554    -5076.923076923079861
       555    -5076.923076923079861
       556    -5076.923076923079861
       557    -5076.923076923079861
       558    -4461.538461538460069
       559    -4461.538461538460069
       560    -4461.538461538460069
       561    -4461.538461538460069
       562    -4461.538461538460069
       563    -4461.538461538460069
       564    -4461.538461538460069
       565    -4461.538461538460069
       566    -4461.538461538460069
       567    -4461.538461538460069
       568    -4461.538461538460069
       569    -4461.538461538460069
       570    -4461.538461538460069
       571    -4461.538461538460069
       572    -4461.538461538460069
       573    -4461.538461538460069
       574    -4461.538461538460069
       575    -4461.538461538460069
       576    -4461.538461538460069
       577    -4461.538461538460069
       578    -4461.538461538460069
       579    -4461.538461538460069
       580    -4461.538461538460069
       581    -4461.538461538460069
       582    -4461.538461538460069
       583    -4461.538461538460069
       584    -4461.538461538460069
       585    -4461.538461538470074
       586    -4461.538461538460069
       587    -4461.538461538460069
       588    -4461.538461538460069
       589    -4461.538461538460069
       590    -4461.538461538460069
       591    -4461.538461538460069
       592    -4461.538461538460069
       593    -4461.538461538460069
       594    -4461.538461538460069
       595    -4461.538461538460069
       596    -4461.538461538460069
       597    -4461.538461538460069
       598    -4461.538461538460069
       599    -4461.538461538460069
       600    -4461.538461538460069
       601    -4461.538461538460069
       602    -4461.538461538460069
       603    -4461.538461538460069
       604    -4461.538461538460069
       605    -4461.538461538460069
       606    -4461.538461538460069
       607    -4461.538461538460069
       608    -4461.538461538460069
       609    -4461.538461538460069
       610    -4461.538461538460069
       611    -4461.538461538460069
       612    -4461.538461538460069
       613    -4461.538461538460069
       614    -4461.538461538460069
       615    -3846.153846153839822
       616    -3846.153846153849827
       617    -3846.153846153849827
       618    -3846.153846153849827
       619    -3846.153846153849827
       620    -3846.153846153849827
       621    -3846.153846153849827
       622    -3846.153846153849827
       623    -3846.153846153849827
       624    -3846.153846153849827
       625    -3846.153846153839822
       626    -3846.153846153839822
       627    -3846.153846153839822
       628    -3846.153846153839822
       629    -3846.153846153849827
       630    -3846.153846153849827
       631    -3846.153846153839822
       632    -3846.153846153839822
       633    -3846.153846153839822
       634    -3846.153846153839822
       635    -3846.153846153849827
       636    -3846.153846153839822
       637    -3846.153846153839822
       638    -3846.153846153849827
       639    -3846.153846153849827
       640    -3846.153846153849827
       641    -3846.153846153849827
       642    -3846.153846153849827
       643    -3846.153846153849827
       644    -3846.153846153849827
       645    -3846.153846153849827
       646    -3846.153846153849827
       647    -3846.153846153849827
       648    -3846.153846153849827
       649    -3846.153846153849827
       650    -3846.153846153849827
       651    -3846.153846153849827
       652    -3846.153846153849827
       653    -3846.153846153849827
       654    -3846.153846153849827
       655    -3846.153846153849827
       656    -3846.153846153849827
       657    -3846.153846153849827
       658    -3846.153846153849827
       659    -3846.153846153849827
       660    -3846.153846153849827
       661    -3846.153846153849827
       662    -3846.153846153849827
       663    -3846.153846153849827
       664    -3846.153846153849827
       665    -3846.153846153849827
       666    -3846.153846153839822
       667    -3846.153846153849827
       668    -3846.153846153849827
       669    -3846.153846153849827
       670    -3846.153846153849827
       671    -3230.769230769230035
       672    -3230.769230769230035
       673    -3230.769230769230035
       674    -3230.769230769230035
       675    -3230.769230769230035
       676    -3230.769230769230035
       677    -3230.769230769230035
       678    -3230.769230769230035
       679    -3230.769230769230035
       680    -3230.769230769230035
       681    -3230.769230769230035
       682    -3230.769230769230035
       683    -3230.769230769230035
       684    -3230.769230769230035
       685    -3230.769230769230035
       686    -3230.769230769230035
       687    -3230.769230769230035
       688    -3230.769230769230035
       689    -3230.769230769230035
       690    -3230.769230769230035
       691    -3230.769230769230035
       692    -3230.769230769230035
       693    -3230.769230769230035
       694    -3230.769230769230035
       695    -3230.769230769230035
       696    -3230.769230769230035
       697    -3230.769230769230035
       698    -3230.769230769230035
       699    -3230.769230769230035
       700    -3230.769230769230035
       701    -3230.769230769230035
       702    -3230.769230769230035
       703    -3230.769230769230035
       704    -3230.769230769230035
       705    -3230.769230769230035
       706    -3230.769230769230035
       707    -3230.769230769230035
       708    -3230.769230769230035
       709    -3230.769230769230035
       710    -3230.769230769230035
       711    -3230.769230769230035
       712    -3230.769230769230035
       713    -3230.769230769230035
       714    -3230.769230769230035
       715    -3230.769230769230035
       716    -3230.769230769230035
       717    -3230.769230769230035
       718    -3230.769230769230035
       719    -3230.769230769230035
       720    -2615.384615384610242
       721    -2615.384615384610242
       722    -2615.384615384619792
       723    -2615.384615384610242
       724    -2615.384615384619792
       725    -2615.384615384619792
       726    -2615.384615384619792
       727    -2615.384615384619792
       728    -2615.384615384610242
       729    -2615.384615384619792
       730    -2615.384615384610242
       731    -2615.384615384610242
       732    -2615.384615384619792
       733    -2615.384615384619792
       734    -2615.384615384610242
       735    -2615.384615384610242
       736    -2615.384615384619792
       737    -2615.384615384619792
       738    -2615.384615384610242
       739    -2615.384615384619792
       740    -2615.384615384619792
       741    -2615.384615384619792
       742    -2615.384615384610242
       743    -2615.384615384610242
       744    -2615.384615384610242
       745    -2615.384615384619792
       746    -2615.384615384619792
       747    -2615.384615384610242
       748    -2615.384615384619792
       749    -2615.384615384610242
       750    -2615.384615384610242
       751    -2615.384615384610242
       752    -2615.384615384610242
       753    -2615.384615384619792
       754    -2615.384615384610242
       755    -2615.384615384610242
       756    -2615.384615384610242
       757    -2615.384615384610242
