2 .00000
87
  1  5
  3  5
  5  5
  7  5
  9  5
 11  5
 13  5
 15  5
 17  5
 19  5
  2  5
  4  5
  6  5
  8  5
 10  5
 12  5
 14  5
 16  5
 18  5
 20  5
115  5
118  5
121  5
124  5
127  5
130  5
133  5
136  5
139  5
142  5
116  5
119  5
122  5
125  5
128  5
131  5
134  5
137  5
140  5
143  5
117  5
120  5
123  5
126  5
129  5
132  5
135  5
138  5
141  5
144  5
501  2
497  2
493  2
488  2
482  2
475  2
468  2
462  2
456  2
450  2
444  2
440  2
436  2
431  2
425  2
418  2
411  2
405  2
399  2
393  2
387  2
383  2
378  2
372  2
365  2
358  2
352  2
346  2
340  2
334  2
329  2
323  2
316  2
309  2
303  2
297  2
291  2
