         756
         1     4000.000000000000000
         2     4000.000000000000000
         3     4500.000000000000000
         4     4500.000000000000000
         5     4000.000000000000000
         6     4000.000000000000000
         7     4500.000000000000000
         8     4500.000000000000000
         9     4000.000000000000000
        10     4500.000000000000000
        11     4000.000000000000000
        12     4500.000000000000000
        13     4000.000000000000000
        14     4500.000000000000000
        15     4000.000000000000000
        16     4500.000000000000000
        17     5000.000000000000000
        18     5000.000000000000000
        19     5000.000000000000000
        20     5000.000000000000000
        21     5000.000000000000000
        22     5000.000000000000000
        23     5000.000000000000000
        24     5000.000000000000000
        25     4000.000000000000000
        26     4000.000000000000000
        27     4500.000000000000000
        28     4500.000000000000000
        29     4000.000000000000000
        30     4500.000000000000000
        31     4000.000000000000000
        32     4500.000000000000000
        33     5000.000000000000000
        34     5000.000000000000000
        35     5000.000000000000000
        36     5000.000000000000000
        37     4000.000000000000000
        38     4000.000000000000000
        39     4500.000000000000000
        40     4500.000000000000000
        41     4000.000000000000000
        42     4500.000000000000000
        43     4000.000000000000000
        44     4500.000000000000000
        45     5000.000000000000000
        46     5000.000000000000000
        47     5000.000000000000000
        48     5000.000000000000000
        49     4000.000000000000000
        50     4000.000000000000000
        51     4500.000000000000000
        52     4500.000000000000000
        53     4000.000000000000000
        54     4500.000000000000000
        55     4000.000000000000000
        56     4500.000000000000000
        57     5000.000000000000000
        58     5000.000000000000000
        59     5000.000000000000000
        60     5000.000000000000000
        61     4000.000000000000000
        62     4000.000000000000000
        63     4500.000000000000000
        64     4500.000000000000000
        65     4000.000000000000000
        66     4500.000000000000000
        67     4000.000000000000000
        68     4500.000000000000000
        69     5000.000000000000000
        70     5000.000000000000000
        71     5000.000000000000000
        72     5000.000000000000000
        73     4000.000000000000000
        74     4000.000000000000000
        75     4500.000000000000000
        76     4500.000000000000000
        77     4000.000000000000000
        78     4500.000000000000000
        79     4000.000000000000000
        80     4500.000000000000000
        81     5000.000000000000000
        82     5000.000000000000000
        83     5000.000000000000000
        84     5000.000000000000000
        85     4000.000000000000000
        86     4000.000000000000000
        87     4500.000000000000000
        88     4500.000000000000000
        89     4000.000000000000000
        90     4500.000000000000000
        91     4000.000000000000000
        92     4500.000000000000000
        93     5000.000000000000000
        94     5000.000000000000000
        95     5000.000000000000000
        96     5000.000000000000000
        97     4000.000000000000000
        98     4000.000000000000000
        99     4500.000000000000000
       100     4500.000000000000000
       101     4000.000000000000000
       102     4500.000000000000000
       103     4000.000000000000000
       104     5000.000000000000000
       105     5000.000000000000000
       106     5000.000000000000000
       107     2500.000000000000000
       108     2500.000000000000000
       109     3000.000000000000000
       110     3000.000000000000000
       111     2500.000000000000000
       112     2500.000000000000000
       113     3000.000000000000000
       114     3000.000000000000000
       115     2500.000000000000000
       116     3000.000000000000000
       117     2500.000000000000000
       118     3000.000000000000000
       119     2500.000000000000000
       120     3000.000000000000000
       121     2500.000000000000000
       122     3000.000000000000000
       123     2500.000000000000000
       124     3000.000000000000000
       125     2500.000000000000000
       126     3000.000000000000000
       127     3500.000000000000000
       128     3500.000000000000000
       129     3500.000000000000000
       130     3500.000000000000000
       131     3500.000000000000000
       132     3500.000000000000000
       133     3500.000000000000000
       134     3500.000000000000000
       135     2500.000000000000000
       136     2500.000000000000000
       137     3000.000000000000000
       138     3000.000000000000000
       139     2500.000000000000000
       140     3000.000000000000000
       141     2500.000000000000000
       142     3000.000000000000000
       143     2500.000000000000000
       144     3000.000000000000000
       145     3500.000000000000000
       146     3500.000000000000000
       147     3500.000000000000000
       148     3500.000000000000000
       149     2500.000000000000000
       150     2500.000000000000000
       151     3000.000000000000000
       152     3000.000000000000000
       153     2500.000000000000000
       154     3000.000000000000000
       155     2500.000000000000000
       156     3000.000000000000000
       157     2500.000000000000000
       158     3000.000000000000000
       159     3500.000000000000000
       160     3500.000000000000000
       161     3500.000000000000000
       162     3500.000000000000000
       163     2500.000000000000000
       164     2500.000000000000000
       165     3000.000000000000000
       166     3000.000000000000000
       167     2500.000000000000000
       168     3000.000000000000000
       169     2500.000000000000000
       170     3000.000000000000000
       171     2500.000000000000000
       172     3000.000000000000000
       173     3500.000000000000000
       174     3500.000000000000000
       175     3500.000000000000000
       176     3500.000000000000000
       177     2500.000000000000000
       178     2500.000000000000000
       179     3000.000000000000000
       180     3000.000000000000000
       181     2500.000000000000000
       182     3000.000000000000000
       183     2500.000000000000000
       184     3000.000000000000000
       185     2500.000000000000000
       186     3000.000000000000000
       187     3500.000000000000000
       188     3500.000000000000000
       189     3500.000000000000000
       190     3500.000000000000000
       191     2500.000000000000000
       192     2500.000000000000000
       193     3000.000000000000000
       194     3000.000000000000000
       195     2500.000000000000000
       196     3000.000000000000000
       197     2500.000000000000000
       198     3000.000000000000000
       199     2500.000000000000000
       200     3000.000000000000000
       201     3500.000000000000000
       202     3500.000000000000000
       203     3500.000000000000000
       204     3500.000000000000000
       205     2500.000000000000000
       206     2500.000000000000000
       207     3000.000000000000000
       208     3000.000000000000000
       209     2500.000000000000000
       210     3000.000000000000000
       211     2500.000000000000000
       212     3000.000000000000000
       213     2500.000000000000000
       214     3000.000000000000000
       215     3500.000000000000000
       216     3500.000000000000000
       217     3500.000000000000000
       218     3500.000000000000000
       219     2500.000000000000000
       220     2500.000000000000000
       221     3000.000000000000000
       222     3000.000000000000000
       223     2500.000000000000000
       224     3000.000000000000000
       225     2500.000000000000000
       226     3000.000000000000000
       227     2500.000000000000000
       228     3000.000000000000000
       229     3500.000000000000000
       230     3500.000000000000000
       231     3500.000000000000000
       232     3500.000000000000000
       233     1923.076923076919911
       234     1923.076923076919911
       235     1923.076923076919911
       236     1923.076923076919911
       237     1346.153846153850054
       238     1346.153846153850054
       239     1346.153846153850054
       240     1346.153846153850054
       241      769.230769230768033
       242      769.230769230769056
       243      769.230769230768033
       244      769.230769230769056
       245     1923.076923076919911
       246     1923.076923076919911
       247     1346.153846153850054
       248     1346.153846153850054
       249      769.230769230769056
       250      769.230769230768033
       251     1923.076923076919911
       252     1923.076923076919911
       253     1346.153846153850054
       254     1346.153846153850054
       255     1923.076923076919911
       256     1923.076923076919911
       257     1923.076923076919911
       258     1923.076923076919911
       259     1346.153846153850054
       260     1346.153846153850054
       261      769.230769230768033
       262      769.230769230769056
       263     1923.076923076919911
       264     1346.153846153850054
       265      769.230769230768033
       266     1923.076923076919911
       267     1346.153846153850054
       268     1923.076923076919911
       269     1923.076923076919911
       270     1923.076923076919911
       271     1346.153846153850054
       272     1346.153846153850054
       273      769.230769230768033
       274      769.230769230769056
       275     1923.076923076919911
       276     1346.153846153850054
       277      769.230769230769056
       278     1923.076923076919911
       279     1346.153846153840050
       280     1923.076923076919911
       281     1923.076923076919911
       282     1923.076923076919911
       283     1346.153846153850054
       284     1346.153846153850054
       285      769.230769230768033
       286      769.230769230768033
       287     1923.076923076919911
       288     1346.153846153850054
       289      769.230769230768033
       290     1923.076923076919911
       291     1346.153846153850054
       292     1923.076923076919911
       293     1923.076923076919911
       294     1923.076923076919911
       295     1346.153846153850054
       296     1346.153846153850054
       297      769.230769230768033
       298      769.230769230769056
       299     1923.076923076919911
       300     1346.153846153850054
       301      769.230769230769056
       302     1923.076923076919911
       303     1346.153846153850054
       304     1923.076923076919911
       305     1923.076923076919911
       306     1923.076923076919911
       307     1346.153846153850054
       308     1346.153846153850054
       309      769.230769230768033
       310      769.230769230769056
       311     1923.076923076919911
       312     1346.153846153850054
       313      769.230769230769056
       314     1923.076923076919911
       315     1346.153846153850054
       316     1923.076923076919911
       317     1923.076923076919911
       318     1923.076923076919911
       319     1346.153846153850054
       320     1346.153846153840050
       321      769.230769230768033
       322      769.230769230769056
       323     1923.076923076919911
       324     1346.153846153850054
       325      769.230769230769056
       326     1923.076923076919911
       327     1346.153846153850054
       328     1923.076923076919911
       329     1923.076923076919911
       330     1923.076923076919911
       331     1346.153846153850054
       332     1346.153846153850054
       333     1923.076923076919911
       334     1346.153846153850054
       335     1923.076923076919911
       336     1346.153846153850054
       337     1923.076923076919911
       338     4000.000000000000000
       339     4000.000000000000000
       340     4500.000000000000000
       341     4500.000000000000000
       342     4000.000000000000000
       343     4500.000000000000000
       344     4000.000000000000000
       345     4500.000000000000000
       346     4000.000000000000000
       347     4500.000000000000000
       348     4000.000000000000000
       349     4500.000000000000000
       350     4000.000000000000000
       351     4500.000000000000000
       352     4000.000000000000000
       353     4500.000000000000000
       354     4000.000000000000000
       355     4500.000000000000000
       356     4000.000000000000000
       357     4500.000000000000000
       358     5000.000000000000000
       359     5000.000000000000000
       360     5000.000000000000000
       361     5000.000000000000000
       362     5000.000000000000000
       363     5000.000000000000000
       364     5000.000000000000000
       365     5000.000000000000000
       366     5000.000000000000000
       367     5000.000000000000000
       368     4000.000000000000000
       369     4000.000000000000000
       370     4500.000000000000000
       371     4500.000000000000000
       372     4000.000000000000000
       373     4500.000000000000000
       374     4000.000000000000000
       375     4500.000000000000000
       376     4000.000000000000000
       377     4500.000000000000000
       378     4000.000000000000000
       379     4500.000000000000000
       380     4000.000000000000000
       381     4500.000000000000000
       382     4000.000000000000000
       383     4500.000000000000000
       384     4000.000000000000000
       385     4500.000000000000000
       386     4000.000000000000000
       387     4500.000000000000000
       388     5000.000000000000000
       389     5000.000000000000000
       390     5000.000000000000000
       391     5000.000000000000000
       392     5000.000000000000000
       393     5000.000000000000000
       394     5000.000000000000000
       395     5000.000000000000000
       396     5000.000000000000000
       397     5000.000000000000000
       398     4000.000000000000000
       399     4000.000000000000000
       400     4500.000000000000000
       401     4500.000000000000000
       402     4000.000000000000000
       403     4500.000000000000000
       404     4000.000000000000000
       405     4500.000000000000000
       406     4000.000000000000000
       407     4500.000000000000000
       408     4000.000000000000000
       409     4500.000000000000000
       410     4000.000000000000000
       411     4500.000000000000000
       412     4000.000000000000000
       413     4500.000000000000000
       414     4000.000000000000000
       415     4500.000000000000000
       416     4000.000000000000000
       417     4500.000000000000000
       418     5000.000000000000000
       419     5000.000000000000000
       420     5000.000000000000000
       421     5000.000000000000000
       422     5000.000000000000000
       423     5000.000000000000000
       424     5000.000000000000000
       425     5000.000000000000000
       426     5000.000000000000000
       427     5000.000000000000000
       428     4000.000000000000000
       429     4000.000000000000000
       430     4500.000000000000000
       431     4500.000000000000000
       432     4000.000000000000000
       433     4500.000000000000000
       434     4000.000000000000000
       435     4500.000000000000000
       436     4000.000000000000000
       437     4500.000000000000000
       438     4000.000000000000000
       439     4500.000000000000000
       440     4000.000000000000000
       441     4500.000000000000000
       442     4000.000000000000000
       443     4500.000000000000000
       444     4000.000000000000000
       445     4500.000000000000000
       446     5000.000000000000000
       447     5000.000000000000000
       448     5000.000000000000000
       449     5000.000000000000000
       450     5000.000000000000000
       451     5000.000000000000000
       452     5000.000000000000000
       453     5000.000000000000000
       454     5000.000000000000000
       455     4000.000000000000000
       456     4500.000000000000000
       457     4000.000000000000000
       458     4500.000000000000000
       459     5000.000000000000000
       460     5000.000000000000000
       461     2500.000000000000000
       462     2500.000000000000000
       463     3000.000000000000000
       464     3000.000000000000000
       465     2500.000000000000000
       466     3000.000000000000000
       467     2500.000000000000000
       468     3000.000000000000000
       469     2500.000000000000000
       470     3000.000000000000000
       471     2500.000000000000000
       472     3000.000000000000000
       473     2500.000000000000000
       474     3000.000000000000000
       475     2500.000000000000000
       476     3000.000000000000000
       477     2500.000000000000000
       478     3000.000000000000000
       479     2500.000000000000000
       480     3000.000000000000000
       481     3500.000000000000000
       482     3500.000000000000000
       483     3500.000000000000000
       484     3500.000000000000000
       485     3500.000000000000000
       486     3500.000000000000000
       487     3500.000000000000000
       488     3500.000000000000000
       489     3500.000000000000000
       490     3500.000000000000000
       491     2500.000000000000000
       492     2500.000000000000000
       493     3000.000000000000000
       494     3000.000000000000000
       495     2500.000000000000000
       496     3000.000000000000000
       497     2500.000000000000000
       498     3000.000000000000000
       499     2500.000000000000000
       500     3000.000000000000000
       501     2500.000000000000000
       502     3000.000000000000000
       503     2500.000000000000000
       504     3000.000000000000000
       505     2500.000000000000000
       506     3000.000000000000000
       507     2500.000000000000000
       508     3000.000000000000000
       509     2500.000000000000000
       510     3000.000000000000000
       511     3500.000000000000000
       512     3500.000000000000000
       513     3500.000000000000000
       514     3500.000000000000000
       515     3500.000000000000000
       516     3500.000000000000000
       517     3500.000000000000000
       518     3500.000000000000000
       519     3500.000000000000000
       520     3500.000000000000000
       521     2500.000000000000000
       522     2500.000000000000000
       523     3000.000000000000000
       524     3000.000000000000000
       525     2500.000000000000000
       526     3000.000000000000000
       527     2500.000000000000000
       528     3000.000000000000000
       529     2500.000000000000000
       530     3000.000000000000000
       531     2500.000000000000000
       532     3000.000000000000000
       533     2500.000000000000000
       534     3000.000000000000000
       535     2500.000000000000000
       536     3000.000000000000000
       537     2500.000000000000000
       538     3000.000000000000000
       539     2500.000000000000000
       540     3000.000000000000000
       541     3500.000000000000000
       542     3500.000000000000000
       543     3500.000000000000000
       544     3500.000000000000000
       545     3500.000000000000000
       546     3500.000000000000000
       547     3500.000000000000000
       548     3500.000000000000000
       549     3500.000000000000000
       550     3500.000000000000000
       551     2500.000000000000000
       552     2500.000000000000000
       553     3000.000000000000000
       554     3000.000000000000000
       555     2500.000000000000000
       556     3000.000000000000000
       557     2500.000000000000000
       558     3000.000000000000000
       559     2500.000000000000000
       560     3000.000000000000000
       561     2500.000000000000000
       562     3000.000000000000000
       563     2500.000000000000000
       564     3000.000000000000000
       565     2500.000000000000000
       566     3000.000000000000000
       567     2500.000000000000000
       568     3000.000000000000000
       569     3500.000000000000000
       570     3500.000000000000000
       571     3500.000000000000000
       572     3500.000000000000000
       573     3500.000000000000000
       574     3500.000000000000000
       575     3500.000000000000000
       576     3500.000000000000000
       577     3500.000000000000000
       578     2500.000000000000000
       579     2500.000000000000000
       580     2500.000000000000000
       581     2500.000000000000000
       582     2500.000000000000000
       583     3000.000000000000000
       584     2500.000000000000000
       585     3000.000000000000000
       586     2500.000000000000000
       587     3000.000000000000000
       588     2500.000000000000000
       589     3000.000000000000000
       590     3500.000000000000000
       591     3500.000000000000000
       592     3500.000000000000000
       593      192.307692307692008
       594      192.307692307691013
       595      192.307692307692008
       596      192.307692307692008
       597      192.307692307692008
       598      192.307692307691013
       599      192.307692307692008
       600      192.307692307692008
       601      769.230769230768033
       602      769.230769230768033
       603      769.230769230768033
       604      769.230769230768033
       605      769.230769230768033
       606      769.230769230768033
       607      769.230769230768033
       608      769.230769230768033
       609      769.230769230768033
       610      769.230769230767010
       611     1346.153846153850054
       612     1346.153846153850054
       613     1346.153846153850054
       614     1346.153846153850054
       615     1346.153846153850054
       616     1346.153846153850054
       617     1346.153846153850054
       618     1346.153846153850054
       619     1346.153846153850054
       620     1346.153846153850054
       621     1923.076923076919911
       622     1923.076923076919911
       623     1923.076923076919911
       624     1923.076923076919911
       625     1923.076923076919911
       626     1923.076923076919911
       627     1923.076923076919911
       628     1923.076923076919911
       629     1923.076923076919911
       630     1923.076923076919911
       631      192.307692307692008
       632      192.307692307692008
       633      192.307692307691013
       634      192.307692307692008
       635      769.230769230768033
       636      769.230769230768033
       637      769.230769230768033
       638      769.230769230769056
       639      769.230769230768033
       640     1346.153846153850054
       641     1346.153846153850054
       642     1346.153846153850054
       643     1346.153846153850054
       644     1346.153846153850054
       645     1923.076923076919911
       646     1923.076923076919911
       647     1923.076923076919911
       648     1923.076923076919911
       649     1923.076923076919911
       650      192.307692307692008
       651      192.307692307692008
       652      192.307692307692008
       653      192.307692307692008
       654      769.230769230769056
       655      769.230769230769056
       656      769.230769230768033
       657      769.230769230769056
       658      769.230769230768033
       659     1346.153846153850054
       660     1346.153846153850054
       661     1346.153846153850054
       662     1346.153846153850054
       663     1346.153846153850054
       664     1923.076923076919911
       665     1923.076923076919911
       666     1923.076923076919911
       667     1923.076923076919911
       668     1923.076923076919911
       669      192.307692307692008
       670      192.307692307692008
       671      192.307692307691013
       672      192.307692307692008
       673      769.230769230768033
       674      769.230769230768033
       675      769.230769230768033
       676      769.230769230769056
       677      769.230769230768033
       678     1346.153846153850054
       679     1346.153846153850054
       680     1346.153846153850054
       681     1346.153846153850054
       682     1346.153846153850054
       683     1923.076923076919911
       684     1923.076923076919911
       685     1923.076923076919911
       686     1923.076923076919911
       687     1923.076923076919911
       688      192.307692307692008
       689      192.307692307691013
       690      192.307692307692008
       691      192.307692307692008
       692      769.230769230769056
       693      769.230769230768033
       694      769.230769230768033
       695      769.230769230768033
       696      769.230769230768033
       697     1346.153846153850054
       698     1346.153846153850054
       699     1346.153846153850054
       700     1346.153846153850054
       701     1346.153846153850054
       702     1923.076923076919911
       703     1923.076923076919911
       704     1923.076923076919911
       705     1923.076923076919911
       706     1923.076923076919911
       707      192.307692307692008
       708      192.307692307692008
       709      192.307692307691013
       710      192.307692307692008
       711      769.230769230768033
       712      769.230769230768033
       713      769.230769230768033
       714      769.230769230769056
       715      769.230769230768033
       716     1346.153846153850054
       717     1346.153846153850054
       718     1346.153846153850054
       719     1346.153846153850054
       720     1346.153846153850054
       721     1923.076923076919911
       722     1923.076923076919911
       723     1923.076923076919911
       724     1923.076923076919911
       725     1923.076923076919911
       726      192.307692307691013
       727      192.307692307692008
       728      192.307692307691013
       729      769.230769230768033
       730      769.230769230768033
       731      769.230769230768033
       732      769.230769230768033
       733     1346.153846153850054
       734     1346.153846153850054
       735     1346.153846153850054
       736     1346.153846153850054
       737     1923.076923076919911
       738     1923.076923076919911
       739     1923.076923076919911
       740     1923.076923076919911
       741     1923.076923076919911
       742      769.230769230768033
       743      769.230769230768033
       744      769.230769230768033
       745     1346.153846153850054
       746     1346.153846153850054
       747     1346.153846153850054
       748     1923.076923076919911
       749     1923.076923076919911
       750     1923.076923076919911
       751     1923.076923076919911
       752     1346.153846153850054
       753     1346.153846153850054
       754     1923.076923076919911
       755     1923.076923076919911
       756     1923.076923076919911
