         737
         1     2000.000000000000000
         2     2615.384615384610242
         3     2615.384615384619792
         4     2000.000000000000000
         5     2000.000000000000000
         6     2615.384615384619792
         7     2615.384615384619792
         8     2000.000000000000000
         9     3230.769230769230035
        10     3230.769230769230035
        11     3230.769230769230035
        12     3230.769230769230035
        13     3846.153846153849827
        14     3846.153846153849827
        15     3846.153846153849827
        16     3846.153846153849827
        17     4461.538461538460069
        18     4461.538461538460069
        19     4461.538461538460069
        20     4461.538461538460069
        21     5076.923076923079861
        22     5076.923076923079861
        23     5076.923076923070766
        24     5076.923076923079861
        25     5692.307692307689649
        26     5692.307692307689649
        27     5692.307692307689649
        28     5692.307692307689649
        29     6307.692307692310351
        30     6307.692307692310351
        31     6307.692307692310351
        32     6307.692307692310351
        33     2615.384615384610242
        34     2000.000000000000000
        35     2615.384615384619792
        36     2000.000000000000000
        37     3230.769230769230035
        38     3230.769230769230035
        39     3846.153846153839822
        40     3846.153846153849827
        41     4461.538461538460069
        42     4461.538461538460069
        43     5076.923076923079861
        44     5076.923076923079861
        45     5692.307692307689649
        46     5692.307692307689649
        47     6307.692307692310351
        48     6307.692307692310351
        49     2615.384615384610242
        50     2000.000000000000000
        51     2615.384615384619792
        52     2000.000000000000000
        53     3230.769230769230035
        54     3230.769230769230035
        55     3846.153846153849827
        56     3846.153846153839822
        57     4461.538461538460069
        58     4461.538461538460069
        59     5076.923076923079861
        60     5076.923076923070766
        61     5692.307692307689649
        62     5692.307692307689649
        63     6307.692307692300346
        64     6307.692307692300346
        65     2615.384615384619792
        66     2000.000000000000000
        67     2615.384615384610242
        68     2000.000000000000000
        69     3230.769230769230035
        70     3230.769230769230035
        71     3846.153846153839822
        72     3846.153846153839822
        73     4461.538461538460069
        74     4461.538461538460069
        75     5076.923076923079861
        76     5076.923076923079861
        77     5692.307692307689649
        78     5692.307692307689649
        79     6307.692307692310351
        80     6307.692307692310351
        81     2615.384615384610242
        82     2000.000000000000000
        83     2615.384615384610242
        84     2000.000000000000000
        85     3230.769230769230035
        86     3230.769230769230035
        87     3846.153846153849827
        88     3846.153846153849827
        89     4461.538461538460069
        90     4461.538461538460069
        91     5076.923076923079861
        92     5076.923076923079861
        93     5692.307692307689649
        94     5692.307692307689649
        95     6307.692307692310351
        96     6307.692307692310351
        97     2615.384615384610242
        98     2000.000000000000000
        99     2615.384615384610242
       100     2000.000000000000000
       101     3230.769230769230035
       102     3230.769230769230035
       103     3846.153846153849827
       104     3846.153846153849827
       105     4461.538461538460069
       106     4461.538461538460069
       107     5076.923076923070766
       108     5076.923076923070766
       109     5692.307692307689649
       110     5692.307692307689649
       111     2615.384615384619792
       112     2000.000000000000000
       113     2615.384615384619792
       114     2000.000000000000000
       115     3230.769230769230035
       116     3230.769230769230035
       117     3846.153846153849827
       118     3846.153846153849827
       119     4461.538461538460069
       120     4461.538461538460069
       121     5076.923076923079861
       122     5076.923076923079861
       123     5692.307692307689649
       124     5692.307692307689649
       125     2000.000000000000000
       126     2615.384615384619792
       127     2615.384615384610242
       128     2000.000000000000000
       129     3230.769230769230035
       130     3230.769230769230035
       131     3846.153846153839822
       132     3846.153846153849827
       133     4461.538461538460069
       134     4461.538461538460069
       135     5076.923076923079861
       136     5076.923076923079861
       137     5692.307692307689649
       138     5692.307692307689649
       139     6307.692307692310351
       140     6307.692307692310351
       141     2615.384615384619792
       142     2000.000000000000000
       143     3230.769230769230035
       144     3846.153846153839822
       145     4461.538461538460069
       146     5076.923076923079861
       147     5692.307692307689649
       148     6307.692307692310351
       149     2615.384615384619792
       150     2000.000000000000000
       151     3230.769230769230035
       152     3846.153846153849827
       153     4461.538461538460069
       154     5076.923076923079861
       155     5692.307692307689649
       156     6307.692307692300346
       157     2615.384615384619792
       158     2000.000000000000000
       159     3230.769230769230035
       160     3846.153846153839822
       161     4461.538461538460069
       162     5076.923076923079861
       163     5692.307692307689649
       164     6307.692307692310351
       165     2615.384615384610242
       166     2000.000000000000000
       167     3230.769230769230035
       168     3846.153846153849827
       169     4461.538461538460069
       170     5076.923076923079861
       171     5692.307692307689649
       172     6307.692307692310351
       173     2615.384615384610242
       174     2000.000000000000000
       175     3230.769230769230035
       176     3846.153846153849827
       177     4461.538461538460069
       178     5076.923076923079861
       179     5692.307692307689649
       180     2615.384615384610242
       181     2000.000000000000000
       182     3230.769230769230035
       183     3846.153846153849827
       184     4461.538461538460069
       185     5076.923076923079861
       186     5692.307692307689649
       187     2000.000000000000000
       188     2615.384615384610242
       189     2615.384615384619792
       190     2000.000000000000000
       191     3230.769230769230035
       192     3230.769230769230035
       193     3846.153846153849827
       194     3846.153846153839822
       195     4461.538461538460069
       196     4461.538461538460069
       197     5076.923076923079861
       198     5076.923076923079861
       199     5692.307692307689649
       200     5692.307692307699654
       201     6307.692307692310351
       202     6307.692307692310351
       203     2615.384615384610242
       204     2000.000000000000000
       205     3230.769230769230035
       206     3846.153846153849827
       207     4461.538461538460069
       208     5076.923076923079861
       209     5692.307692307689649
       210     6307.692307692310351
       211     2615.384615384610242
       212     2000.000000000000000
       213     3230.769230769230035
       214     3846.153846153849827
       215     4461.538461538460069
       216     5076.923076923079861
       217     5692.307692307689649
       218     6307.692307692310351
       219     2615.384615384610242
       220     2000.000000000000000
       221     3230.769230769230035
       222     3846.153846153839822
       223     4461.538461538460069
       224     5076.923076923079861
       225     5692.307692307689649
       226     6307.692307692310351
       227     2615.384615384610242
       228     2000.000000000000000
       229     3230.769230769230035
       230     3846.153846153849827
       231     4461.538461538460069
       232     5076.923076923079861
       233     5692.307692307689649
       234     6307.692307692310351
       235     2615.384615384610242
       236     2000.000000000000000
       237     3230.769230769230035
       238     3846.153846153849827
       239     4461.538461538460069
       240     5076.923076923070766
       241     5692.307692307689649
       242     2615.384615384610242
       243     2000.000000000000000
       244     3230.769230769230035
       245     3846.153846153849827
       246     4461.538461538460069
       247     5076.923076923079861
       248     5692.307692307689649
       249     2000.000000000000000
       250     2615.384615384610242
       251     2615.384615384619792
       252     2000.000000000000000
       253     3230.769230769230035
       254     3230.769230769230035
       255     3846.153846153839822
       256     3846.153846153839822
       257     4461.538461538460069
       258     4461.538461538460069
       259     5076.923076923079861
       260     5076.923076923079861
       261     5692.307692307689649
       262     5692.307692307699654
       263     6307.692307692310351
       264     6307.692307692310351
       265     2615.384615384610242
       266     2000.000000000000000
       267     3230.769230769230035
       268     3846.153846153839822
       269     4461.538461538460069
       270     5076.923076923079861
       271     5692.307692307689649
       272     6307.692307692310351
       273     2615.384615384610242
       274     2000.000000000000000
       275     3230.769230769230035
       276     3846.153846153839822
       277     4461.538461538460069
       278     5076.923076923079861
       279     5692.307692307689649
       280     6307.692307692310351
       281     2615.384615384610242
       282     2000.000000000000000
       283     3230.769230769230035
       284     3846.153846153849827
       285     4461.538461538460069
       286     5076.923076923079861
       287     5692.307692307689649
       288     6307.692307692310351
       289     2615.384615384610242
       290     2000.000000000000000
       291     3230.769230769230035
       292     3846.153846153849827
       293     4461.538461538460069
       294     5076.923076923079861
       295     5692.307692307689649
       296     2615.384615384610242
       297     2000.000000000000000
       298     3230.769230769230035
       299     3846.153846153849827
       300     4461.538461538460069
       301     5076.923076923070766
       302     5692.307692307689649
       303     2615.384615384610242
       304     2000.000000000000000
       305     3230.769230769230035
       306     3846.153846153849827
       307     4461.538461538460069
       308     5076.923076923079861
       309     5692.307692307689649
       310     2000.000000000000000
       311     2615.384615384610242
       312     2615.384615384610242
       313     2000.000000000000000
       314     3230.769230769230035
       315     3230.769230769230035
       316     3846.153846153849827
       317     3846.153846153849827
       318     4461.538461538460069
       319     4461.538461538460069
       320     5076.923076923079861
       321     5076.923076923079861
       322     5692.307692307689649
       323     5692.307692307689649
       324     2615.384615384610242
       325     2000.000000000000000
       326     3230.769230769230035
       327     3846.153846153849827
       328     4461.538461538460069
       329     5076.923076923070766
       330     5692.307692307689649
       331     2615.384615384610242
       332     2000.000000000000000
       333     3230.769230769230035
       334     3846.153846153849827
       335     4461.538461538460069
       336     5076.923076923079861
       337     5692.307692307689649
       338     2615.384615384610242
       339     2000.000000000000000
       340     3230.769230769230035
       341     3846.153846153849827
       342     4461.538461538460069
       343     5076.923076923079861
       344     5692.307692307689649
       345     2615.384615384610242
       346     2000.000000000000000
       347     3230.769230769230035
       348     3846.153846153849827
       349     4461.538461538460069
       350     5076.923076923079861
       351     5692.307692307689649
       352     2615.384615384610242
       353     2000.000000000000000
       354     3230.769230769230035
       355     3846.153846153849827
       356     4461.538461538460069
       357     5076.923076923070766
       358     5692.307692307689649
       359     2615.384615384610242
       360     2000.000000000000000
       361     3230.769230769230035
       362     3846.153846153849827
       363     4461.538461538460069
       364     5076.923076923079861
       365     5692.307692307689649
       366     2000.000000000000000
       367     2615.384615384610242
       368     2615.384615384619792
       369     2000.000000000000000
       370     3230.769230769230035
       371     3230.769230769230035
       372     3846.153846153849827
       373     3846.153846153849827
       374     4461.538461538460069
       375     4461.538461538460069
       376     5076.923076923079861
       377     5076.923076923079861
       378     5692.307692307689649
       379     5692.307692307689649
       380     2615.384615384610242
       381     2000.000000000000000
       382     3230.769230769230035
       383     3846.153846153849827
       384     4461.538461538460069
       385     5076.923076923079861
       386     5692.307692307689649
       387     2615.384615384610242
       388     2000.000000000000000
       389     3230.769230769230035
       390     3846.153846153849827
       391     4461.538461538460069
       392     5076.923076923079861
       393     5692.307692307689649
       394     2615.384615384619792
       395     2000.000000000000000
       396     3230.769230769230035
       397     3846.153846153849827
       398     4461.538461538460069
       399     5076.923076923079861
       400     5692.307692307689649
       401     2615.384615384610242
       402     2000.000000000000000
       403     3230.769230769230035
       404     3846.153846153849827
       405     4461.538461538460069
       406     5076.923076923079861
       407     5692.307692307689649
       408     2615.384615384610242
       409     2000.000000000000000
       410     3230.769230769230035
       411     3846.153846153849827
       412     4461.538461538460069
       413     5076.923076923070766
       414     5692.307692307689649
       415     2615.384615384619792
       416     3230.769230769230035
       417     3846.153846153849827
       418     4461.538461538460069
       419     5076.923076923079861
       420     5692.307692307689649
       421     2000.000000000000000
       422     2615.384615384610242
       423     2615.384615384610242
       424     2000.000000000000000
       425     3230.769230769230035
       426     3230.769230769230035
       427     3846.153846153849827
       428     3846.153846153849827
       429     4461.538461538460069
       430     4461.538461538460069
       431     5076.923076923079861
       432     5076.923076923079861
       433     5692.307692307689649
       434     5692.307692307699654
       435     2615.384615384619792
       436     2000.000000000000000
       437     3230.769230769230035
       438     3846.153846153849827
       439     4461.538461538460069
       440     5076.923076923079861
       441     5692.307692307689649
       442     2615.384615384610242
       443     2000.000000000000000
       444     3230.769230769230035
       445     3846.153846153849827
       446     4461.538461538460069
       447     5076.923076923079861
       448     5692.307692307699654
       449     2615.384615384619792
       450     2000.000000000000000
       451     3230.769230769230035
       452     3846.153846153849827
       453     4461.538461538460069
       454     5076.923076923079861
       455     5692.307692307689649
       456     2615.384615384610242
       457     2000.000000000000000
       458     3230.769230769230035
       459     3846.153846153849827
       460     4461.538461538460069
       461     5076.923076923070766
       462     5692.307692307689649
       463     2615.384615384610242
       464     2000.000000000000000
       465     3230.769230769230035
       466     3846.153846153849827
       467     4461.538461538460069
       468     5076.923076923070766
       469     5692.307692307689649
       470     3230.769230769230035
       471     3846.153846153849827
       472     4461.538461538460069
       473     5076.923076923079861
       474     5692.307692307689649
       475     2000.000000000000000
       476     2615.384615384610242
       477     2615.384615384610242
       478     2000.000000000000000
       479     3230.769230769230035
       480     3230.769230769230035
       481     3846.153846153849827
       482     3846.153846153849827
       483     4461.538461538460069
       484     4461.538461538460069
       485     5076.923076923079861
       486     5076.923076923079861
       487     5692.307692307689649
       488     5692.307692307689649
       489     2615.384615384619792
       490     2000.000000000000000
       491     3230.769230769230035
       492     3846.153846153849827
       493     4461.538461538460069
       494     5076.923076923079861
       495     5692.307692307689649
       496     2615.384615384610242
       497     2000.000000000000000
       498     3230.769230769230035
       499     3846.153846153849827
       500     4461.538461538460069
       501     5076.923076923079861
       502     5692.307692307689649
       503     2615.384615384610242
       504     2000.000000000000000
       505     3230.769230769230035
       506     3846.153846153849827
       507     4461.538461538460069
       508     5076.923076923079861
       509     5692.307692307689649
       510     2615.384615384610242
       511     2000.000000000000000
       512     3230.769230769230035
       513     3846.153846153849827
       514     4461.538461538460069
       515     5076.923076923079861
       516     5692.307692307689649
       517     2615.384615384610242
       518     3230.769230769230035
       519     3846.153846153849827
       520     4461.538461538460069
       521     5076.923076923070766
       522     5692.307692307689649
       523     3230.769230769230035
       524     3846.153846153849827
       525     4461.538461538460069
       526     5076.923076923079861
       527     5692.307692307689649
       528     2000.000000000000000
       529     2615.384615384619792
       530     2615.384615384619792
       531     2000.000000000000000
       532     3230.769230769230035
       533     3230.769230769230035
       534     3846.153846153849827
       535     3846.153846153849827
       536     4461.538461538460069
       537     4461.538461538460069
       538     5076.923076923079861
       539     5076.923076923070766
       540     2615.384615384610242
       541     2000.000000000000000
       542     3230.769230769230035
       543     3846.153846153849827
       544     4461.538461538460069
       545     5076.923076923079861
       546     2615.384615384610242
       547     2000.000000000000000
       548     3230.769230769230035
       549     3846.153846153849827
       550     4461.538461538460069
       551     5076.923076923070766
       552     5692.307692307689649
       553     2615.384615384610242
       554     2000.000000000000000
       555     3230.769230769230035
       556     3846.153846153849827
       557     4461.538461538460069
       558     5076.923076923079861
       559     5692.307692307689649
       560     2615.384615384610242
       561     2000.000000000000000
       562     3230.769230769230035
       563     3846.153846153849827
       564     4461.538461538460069
       565     5076.923076923079861
       566     5692.307692307689649
       567     2615.384615384610242
       568     3230.769230769230035
       569     3846.153846153849827
       570     4461.538461538460069
       571     5076.923076923070766
       572     5692.307692307689649
       573      285.714285714285950
       574      285.714285714285950
       575      285.714285714285950
       576      285.714285714285950
       577      857.142857142856997
       578      857.142857142856997
       579      857.142857142856997
       580      857.142857142856997
       581     1428.571428571430033
       582     1428.571428571430033
       583     1428.571428571430033
       584     1428.571428571430033
       585      285.714285714285950
       586      285.714285714285950
       587      857.142857142856997
       588      857.142857142858020
       589     1428.571428571430033
       590     1428.571428571430033
       591     -285.714285714285950
       592     -285.714285714284983
       593      285.714285714285950
       594      285.714285714285950
       595      857.142857142856997
       596      857.142857142856997
       597     1428.571428571430033
       598     1428.571428571430033
       599     -285.714285714285950
       600     -285.714285714284983
       601      285.714285714285950
       602      285.714285714285950
       603      857.142857142856997
       604      857.142857142856997
       605     1428.571428571430033
       606     1428.571428571430033
       607      285.714285714285950
       608      285.714285714285950
       609      857.142857142856997
       610      857.142857142856997
       611     1428.571428571430033
       612     1428.571428571430033
       613      857.142857142856997
       614      857.142857142856997
       615     1428.571428571430033
       616     1428.571428571430033
       617     1428.571428571430033
       618     1428.571428571430033
       619      285.714285714285950
       620      285.714285714285950
       621      857.142857142856997
       622      857.142857142856997
       623     1428.571428571430033
       624     1428.571428571430033
       625      285.714285714285950
       626      857.142857142856997
       627     1428.571428571430033
       628     -285.714285714285950
       629      285.714285714285950
       630      857.142857142856997
       631     1428.571428571430033
       632     -285.714285714285950
       633      285.714285714285950
       634      857.142857142856997
       635     1428.571428571430033
       636      285.714285714285950
       637      857.142857142856997
       638     1428.571428571430033
       639      857.142857142856997
       640     1428.571428571430033
       641     1428.571428571430033
       642      285.714285714284983
       643      285.714285714284983
       644      857.142857142856997
       645      857.142857142858020
       646     1428.571428571430033
       647     1428.571428571430033
       648      285.714285714284983
       649      857.142857142856997
       650     1428.571428571430033
       651     -285.714285714285950
       652      285.714285714284983
       653      857.142857142856997
       654     1428.571428571430033
       655     -285.714285714285950
       656      285.714285714284983
       657      857.142857142856997
       658     1428.571428571430033
       659      285.714285714284983
       660      857.142857142856997
       661     1428.571428571430033
       662      857.142857142858020
       663     1428.571428571430033
       664     1428.571428571430033
       665      285.714285714285950
       666      285.714285714285950
       667      857.142857142856997
       668      857.142857142856997
       669     1428.571428571430033
       670     1428.571428571430033
       671      285.714285714285950
       672      857.142857142856997
       673     1428.571428571430033
       674      285.714285714285950
       675      857.142857142856997
       676     1428.571428571430033
       677      285.714285714285950
       678      857.142857142856997
       679     1428.571428571430033
       680      285.714285714285950
       681      857.142857142856997
       682     1428.571428571430033
       683      857.142857142856997
       684     1428.571428571430033
       685     1428.571428571430033
       686      285.714285714285950
       687      285.714285714285950
       688      857.142857142856997
       689      857.142857142856997
       690     1428.571428571430033
       691     1428.571428571430033
       692      285.714285714285950
       693      857.142857142856997
       694     1428.571428571430033
       695      285.714285714285950
       696      857.142857142855974
       697     1428.571428571430033
       698      285.714285714285950
       699      857.142857142856997
       700     1428.571428571430033
       701      285.714285714285950
       702      857.142857142856997
       703     1428.571428571430033
       704      857.142857142856997
       705     1428.571428571430033
       706     1428.571428571430033
       707      857.142857142856997
       708      857.142857142856997
       709     1428.571428571430033
       710     1428.571428571430033
       711      857.142857142856997
       712     1428.571428571430033
       713      857.142857142856997
       714     1428.571428571430033
       715      857.142857142856997
       716     1428.571428571430033
       717      857.142857142856997
       718     1428.571428571430033
       719      857.142857142856997
       720     1428.571428571430033
       721     1428.571428571430033
       722     1428.571428571430033
       723     1428.571428571430033
       724     1428.571428571430033
       725     1428.571428571430033
       726     1428.571428571430033
       727     1428.571428571430033
       728     1428.571428571430033
       729     1428.571428571430033
       730     1428.571428571430033
       731     1428.571428571430033
       732     1428.571428571430033
       733     1428.571428571430033
       734     1428.571428571430033
       735     1428.571428571430033
       736     1428.571428571430033
       737     1428.571428571430033
