         500
           1           1           3           4           2          15
          17          18          16
           2           3           5           6           4          17
          19          20          18
           3           5           7           8           6          19
          21          22          20
           4           2           4          10           9          16
          18          33          32
           5           4           6          11          10          18
          20          34          33
           6           6           8          12          11          20
          22          35          34
           7          13          15          16          14          42
          44          45          43
           8          15          17          18          16          44
          46          47          45
           9          17          19          20          18          46
          48          49          47
          10          19          21          22          20          48
          50          51          49
          11          21          23          24          22          50
          52          53          51
          12          23          25          26          24          52
          54          55          53
          13          25          27          28          26          54
          56          57          55
          14          27          29          30          28          56
          58          59          57
          15          14          16          32          31          43
          45          62          61
          16          16          18          33          32          45
          47          63          62
          17          18          20          34          33          47
          49          64          63
          18          20          22          35          34          49
          51          65          64
          19          22          24          36          35          51
          53          66          65
          20          24          26          37          36          53
          55          67          66
          21          26          28          38          37          55
          57          68          67
          22          28          30          39          38          57
          59          69          68
          23          40          42          43          41          70
          72          73          71
          24          42          44          45          43          72
          74          75          73
          25          44          46          47          45          74
          76          77          75
          26          46          48          49          47          76
          78          79          77
          27          48          50          51          49          78
          80          81          79
          28          50          52          53          51          80
          82          83          81
          29          52          54          55          53          82
          84          85          83
          30          54          56          57          55          84
          86          87          85
          31          56          58          59          57          86
          88          89          87
          32          41          43          61          60          71
          73          91          90
          33          43          45          62          61          73
          75          92          91
          34          45          47          63          62          75
          77          93          92
          35          47          49          64          63          77
          79          94          93
          36          49          51          65          64          79
          81          95          94
          37          51          53          66          65          81
          83          96          95
          38          53          55          67          66          83
          85          97          96
          39          55          57          68          67          85
          87          98          97
          40          57          59          69          68          87
          89          99          98
          41          72          74          75          73         100
         102         103         101
          42          74          76          77          75         102
         104         105         103
          43          76          78          79          77         104
         106         107         105
          44          78          80          81          79         106
         108         109         107
          45          80          82          83          81         108
         110         111         109
          46          82          84          85          83         110
         112         113         111
          47          84          86          87          85         112
         114         115         113
          48          86          88          89          87         114
         116         117         115
          49          73          75          92          91         101
         103         119         118
          50          75          77          93          92         103
         105         120         119
          51          77          79          94          93         105
         107         121         120
          52          79          81          95          94         107
         109         122         121
          53          81          83          96          95         109
         111         123         122
          54          83          85          97          96         111
         113         124         123
          55          85          87          98          97         113
         115         125         124
          56          87          89          99          98         115
         117         126         125
          57         102         104         105         103         127
         129         130         128
          58         104         106         107         105         129
         131         132         130
          59         106         108         109         107         131
         133         134         132
          60         108         110         111         109         133
         135         136         134
          61         110         112         113         111         135
         137         138         136
          62         112         114         115         113         137
         139         140         138
          63         114         116         117         115         139
         141         142         140
          64         103         105         120         119         128
         130         144         143
          65         105         107         121         120         130
         132         145         144
          66         107         109         122         121         132
         134         146         145
          67         109         111         123         122         134
         136         147         146
          68         111         113         124         123         136
         138         148         147
          69         113         115         125         124         138
         140         149         148
          70         115         117         126         125         140
         142         150         149
          71         127         129         130         128         151
         153         154         152
          72         129         131         132         130         153
         155         156         154
          73         131         133         134         132         155
         157         158         156
          74         133         135         136         134         157
         159         160         158
          75         135         137         138         136         159
         161         162         160
          76         137         139         140         138         161
         163         164         162
          77         139         141         142         140         163
         165         166         164
          78         128         130         144         143         152
         154         168         167
          79         130         132         145         144         154
         156         169         168
          80         132         134         146         145         156
         158         170         169
          81         134         136         147         146         158
         160         171         170
          82         136         138         148         147         160
         162         172         171
          83         138         140         149         148         162
         164         173         172
          84         140         142         150         149         164
         166         174         173
          85         153         155         156         154         175
         177         178         176
          86         155         157         158         156         177
         179         180         178
          87         157         159         160         158         179
         181         182         180
          88         159         161         162         160         181
         183         184         182
          89         161         163         164         162         183
         185         186         184
          90         163         165         166         164         185
         187         188         186
          91         154         156         169         168         176
         178         190         189
          92         156         158         170         169         178
         180         191         190
          93         158         160         171         170         180
         182         192         191
          94         160         162         172         171         182
         184         193         192
          95         162         164         173         172         184
         186         194         193
          96         164         166         174         173         186
         188         195         194
          97         175         177         178         176         196
         198         199         197
          98         177         179         180         178         198
         200         201         199
          99         179         181         182         180         200
         202         203         201
         100         181         183         184         182         202
         204         205         203
         101         183         185         186         184         204
         206         207         205
         102         185         187         188         186         206
         208         209         207
         103         176         178         190         189         197
         199         211         210
         104         178         180         191         190         199
         201         212         211
         105         180         182         192         191         201
         203         213         212
         106         182         184         193         192         203
         205         214         213
         107         184         186         194         193         205
         207         215         214
         108         186         188         195         194         207
         209         216         215
         109         196         198         199         197         217
         219         220         218
         110         198         200         201         199         219
         221         222         220
         111         200         202         203         201         221
         223         224         222
         112         202         204         205         203         223
         225         226         224
         113         204         206         207         205         225
         227         228         226
         114         206         208         209         207         227
         229         230         228
         115         197         199         211         210         218
         220         232         231
         116         199         201         212         211         220
         222         233         232
         117         201         203         213         212         222
         224         234         233
         118         203         205         214         213         224
         226         235         234
         119         205         207         215         214         226
         228         236         235
         120         207         209         216         215         228
         230         237         236
         121         217         219         220         218         238
         240         241         239
         122         219         221         222         220         240
         242         243         241
         123         221         223         224         222         242
         244         245         243
         124         223         225         226         224         244
         246         247         245
         125         225         227         228         226         246
         248         249         247
         126         227         229         230         228         248
         250         251         249
         127         218         220         232         231         239
         241         253         252
         128         220         222         233         232         241
         243         254         253
         129         222         224         234         233         243
         245         255         254
         130         224         226         235         234         245
         247         256         255
         131         226         228         236         235         247
         249         257         256
         132         228         230         237         236         249
         251         258         257
         133         238         240         241         239         259
         261         262         260
         134         240         242         243         241         261
         263         264         262
         135         242         244         245         243         263
         265         266         264
         136         244         246         247         245         265
         267         268         266
         137         246         248         249         247         267
         269         270         268
         138         248         250         251         249         269
         271         272         270
         139         239         241         253         252         260
         262         274         273
         140         241         243         254         253         262
         264         275         274
         141         243         245         255         254         264
         266         276         275
         142         245         247         256         255         266
         268         277         276
         143         247         249         257         256         268
         270         278         277
         144         249         251         258         257         270
         272         279         278
         145         280         281         283         282         287
         289         304         303
         146         282         283           3           1         303
         304          17          15
         147         283         284           5           3         304
         305          19          17
         148         286         288         289         287         313
         315         316         314
         149         288         290         291         289         315
         317         318         316
         150         290         292         293         291         317
         319         320         318
         151         292         294         295         293         319
         321         322         320
         152         294         296         297         295         321
         323         324         322
         153         296         298         299         297         323
         325         326         324
         154         298         300         301         299         325
         327         328         326
         155         285         287         303         302         312
         314         331         330
         156         287         289         304         303         314
         316         332         331
         157         289         291         305         304         316
         318         333         332
         158         291         293         306         305         318
         320         334         333
         159         293         295         307         306         320
         322         335         334
         160         295         297         308         307         322
         324         336         335
         161         297         299         309         308         324
         326         337         336
         162         299         301         310         309         326
         328         338         337
         163         302         303          15          13         330
         331          44          42
         164         303         304          17          15         331
         332          46          44
         165         304         305          19          17         332
         333          48          46
         166         305         306          21          19         333
         334          50          48
         167         306         307          23          21         334
         335          52          50
         168         307         308          25          23         335
         336          54          52
         169         308         309          27          25         336
         337          56          54
         170         309         310          29          27         337
         338          58          56
         171         311         313         314         312         339
         341         342         340
         172         313         315         316         314         341
         343         344         342
         173         315         317         318         316         343
         345         346         344
         174         317         319         320         318         345
         347         348         346
         175         319         321         322         320         347
         349         350         348
         176         321         323         324         322         349
         351         352         350
         177         323         325         326         324         351
         353         354         352
         178         325         327         328         326         353
         355         356         354
         179         312         314         331         330         340
         342         359         358
         180         314         316         332         331         342
         344         360         359
         181         316         318         333         332         344
         346         361         360
         182         318         320         334         333         346
         348         362         361
         183         320         322         335         334         348
         350         363         362
         184         322         324         336         335         350
         352         364         363
         185         324         326         337         336         352
         354         365         364
         186         326         328         338         337         354
         356         366         365
         187         329         330          42          40         357
         358          72          70
         188         330         331          44          42         358
         359          74          72
         189         331         332          46          44         359
         360          76          74
         190         332         333          48          46         360
         361          78          76
         191         333         334          50          48         361
         362          80          78
         192         334         335          52          50         362
         363          82          80
         193         335         336          54          52         363
         364          84          82
         194         336         337          56          54         364
         365          86          84
         195         337         338          58          56         365
         366          88          86
         196         339         341         342         340         367
         369         370         368
         197         341         343         344         342         369
         371         372         370
         198         343         345         346         344         371
         373         374         372
         199         345         347         348         346         373
         375         376         374
         200         347         349         350         348         375
         377         378         376
         201         349         351         352         350         377
         379         380         378
         202         351         353         354         352         379
         381         382         380
         203         353         355         356         354         381
         383         384         382
         204         340         342         359         358         368
         370         386         385
         205         342         344         360         359         370
         372         387         386
         206         344         346         361         360         372
         374         388         387
         207         346         348         362         361         374
         376         389         388
         208         348         350         363         362         376
         378         390         389
         209         350         352         364         363         378
         380         391         390
         210         352         354         365         364         380
         382         392         391
         211         354         356         366         365         382
         384         393         392
         212         358         359          74          72         385
         386         102         100
         213         359         360          76          74         386
         387         104         102
         214         360         361          78          76         387
         388         106         104
         215         361         362          80          78         388
         389         108         106
         216         362         363          82          80         389
         390         110         108
         217         363         364          84          82         390
         391         112         110
         218         364         365          86          84         391
         392         114         112
         219         365         366          88          86         392
         393         116         114
         220         369         371         372         370         394
         396         397         395
         221         371         373         374         372         396
         398         399         397
         222         373         375         376         374         398
         400         401         399
         223         375         377         378         376         400
         402         403         401
         224         377         379         380         378         402
         404         405         403
         225         379         381         382         380         404
         406         407         405
         226         381         383         384         382         406
         408         409         407
         227         370         372         387         386         395
         397         411         410
         228         372         374         388         387         397
         399         412         411
         229         374         376         389         388         399
         401         413         412
         230         376         378         390         389         401
         403         414         413
         231         378         380         391         390         403
         405         415         414
         232         380         382         392         391         405
         407         416         415
         233         382         384         393         392         407
         409         417         416
         234         386         387         104         102         410
         411         129         127
         235         387         388         106         104         411
         412         131         129
         236         388         389         108         106         412
         413         133         131
         237         389         390         110         108         413
         414         135         133
         238         390         391         112         110         414
         415         137         135
         239         391         392         114         112         415
         416         139         137
         240         392         393         116         114         416
         417         141         139
         241         394         396         397         395         418
         420         421         419
         242         396         398         399         397         420
         422         423         421
         243         398         400         401         399         422
         424         425         423
         244         400         402         403         401         424
         426         427         425
         245         402         404         405         403         426
         428         429         427
         246         404         406         407         405         428
         430         431         429
         247         406         408         409         407         430
         432         433         431
         248         395         397         411         410         419
         421         435         434
         249         397         399         412         411         421
         423         436         435
         250         399         401         413         412         423
         425         437         436
         251         401         403         414         413         425
         427         438         437
         252         403         405         415         414         427
         429         439         438
         253         405         407         416         415         429
         431         440         439
         254         407         409         417         416         431
         433         441         440
         255         410         411         129         127         434
         435         153         151
         256         411         412         131         129         435
         436         155         153
         257         412         413         133         131         436
         437         157         155
         258         413         414         135         133         437
         438         159         157
         259         414         415         137         135         438
         439         161         159
         260         415         416         139         137         439
         440         163         161
         261         416         417         141         139         440
         441         165         163
         262         420         422         423         421         442
         444         445         443
         263         422         424         425         423         444
         446         447         445
         264         424         426         427         425         446
         448         449         447
         265         426         428         429         427         448
         450         451         449
         266         428         430         431         429         450
         452         453         451
         267         430         432         433         431         452
         454         455         453
         268         421         423         436         435         443
         445         457         456
         269         423         425         437         436         445
         447         458         457
         270         425         427         438         437         447
         449         459         458
         271         427         429         439         438         449
         451         460         459
         272         429         431         440         439         451
         453         461         460
         273         431         433         441         440         453
         455         462         461
         274         435         436         155         153         456
         457         177         175
         275         436         437         157         155         457
         458         179         177
         276         437         438         159         157         458
         459         181         179
         277         438         439         161         159         459
         460         183         181
         278         439         440         163         161         460
         461         185         183
         279         440         441         165         163         461
         462         187         185
         280         442         444         445         443         463
         465         466         464
         281         444         446         447         445         465
         467         468         466
         282         446         448         449         447         467
         469         470         468
         283         448         450         451         449         469
         471         472         470
         284         450         452         453         451         471
         473         474         472
         285         452         454         455         453         473
         475         476         474
         286         443         445         457         456         464
         466         478         477
         287         445         447         458         457         466
         468         479         478
         288         447         449         459         458         468
         470         480         479
         289         449         451         460         459         470
         472         481         480
         290         451         453         461         460         472
         474         482         481
         291         453         455         462         461         474
         476         483         482
         292         456         457         177         175         477
         478         198         196
         293         457         458         179         177         478
         479         200         198
         294         458         459         181         179         479
         480         202         200
         295         459         460         183         181         480
         481         204         202
         296         460         461         185         183         481
         482         206         204
         297         461         462         187         185         482
         483         208         206
         298         463         465         466         464         484
         486         487         485
         299         465         467         468         466         486
         488         489         487
         300         467         469         470         468         488
         490         491         489
         301         469         471         472         470         490
         492         493         491
         302         471         473         474         472         492
         494         495         493
         303         473         475         476         474         494
         496         497         495
         304         464         466         478         477         485
         487         499         498
         305         466         468         479         478         487
         489         500         499
         306         468         470         480         479         489
         491         501         500
         307         470         472         481         480         491
         493         502         501
         308         472         474         482         481         493
         495         503         502
         309         474         476         483         482         495
         497         504         503
         310         477         478         198         196         498
         499         219         217
         311         478         479         200         198         499
         500         221         219
         312         479         480         202         200         500
         501         223         221
         313         480         481         204         202         501
         502         225         223
         314         481         482         206         204         502
         503         227         225
         315         482         483         208         206         503
         504         229         227
         316         484         486         487         485         505
         507         508         506
         317         486         488         489         487         507
         509         510         508
         318         488         490         491         489         509
         511         512         510
         319         490         492         493         491         511
         513         514         512
         320         492         494         495         493         513
         515         516         514
         321         494         496         497         495         515
         517         518         516
         322         485         487         499         498         506
         508         520         519
         323         487         489         500         499         508
         510         521         520
         324         489         491         501         500         510
         512         522         521
         325         491         493         502         501         512
         514         523         522
         326         493         495         503         502         514
         516         524         523
         327         495         497         504         503         516
         518         525         524
         328         498         499         219         217         519
         520         240         238
         329         499         500         221         219         520
         521         242         240
         330         500         501         223         221         521
         522         244         242
         331         501         502         225         223         522
         523         246         244
         332         502         503         227         225         523
         524         248         246
         333         503         504         229         227         524
         525         250         248
         334         505         507         508         506         526
         528         529         527
         335         507         509         510         508         528
         530         531         529
         336         509         511         512         510         530
         532         533         531
         337         511         513         514         512         532
         534         535         533
         338         513         515         516         514         534
         536         537         535
         339         515         517         518         516         536
         538         539         537
         340         506         508         520         519         527
         529         541         540
         341         508         510         521         520         529
         531         542         541
         342         510         512         522         521         531
         533         543         542
         343         512         514         523         522         533
         535         544         543
         344         514         516         524         523         535
         537         545         544
         345         516         518         525         524         537
         539         546         545
         346         519         520         240         238         540
         541         261         259
         347         520         521         242         240         541
         542         263         261
         348         521         522         244         242         542
         543         265         263
         349         522         523         246         244         543
         544         267         265
         350         523         524         248         246         544
         545         269         267
         351         524         525         250         248         545
         546         271         269
         352         300         549         551         327         298
         550         552         325
         353         298         550         552         325         296
         553         554         323
         354         296         553         554         323         294
         555         556         321
         355         294         555         556         321         292
         557         558         319
         356         292         557         558         319         290
         559         560         317
         357         290         559         560         317         288
         561         562         315
         358         288         561         562         315         286
         563         564         313
         359         566         568         574         572         567
         569         575         573
         360         570         572         590         588         571
         573         591         589
         361         572         574         592         590         573
         575         593         591
         362         574         576         594         592         575
         577         595         593
         363         576         578         596         594         577
         579         597         595
         364         578         580         598         596         579
         581         599         597
         365         580         582         600         598         581
         583         601         599
         366         582         584         602         600         583
         585         603         601
         367         586         588         608         606         587
         589         609         607
         368         588         590         610         608         589
         591         611         609
         369         590         592         612         610         591
         593         613         611
         370         592         594         614         612         593
         595         615         613
         371         594         596         616         614         595
         597         617         615
         372         596         598         618         616         597
         599         619         617
         373         598         600         620         618         599
         601         621         619
         374         600         602         622         620         601
         603         623         621
         375         551         604         355         327         552
         605         353         325
         376         604         606         383         355         605
         607         381         353
         377         606         608         408         383         607
         609         406         381
         378         608         610         432         408         609
         611         430         406
         379         610         612         454         432         611
         613         452         430
         380         612         614         475         454         613
         615         473         452
         381         614         616         496         475         615
         617         494         473
         382         616         618         517         496         617
         619         515         494
         383         618         620         538         517         619
         621         536         515
         384         620         622         548         538         621
         623         547         536
         385         567         569         575         573         624
         625         628         627
         386         571         573         591         589         626
         627         636         635
         387         573         575         593         591         627
         628         637         636
         388         575         577         595         593         628
         629         638         637
         389         577         579         597         595         629
         630         639         638
         390         579         581         599         597         630
         631         640         639
         391         581         583         601         599         631
         632         641         640
         392         583         585         603         601         632
         633         642         641
         393         587         589         609         607         634
         635         645         644
         394         589         591         611         609         635
         636         646         645
         395         591         593         613         611         636
         637         647         646
         396         593         595         615         613         637
         638         648         647
         397         595         597         617         615         638
         639         649         648
         398         597         599         619         617         639
         640         650         649
         399         599         601         621         619         640
         641         651         650
         400         601         603         623         621         641
         642         652         651
         401         552         605         353         325         554
         643         351         323
         402         605         607         381         353         643
         644         379         351
         403         607         609         406         381         644
         645         404         379
         404         609         611         430         406         645
         646         428         404
         405         611         613         452         430         646
         647         450         428
         406         613         615         473         452         647
         648         471         450
         407         615         617         494         473         648
         649         492         471
         408         617         619         515         494         649
         650         513         492
         409         619         621         536         515         650
         651         534         513
         410         624         625         628         627         653
         654         657         656
         411         626         627         636         635         655
         656         665         664
         412         627         628         637         636         656
         657         666         665
         413         628         629         638         637         657
         658         667         666
         414         629         630         639         638         658
         659         668         667
         415         630         631         640         639         659
         660         669         668
         416         631         632         641         640         660
         661         670         669
         417         632         633         642         641         661
         662         671         670
         418         634         635         645         644         663
         664         674         673
         419         635         636         646         645         664
         665         675         674
         420         636         637         647         646         665
         666         676         675
         421         637         638         648         647         666
         667         677         676
         422         638         639         649         648         667
         668         678         677
         423         639         640         650         649         668
         669         679         678
         424         640         641         651         650         669
         670         680         679
         425         554         643         351         323         556
         672         349         321
         426         643         644         379         351         672
         673         377         349
         427         644         645         404         379         673
         674         402         377
         428         645         646         428         404         674
         675         426         402
         429         646         647         450         428         675
         676         448         426
         430         647         648         471         450         676
         677         469         448
         431         648         649         492         471         677
         678         490         469
         432         649         650         513         492         678
         679         511         490
         433         650         651         534         513         679
         680         532         511
         434         653         654         657         656         681
         682         685         684
         435         655         656         665         664         683
         684         692         691
         436         656         657         666         665         684
         685         693         692
         437         657         658         667         666         685
         686         694         693
         438         658         659         668         667         686
         687         695         694
         439         659         660         669         668         687
         688         696         695
         440         660         661         670         669         688
         689         697         696
         441         663         664         674         673         690
         691         700         699
         442         664         665         675         674         691
         692         701         700
         443         665         666         676         675         692
         693         702         701
         444         666         667         677         676         693
         694         703         702
         445         667         668         678         677         694
         695         704         703
         446         668         669         679         678         695
         696         705         704
         447         669         670         680         679         696
         697         706         705
         448         556         672         349         321         558
         698         347         319
         449         672         673         377         349         698
         699         375         347
         450         673         674         402         377         699
         700         400         375
         451         674         675         426         402         700
         701         424         400
         452         675         676         448         426         701
         702         446         424
         453         676         677         469         448         702
         703         467         446
         454         677         678         490         469         703
         704         488         467
         455         678         679         511         490         704
         705         509         488
         456         679         680         532         511         705
         706         530         509
         457         681         682         685         684         707
         708         711         710
         458         683         684         692         691         709
         710         718         717
         459         684         685         693         692         710
         711         719         718
         460         685         686         694         693         711
         712         720         719
         461         686         687         695         694         712
         713         721         720
         462         687         688         696         695         713
         714         722         721
         463         688         689         697         696         714
         715         723         722
         464         690         691         700         699         716
         717         726         725
         465         691         692         701         700         717
         718         727         726
         466         692         693         702         701         718
         719         728         727
         467         693         694         703         702         719
         720         729         728
         468         694         695         704         703         720
         721         730         729
         469         695         696         705         704         721
         722         731         730
         470         696         697         706         705         722
         723         732         731
         471         558         698         347         319         560
         724         345         317
         472         698         699         375         347         724
         725         373         345
         473         699         700         400         375         725
         726         398         373
         474         700         701         424         400         726
         727         422         398
         475         701         702         446         424         727
         728         444         422
         476         702         703         467         446         728
         729         465         444
         477         703         704         488         467         729
         730         486         465
         478         704         705         509         488         730
         731         507         486
         479         705         706         530         509         731
         732         528         507
         480         710         711         719         718         733
         734         739         738
         481         711         712         720         719         734
         735         740         739
         482         716         717         726         725         736
         737         745         744
         483         717         718         727         726         737
         738         746         745
         484         718         719         728         727         738
         739         747         746
         485         719         720         729         728         739
         740         748         747
         486         720         721         730         729         740
         741         749         748
         487         721         722         731         730         741
         742         750         749
         488         560         724         345         317         562
         743         343         315
         489         724         725         373         345         743
         744         371         343
         490         725         726         398         373         744
         745         396         371
         491         726         727         422         398         745
         746         420         396
         492         727         728         444         422         746
         747         442         420
         493         728         729         465         444         747
         748         463         442
         494         729         730         486         465         748
         749         484         463
         495         730         731         507         486         749
         750         505         484
         496         731         732         528         507         750
         751         526         505
         497         562         743         343         315         564
         752         341         313
         498         743         744         371         343         752
         753         369         341
         499         744         745         396         371         753
         754         394         369
         500         564         752         341         313         565
         755         339         311
