         748
         1    -1538.461538461540158
         2    -2115.384615384619792
         3    -2692.307692307689649
         4    -3269.230769230769965
         5    -3846.153846153849827
         6    -4423.076923076929234
         7    -5000.000000000000000
         8    -1538.461538461540158
         9    -2115.384615384610242
        10    -2692.307692307689649
        11    -3269.230769230769965
        12    -3846.153846153849827
        13    -4423.076923076929234
        14    -5000.000000000000000
        15    -1538.461538461540158
        16    -2115.384615384610242
        17    -2692.307692307689649
        18    -3269.230769230769965
        19    -3846.153846153849827
        20    -4423.076923076929234
        21    -5000.000000000000000
        22    -2115.384615384619792
        23    -2692.307692307689649
        24    -3269.230769230769965
        25    -3846.153846153849827
        26    -4423.076923076920139
        27    -5000.000000000000000
        28    -2692.307692307689649
        29    -3269.230769230769965
        30    -3846.153846153849827
        31    -4423.076923076929234
        32    -5000.000000000000000
        33    -3269.230769230769965
        34    -3846.153846153849827
        35    -4423.076923076929234
        36    -5000.000000000000000
        37    -3269.230769230769965
        38    -3846.153846153849827
        39    -4423.076923076920139
        40    -5000.000000000000000
        41    -3269.230769230769965
        42    -3846.153846153849827
        43    -4423.076923076920139
        44    -5000.000000000000000
        45    -3269.230769230769965
        46    -3846.153846153849827
        47    -4423.076923076920139
        48    -5000.000000000000000
        49    -1538.461538461540158
        50    -2115.384615384619792
        51    -2692.307692307689649
        52    -3269.230769230769965
        53    -3846.153846153849827
        54    -4423.076923076920139
        55    -5000.000000000000000
        56     -961.538461538462002
        57    -1538.461538461540158
        58    -2115.384615384619792
        59    -2692.307692307689649
        60    -3269.230769230769965
        61    -3846.153846153849827
        62    -4423.076923076929234
        63    -5000.000000000000000
        64     -961.538461538462002
        65    -1538.461538461540158
        66    -2115.384615384619792
        67    -2692.307692307689649
        68    -3269.230769230769965
        69    -3846.153846153849827
        70    -4423.076923076920139
        71    -5000.000000000000000
        72     -384.615384615385040
        73     -961.538461538462002
        74    -1538.461538461540158
        75    -2115.384615384619792
        76    -2692.307692307689649
        77    -3269.230769230769965
        78    -3846.153846153849827
        79    -4423.076923076929234
        80    -5000.000000000000000
        81     -384.615384615385040
        82     -961.538461538462002
        83    -1538.461538461540158
        84    -2115.384615384619792
        85    -2692.307692307689649
        86    -3269.230769230769965
        87    -3846.153846153849827
        88    -4423.076923076920139
        89    -5000.000000000000000
        90     -384.615384615385040
        91     -961.538461538462002
        92    -1538.461538461540158
        93    -2115.384615384619792
        94    -2692.307692307689649
        95    -3269.230769230769965
        96    -3846.153846153849827
        97    -4423.076923076920139
        98    -5000.000000000000000
        99     -384.615384615384016
       100     -961.538461538462002
       101    -1538.461538461540158
       102    -2115.384615384619792
       103    -2692.307692307689649
       104    -3269.230769230769965
       105    -3846.153846153849827
       106    -4423.076923076920139
       107    -5000.000000000000000
       108     -384.615384615384016
       109     -961.538461538462002
       110    -1538.461538461540158
       111    -2115.384615384619792
       112    -2692.307692307689649
       113    -3269.230769230769965
       114    -3846.153846153849827
       115    -4423.076923076920139
       116    -5000.000000000000000
       117     -384.615384615385040
       118     -961.538461538462002
       119    -1538.461538461540158
       120    -2115.384615384619792
       121    -2692.307692307689649
       122    -3269.230769230769965
       123    -3846.153846153849827
       124    -4423.076923076929234
       125    -5000.000000000000000
       126     -384.615384615384016
       127     -961.538461538462002
       128    -1538.461538461540158
       129    -2115.384615384619792
       130    -2692.307692307689649
       131    -3269.230769230769965
       132    -3846.153846153849827
       133    -4423.076923076920139
       134    -5000.000000000000000
       135     -961.538461538460979
       136    -1538.461538461540158
       137    -2115.384615384619792
       138    -2692.307692307689649
       139    -3269.230769230769965
       140    -3846.153846153839822
       141    -4423.076923076929234
       142    -5000.000000000000000
       143     -384.615384615385040
       144     -961.538461538462002
       145    -1538.461538461540158
       146    -2115.384615384619792
       147    -2692.307692307689649
       148    -3269.230769230769965
       149    -3846.153846153849827
       150    -4423.076923076920139
       151    -5000.000000000000000
       152     -384.615384615384016
       153     -961.538461538460979
       154    -1538.461538461540158
       155    -2115.384615384619792
       156    -2692.307692307689649
       157    -3269.230769230769965
       158    -3846.153846153849827
       159    -4423.076923076929234
       160    -5000.000000000000000
       161      192.307692307692008
       162     -384.615384615384016
       163     -961.538461538462002
       164    -1538.461538461540158
       165    -2115.384615384619792
       166    -2692.307692307689649
       167    -3269.230769230769965
       168    -3846.153846153849827
       169    -4423.076923076920139
       170    -5000.000000000000000
       171      192.307692307692008
       172     -384.615384615385040
       173     -961.538461538460979
       174    -1538.461538461540158
       175    -2115.384615384619792
       176    -2692.307692307689649
       177    -3269.230769230769965
       178    -3846.153846153839822
       179    -4423.076923076920139
       180    -5000.000000000000000
       181      192.307692307692008
       182     -384.615384615385040
       183     -961.538461538462002
       184    -1538.461538461540158
       185    -2115.384615384619792
       186    -2692.307692307689649
       187    -3269.230769230769965
       188    -3846.153846153849827
       189    -4423.076923076920139
       190    -5000.000000000000000
       191      192.307692307692008
       192     -384.615384615384016
       193     -961.538461538462002
       194    -1538.461538461540158
       195    -2115.384615384619792
       196    -2692.307692307689649
       197    -3269.230769230769965
       198    -3846.153846153839822
       199    -4423.076923076920139
       200    -5000.000000000000000
       201      192.307692307692008
       202     -384.615384615384016
       203     -961.538461538462002
       204    -1538.461538461540158
       205    -2115.384615384619792
       206    -2692.307692307689649
       207    -3269.230769230769965
       208    -3846.153846153839822
       209    -4423.076923076920139
       210    -5000.000000000000000
       211      192.307692307692008
       212     -384.615384615384016
       213     -961.538461538460979
       214    -1538.461538461540158
       215    -2115.384615384619792
       216    -2692.307692307689649
       217    -3269.230769230769965
       218    -3846.153846153849827
       219    -4423.076923076920139
       220    -5000.000000000000000
       221      192.307692307692008
       222     -384.615384615384016
       223     -961.538461538460979
       224    -1538.461538461540158
       225    -2115.384615384619792
       226    -2692.307692307689649
       227    -3269.230769230769965
       228    -3846.153846153849827
       229    -4423.076923076920139
       230    -5000.000000000000000
       231     -961.538461538460979
       232    -1538.461538461540158
       233    -2115.384615384619792
       234    -2692.307692307689649
       235    -3269.230769230769965
       236    -3846.153846153839822
       237    -4423.076923076920139
       238    -5000.000000000000000
       239      192.307692307692008
       240     -384.615384615385040
       241     -961.538461538462002
       242    -1538.461538461540158
       243    -2115.384615384619792
       244    -2692.307692307689649
       245    -3269.230769230769965
       246    -3846.153846153849827
       247    -4423.076923076920139
       248    -5000.000000000000000
       249      192.307692307691013
       250     -384.615384615385040
       251     -961.538461538462002
       252    -1538.461538461540158
       253    -2115.384615384610242
       254    -2692.307692307689649
       255    -3269.230769230769965
       256    -3846.153846153849827
       257    -4423.076923076929234
       258    -5000.000000000000000
       259      192.307692307692008
       260     -384.615384615384016
       261     -961.538461538462002
       262    -1538.461538461540158
       263    -2115.384615384610242
       264    -2692.307692307689649
       265    -3269.230769230769965
       266    -3846.153846153849827
       267    -4423.076923076929234
       268    -5000.000000000000000
       269      192.307692307691013
       270     -384.615384615385040
       271     -961.538461538462002
       272    -1538.461538461540158
       273    -2115.384615384610242
       274    -2692.307692307689649
       275    -3269.230769230769965
       276    -3846.153846153849827
       277    -4423.076923076920139
       278    -5000.000000000000000
       279      192.307692307692008
       280     -384.615384615385040
       281     -961.538461538462002
       282    -1538.461538461540158
       283    -2115.384615384610242
       284    -2692.307692307689649
       285    -3269.230769230769965
       286    -3846.153846153849827
       287    -4423.076923076929234
       288    -5000.000000000000000
       289      192.307692307692008
       290     -384.615384615385040
       291     -961.538461538460979
       292    -1538.461538461540158
       293    -2115.384615384619792
       294    -2692.307692307689649
       295    -3269.230769230769965
       296    -3846.153846153849827
       297    -4423.076923076920139
       298    -5000.000000000000000
       299      192.307692307692008
       300     -384.615384615384016
       301     -961.538461538462002
       302    -1538.461538461540158
       303    -2115.384615384610242
       304    -2692.307692307689649
       305    -3269.230769230769965
       306    -3846.153846153839822
       307    -4423.076923076920139
       308    -5000.000000000000000
       309      192.307692307692008
       310     -384.615384615385040
       311     -961.538461538463025
       312    -1538.461538461540158
       313    -2115.384615384610242
       314    -2692.307692307689649
       315    -3269.230769230769965
       316    -3846.153846153849827
       317    -4423.076923076929234
       318    -5000.000000000000000
       319      192.307692307692008
       320     -384.615384615385040
       321     -961.538461538462002
       322    -1538.461538461540158
       323    -2115.384615384610242
       324    -2692.307692307689649
       325    -3269.230769230769965
       326    -3846.153846153849827
       327    -4423.076923076920139
       328    -5000.000000000000000
       329      192.307692307692008
       330     -384.615384615385040
       331     -961.538461538460979
       332    -1538.461538461540158
       333    -2115.384615384619792
       334    -2692.307692307689649
       335    -3269.230769230769965
       336    -3846.153846153849827
       337    -4423.076923076920139
       338    -5000.000000000000000
       339      192.307692307692008
       340     -384.615384615385040
       341     -961.538461538462002
       342    -1538.461538461540158
       343    -2115.384615384610242
       344    -2692.307692307689649
       345    -3269.230769230769965
       346    -3846.153846153849827
       347    -4423.076923076920139
       348    -5000.000000000000000
       349      192.307692307692008
       350     -384.615384615384016
       351     -961.538461538462002
       352    -1538.461538461540158
       353    -2115.384615384610242
       354    -2692.307692307689649
       355    -3269.230769230769965
       356    -3846.153846153839822
       357    -4423.076923076929234
       358    -5000.000000000000000
       359      192.307692307692008
       360     -384.615384615385040
       361     -961.538461538460979
       362    -1538.461538461540158
       363    -2115.384615384610242
       364    -2692.307692307689649
       365    -3269.230769230769965
       366    -3846.153846153849827
       367    -4423.076923076920139
       368    -5000.000000000000000
       369      192.307692307692008
       370     -384.615384615385040
       371     -961.538461538462002
       372    -1538.461538461540158
       373    -2115.384615384619792
       374    -2692.307692307689649
       375    -3269.230769230769965
       376    -3846.153846153839822
       377    -4423.076923076920139
       378    -5000.000000000000000
       379      192.307692307692008
       380     -384.615384615385040
       381     -961.538461538460979
       382    -1538.461538461540158
       383    -2115.384615384619792
       384    -2692.307692307689649
       385    -3269.230769230769965
       386    -3846.153846153849827
       387    -4423.076923076920139
       388    -5000.000000000000000
       389      192.307692307692008
       390     -384.615384615385040
       391     -961.538461538460979
       392    -1538.461538461540158
       393    -2115.384615384610242
       394    -2692.307692307689649
       395    -3269.230769230769965
       396    -3846.153846153849827
       397    -4423.076923076920139
       398    -5000.000000000000000
       399      192.307692307692008
       400     -384.615384615385040
       401     -961.538461538462002
       402    -1538.461538461540158
       403    -2115.384615384619792
       404    -2692.307692307689649
       405    -3269.230769230769965
       406    -3846.153846153849827
       407    -4423.076923076920139
       408    -5000.000000000000000
       409      192.307692307692008
       410     -384.615384615385040
       411     -961.538461538462002
       412    -1538.461538461540158
       413    -2115.384615384610242
       414    -2692.307692307689649
       415    -3269.230769230769965
       416    -3846.153846153849827
       417    -4423.076923076920139
       418    -5000.000000000000000
       419     -384.615384615385040
       420     -961.538461538462002
       421    -1538.461538461540158
       422    -2115.384615384610242
       423    -2692.307692307689649
       424    -3269.230769230769965
       425    -3846.153846153849827
       426    -4423.076923076920139
       427    -5000.000000000000000
       428     -384.615384615385040
       429     -961.538461538462002
       430    -1538.461538461540158
       431    -2115.384615384610242
       432    -2692.307692307689649
       433    -3269.230769230769965
       434    -3846.153846153839822
       435    -4423.076923076929234
       436    -5000.000000000000000
       437     -384.615384615385040
       438     -961.538461538462002
       439    -1538.461538461540158
       440    -2115.384615384610242
       441    -2692.307692307689649
       442    -3269.230769230769965
       443    -3846.153846153839822
       444    -4423.076923076929234
       445    -5000.000000000000000
       446     -384.615384615385040
       447     -961.538461538462002
       448    -1538.461538461540158
       449    -2115.384615384610242
       450    -2692.307692307689649
       451    -3269.230769230769965
       452    -3846.153846153849827
       453    -4423.076923076920139
       454    -5000.000000000000000
       455     -384.615384615385040
       456     -961.538461538462002
       457    -1538.461538461540158
       458    -2115.384615384610242
       459    -2692.307692307689649
       460    -3269.230769230769965
       461    -3846.153846153839822
       462    -4423.076923076920139
       463    -5000.000000000000000
       464     -384.615384615385040
       465     -961.538461538462002
       466    -1538.461538461540158
       467    -2115.384615384619792
       468    -2692.307692307689649
       469    -3269.230769230769965
       470    -3846.153846153839822
       471    -4423.076923076920139
       472    -5000.000000000000000
       473     -384.615384615384016
       474     -961.538461538462002
       475    -1538.461538461540158
       476    -2115.384615384619792
       477    -2692.307692307689649
       478    -3269.230769230769965
       479    -3846.153846153839822
       480    -4423.076923076920139
       481    -5000.000000000000000
       482     -384.615384615385040
       483     -961.538461538462002
       484    -1538.461538461540158
       485    -2115.384615384610242
       486    -2692.307692307689649
       487    -3269.230769230769965
       488    -3846.153846153839822
       489    -4423.076923076920139
       490    -5000.000000000000000
       491     -384.615384615385040
       492     -961.538461538462002
       493    -1538.461538461540158
       494    -2115.384615384619792
       495    -2692.307692307689649
       496    -3269.230769230769965
       497    -3846.153846153839822
       498    -4423.076923076920139
       499    -5000.000000000000000
       500     -384.615384615385040
       501     -961.538461538462002
       502    -1538.461538461540158
       503    -2115.384615384619792
       504    -2692.307692307689649
       505    -3269.230769230769965
       506    -3846.153846153849827
       507    -4423.076923076920139
       508    -5000.000000000000000
       509     -384.615384615385040
       510     -961.538461538460979
       511    -1538.461538461540158
       512    -2115.384615384619792
       513    -2692.307692307689649
       514    -3269.230769230769965
       515    -3846.153846153849827
       516    -4423.076923076929234
       517    -5000.000000000000000
       518     -384.615384615385040
       519     -961.538461538462002
       520    -1538.461538461540158
       521    -2115.384615384619792
       522    -2692.307692307689649
       523    -3269.230769230769965
       524    -3846.153846153849827
       525    -4423.076923076929234
       526    -5000.000000000000000
       527     -384.615384615385040
       528     -961.538461538462002
       529    -1538.461538461540158
       530    -2115.384615384619792
       531    -2692.307692307689649
       532    -3269.230769230769965
       533    -3846.153846153839822
       534    -4423.076923076920139
       535    -5000.000000000000000
       536     -384.615384615385040
       537     -961.538461538462002
       538    -1538.461538461540158
       539    -2115.384615384619792
       540    -2692.307692307689649
       541    -3269.230769230769965
       542    -3846.153846153839822
       543    -4423.076923076929234
       544    -5000.000000000000000
       545     -384.615384615385040
       546     -961.538461538460979
       547    -1538.461538461540158
       548    -2115.384615384619792
       549    -2692.307692307689649
       550    -3269.230769230769965
       551    -3846.153846153849827
       552    -4423.076923076920139
       553    -5000.000000000000000
       554     -384.615384615385040
       555     -961.538461538463025
       556    -1538.461538461540158
       557    -2115.384615384619792
       558    -2692.307692307689649
       559    -3269.230769230769965
       560    -3846.153846153839822
       561    -4423.076923076920139
       562    -5000.000000000000000
       563     -384.615384615385040
       564     -961.538461538463025
       565    -1538.461538461540158
       566    -2115.384615384619792
       567    -2692.307692307689649
       568    -3269.230769230769965
       569    -3846.153846153849827
       570    -4423.076923076929234
       571    -5000.000000000000000
       572     -384.615384615385040
       573     -961.538461538462002
       574    -1538.461538461540158
       575    -2115.384615384619792
       576    -2692.307692307689649
       577    -3269.230769230769965
       578    -3846.153846153849827
       579    -4423.076923076920139
       580    -5000.000000000000000
       581     -961.538461538462002
       582    -1538.461538461540158
       583    -2115.384615384619792
       584    -2692.307692307689649
       585    -3269.230769230769965
       586    -3846.153846153839822
       587    -4423.076923076929234
       588    -5000.000000000000000
       589     -961.538461538462002
       590    -1538.461538461540158
       591    -2115.384615384619792
       592    -2692.307692307689649
       593    -3269.230769230769965
       594    -3846.153846153839822
       595    -4423.076923076929234
       596    -5000.000000000000000
       597     -961.538461538463025
       598    -1538.461538461540158
       599    -2115.384615384619792
       600    -2692.307692307689649
       601    -3269.230769230769965
       602    -3846.153846153839822
       603    -4423.076923076920139
       604    -5000.000000000000000
       605     -961.538461538463025
       606    -1538.461538461540158
       607    -2115.384615384619792
       608    -2692.307692307689649
       609    -3269.230769230769965
       610    -3846.153846153839822
       611    -4423.076923076929234
       612    -5000.000000000000000
       613     -961.538461538462002
       614    -1538.461538461540158
       615    -2115.384615384619792
       616    -2692.307692307689649
       617    -3269.230769230769965
       618    -3846.153846153839822
       619    -4423.076923076929234
       620    -5000.000000000000000
       621     -961.538461538463025
       622    -1538.461538461540158
       623    -2115.384615384619792
       624    -2692.307692307689649
       625    -3269.230769230769965
       626    -3846.153846153849827
       627    -4423.076923076929234
       628    -5000.000000000000000
       629     -961.538461538463025
       630    -1538.461538461540158
       631    -2115.384615384619792
       632    -2692.307692307689649
       633    -3269.230769230769965
       634    -3846.153846153839822
       635    -4423.076923076929234
       636    -5000.000000000000000
       637     -961.538461538462002
       638    -1538.461538461540158
       639    -2115.384615384619792
       640    -2692.307692307689649
       641    -3269.230769230769965
       642    -3846.153846153849827
       643    -4423.076923076920139
       644    -5000.000000000000000
       645     -961.538461538462002
       646    -1538.461538461540158
       647    -2115.384615384619792
       648    -2692.307692307689649
       649    -3269.230769230769965
       650    -3846.153846153839822
       651    -4423.076923076920139
       652    -5000.000000000000000
       653     -961.538461538462002
       654    -1538.461538461540158
       655    -2115.384615384610242
       656    -2692.307692307689649
       657    -3269.230769230769965
       658    -3846.153846153839822
       659    -4423.076923076920139
       660    -5000.000000000000000
       661     -961.538461538462002
       662    -1538.461538461540158
       663    -2115.384615384619792
       664    -2692.307692307689649
       665    -3269.230769230769965
       666    -3846.153846153839822
       667    -4423.076923076920139
       668    -5000.000000000000000
       669     -961.538461538462002
       670    -1538.461538461540158
       671    -2115.384615384619792
       672    -2692.307692307689649
       673    -3269.230769230769965
       674    -3846.153846153849827
       675    -4423.076923076920139
       676    -5000.000000000000000
       677     -961.538461538462002
       678    -1538.461538461540158
       679    -2115.384615384619792
       680    -2692.307692307689649
       681    -3269.230769230769965
       682    -3846.153846153849827
       683    -4423.076923076929234
       684    -5000.000000000000000
       685     -961.538461538462002
       686    -1538.461538461540158
       687    -2115.384615384619792
       688    -2692.307692307689649
       689    -3269.230769230769965
       690    -3846.153846153849827
       691    -4423.076923076929234
       692    -5000.000000000000000
       693     -961.538461538462002
       694    -1538.461538461540158
       695    -2115.384615384610242
       696    -2692.307692307689649
       697    -3269.230769230769965
       698    -3846.153846153849827
       699    -4423.076923076920139
       700    -5000.000000000000000
       701     -961.538461538462002
       702    -1538.461538461540158
       703    -2115.384615384610242
       704    -2692.307692307689649
       705    -3269.230769230769965
       706    -3846.153846153839822
       707    -4423.076923076929234
       708    -5000.000000000000000
       709     -961.538461538463025
       710    -1538.461538461540158
       711    -2115.384615384610242
       712    -2692.307692307689649
       713    -3269.230769230769965
       714    -3846.153846153839822
       715    -4423.076923076929234
       716    -5000.000000000000000
       717     -961.538461538460979
       718    -1538.461538461540158
       719    -2115.384615384619792
       720    -2692.307692307689649
       721    -3269.230769230769965
       722    -3846.153846153839822
       723    -4423.076923076920139
       724    -5000.000000000000000
       725     -961.538461538462002
       726    -1538.461538461540158
       727    -2115.384615384610242
       728    -2692.307692307689649
       729    -3269.230769230769965
       730    -3846.153846153839822
       731    -4423.076923076929234
       732    -5000.000000000000000
       733     -961.538461538463025
       734    -1538.461538461540158
       735    -2115.384615384610242
       736    -2692.307692307689649
       737    -3269.230769230769965
       738    -3846.153846153839822
       739    -4423.076923076920139
       740    -5000.000000000000000
       741     -961.538461538462002
       742    -1538.461538461540158
       743    -2115.384615384610242
       744    -2692.307692307689649
       745    -3269.230769230769965
       746    -3846.153846153849827
       747    -4423.076923076920139
       748    -5000.000000000000000
