         788
         1    -2352.941176470590108
         2    -2352.941176470590108
         3    -2352.941176470590108
         4    -2352.941176470590108
         5    -2352.941176470590108
         6    -2352.941176470590108
         7    -2352.941176470590108
         8    -2352.941176470590108
         9    -2352.941176470590108
        10    -2352.941176470590108
        11    -1764.705882352940080
        12    -1764.705882352940080
        13    -1764.705882352940080
        14    -1764.705882352940080
        15    -1764.705882352940080
        16    -1764.705882352940080
        17    -1764.705882352940080
        18    -1764.705882352940080
        19    -1764.705882352940080
        20    -1764.705882352940080
        21    -1764.705882352940080
        22    -1764.705882352940080
        23    -1764.705882352940080
        24    -1764.705882352940080
        25    -1764.705882352940080
        26    -1764.705882352940080
        27    -1764.705882352940080
        28    -1764.705882352940080
        29    -1176.470588235290052
        30    -1176.470588235290052
        31    -1176.470588235290052
        32    -1176.470588235290052
        33    -1176.470588235290052
        34    -1176.470588235290052
        35    -1176.470588235290052
        36    -1176.470588235290052
        37    -1176.470588235290052
        38    -1176.470588235290052
        39    -1176.470588235290052
        40    -1176.470588235290052
        41    -1176.470588235290052
        42    -1176.470588235290052
        43    -1176.470588235290052
        44    -1176.470588235290052
        45    -1176.470588235290052
        46    -1176.470588235290052
        47     -588.235294117646959
        48     -588.235294117646959
        49     -588.235294117646959
        50     -588.235294117646959
        51     -588.235294117646959
        52     -588.235294117646959
        53     -588.235294117646959
        54     -588.235294117646959
        55     -588.235294117646959
        56     -588.235294117646959
        57     -588.235294117646959
        58     -588.235294117646959
        59     -588.235294117646959
        60     -588.235294117646959
        61     -588.235294117646959
        62     -588.235294117646959
        63     -588.235294117646959
        64     -588.235294117646959
        65        0.000000000000000
        66        0.000000000000000
        67        0.000000000000000
        68        0.000000000000000
        69        0.000000000000000
        70        0.000000000000000
        71        0.000000000000000
        72        0.000000000000000
        73        0.000000000000000
        74        0.000000000000000
        75        0.000000000000000
        76        0.000000000000000
        77        0.000000000000000
        78        0.000000000000000
        79        0.000000000000000
        80        0.000000000000000
        81        0.000000000000000
        82        0.000000000000000
        83    -2352.941176470590108
        84    -2352.941176470590108
        85    -2352.941176470590108
        86    -2352.941176470590108
        87    -2352.941176470590108
        88    -1764.705882352940080
        89    -1764.705882352940080
        90    -1764.705882352940080
        91    -1764.705882352940080
        92    -1764.705882352940080
        93    -1764.705882352940080
        94    -1764.705882352940080
        95    -1764.705882352940080
        96    -1764.705882352940080
        97    -1176.470588235290052
        98    -1176.470588235290052
        99    -1176.470588235290052
       100    -1176.470588235290052
       101    -1176.470588235290052
       102    -1176.470588235290052
       103    -1176.470588235290052
       104    -1176.470588235290052
       105    -1176.470588235290052
       106     -588.235294117646959
       107     -588.235294117646959
       108     -588.235294117646959
       109     -588.235294117646959
       110     -588.235294117646959
       111     -588.235294117646959
       112     -588.235294117646959
       113     -588.235294117646959
       114     -588.235294117646959
       115        0.000000000000000
       116        0.000000000000000
       117        0.000000000000000
       118        0.000000000000000
       119        0.000000000000000
       120        0.000000000000000
       121        0.000000000000000
       122        0.000000000000000
       123        0.000000000000000
       124    -2352.941176470590108
       125    -2352.941176470590108
       126    -2352.941176470590108
       127    -2352.941176470590108
       128    -2352.941176470590108
       129    -1764.705882352940080
       130    -1764.705882352940080
       131    -1764.705882352940080
       132    -1764.705882352940080
       133    -1764.705882352940080
       134    -1764.705882352940080
       135    -1764.705882352940080
       136    -1764.705882352940080
       137    -1764.705882352940080
       138    -1176.470588235290052
       139    -1176.470588235290052
       140    -1176.470588235290052
       141    -1176.470588235290052
       142    -1176.470588235290052
       143    -1176.470588235290052
       144    -1176.470588235290052
       145    -1176.470588235290052
       146    -1176.470588235290052
       147     -588.235294117646959
       148     -588.235294117646959
       149     -588.235294117646959
       150     -588.235294117646959
       151     -588.235294117646959
       152     -588.235294117646959
       153     -588.235294117646959
       154     -588.235294117646959
       155     -588.235294117646959
       156        0.000000000000000
       157        0.000000000000000
       158        0.000000000000000
       159        0.000000000000000
       160        0.000000000000000
       161        0.000000000000000
       162        0.000000000000000
       163        0.000000000000000
       164        0.000000000000000
       165    -2941.176470588230131
       166    -2941.176470588230131
       167    -2352.941176470590108
       168    -2352.941176470590108
       169    -2352.941176470590108
       170    -2352.941176470590108
       171    -2352.941176470590108
       172    -1764.705882352940080
       173    -1764.705882352940080
       174    -1764.705882352940080
       175    -1764.705882352940080
       176    -1764.705882352940080
       177    -1764.705882352940080
       178    -1764.705882352940080
       179    -1764.705882352940080
       180    -1764.705882352940080
       181    -1176.470588235290052
       182    -1176.470588235290052
       183    -1176.470588235290052
       184    -1176.470588235290052
       185    -1176.470588235290052
       186    -1176.470588235290052
       187    -1176.470588235290052
       188    -1176.470588235290052
       189    -1176.470588235290052
       190     -588.235294117646959
       191     -588.235294117646959
       192     -588.235294117646959
       193     -588.235294117646959
       194     -588.235294117646959
       195     -588.235294117646959
       196     -588.235294117646959
       197     -588.235294117646959
       198     -588.235294117646959
       199        0.000000000000000
       200        0.000000000000000
       201        0.000000000000000
       202        0.000000000000000
       203        0.000000000000000
       204        0.000000000000000
       205        0.000000000000000
       206        0.000000000000000
       207        0.000000000000000
       208    -2941.176470588230131
       209    -2941.176470588230131
       210    -2941.176470588230131
       211    -2352.941176470590108
       212    -2352.941176470590108
       213    -2352.941176470590108
       214    -2352.941176470590108
       215    -2352.941176470590108
       216    -2352.941176470590108
       217    -1764.705882352940080
       218    -1764.705882352940080
       219    -1764.705882352940080
       220    -1764.705882352940080
       221    -1764.705882352940080
       222    -1764.705882352940080
       223    -1764.705882352940080
       224    -1764.705882352940080
       225    -1764.705882352940080
       226    -1176.470588235290052
       227    -1176.470588235290052
       228    -1176.470588235290052
       229    -1176.470588235290052
       230    -1176.470588235290052
       231    -1176.470588235290052
       232    -1176.470588235290052
       233    -1176.470588235290052
       234    -1176.470588235290052
       235     -588.235294117646959
       236     -588.235294117646959
       237     -588.235294117646959
       238     -588.235294117646959
       239     -588.235294117646959
       240     -588.235294117646959
       241     -588.235294117646959
       242     -588.235294117646959
       243     -588.235294117646959
       244        0.000000000000000
       245        0.000000000000000
       246        0.000000000000000
       247        0.000000000000000
       248        0.000000000000000
       249        0.000000000000000
       250        0.000000000000000
       251        0.000000000000000
       252        0.000000000000000
       253    -2941.176470588230131
       254    -2941.176470588230131
       255    -2941.176470588230131
       256    -2941.176470588230131
       257    -2352.941176470590108
       258    -2352.941176470590108
       259    -2352.941176470590108
       260    -2352.941176470590108
       261    -2352.941176470590108
       262    -2352.941176470590108
       263    -2352.941176470590108
       264    -1764.705882352940080
       265    -1764.705882352940080
       266    -1764.705882352940080
       267    -1764.705882352940080
       268    -1764.705882352940080
       269    -1764.705882352940080
       270    -1764.705882352940080
       271    -1764.705882352940080
       272    -1764.705882352940080
       273    -1176.470588235290052
       274    -1176.470588235290052
       275    -1176.470588235290052
       276    -1176.470588235290052
       277    -1176.470588235290052
       278    -1176.470588235290052
       279    -1176.470588235290052
       280    -1176.470588235290052
       281    -1176.470588235290052
       282     -588.235294117646959
       283     -588.235294117646959
       284     -588.235294117646959
       285     -588.235294117646959
       286     -588.235294117646959
       287     -588.235294117646959
       288     -588.235294117646959
       289     -588.235294117646959
       290     -588.235294117646959
       291        0.000000000000000
       292        0.000000000000000
       293        0.000000000000000
       294        0.000000000000000
       295        0.000000000000000
       296        0.000000000000000
       297        0.000000000000000
       298        0.000000000000000
       299        0.000000000000000
       300        0.000000000000000
       301    -3529.411764705880159
       302    -3529.411764705880159
       303    -3529.411764705880159
       304    -2941.176470588240136
       305    -2941.176470588240136
       306    -2941.176470588230131
       307    -2941.176470588230131
       308    -2941.176470588240136
       309    -2941.176470588240136
       310    -2352.941176470590108
       311    -2352.941176470590108
       312    -2352.941176470590108
       313    -2352.941176470590108
       314    -2352.941176470590108
       315    -2352.941176470590108
       316    -2352.941176470590108
       317    -1764.705882352940080
       318    -1764.705882352940080
       319    -1764.705882352940080
       320    -1764.705882352940080
       321    -1764.705882352940080
       322    -1764.705882352940080
       323    -1764.705882352940080
       324    -1764.705882352940080
       325    -1764.705882352940080
       326    -1176.470588235290052
       327    -1176.470588235290052
       328    -1176.470588235290052
       329    -1176.470588235290052
       330    -1176.470588235290052
       331    -1176.470588235290052
       332    -1176.470588235290052
       333    -1176.470588235290052
       334    -1176.470588235290052
       335     -588.235294117646959
       336     -588.235294117646959
       337     -588.235294117646959
       338     -588.235294117646959
       339     -588.235294117646959
       340     -588.235294117646959
       341     -588.235294117646959
       342     -588.235294117646959
       343     -588.235294117646959
       344        0.000000000000000
       345        0.000000000000000
       346        0.000000000000000
       347        0.000000000000000
       348        0.000000000000000
       349        0.000000000000000
       350        0.000000000000000
       351        0.000000000000000
       352        0.000000000000000
       353        0.000000000000000
       354    -3529.411764705880159
       355    -3529.411764705880159
       356    -3529.411764705880159
       357    -3529.411764705880159
       358    -2941.176470588230131
       359    -2941.176470588230131
       360    -2941.176470588230131
       361    -2941.176470588230131
       362    -2941.176470588230131
       363    -2941.176470588230131
       364    -2352.941176470590108
       365    -2352.941176470590108
       366    -2352.941176470590108
       367    -2352.941176470590108
       368    -2352.941176470590108
       369    -2352.941176470590108
       370    -2352.941176470590108
       371    -2352.941176470590108
       372    -1764.705882352940080
       373    -1764.705882352940080
       374    -1764.705882352940080
       375    -1764.705882352940080
       376    -1764.705882352940080
       377    -1764.705882352940080
       378    -1764.705882352940080
       379    -1764.705882352940080
       380    -1764.705882352940080
       381    -1176.470588235290052
       382    -1176.470588235290052
       383    -1176.470588235290052
       384    -1176.470588235290052
       385    -1176.470588235290052
       386    -1176.470588235290052
       387    -1176.470588235290052
       388    -1176.470588235290052
       389    -1176.470588235290052
       390     -588.235294117646959
       391     -588.235294117646959
       392     -588.235294117646959
       393     -588.235294117646959
       394     -588.235294117646959
       395     -588.235294117646959
       396     -588.235294117646959
       397     -588.235294117646959
       398     -588.235294117646959
       399        0.000000000000000
       400        0.000000000000000
       401        0.000000000000000
       402        0.000000000000000
       403        0.000000000000000
       404        0.000000000000000
       405        0.000000000000000
       406        0.000000000000000
       407        0.000000000000000
       408    -3529.411764705880159
       409    -3529.411764705880159
       410    -3529.411764705880159
       411    -3529.411764705880159
       412    -2941.176470588230131
       413    -2941.176470588240136
       414    -2941.176470588230131
       415    -2941.176470588230131
       416    -2941.176470588230131
       417    -2941.176470588230131
       418    -2352.941176470590108
       419    -2352.941176470590108
       420    -2352.941176470590108
       421    -2352.941176470590108
       422    -2352.941176470590108
       423    -2352.941176470590108
       424    -2352.941176470590108
       425    -2352.941176470590108
       426    -1764.705882352940080
       427    -1764.705882352940080
       428    -1764.705882352940080
       429    -1764.705882352940080
       430    -1764.705882352940080
       431    -1764.705882352940080
       432    -1764.705882352940080
       433    -1764.705882352940080
       434    -1176.470588235290052
       435    -1176.470588235290052
       436    -1176.470588235290052
       437    -1176.470588235290052
       438    -1176.470588235290052
       439    -1176.470588235290052
       440    -1176.470588235290052
       441    -1176.470588235290052
       442     -588.235294117646959
       443     -588.235294117646959
       444     -588.235294117646959
       445     -588.235294117646959
       446     -588.235294117646959
       447     -588.235294117646959
       448     -588.235294117646959
       449     -588.235294117646959
       450        0.000000000000000
       451        0.000000000000000
       452        0.000000000000000
       453        0.000000000000000
       454        0.000000000000000
       455        0.000000000000000
       456        0.000000000000000
       457        0.000000000000000
       458    -2941.176470588230131
       459    -2941.176470588240136
       460    -2941.176470588230131
       461    -2941.176470588230131
       462    -2941.176470588240136
       463    -2941.176470588230131
       464    -2352.941176470590108
       465    -2352.941176470590108
       466    -2352.941176470590108
       467    -2352.941176470590108
       468    -2352.941176470590108
       469    -2352.941176470590108
       470    -1764.705882352940080
       471    -1764.705882352940080
       472    -1764.705882352940080
       473    -1764.705882352940080
       474    -1764.705882352940080
       475    -1764.705882352940080
       476    -1176.470588235290052
       477    -1176.470588235290052
       478    -1176.470588235290052
       479    -1176.470588235290052
       480    -1176.470588235290052
       481    -1176.470588235290052
       482     -588.235294117646959
       483     -588.235294117646959
       484     -588.235294117646959
       485     -588.235294117646959
       486     -588.235294117646959
       487     -588.235294117646959
       488        0.000000000000000
       489        0.000000000000000
       490        0.000000000000000
       491        0.000000000000000
       492        0.000000000000000
       493        0.000000000000000
       494    -2352.941176470590108
       495    -2352.941176470590108
       496    -2352.941176470590108
       497    -2352.941176470590108
       498    -1764.705882352940080
       499    -1764.705882352940080
       500    -1764.705882352940080
       501    -1764.705882352940080
       502    -1176.470588235290052
       503    -1176.470588235290052
       504    -1176.470588235290052
       505    -1176.470588235290052
       506     -588.235294117646959
       507     -588.235294117646959
       508     -588.235294117646959
       509     -588.235294117646959
       510     -588.235294117646959
       511        0.000000000000000
       512        0.000000000000000
       513        0.000000000000000
       514        0.000000000000000
       515        0.000000000000000
       516    -1764.705882352940080
       517    -1764.705882352940080
       518    -1176.470588235290052
       519    -1176.470588235290052
       520    -1176.470588235290052
       521     -588.235294117646959
       522     -588.235294117646959
       523     -588.235294117646959
       524        0.000000000000000
       525        0.000000000000000
       526        0.000000000000000
       527     2352.941176470590108
       528     2352.941176470590108
       529     2352.941176470590108
       530     2352.941176470590108
       531     2352.941176470590108
       532     2352.941176470590108
       533     2352.941176470590108
       534     2352.941176470590108
       535     2352.941176470590108
       536     2352.941176470590108
       537     2352.941176470590108
       538     2352.941176470590108
       539     2352.941176470590108
       540     2352.941176470590108
       541     2352.941176470590108
       542     2352.941176470590108
       543     2352.941176470590108
       544     2352.941176470590108
       545     2352.941176470590108
       546     2352.941176470590108
       547     2352.941176470590108
       548     2352.941176470590108
       549     2352.941176470590108
       550     2352.941176470590108
       551     2352.941176470590108
       552     2352.941176470590108
       553     2352.941176470590108
       554     2352.941176470590108
       555     2352.941176470590108
       556     1764.705882352940080
       557     1764.705882352940080
       558     1764.705882352940080
       559     1764.705882352940080
       560     1764.705882352940080
       561     1764.705882352940080
       562     1764.705882352940080
       563     1764.705882352940080
       564     1764.705882352940080
       565     1764.705882352940080
       566     1764.705882352940080
       567     1764.705882352940080
       568     1764.705882352940080
       569     1764.705882352940080
       570     1764.705882352940080
       571     1764.705882352940080
       572     1764.705882352940080
       573     1764.705882352940080
       574     1764.705882352940080
       575     1764.705882352940080
       576     1764.705882352940080
       577     1764.705882352940080
       578     1764.705882352940080
       579     1764.705882352940080
       580     1764.705882352940080
       581     1764.705882352940080
       582     1764.705882352940080
       583     1764.705882352940080
       584     1764.705882352940080
       585     1764.705882352940080
       586     1764.705882352940080
       587     1764.705882352940080
       588     1764.705882352940080
       589     1764.705882352940080
       590     1764.705882352940080
       591     1764.705882352940080
       592     1764.705882352940080
       593     1764.705882352940080
       594     1764.705882352940080
       595     1764.705882352940080
       596     1764.705882352940080
       597     1764.705882352940080
       598     1764.705882352940080
       599     1764.705882352940080
       600     1764.705882352940080
       601     1764.705882352940080
       602     1764.705882352940080
       603     1764.705882352940080
       604     1764.705882352940080
       605     1764.705882352940080
       606     1764.705882352940080
       607     1176.470588235290052
       608     1176.470588235290052
       609     1176.470588235290052
       610     1176.470588235290052
       611     1176.470588235290052
       612     1176.470588235290052
       613     1176.470588235290052
       614     1176.470588235290052
       615     1176.470588235290052
       616     1176.470588235290052
       617     1176.470588235290052
       618     1176.470588235290052
       619     1176.470588235290052
       620     1176.470588235290052
       621     1176.470588235290052
       622     1176.470588235290052
       623     1176.470588235290052
       624     1176.470588235290052
       625     1176.470588235290052
       626     1176.470588235290052
       627     1176.470588235290052
       628     1176.470588235290052
       629     1176.470588235290052
       630     1176.470588235290052
       631     1176.470588235290052
       632     1176.470588235290052
       633     1176.470588235290052
       634     1176.470588235290052
       635     1176.470588235290052
       636     1176.470588235290052
       637     1176.470588235290052
       638     1176.470588235290052
       639     1176.470588235290052
       640     1176.470588235290052
       641     1176.470588235290052
       642     1176.470588235290052
       643     1176.470588235290052
       644     1176.470588235290052
       645     1176.470588235290052
       646     1176.470588235290052
       647     1176.470588235290052
       648     1176.470588235290052
       649     1176.470588235290052
       650     1176.470588235290052
       651     1176.470588235290052
       652     1176.470588235290052
       653     1176.470588235290052
       654     1176.470588235290052
       655     1176.470588235290052
       656     1176.470588235290052
       657     1176.470588235290052
       658     1176.470588235290052
       659     1176.470588235290052
       660     1176.470588235290052
       661     1176.470588235290052
       662     1176.470588235290052
       663     1176.470588235290052
       664     1176.470588235290052
       665     1176.470588235290052
       666     1176.470588235290052
       667     1176.470588235290052
       668     1176.470588235290052
       669     1176.470588235290052
       670     1176.470588235290052
       671     1176.470588235290052
       672     1176.470588235290052
       673     1176.470588235290052
       674     1176.470588235290052
       675     1176.470588235290052
       676     1176.470588235290052
       677     1176.470588235290052
       678     1176.470588235290052
       679     1176.470588235290052
       680     1176.470588235290052
       681     1176.470588235290052
       682      588.235294117646959
       683      588.235294117646959
       684      588.235294117646959
       685      588.235294117646959
       686      588.235294117646959
       687      588.235294117646959
       688      588.235294117646959
       689      588.235294117646959
       690      588.235294117646959
       691      588.235294117646959
       692      588.235294117646959
       693      588.235294117646959
       694      588.235294117646959
       695      588.235294117646959
       696      588.235294117646959
       697      588.235294117646959
       698      588.235294117646959
       699      588.235294117646959
       700      588.235294117646959
       701      588.235294117646959
       702      588.235294117646959
       703      588.235294117646959
       704      588.235294117646959
       705      588.235294117646959
       706      588.235294117646959
       707      588.235294117646959
       708      588.235294117646959
       709      588.235294117646959
       710      588.235294117646959
       711      588.235294117646959
       712      588.235294117646959
       713      588.235294117646959
       714      588.235294117646959
       715      588.235294117646959
       716      588.235294117646959
       717      588.235294117646959
       718      588.235294117646959
       719      588.235294117646959
       720      588.235294117646959
       721      588.235294117646959
       722      588.235294117646959
       723      588.235294117646959
       724      588.235294117646959
       725      588.235294117646959
       726      588.235294117646959
       727      588.235294117646959
       728      588.235294117646959
       729      588.235294117646959
       730      588.235294117646959
       731      588.235294117646959
       732      588.235294117646959
       733      588.235294117646959
       734      588.235294117646959
       735      588.235294117646959
       736      588.235294117646959
       737      588.235294117646959
       738      588.235294117646959
       739      588.235294117646959
       740      588.235294117646959
       741      588.235294117646959
       742      588.235294117646959
       743      588.235294117646959
       744      588.235294117646959
       745      588.235294117646959
       746      588.235294117646959
       747      588.235294117646959
       748      588.235294117646959
       749      588.235294117646959
       750      588.235294117646959
       751      588.235294117646959
       752      588.235294117646959
       753      588.235294117646959
       754      588.235294117646959
       755      588.235294117646959
       756      588.235294117646959
       757      588.235294117646959
       758      588.235294117646959
       759      588.235294117646959
       760      588.235294117646959
       761      588.235294117646959
       762      588.235294117646959
       763      588.235294117646959
       764      588.235294117646959
       765      588.235294117646959
       766      588.235294117646959
       767      588.235294117646959
       768      588.235294117646959
       769      588.235294117646959
       770      588.235294117646959
       771      588.235294117646959
       772      588.235294117646959
       773    -1176.470588235290052
       774    -1176.470588235290052
       775     -588.235294117646959
       776     -588.235294117645935
       777    -1176.470588235290052
       778     -588.235294117646959
       779    -1176.470588235290052
       780     -588.235294117646959
       781    -1176.470588235290052
       782     -588.235294117646959
       783    -1176.470588235290052
       784     -588.235294117646959
       785    -1176.470588235290052
       786     -588.235294117646959
       787    -1176.470588235290052
       788     -588.235294117646959
