2 .00000
118
502  2
493  2
484  2
475  2
466  2
457  2
443  2
433  2
423  2
413  2
403  2
393  2
383  2
371  2
362  2
352  2
342  2
332  2
322  2
312  2
302  2
290  2
281  2
271  2
261  2
251  2
241  2
231  2
221  2
209  2
201  2
191  2
181  2
171  2
161  2
151  2
141  2
129  2
121  2
112  2
103  2
 94  2
 85  2
 76  2
 67  2
 56  2
 48  2
 40  2
 32  2
 24  2
 16  2
  8  2
457  1
456  1
455  1
454  1
453  1
452  1
451  1
450  1
449  1
383  1
382  1
381  1
380  1
379  1
378  1
377  1
376  1
375  1
374  1
302  1
301  1
300  1
299  1
298  1
297  1
296  1
295  1
294  1
293  1
221  1
220  1
219  1
218  1
217  1
216  1
215  1
214  1
213  1
212  1
141  1
140  1
139  1
138  1
137  1
136  1
135  1
134  1
133  1
132  1
 67  1
 66  1
 65  1
 64  1
 63  1
 62  1
 61  1
 60  1
 59  1
  8  1
  7  1
  6  1
  5  1
  4  1
  3  1
  2  1
  1  1
