         754
         1    -2000.000000000000000
         2    -2000.000000000000000
         3    -2000.000000000000000
         4    -2000.000000000000000
         5    -2000.000000000000000
         6    -2000.000000000000000
         7    -2000.000000000000000
         8    -2000.000000000000000
         9    -2000.000000000000000
        10    -2000.000000000000000
        11    -2000.000000000000000
        12    -2000.000000000000000
        13    -2000.000000000000000
        14    -2000.000000000000000
        15    -2000.000000000000000
        16    -2000.000000000000000
        17    -2000.000000000000000
        18    -2000.000000000000000
        19    -2000.000000000000000
        20    -2000.000000000000000
        21    -2000.000000000000000
        22    -2000.000000000000000
        23    -2000.000000000000000
        24    -2000.000000000000000
        25    -2000.000000000000000
        26    -2000.000000000000000
        27    -2000.000000000000000
        28    -2000.000000000000000
        29    -2000.000000000000000
        30    -2000.000000000000000
        31    -2000.000000000000000
        32    -2000.000000000000000
        33    -2000.000000000000000
        34    -2000.000000000000000
        35    -2000.000000000000000
        36    -2000.000000000000000
        37    -2000.000000000000000
        38    -2000.000000000000000
        39    -2000.000000000000000
        40    -2000.000000000000000
        41    -2000.000000000000000
        42    -2000.000000000000000
        43    -2000.000000000000000
        44    -2000.000000000000000
        45    -2000.000000000000000
        46    -2000.000000000000000
        47    -2000.000000000000000
        48    -2000.000000000000000
        49    -2000.000000000000000
        50    -2000.000000000000000
        51    -2000.000000000000000
        52    -2000.000000000000000
        53    -2000.000000000000000
        54    -2000.000000000000000
        55    -2000.000000000000000
        56    -2000.000000000000000
        57    -2000.000000000000000
        58    -2000.000000000000000
        59    -2000.000000000000000
        60    -2000.000000000000000
        61    -2000.000000000000000
        62    -2000.000000000000000
        63    -2000.000000000000000
        64    -2000.000000000000000
        65    -2000.000000000000000
        66    -2000.000000000000000
        67    -2000.000000000000000
        68    -2000.000000000000000
        69    -2000.000000000000000
        70    -2000.000000000000000
        71    -2000.000000000000000
        72    -2000.000000000000000
        73    -2000.000000000000000
        74    -2000.000000000000000
        75    -2000.000000000000000
        76    -2000.000000000000000
        77    -2000.000000000000000
        78    -2000.000000000000000
        79    -2000.000000000000000
        80    -2000.000000000000000
        81    -2000.000000000000000
        82    -2000.000000000000000
        83    -2000.000000000000000
        84    -2000.000000000000000
        85    -6307.692307692310351
        86    -6307.692307692310351
        87    -6307.692307692310351
        88    -6307.692307692310351
        89    -5692.307692307689649
        90    -5692.307692307689649
        91    -5692.307692307689649
        92    -5692.307692307689649
        93    -5692.307692307689649
        94    -5692.307692307689649
        95    -5692.307692307689649
        96    -5692.307692307689649
        97    -5692.307692307689649
        98    -5692.307692307689649
        99    -5692.307692307689649
       100    -5692.307692307689649
       101    -5692.307692307689649
       102    -5692.307692307689649
       103    -5692.307692307689649
       104    -5692.307692307689649
       105    -5692.307692307689649
       106    -5692.307692307689649
       107    -5692.307692307689649
       108    -5692.307692307689649
       109    -5692.307692307689649
       110    -5692.307692307689649
       111    -5692.307692307689649
       112    -5692.307692307689649
       113    -5692.307692307689649
       114    -5692.307692307689649
       115    -5692.307692307689649
       116    -5692.307692307689649
       117    -5692.307692307689649
       118    -5692.307692307689649
       119    -5692.307692307689649
       120    -5692.307692307689649
       121    -5692.307692307689649
       122    -5692.307692307689649
       123    -5692.307692307689649
       124    -5692.307692307689649
       125    -5692.307692307689649
       126    -5692.307692307689649
       127    -5692.307692307689649
       128    -5692.307692307689649
       129    -5692.307692307689649
       130    -5692.307692307689649
       131    -5692.307692307689649
       132    -5692.307692307689649
       133    -5692.307692307689649
       134    -5692.307692307689649
       135    -5692.307692307689649
       136    -5692.307692307689649
       137    -5692.307692307689649
       138    -5692.307692307699654
       139    -5692.307692307689649
       140    -5692.307692307689649
       141    -5692.307692307689649
       142    -5692.307692307689649
       143    -5692.307692307689649
       144    -5692.307692307689649
       145    -5692.307692307689649
       146    -5692.307692307689649
       147    -5692.307692307689649
       148    -5692.307692307689649
       149    -5692.307692307689649
       150    -5692.307692307689649
       151    -5692.307692307689649
       152    -5692.307692307689649
       153    -5692.307692307689649
       154    -5692.307692307689649
       155    -5692.307692307689649
       156    -5692.307692307689649
       157    -5692.307692307689649
       158    -5692.307692307689649
       159    -5692.307692307689649
       160    -5692.307692307689649
       161    -5692.307692307689649
       162    -5692.307692307689649
       163    -5692.307692307699654
       164    -5692.307692307689649
       165    -5692.307692307689649
       166    -5692.307692307689649
       167    -5692.307692307689649
       168    -5692.307692307689649
       169    -5692.307692307689649
       170    -5692.307692307689649
       171    -5692.307692307689649
       172    -5692.307692307689649
       173    -5692.307692307689649
       174    -5692.307692307689649
       175    -5692.307692307689649
       176    -5692.307692307689649
       177    -5692.307692307689649
       178    -5692.307692307689649
       179    -5692.307692307689649
       180    -5692.307692307689649
       181    -5076.923076923079861
       182    -5076.923076923079861
       183    -5076.923076923079861
       184    -5076.923076923079861
       185    -5076.923076923079861
       186    -5076.923076923079861
       187    -5076.923076923079861
       188    -5076.923076923079861
       189    -5076.923076923070766
       190    -5076.923076923079861
       191    -5076.923076923070766
       192    -5076.923076923070766
       193    -5076.923076923070766
       194    -5076.923076923070766
       195    -5076.923076923070766
       196    -5076.923076923079861
       197    -5076.923076923079861
       198    -5076.923076923079861
       199    -5076.923076923079861
       200    -5076.923076923070766
       201    -5076.923076923079861
       202    -5076.923076923070766
       203    -5076.923076923079861
       204    -5076.923076923079861
       205    -5076.923076923079861
       206    -5076.923076923079861
       207    -5076.923076923079861
       208    -5076.923076923079861
       209    -5076.923076923079861
       210    -5076.923076923079861
       211    -5076.923076923079861
       212    -5076.923076923079861
       213    -5076.923076923079861
       214    -5076.923076923079861
       215    -5076.923076923079861
       216    -5076.923076923079861
       217    -5076.923076923079861
       218    -5076.923076923079861
       219    -5076.923076923079861
       220    -5076.923076923079861
       221    -5076.923076923079861
       222    -5076.923076923079861
       223    -5076.923076923079861
       224    -5076.923076923079861
       225    -5076.923076923079861
       226    -5076.923076923079861
       227    -5076.923076923079861
       228    -5076.923076923079861
       229    -5076.923076923079861
       230    -5076.923076923079861
       231    -5076.923076923079861
       232    -5076.923076923079861
       233    -5076.923076923070766
       234    -5076.923076923070766
       235    -5076.923076923070766
       236    -5076.923076923079861
       237    -5076.923076923070766
       238    -5076.923076923070766
       239    -5076.923076923070766
       240    -5076.923076923070766
       241    -5076.923076923079861
       242    -5076.923076923079861
       243    -5076.923076923079861
       244    -5076.923076923079861
       245    -5076.923076923070766
       246    -5076.923076923079861
       247    -5076.923076923079861
       248    -5076.923076923070766
       249    -5076.923076923070766
       250    -5076.923076923070766
       251    -5076.923076923070766
       252    -5076.923076923070766
       253    -5076.923076923070766
       254    -5076.923076923079861
       255    -5076.923076923079861
       256    -5076.923076923079861
       257    -5076.923076923070766
       258    -5076.923076923079861
       259    -5076.923076923079861
       260    -5076.923076923079861
       261    -5076.923076923070766
       262    -5076.923076923079861
       263    -5076.923076923079861
       264    -5076.923076923079861
       265    -5076.923076923079861
       266    -5076.923076923079861
       267    -5076.923076923070766
       268    -5076.923076923070766
       269    -5076.923076923070766
       270    -5076.923076923070766
       271    -5076.923076923079861
       272    -5076.923076923079861
       273    -5076.923076923079861
       274    -5076.923076923079861
       275    -5076.923076923079861
       276    -5076.923076923079861
       277    -5076.923076923070766
       278    -5076.923076923079861
       279    -5076.923076923079861
       280    -5076.923076923079861
       281    -5076.923076923079861
       282    -5076.923076923079861
       283    -5076.923076923079861
       284    -5076.923076923079861
       285    -5076.923076923079861
       286    -5076.923076923070766
       287    -5076.923076923070766
       288    -5076.923076923070766
       289    -5076.923076923079861
       290    -5076.923076923079861
       291    -5076.923076923079861
       292    -5076.923076923070766
       293    -5076.923076923079861
       294    -5076.923076923079861
       295    -5076.923076923079861
       296    -4461.538461538460069
       297    -4461.538461538460069
       298    -4461.538461538460069
       299    -4461.538461538460069
       300    -4461.538461538460069
       301    -4461.538461538460069
       302    -4461.538461538460069
       303    -4461.538461538460069
       304    -4461.538461538460069
       305    -4461.538461538460069
       306    -4461.538461538460069
       307    -4461.538461538460069
       308    -4461.538461538460069
       309    -4461.538461538460069
       310    -4461.538461538460069
       311    -4461.538461538460069
       312    -4461.538461538460069
       313    -4461.538461538460069
       314    -4461.538461538460069
       315    -4461.538461538460069
       316    -4461.538461538460069
       317    -4461.538461538460069
       318    -4461.538461538460069
       319    -4461.538461538460069
       320    -4461.538461538460069
       321    -4461.538461538460069
       322    -4461.538461538460069
       323    -4461.538461538460069
       324    -4461.538461538460069
       325    -4461.538461538460069
       326    -4461.538461538460069
       327    -4461.538461538460069
       328    -4461.538461538460069
       329    -4461.538461538460069
       330    -4461.538461538460069
       331    -4461.538461538460069
       332    -4461.538461538460069
       333    -4461.538461538460069
       334    -4461.538461538460069
       335    -4461.538461538460069
       336    -4461.538461538460069
       337    -4461.538461538460069
       338    -4461.538461538460069
       339    -4461.538461538460069
       340    -4461.538461538460069
       341    -4461.538461538460069
       342    -4461.538461538460069
       343    -4461.538461538460069
       344    -4461.538461538460069
       345    -4461.538461538460069
       346    -4461.538461538460069
       347    -4461.538461538460069
       348    -4461.538461538460069
       349    -4461.538461538460069
       350    -4461.538461538460069
       351    -4461.538461538460069
       352    -4461.538461538460069
       353    -4461.538461538460069
       354    -4461.538461538460069
       355    -4461.538461538460069
       356    -4461.538461538460069
       357    -4461.538461538460069
       358    -4461.538461538460069
       359    -4461.538461538460069
       360    -4461.538461538460069
       361    -4461.538461538460069
       362    -4461.538461538460069
       363    -4461.538461538460069
       364    -4461.538461538460069
       365    -4461.538461538460069
       366    -4461.538461538460069
       367    -4461.538461538460069
       368    -4461.538461538460069
       369    -4461.538461538460069
       370    -4461.538461538460069
       371    -4461.538461538460069
       372    -4461.538461538460069
       373    -4461.538461538460069
       374    -4461.538461538460069
       375    -4461.538461538460069
       376    -4461.538461538460069
       377    -4461.538461538460069
       378    -4461.538461538460069
       379    -4461.538461538460069
       380    -4461.538461538460069
       381    -4461.538461538460069
       382    -4461.538461538460069
       383    -4461.538461538460069
       384    -4461.538461538460069
       385    -4461.538461538460069
       386    -4461.538461538460069
       387    -4461.538461538460069
       388    -4461.538461538460069
       389    -4461.538461538460069
       390    -4461.538461538460069
       391    -4461.538461538460069
       392    -4461.538461538460069
       393    -4461.538461538460069
       394    -4461.538461538460069
       395    -4461.538461538460069
       396    -4461.538461538460069
       397    -4461.538461538460069
       398    -4461.538461538460069
       399    -4461.538461538460069
       400    -4461.538461538460069
       401    -4461.538461538460069
       402    -4461.538461538460069
       403    -4461.538461538470074
       404    -4461.538461538460069
       405    -4461.538461538460069
       406    -4461.538461538460069
       407    -4461.538461538460069
       408    -4461.538461538460069
       409    -4461.538461538460069
       410    -4461.538461538460069
       411    -4461.538461538460069
       412    -4461.538461538460069
       413    -4461.538461538460069
       414    -4461.538461538460069
       415    -4461.538461538460069
       416    -4461.538461538460069
       417    -3846.153846153839822
       418    -3846.153846153839822
       419    -3846.153846153849827
       420    -3846.153846153839822
       421    -3846.153846153849827
       422    -3846.153846153849827
       423    -3846.153846153849827
       424    -3846.153846153849827
       425    -3846.153846153849827
       426    -3846.153846153849827
       427    -3846.153846153849827
       428    -3846.153846153849827
       429    -3846.153846153849827
       430    -3846.153846153849827
       431    -3846.153846153849827
       432    -3846.153846153849827
       433    -3846.153846153849827
       434    -3846.153846153849827
       435    -3846.153846153849827
       436    -3846.153846153849827
       437    -3846.153846153839822
       438    -3846.153846153849827
       439    -3846.153846153849827
       440    -3846.153846153849827
       441    -3846.153846153839822
       442    -3846.153846153849827
       443    -3846.153846153849827
       444    -3846.153846153839822
       445    -3846.153846153849827
       446    -3846.153846153849827
       447    -3846.153846153849827
       448    -3846.153846153849827
       449    -3846.153846153849827
       450    -3846.153846153839822
       451    -3846.153846153849827
       452    -3846.153846153849827
       453    -3846.153846153839822
       454    -3846.153846153849827
       455    -3846.153846153849827
       456    -3846.153846153849827
       457    -3846.153846153839822
       458    -3846.153846153849827
       459    -3846.153846153849827
       460    -3846.153846153849827
       461    -3846.153846153849827
       462    -3846.153846153839822
       463    -3846.153846153849827
       464    -3846.153846153849827
       465    -3846.153846153849827
       466    -3846.153846153849827
       467    -3846.153846153849827
       468    -3846.153846153849827
       469    -3846.153846153839822
       470    -3846.153846153849827
       471    -3846.153846153839822
       472    -3846.153846153839822
       473    -3846.153846153839822
       474    -3846.153846153839822
       475    -3846.153846153849827
       476    -3846.153846153849827
       477    -3846.153846153849827
       478    -3846.153846153839822
       479    -3846.153846153849827
       480    -3846.153846153849827
       481    -3846.153846153849827
       482    -3846.153846153849827
       483    -3846.153846153849827
       484    -3846.153846153849827
       485    -3846.153846153849827
       486    -3846.153846153849827
       487    -3846.153846153849827
       488    -3846.153846153849827
       489    -3846.153846153849827
       490    -3846.153846153849827
       491    -3846.153846153849827
       492    -3846.153846153839822
       493    -3846.153846153849827
       494    -3846.153846153849827
       495    -3846.153846153839822
       496    -3846.153846153849827
       497    -3846.153846153849827
       498    -3846.153846153849827
       499    -3846.153846153849827
       500    -3846.153846153849827
       501    -3846.153846153849827
       502    -3846.153846153849827
       503    -3846.153846153839822
       504    -3846.153846153849827
       505    -3846.153846153849827
       506    -3846.153846153849827
       507    -3846.153846153849827
       508    -3846.153846153849827
       509    -3846.153846153849827
       510    -3846.153846153849827
       511    -3846.153846153839822
       512    -3846.153846153849827
       513    -3846.153846153839822
       514    -3846.153846153849827
       515    -3846.153846153849827
       516    -3846.153846153849827
       517    -3846.153846153849827
       518    -3846.153846153849827
       519    -3846.153846153849827
       520    -3846.153846153849827
       521    -3846.153846153849827
       522    -3846.153846153849827
       523    -3846.153846153839822
       524    -3846.153846153839822
       525    -3846.153846153839822
       526    -3846.153846153849827
       527    -3846.153846153839822
       528    -3846.153846153839822
       529    -3846.153846153839822
       530    -3846.153846153839822
       531    -3846.153846153839822
       532    -3846.153846153849827
       533    -3846.153846153849827
       534    -3846.153846153849827
       535    -3846.153846153849827
       536    -3846.153846153849827
       537    -3846.153846153839822
       538    -3846.153846153849827
       539    -3846.153846153849827
       540    -3230.769230769230035
       541    -3230.769230769230035
       542    -3230.769230769230035
       543    -3230.769230769230035
       544    -3230.769230769230035
       545    -3230.769230769230035
       546    -3230.769230769230035
       547    -3230.769230769230035
       548    -3230.769230769230035
       549    -3230.769230769230035
       550    -3230.769230769230035
       551    -3230.769230769230035
       552    -3230.769230769230035
       553    -3230.769230769230035
       554    -3230.769230769230035
       555    -3230.769230769230035
       556    -3230.769230769230035
       557    -3230.769230769230035
       558    -3230.769230769230035
       559    -3230.769230769230035
       560    -3230.769230769230035
       561    -3230.769230769230035
       562    -3230.769230769230035
       563    -3230.769230769230035
       564    -3230.769230769230035
       565    -3230.769230769230035
       566    -3230.769230769230035
       567    -3230.769230769230035
       568    -3230.769230769230035
       569    -3230.769230769230035
       570    -3230.769230769230035
       571    -3230.769230769230035
       572    -3230.769230769230035
       573    -3230.769230769230035
       574    -3230.769230769230035
       575    -3230.769230769230035
       576    -3230.769230769230035
       577    -3230.769230769230035
       578    -3230.769230769230035
       579    -3230.769230769230035
       580    -3230.769230769230035
       581    -3230.769230769230035
       582    -3230.769230769230035
       583    -3230.769230769230035
       584    -3230.769230769230035
       585    -3230.769230769230035
       586    -3230.769230769230035
       587    -3230.769230769230035
       588    -3230.769230769230035
       589    -3230.769230769230035
       590    -3230.769230769230035
       591    -3230.769230769230035
       592    -3230.769230769230035
       593    -3230.769230769230035
       594    -3230.769230769230035
       595    -3230.769230769230035
       596    -3230.769230769230035
       597    -3230.769230769230035
       598    -3230.769230769230035
       599    -3230.769230769230035
       600    -3230.769230769230035
       601    -3230.769230769230035
       602    -3230.769230769230035
       603    -3230.769230769230035
       604    -3230.769230769230035
       605    -3230.769230769230035
       606    -3230.769230769230035
       607    -3230.769230769230035
       608    -3230.769230769230035
       609    -3230.769230769230035
       610    -3230.769230769230035
       611    -3230.769230769230035
       612    -3230.769230769230035
       613    -3230.769230769230035
       614    -3230.769230769230035
       615    -3230.769230769230035
       616    -3230.769230769230035
       617    -3230.769230769230035
       618    -3230.769230769230035
       619    -3230.769230769230035
       620    -3230.769230769230035
       621    -3230.769230769230035
       622    -3230.769230769230035
       623    -3230.769230769230035
       624    -3230.769230769230035
       625    -3230.769230769230035
       626    -3230.769230769230035
       627    -3230.769230769230035
       628    -3230.769230769230035
       629    -3230.769230769230035
       630    -3230.769230769230035
       631    -3230.769230769230035
       632    -3230.769230769230035
       633    -3230.769230769230035
       634    -3230.769230769230035
       635    -3230.769230769230035
       636    -3230.769230769230035
       637    -3230.769230769230035
       638    -3230.769230769230035
       639    -3230.769230769230035
       640    -3230.769230769230035
       641    -3230.769230769230035
       642    -3230.769230769230035
       643    -3230.769230769230035
       644    -3230.769230769230035
       645    -3230.769230769230035
       646    -3230.769230769230035
       647    -3230.769230769230035
       648    -3230.769230769230035
       649    -3230.769230769230035
       650    -3230.769230769230035
       651    -3230.769230769230035
       652    -3230.769230769230035
       653    -2615.384615384619792
       654    -2615.384615384610242
       655    -2615.384615384610242
       656    -2615.384615384619792
       657    -2615.384615384619792
       658    -2615.384615384619792
       659    -2615.384615384619792
       660    -2615.384615384610242
       661    -2615.384615384610242
       662    -2615.384615384619792
       663    -2615.384615384610242
       664    -2615.384615384610242
       665    -2615.384615384610242
       666    -2615.384615384610242
       667    -2615.384615384610242
       668    -2615.384615384610242
       669    -2615.384615384610242
       670    -2615.384615384610242
       671    -2615.384615384610242
       672    -2615.384615384610242
       673    -2615.384615384610242
       674    -2615.384615384619792
       675    -2615.384615384610242
       676    -2615.384615384610242
       677    -2615.384615384610242
       678    -2615.384615384610242
       679    -2615.384615384610242
       680    -2615.384615384619792
       681    -2615.384615384610242
       682    -2615.384615384619792
       683    -2615.384615384610242
       684    -2615.384615384610242
       685    -2615.384615384610242
       686    -2615.384615384619792
       687    -2615.384615384610242
       688    -2615.384615384619792
       689    -2615.384615384619792
       690    -2615.384615384619792
       691    -2615.384615384610242
       692    -2615.384615384619792
       693    -2615.384615384610242
       694    -2615.384615384619792
       695    -2615.384615384619792
       696    -2615.384615384619792
       697    -2615.384615384619792
       698    -2615.384615384610242
       699    -2615.384615384619792
       700    -2615.384615384619792
       701    -2615.384615384610242
       702    -2615.384615384610242
       703    -2615.384615384619792
       704    -2615.384615384610242
       705    -2615.384615384610242
       706    -2615.384615384610242
       707    -2615.384615384610242
       708    -2615.384615384610242
       709    -2615.384615384610242
       710    -2615.384615384610242
       711    -2615.384615384610242
       712    -2615.384615384610242
       713    -2615.384615384610242
       714    -2615.384615384610242
       715    -2615.384615384610242
       716    -2615.384615384610242
       717    -2615.384615384610242
       718    -2615.384615384610242
       719    -2615.384615384610242
       720    -2615.384615384619792
       721    -2615.384615384619792
       722    -2615.384615384610242
       723    -2615.384615384610242
       724    -2615.384615384610242
       725    -2615.384615384610242
       726    -2615.384615384610242
       727    -2615.384615384610242
       728    -2615.384615384610242
       729    -2615.384615384619792
       730    -2615.384615384619792
       731    -2615.384615384610242
       732    -2615.384615384610242
       733    -2615.384615384610242
       734    -2615.384615384610242
       735    -2615.384615384619792
       736    -2615.384615384610242
       737    -2615.384615384619792
       738    -2615.384615384610242
       739    -2615.384615384610242
       740    -2615.384615384610242
       741    -2615.384615384610242
       742    -2615.384615384610242
       743    -2615.384615384610242
       744    -2615.384615384610242
       745    -2615.384615384610242
       746    -2615.384615384610242
       747    -2615.384615384619792
       748    -2615.384615384610242
       749    -2615.384615384610242
       750    -2615.384615384610242
       751    -2615.384615384619792
       752    -2615.384615384619792
       753    -2615.384615384619792
       754    -2615.384615384619792
