         735
         1    -5692.307692307689649
         2    -5692.307692307689649
         3    -5692.307692307689649
         4    -5692.307692307689649
         5    -6307.692307692310351
         6    -6307.692307692310351
         7    -6307.692307692310351
         8    -6307.692307692310351
         9    -6923.076923076920139
        10    -6923.076923076920139
        11    -6923.076923076920139
        12    -6923.076923076920139
        13    -7538.461538461539931
        14    -7538.461538461539931
        15    -7538.461538461539931
        16    -7538.461538461539931
        17    -8153.846153846149718
        18    -8153.846153846149718
        19    -8153.846153846149718
        20    -8153.846153846149718
        21    -8769.230769230769511
        22    -8769.230769230769511
        23    -8769.230769230769511
        24    -8769.230769230769511
        25    -9384.615384615390212
        26    -9384.615384615379298
        27    -9384.615384615390212
        28    -9384.615384615379298
        29   -10000.000000000000000
        30   -10000.000000000000000
        31   -10000.000000000000000
        32   -10000.000000000000000
        33    -5692.307692307689649
        34    -5692.307692307689649
        35    -6307.692307692310351
        36    -6307.692307692310351
        37    -6923.076923076920139
        38    -6923.076923076920139
        39    -7538.461538461539931
        40    -7538.461538461539931
        41    -8153.846153846149718
        42    -8153.846153846149718
        43    -8769.230769230769511
        44    -8769.230769230769511
        45    -9384.615384615390212
        46    -9384.615384615379298
        47   -10000.000000000000000
        48   -10000.000000000000000
        49    -5692.307692307689649
        50    -5692.307692307689649
        51    -6307.692307692310351
        52    -6307.692307692310351
        53    -6923.076923076920139
        54    -6923.076923076920139
        55    -7538.461538461539931
        56    -7538.461538461539931
        57    -8153.846153846149718
        58    -8153.846153846160632
        59    -8769.230769230769511
        60    -8769.230769230769511
        61    -9384.615384615390212
        62    -9384.615384615390212
        63   -10000.000000000000000
        64   -10000.000000000000000
        65    -5692.307692307689649
        66    -6307.692307692310351
        67    -6923.076923076920139
        68    -7538.461538461539931
        69    -8153.846153846149718
        70    -8769.230769230769511
        71    -9384.615384615390212
        72   -10000.000000000000000
        73    -5692.307692307689649
        74    -5692.307692307689649
        75    -6307.692307692310351
        76    -6307.692307692310351
        77    -6923.076923076920139
        78    -6923.076923076920139
        79    -7538.461538461539931
        80    -7538.461538461539931
        81    -8153.846153846149718
        82    -8153.846153846149718
        83    -8769.230769230769511
        84    -8769.230769230769511
        85    -9384.615384615390212
        86    -9384.615384615390212
        87   -10000.000000000000000
        88   -10000.000000000000000
        89    -5692.307692307689649
        90    -6307.692307692310351
        91    -6923.076923076920139
        92    -7538.461538461539931
        93    -8153.846153846149718
        94    -8769.230769230769511
        95    -9384.615384615390212
        96   -10000.000000000000000
        97    -5692.307692307689649
        98    -5692.307692307689649
        99    -6307.692307692310351
       100    -6307.692307692310351
       101    -6923.076923076920139
       102    -6923.076923076929234
       103    -7538.461538461539931
       104    -7538.461538461539931
       105    -8153.846153846160632
       106    -8153.846153846149718
       107    -8769.230769230769511
       108    -8769.230769230769511
       109    -9384.615384615390212
       110    -9384.615384615379298
       111   -10000.000000000000000
       112   -10000.000000000000000
       113    -5692.307692307689649
       114    -6307.692307692310351
       115    -6923.076923076929234
       116    -7538.461538461539931
       117    -8153.846153846149718
       118    -8769.230769230769511
       119    -9384.615384615390212
       120   -10000.000000000000000
       121    -5692.307692307689649
       122    -5692.307692307689649
       123    -6307.692307692310351
       124    -6307.692307692310351
       125    -6923.076923076920139
       126    -6923.076923076929234
       127    -7538.461538461539931
       128    -7538.461538461539931
       129    -8153.846153846149718
       130    -8153.846153846149718
       131    -8769.230769230769511
       132    -8769.230769230769511
       133    -9384.615384615390212
       134    -9384.615384615390212
       135   -10000.000000000000000
       136   -10000.000000000000000
       137    -5692.307692307689649
       138    -6307.692307692310351
       139    -6923.076923076920139
       140    -7538.461538461539931
       141    -8153.846153846149718
       142    -8769.230769230769511
       143    -9384.615384615390212
       144   -10000.000000000000000
       145    -5692.307692307689649
       146    -5692.307692307689649
       147    -6307.692307692310351
       148    -6307.692307692310351
       149    -6923.076923076920139
       150    -6923.076923076929234
       151    -7538.461538461539931
       152    -7538.461538461539931
       153    -8153.846153846149718
       154    -8153.846153846149718
       155    -8769.230769230769511
       156    -8769.230769230769511
       157    -9384.615384615390212
       158    -9384.615384615390212
       159   -10000.000000000000000
       160   -10000.000000000000000
       161    -5692.307692307689649
       162    -6307.692307692310351
       163    -6923.076923076920139
       164    -7538.461538461539931
       165    -8153.846153846160632
       166    -8769.230769230769511
       167    -9384.615384615390212
       168   -10000.000000000000000
       169    -5692.307692307689649
       170    -5692.307692307689649
       171    -6307.692307692310351
       172    -6307.692307692310351
       173    -6923.076923076929234
       174    -6923.076923076929234
       175    -7538.461538461539931
       176    -7538.461538461539931
       177    -8153.846153846160632
       178    -8153.846153846149718
       179    -8769.230769230769511
       180    -8769.230769230769511
       181    -9384.615384615390212
       182    -9384.615384615390212
       183   -10000.000000000000000
       184   -10000.000000000000000
       185    -5692.307692307689649
       186    -6307.692307692310351
       187    -6923.076923076920139
       188    -7538.461538461539931
       189    -8153.846153846160632
       190    -8769.230769230769511
       191    -9384.615384615390212
       192   -10000.000000000000000
       193    -5692.307692307689649
       194    -5692.307692307689649
       195    -6307.692307692310351
       196    -6307.692307692310351
       197    -6923.076923076929234
       198    -6923.076923076929234
       199    -7538.461538461539931
       200    -7538.461538461539931
       201    -8153.846153846149718
       202    -8153.846153846149718
       203    -8769.230769230769511
       204    -8769.230769230769511
       205    -9384.615384615379298
       206    -9384.615384615379298
       207   -10000.000000000000000
       208   -10000.000000000000000
       209    -5692.307692307689649
       210    -6307.692307692310351
       211    -6923.076923076920139
       212    -7538.461538461539931
       213    -8153.846153846160632
       214    -8769.230769230769511
       215    -9384.615384615390212
       216   -10000.000000000000000
       217    -6923.076923076920139
       218    -6923.076923076920139
       219    -7538.461538461539931
       220    -7538.461538461539931
       221    -8153.846153846160632
       222    -8153.846153846149718
       223    -8769.230769230769511
       224    -8769.230769230769511
       225    -9384.615384615390212
       226    -9384.615384615379298
       227   -10000.000000000000000
       228   -10000.000000000000000
       229    -6923.076923076920139
       230    -7538.461538461539931
       231    -8153.846153846149718
       232    -8769.230769230769511
       233    -9384.615384615390212
       234   -10000.000000000000000
       235    -5692.307692307689649
       236    -5692.307692307689649
       237    -5692.307692307689649
       238    -5692.307692307689649
       239    -6307.692307692310351
       240    -6307.692307692310351
       241    -6307.692307692310351
       242    -6307.692307692310351
       243    -6923.076923076920139
       244    -6923.076923076920139
       245    -6923.076923076920139
       246    -6923.076923076929234
       247    -7538.461538461539931
       248    -7538.461538461539931
       249    -7538.461538461539931
       250    -7538.461538461539931
       251    -8153.846153846149718
       252    -8153.846153846149718
       253    -8153.846153846149718
       254    -8153.846153846149718
       255    -8769.230769230769511
       256    -8769.230769230769511
       257    -8769.230769230769511
       258    -8769.230769230769511
       259    -9384.615384615390212
       260    -9384.615384615390212
       261    -9384.615384615390212
       262    -9384.615384615379298
       263   -10000.000000000000000
       264   -10000.000000000000000
       265   -10000.000000000000000
       266   -10000.000000000000000
       267    -5692.307692307689649
       268    -5692.307692307689649
       269    -6307.692307692310351
       270    -6307.692307692300346
       271    -6923.076923076920139
       272    -6923.076923076929234
       273    -7538.461538461539931
       274    -7538.461538461539931
       275    -8153.846153846149718
       276    -8153.846153846149718
       277    -8769.230769230769511
       278    -8769.230769230769511
       279    -9384.615384615390212
       280    -9384.615384615379298
       281   -10000.000000000000000
       282   -10000.000000000000000
       283    -5692.307692307689649
       284    -5692.307692307689649
       285    -6307.692307692310351
       286    -6307.692307692300346
       287    -6923.076923076920139
       288    -6923.076923076920139
       289    -7538.461538461539931
       290    -7538.461538461539931
       291    -8153.846153846149718
       292    -8153.846153846149718
       293    -8769.230769230769511
       294    -8769.230769230769511
       295    -9384.615384615390212
       296    -9384.615384615390212
       297   -10000.000000000000000
       298   -10000.000000000000000
       299    -5692.307692307689649
       300    -6307.692307692310351
       301    -6923.076923076920139
       302    -7538.461538461539931
       303    -8153.846153846160632
       304    -8769.230769230769511
       305    -9384.615384615390212
       306   -10000.000000000000000
       307    -5692.307692307689649
       308    -5692.307692307689649
       309    -6307.692307692310351
       310    -6307.692307692310351
       311    -6923.076923076920139
       312    -6923.076923076920139
       313    -7538.461538461539931
       314    -7538.461538461539931
       315    -8153.846153846149718
       316    -8153.846153846160632
       317    -8769.230769230769511
       318    -8769.230769230769511
       319    -9384.615384615390212
       320    -9384.615384615390212
       321   -10000.000000000000000
       322   -10000.000000000000000
       323    -5692.307692307689649
       324    -6307.692307692310351
       325    -6923.076923076929234
       326    -7538.461538461539931
       327    -8153.846153846149718
       328    -8769.230769230769511
       329    -9384.615384615390212
       330   -10000.000000000000000
       331    -5692.307692307689649
       332    -5692.307692307689649
       333    -6307.692307692310351
       334    -6307.692307692310351
       335    -6923.076923076920139
       336    -6923.076923076929234
       337    -7538.461538461539931
       338    -7538.461538461539931
       339    -8153.846153846160632
       340    -8153.846153846149718
       341    -8769.230769230769511
       342    -8769.230769230769511
       343    -9384.615384615390212
       344    -9384.615384615390212
       345   -10000.000000000000000
       346   -10000.000000000000000
       347    -5692.307692307689649
       348    -6307.692307692310351
       349    -6923.076923076929234
       350    -7538.461538461539931
       351    -8153.846153846149718
       352    -8769.230769230769511
       353    -9384.615384615390212
       354   -10000.000000000000000
       355    -5692.307692307689649
       356    -5692.307692307689649
       357    -6307.692307692310351
       358    -6307.692307692310351
       359    -6923.076923076920139
       360    -6923.076923076920139
       361    -7538.461538461539931
       362    -7538.461538461539931
       363    -8153.846153846149718
       364    -8153.846153846149718
       365    -8769.230769230769511
       366    -8769.230769230769511
       367    -9384.615384615390212
       368    -9384.615384615379298
       369   -10000.000000000000000
       370   -10000.000000000000000
       371    -5692.307692307689649
       372    -6307.692307692310351
       373    -6923.076923076920139
       374    -7538.461538461539931
       375    -8153.846153846149718
       376    -8769.230769230769511
       377    -9384.615384615390212
       378   -10000.000000000000000
       379    -5692.307692307689649
       380    -5692.307692307689649
       381    -6307.692307692310351
       382    -6307.692307692310351
       383    -6923.076923076920139
       384    -6923.076923076920139
       385    -7538.461538461539931
       386    -7538.461538461539931
       387    -8153.846153846149718
       388    -8153.846153846149718
       389    -8769.230769230769511
       390    -8769.230769230769511
       391    -9384.615384615390212
       392    -9384.615384615390212
       393   -10000.000000000000000
       394   -10000.000000000000000
       395    -5692.307692307689649
       396    -6307.692307692310351
       397    -6923.076923076920139
       398    -7538.461538461539931
       399    -8153.846153846149718
       400    -8769.230769230780425
       401    -9384.615384615390212
       402   -10000.000000000000000
       403    -5692.307692307689649
       404    -6307.692307692310351
       405    -6307.692307692300346
       406    -6923.076923076929234
       407    -6923.076923076929234
       408    -7538.461538461539931
       409    -7538.461538461539931
       410    -8153.846153846160632
       411    -8153.846153846160632
       412    -8769.230769230769511
       413    -8769.230769230769511
       414    -9384.615384615390212
       415    -9384.615384615390212
       416   -10000.000000000000000
       417   -10000.000000000000000
       418    -5692.307692307689649
       419    -6307.692307692310351
       420    -6923.076923076929234
       421    -7538.461538461539931
       422    -8153.846153846160632
       423    -8769.230769230769511
       424    -9384.615384615390212
       425   -10000.000000000000000
       426    -6307.692307692310351
       427    -6307.692307692310351
       428    -6923.076923076929234
       429    -6923.076923076920139
       430    -7538.461538461539931
       431    -7538.461538461539931
       432    -8153.846153846149718
       433    -8153.846153846149718
       434    -8769.230769230769511
       435    -8769.230769230769511
       436    -9384.615384615379298
       437    -9384.615384615379298
       438   -10000.000000000000000
       439   -10000.000000000000000
       440    -5692.307692307689649
       441    -6307.692307692310351
       442    -6923.076923076929234
       443    -7538.461538461539931
       444    -8153.846153846149718
       445    -8769.230769230769511
       446    -9384.615384615379298
       447   -10000.000000000000000
       448    -6923.076923076920139
       449    -6923.076923076929234
       450    -7538.461538461539931
       451    -7538.461538461539931
       452    -8153.846153846160632
       453    -8153.846153846149718
       454    -8769.230769230769511
       455    -8769.230769230769511
       456    -9384.615384615390212
       457    -9384.615384615379298
       458   -10000.000000000000000
       459   -10000.000000000000000
       460    -6923.076923076929234
       461    -7538.461538461539931
       462    -8153.846153846149718
       463    -8769.230769230769511
       464    -9384.615384615390212
       465   -10000.000000000000000
       466   -10000.000000000000000
       467   -10000.000000000000000
       468    -9384.615384615390212
       469    -9384.615384615379298
       470   -10000.000000000000000
       471   -10000.000000000000000
       472    -9384.615384615390212
       473    -9384.615384615390212
       474   -10000.000000000000000
       475   -10000.000000000000000
       476    -9384.615384615379298
       477    -9384.615384615379298
       478   -10000.000000000000000
       479    -9384.615384615390212
       480   -10000.000000000000000
       481    -9384.615384615390212
       482   -10000.000000000000000
       483    -9384.615384615390212
       484   -10000.000000000000000
       485    -9384.615384615390212
       486   -10000.000000000000000
       487    -9384.615384615390212
       488   -10000.000000000000000
       489    -9384.615384615379298
       490   -10000.000000000000000
       491    -9384.615384615390212
       492   -10000.000000000000000
       493    -9384.615384615390212
       494   -10000.000000000000000
       495    -9384.615384615379298
       496   -10000.000000000000000
       497    -9384.615384615390212
       498   -10000.000000000000000
       499    -9384.615384615390212
       500   -10000.000000000000000
       501    -9384.615384615390212
       502   -10000.000000000000000
       503    -9384.615384615379298
       504   -10000.000000000000000
       505    -9384.615384615379298
       506   -10000.000000000000000
       507    -9384.615384615379298
       508   -10000.000000000000000
       509    -9384.615384615390212
       510   -10000.000000000000000
       511    -9384.615384615390212
       512   -10000.000000000000000
       513    -9384.615384615379298
       514   -10000.000000000000000
       515    -9384.615384615390212
       516   -10000.000000000000000
       517    -9384.615384615379298
       518   -10000.000000000000000
       519    -9384.615384615390212
       520   -10000.000000000000000
       521    -9384.615384615390212
       522   -10000.000000000000000
       523    -9384.615384615379298
       524   -10000.000000000000000
       525    -9384.615384615390212
       526   -10000.000000000000000
       527    -9384.615384615379298
       528   -10000.000000000000000
       529    -9384.615384615379298
       530   -10000.000000000000000
       531    -9384.615384615390212
       532   -10000.000000000000000
       533    -9384.615384615379298
       534   -10000.000000000000000
       535    -9384.615384615379298
       536   -10000.000000000000000
       537    -9384.615384615390212
       538   -10000.000000000000000
       539    -9384.615384615390212
       540   -10000.000000000000000
       541    -9384.615384615379298
       542    -8769.230769230769511
       543    -8769.230769230769511
       544    -8769.230769230769511
       545    -8769.230769230769511
       546    -8769.230769230769511
       547    -8769.230769230769511
       548    -8769.230769230769511
       549    -8769.230769230769511
       550    -8769.230769230769511
       551    -8769.230769230769511
       552    -8769.230769230769511
       553    -8769.230769230769511
       554    -8769.230769230769511
       555    -8769.230769230769511
       556    -8769.230769230769511
       557    -8769.230769230769511
       558    -8769.230769230769511
       559    -8769.230769230769511
       560    -8769.230769230769511
       561    -8769.230769230769511
       562    -8769.230769230758597
       563    -8769.230769230769511
       564    -8769.230769230769511
       565    -8769.230769230769511
       566    -8769.230769230769511
       567    -8769.230769230769511
       568    -8769.230769230769511
       569    -8769.230769230769511
       570    -8769.230769230769511
       571    -8769.230769230769511
       572    -8769.230769230758597
       573    -8769.230769230769511
       574    -8769.230769230769511
       575    -8769.230769230769511
       576    -8769.230769230769511
       577    -8769.230769230769511
       578    -8769.230769230769511
       579    -8769.230769230769511
       580    -8153.846153846149718
       581    -8153.846153846149718
       582    -8153.846153846149718
       583    -8153.846153846149718
       584    -8153.846153846149718
       585    -8153.846153846149718
       586    -8153.846153846149718
       587    -8153.846153846149718
       588    -8153.846153846149718
       589    -8153.846153846149718
       590    -8153.846153846149718
       591    -8153.846153846160632
       592    -8153.846153846149718
       593    -8153.846153846160632
       594    -8153.846153846149718
       595    -8153.846153846160632
       596    -8153.846153846149718
       597    -8153.846153846149718
       598    -8153.846153846149718
       599    -8153.846153846149718
       600    -8153.846153846149718
       601    -8153.846153846149718
       602    -8153.846153846149718
       603    -8153.846153846149718
       604    -8153.846153846149718
       605    -8153.846153846160632
       606    -8153.846153846160632
       607    -8153.846153846160632
       608    -8153.846153846160632
       609    -8153.846153846160632
       610    -8153.846153846160632
       611    -8153.846153846149718
       612    -8153.846153846149718
       613    -8153.846153846149718
       614    -8153.846153846149718
       615    -8153.846153846149718
       616    -8153.846153846160632
       617    -8153.846153846149718
       618    -7538.461538461539931
       619    -7538.461538461539931
       620    -7538.461538461539931
       621    -7538.461538461539931
       622    -7538.461538461539931
       623    -7538.461538461529926
       624    -7538.461538461539931
       625    -7538.461538461539931
       626    -7538.461538461539931
       627    -7538.461538461539931
       628    -7538.461538461539931
       629    -7538.461538461539931
       630    -7538.461538461539931
       631    -7538.461538461539931
       632    -7538.461538461539931
       633    -7538.461538461539931
       634    -7538.461538461539931
       635    -7538.461538461539931
       636    -7538.461538461529926
       637    -7538.461538461539931
       638    -7538.461538461539931
       639    -7538.461538461539931
       640    -7538.461538461539931
       641    -7538.461538461529926
       642    -7538.461538461539931
       643    -7538.461538461539931
       644    -7538.461538461539931
       645    -7538.461538461539931
       646    -7538.461538461529926
       647    -7538.461538461539931
       648    -7538.461538461539931
       649    -7538.461538461539931
       650    -7538.461538461539931
       651    -7538.461538461539931
       652    -7538.461538461539931
       653    -7538.461538461539931
       654    -7538.461538461539931
       655    -7538.461538461539931
       656    -6923.076923076920139
       657    -6923.076923076920139
       658    -6923.076923076920139
       659    -6923.076923076929234
       660    -6923.076923076920139
       661    -6923.076923076929234
       662    -6923.076923076920139
       663    -6923.076923076920139
       664    -6923.076923076920139
       665    -6923.076923076920139
       666    -6923.076923076929234
       667    -6923.076923076929234
       668    -6923.076923076920139
       669    -6923.076923076929234
       670    -6923.076923076929234
       671    -6923.076923076920139
       672    -6923.076923076920139
       673    -6923.076923076920139
       674    -6923.076923076920139
       675    -6923.076923076920139
       676    -6923.076923076920139
       677    -6923.076923076920139
       678    -6923.076923076920139
       679    -6923.076923076920139
       680    -6923.076923076929234
       681    -6923.076923076929234
       682    -6923.076923076929234
       683    -6923.076923076929234
       684    -6923.076923076920139
       685    -6923.076923076920139
       686    -6923.076923076920139
       687    -6923.076923076920139
       688    -6923.076923076920139
       689    -6923.076923076920139
       690    -6923.076923076920139
       691    -6307.692307692310351
       692    -6307.692307692310351
       693    -6307.692307692310351
       694    -6307.692307692310351
       695    -6307.692307692310351
       696    -6307.692307692310351
       697    -6307.692307692310351
       698    -6307.692307692310351
       699    -6307.692307692310351
       700    -6307.692307692310351
       701    -6307.692307692310351
       702    -6307.692307692310351
       703    -6307.692307692310351
       704    -6307.692307692310351
       705    -6307.692307692310351
       706    -6307.692307692310351
       707    -6307.692307692310351
       708    -6307.692307692310351
       709    -6307.692307692310351
       710    -6307.692307692310351
       711    -6307.692307692310351
       712    -6307.692307692310351
       713    -6307.692307692310351
       714    -6307.692307692310351
       715    -6307.692307692310351
       716    -6307.692307692310351
       717    -6307.692307692310351
       718    -6307.692307692310351
       719    -6307.692307692310351
       720    -6307.692307692310351
       721    -5692.307692307689649
       722    -5692.307692307689649
       723    -5692.307692307689649
       724    -5692.307692307689649
       725    -5692.307692307689649
       726    -5692.307692307689649
       727    -5692.307692307689649
       728    -5692.307692307689649
       729    -5692.307692307689649
       730    -5692.307692307689649
       731    -5692.307692307689649
       732    -5692.307692307689649
       733    -5692.307692307689649
       734    -5692.307692307689649
       735    -5692.307692307689649
