         756
         1     -384.615384615384016
         2     -384.615384615384016
         3     -961.538461538460979
         4     -961.538461538460979
         5    -1538.461538461540158
         6    -1538.461538461540158
         7    -2115.384615384610242
         8    -2115.384615384610242
         9    -2692.307692307689649
        10    -2692.307692307689649
        11    -3269.230769230769965
        12    -3269.230769230769965
        13    -3846.153846153849827
        14    -3846.153846153849827
        15    -4423.076923076920139
        16    -4423.076923076920139
        17    -5000.000000000000000
        18    -5000.000000000000000
        19      192.307692307693003
        20      192.307692307692008
        21     -384.615384615384016
        22     -384.615384615384016
        23     -961.538461538462002
        24     -961.538461538460979
        25    -1538.461538461540158
        26    -1538.461538461540158
        27    -2115.384615384610242
        28    -2115.384615384610242
        29    -2692.307692307689649
        30    -2692.307692307689649
        31    -3269.230769230769965
        32    -3269.230769230769965
        33    -3846.153846153849827
        34    -3846.153846153849827
        35    -4423.076923076920139
        36    -4423.076923076920139
        37    -5000.000000000000000
        38    -5000.000000000000000
        39      769.230769230769056
        40      769.230769230770079
        41      192.307692307693003
        42      192.307692307693003
        43     -384.615384615384016
        44     -384.615384615385040
        45     -961.538461538460979
        46     -961.538461538460979
        47    -1538.461538461540158
        48    -1538.461538461540158
        49    -2115.384615384619792
        50    -2115.384615384619792
        51    -2692.307692307689649
        52    -2692.307692307689649
        53    -3269.230769230769965
        54    -3269.230769230769965
        55    -3846.153846153849827
        56    -3846.153846153849827
        57    -4423.076923076920139
        58    -4423.076923076920139
        59    -5000.000000000000000
        60    -5000.000000000000000
        61      769.230769230769056
        62      769.230769230769056
        63      192.307692307693003
        64      192.307692307693003
        65     -384.615384615384016
        66     -384.615384615384016
        67     -961.538461538460979
        68     -961.538461538460979
        69    -1538.461538461540158
        70    -1538.461538461540158
        71    -2115.384615384619792
        72    -2115.384615384610242
        73    -2692.307692307689649
        74    -2692.307692307689649
        75    -3269.230769230769965
        76    -3269.230769230769965
        77    -3846.153846153849827
        78    -3846.153846153849827
        79    -4423.076923076920139
        80    -4423.076923076920139
        81    -5000.000000000000000
        82    -5000.000000000000000
        83      769.230769230769056
        84      769.230769230769056
        85      192.307692307693003
        86      192.307692307693003
        87     -384.615384615384016
        88     -384.615384615384016
        89     -961.538461538462002
        90     -961.538461538460979
        91    -1538.461538461540158
        92    -1538.461538461540158
        93    -2115.384615384610242
        94    -2115.384615384610242
        95    -2692.307692307689649
        96    -2692.307692307689649
        97    -3269.230769230769965
        98    -3269.230769230769965
        99    -3846.153846153849827
       100    -3846.153846153849827
       101    -4423.076923076920139
       102    -4423.076923076920139
       103    -5000.000000000000000
       104    -5000.000000000000000
       105      192.307692307693003
       106      192.307692307693003
       107     -384.615384615384016
       108     -384.615384615384016
       109     -961.538461538460979
       110     -961.538461538460979
       111    -1538.461538461540158
       112    -1538.461538461540158
       113    -2115.384615384610242
       114    -2115.384615384610242
       115    -2692.307692307689649
       116    -2692.307692307689649
       117    -3269.230769230769965
       118    -3269.230769230769965
       119    -3846.153846153849827
       120    -3846.153846153849827
       121    -4423.076923076920139
       122    -4423.076923076920139
       123    -5000.000000000000000
       124    -5000.000000000000000
       125     -384.615384615384016
       126     -384.615384615385040
       127     -961.538461538460979
       128     -961.538461538459956
       129    -1538.461538461540158
       130    -1538.461538461540158
       131    -2115.384615384610242
       132    -2115.384615384610242
       133    -2692.307692307689649
       134    -2692.307692307689649
       135    -3269.230769230769965
       136    -3269.230769230769965
       137    -3846.153846153839822
       138    -3846.153846153849827
       139    -4423.076923076920139
       140    -4423.076923076920139
       141    -5000.000000000000000
       142    -5000.000000000000000
       143     -384.615384615384016
       144     -384.615384615384016
       145     -961.538461538460979
       146     -961.538461538460979
       147    -1538.461538461540158
       148    -1538.461538461540158
       149    -2115.384615384619792
       150    -2115.384615384619792
       151    -2692.307692307689649
       152    -2692.307692307689649
       153    -3269.230769230769965
       154    -3269.230769230769965
       155    -3846.153846153839822
       156    -3846.153846153849827
       157    -4423.076923076920139
       158    -4423.076923076920139
       159    -5000.000000000000000
       160    -5000.000000000000000
       161     -961.538461538460979
       162     -961.538461538460979
       163    -1538.461538461540158
       164    -1538.461538461540158
       165    -2115.384615384610242
       166    -2115.384615384610242
       167    -2692.307692307689649
       168    -2692.307692307689649
       169    -3269.230769230769965
       170    -3269.230769230769965
       171    -3846.153846153839822
       172    -3846.153846153849827
       173    -4423.076923076920139
       174    -4423.076923076920139
       175    -5000.000000000000000
       176    -5000.000000000000000
       177    -1538.461538461540158
       178    -1538.461538461540158
       179    -2115.384615384619792
       180    -2115.384615384619792
       181    -2692.307692307689649
       182    -2692.307692307689649
       183    -3269.230769230769965
       184    -3269.230769230769965
       185    -3846.153846153839822
       186    -3846.153846153849827
       187    -4423.076923076920139
       188    -4423.076923076920139
       189    -5000.000000000000000
       190    -5000.000000000000000
       191    -2115.384615384610242
       192    -2115.384615384610242
       193    -2692.307692307689649
       194    -2692.307692307689649
       195    -3269.230769230769965
       196    -3269.230769230769965
       197    -3846.153846153849827
       198    -3846.153846153849827
       199    -4423.076923076920139
       200    -4423.076923076929234
       201    -5000.000000000000000
       202    -5000.000000000000000
       203     -384.615384615384016
       204     -961.538461538462002
       205    -1538.461538461540158
       206    -2115.384615384619792
       207    -2692.307692307689649
       208    -3269.230769230769965
       209    -3846.153846153849827
       210    -4423.076923076920139
       211    -5000.000000000000000
       212      192.307692307692008
       213     -384.615384615385040
       214     -961.538461538460979
       215    -1538.461538461540158
       216    -2115.384615384619792
       217    -2692.307692307689649
       218    -3269.230769230769965
       219    -3846.153846153849827
       220    -4423.076923076920139
       221    -5000.000000000000000
       222      769.230769230769056
       223      192.307692307693003
       224     -384.615384615384016
       225     -961.538461538460979
       226    -1538.461538461540158
       227    -2115.384615384619792
       228    -2692.307692307689649
       229    -3269.230769230769965
       230    -3846.153846153849827
       231    -4423.076923076920139
       232    -5000.000000000000000
       233      769.230769230769056
       234      192.307692307692008
       235     -384.615384615384016
       236     -961.538461538462002
       237    -1538.461538461540158
       238    -2115.384615384619792
       239    -2692.307692307689649
       240    -3269.230769230769965
       241    -3846.153846153849827
       242    -4423.076923076920139
       243    -5000.000000000000000
       244      769.230769230769056
       245      192.307692307692008
       246     -384.615384615384016
       247     -961.538461538460979
       248    -1538.461538461540158
       249    -2115.384615384610242
       250    -2692.307692307689649
       251    -3269.230769230769965
       252    -3846.153846153849827
       253    -4423.076923076920139
       254    -5000.000000000000000
       255      192.307692307693003
       256     -384.615384615384016
       257     -961.538461538460979
       258    -1538.461538461540158
       259    -2115.384615384619792
       260    -2692.307692307689649
       261    -3269.230769230769965
       262    -3846.153846153849827
       263    -4423.076923076920139
       264    -5000.000000000000000
       265     -384.615384615384016
       266     -961.538461538459956
       267    -1538.461538461540158
       268    -2115.384615384619792
       269    -2692.307692307689649
       270    -3269.230769230769965
       271    -3846.153846153849827
       272    -4423.076923076920139
       273    -5000.000000000000000
       274     -384.615384615385040
       275     -961.538461538460979
       276    -1538.461538461540158
       277    -2115.384615384619792
       278    -2692.307692307689649
       279    -3269.230769230769965
       280    -3846.153846153839822
       281    -4423.076923076920139
       282    -5000.000000000000000
       283     -961.538461538460979
       284    -1538.461538461540158
       285    -2115.384615384619792
       286    -2692.307692307689649
       287    -3269.230769230769965
       288    -3846.153846153839822
       289    -4423.076923076920139
       290    -5000.000000000000000
       291    -1538.461538461540158
       292    -2115.384615384619792
       293    -2692.307692307689649
       294    -3269.230769230769965
       295    -3846.153846153849827
       296    -4423.076923076920139
       297    -5000.000000000000000
       298    -2115.384615384619792
       299    -2692.307692307689649
       300    -3269.230769230769965
       301    -3846.153846153849827
       302    -4423.076923076920139
       303    -5000.000000000000000
       304     -384.615384615384016
       305     -961.538461538460979
       306    -1538.461538461540158
       307    -2115.384615384610242
       308    -2692.307692307689649
       309    -3269.230769230769965
       310    -3846.153846153849827
       311    -4423.076923076920139
       312    -5000.000000000000000
       313      192.307692307692008
       314     -384.615384615384016
       315     -961.538461538463025
       316    -1538.461538461540158
       317    -2115.384615384610242
       318    -2692.307692307689649
       319    -3269.230769230769965
       320    -3846.153846153849827
       321    -4423.076923076920139
       322    -5000.000000000000000
       323      769.230769230769056
       324      192.307692307692008
       325     -384.615384615384016
       326     -961.538461538460979
       327    -1538.461538461540158
       328    -2115.384615384619792
       329    -2692.307692307689649
       330    -3269.230769230769965
       331    -3846.153846153849827
       332    -4423.076923076920139
       333    -5000.000000000000000
       334      769.230769230770079
       335      192.307692307693003
       336     -384.615384615384016
       337     -961.538461538462002
       338    -1538.461538461540158
       339    -2115.384615384619792
       340    -2692.307692307689649
       341    -3269.230769230769965
       342    -3846.153846153849827
       343    -4423.076923076920139
       344    -5000.000000000000000
       345      769.230769230769056
       346      192.307692307692008
       347     -384.615384615384016
       348     -961.538461538460979
       349    -1538.461538461540158
       350    -2115.384615384619792
       351    -2692.307692307689649
       352    -3269.230769230769965
       353    -3846.153846153849827
       354    -4423.076923076920139
       355    -5000.000000000000000
       356      192.307692307692008
       357     -384.615384615384016
       358     -961.538461538460979
       359    -1538.461538461540158
       360    -2115.384615384619792
       361    -2692.307692307689649
       362    -3269.230769230769965
       363    -3846.153846153849827
       364    -4423.076923076920139
       365    -5000.000000000000000
       366     -384.615384615384016
       367     -961.538461538460979
       368    -1538.461538461540158
       369    -2115.384615384610242
       370    -2692.307692307689649
       371    -3269.230769230769965
       372    -3846.153846153849827
       373    -4423.076923076920139
       374    -5000.000000000000000
       375     -384.615384615384016
       376     -961.538461538460979
       377    -1538.461538461540158
       378    -2115.384615384619792
       379    -2692.307692307689649
       380    -3269.230769230769965
       381    -3846.153846153849827
       382    -4423.076923076920139
       383    -5000.000000000000000
       384     -961.538461538460979
       385    -1538.461538461540158
       386    -2115.384615384619792
       387    -2692.307692307689649
       388    -3269.230769230769965
       389    -3846.153846153839822
       390    -4423.076923076920139
       391    -5000.000000000000000
       392    -1538.461538461540158
       393    -2115.384615384619792
       394    -2692.307692307689649
       395    -3269.230769230769965
       396    -3846.153846153849827
       397    -4423.076923076920139
       398    -5000.000000000000000
       399    -2692.307692307689649
       400    -3269.230769230769965
       401    -3846.153846153849827
       402    -4423.076923076920139
       403    -5000.000000000000000
       404      192.307692307693003
       405     -384.615384615384016
       406     -961.538461538460979
       407    -1538.461538461540158
       408    -2115.384615384619792
       409    -2692.307692307689649
       410    -3269.230769230769965
       411    -3846.153846153849827
       412    -4423.076923076920139
       413    -5000.000000000000000
       414      192.307692307692008
       415     -384.615384615385040
       416     -961.538461538462002
       417    -1538.461538461540158
       418    -2115.384615384610242
       419    -2692.307692307689649
       420    -3269.230769230769965
       421    -3846.153846153849827
       422    -4423.076923076920139
       423    -5000.000000000000000
       424      769.230769230769056
       425      192.307692307692008
       426     -384.615384615384016
       427     -961.538461538460979
       428    -1538.461538461540158
       429    -2115.384615384619792
       430    -2692.307692307689649
       431    -3269.230769230769965
       432    -3846.153846153849827
       433    -4423.076923076920139
       434    -5000.000000000000000
       435      769.230769230769056
       436      192.307692307693003
       437     -384.615384615384016
       438     -961.538461538462002
       439    -1538.461538461540158
       440    -2115.384615384619792
       441    -2692.307692307689649
       442    -3269.230769230769965
       443    -3846.153846153849827
       444    -4423.076923076920139
       445    -5000.000000000000000
       446      769.230769230769056
       447      192.307692307693003
       448     -384.615384615384016
       449     -961.538461538460979
       450    -1538.461538461540158
       451    -2115.384615384610242
       452    -2692.307692307689649
       453    -3269.230769230769965
       454    -3846.153846153849827
       455    -4423.076923076920139
       456    -5000.000000000000000
       457      192.307692307693003
       458     -384.615384615384016
       459     -961.538461538460979
       460    -1538.461538461540158
       461    -2115.384615384610242
       462    -2692.307692307689649
       463    -3269.230769230769965
       464    -3846.153846153849827
       465    -4423.076923076920139
       466    -5000.000000000000000
       467     -384.615384615384016
       468     -961.538461538462002
       469    -1538.461538461540158
       470    -2115.384615384619792
       471    -2692.307692307689649
       472    -3269.230769230769965
       473    -3846.153846153839822
       474    -4423.076923076920139
       475    -5000.000000000000000
       476     -384.615384615384016
       477     -961.538461538462002
       478    -1538.461538461540158
       479    -2115.384615384619792
       480    -2692.307692307689649
       481    -3269.230769230769965
       482    -3846.153846153839822
       483    -4423.076923076920139
       484    -5000.000000000000000
       485     -961.538461538462002
       486    -1538.461538461540158
       487    -2115.384615384619792
       488    -2692.307692307689649
       489    -3269.230769230769965
       490    -3846.153846153839822
       491    -4423.076923076929234
       492    -5000.000000000000000
       493    -2115.384615384619792
       494    -2692.307692307689649
       495    -3269.230769230769965
       496    -3846.153846153839822
       497    -4423.076923076929234
       498    -5000.000000000000000
       499    -3269.230769230769965
       500    -3846.153846153839822
       501    -4423.076923076920139
       502    -5000.000000000000000
       503      192.307692307693003
       504     -384.615384615384016
       505     -961.538461538460979
       506    -1538.461538461540158
       507    -2115.384615384610242
       508    -2692.307692307689649
       509    -3269.230769230769965
       510    -3846.153846153849827
       511    -4423.076923076920139
       512    -5000.000000000000000
       513      769.230769230769056
       514      192.307692307692008
       515     -384.615384615384016
       516     -961.538461538462002
       517    -1538.461538461540158
       518    -2115.384615384610242
       519    -2692.307692307689649
       520    -3269.230769230769965
       521    -3846.153846153849827
       522    -4423.076923076920139
       523    -5000.000000000000000
       524      769.230769230769056
       525      192.307692307693003
       526     -384.615384615385040
       527     -961.538461538462002
       528    -1538.461538461540158
       529    -2115.384615384619792
       530    -2692.307692307689649
       531    -3269.230769230769965
       532    -3846.153846153849827
       533    -4423.076923076920139
       534    -5000.000000000000000
       535      769.230769230769056
       536      192.307692307692008
       537     -384.615384615385040
       538     -961.538461538460979
       539    -1538.461538461540158
       540    -2115.384615384610242
       541    -2692.307692307689649
       542    -3269.230769230769965
       543    -3846.153846153849827
       544    -4423.076923076920139
       545    -5000.000000000000000
       546      192.307692307692008
       547     -384.615384615385040
       548     -961.538461538462002
       549    -1538.461538461540158
       550    -2115.384615384610242
       551    -2692.307692307689649
       552    -3269.230769230769965
       553    -3846.153846153849827
       554    -4423.076923076920139
       555    -5000.000000000000000
       556      192.307692307693003
       557     -384.615384615384016
       558     -961.538461538462002
       559    -1538.461538461540158
       560    -2115.384615384619792
       561    -2692.307692307689649
       562    -3269.230769230769965
       563    -3846.153846153849827
       564    -4423.076923076920139
       565    -5000.000000000000000
       566     -384.615384615385040
       567     -961.538461538460979
       568    -1538.461538461540158
       569    -2115.384615384610242
       570    -2692.307692307689649
       571    -3269.230769230769965
       572    -3846.153846153839822
       573    -4423.076923076920139
       574    -5000.000000000000000
       575     -384.615384615385040
       576     -961.538461538462002
       577    -1538.461538461540158
       578    -2115.384615384610242
       579    -2692.307692307689649
       580    -3269.230769230769965
       581    -3846.153846153849827
       582    -4423.076923076920139
       583    -5000.000000000000000
       584    -1538.461538461540158
       585    -2115.384615384610242
       586    -2692.307692307689649
       587    -3269.230769230769965
       588    -3846.153846153849827
       589    -4423.076923076920139
       590    -5000.000000000000000
       591    -2692.307692307689649
       592    -3269.230769230769965
       593    -3846.153846153849827
       594    -4423.076923076920139
       595    -5000.000000000000000
       596    -3846.153846153849827
       597    -4423.076923076920139
       598    -5000.000000000000000
       599      192.307692307693003
       600     -384.615384615384016
       601     -961.538461538462002
       602    -1538.461538461540158
       603      769.230769230769056
       604      192.307692307693003
       605     -384.615384615384016
       606     -961.538461538462002
       607    -1538.461538461540158
       608    -2115.384615384610242
       609    -2692.307692307689649
       610    -3269.230769230769965
       611    -3846.153846153849827
       612    -4423.076923076920139
       613    -5000.000000000000000
       614      769.230769230769056
       615      192.307692307692008
       616     -384.615384615384016
       617     -961.538461538460979
       618    -1538.461538461540158
       619    -2115.384615384619792
       620    -2692.307692307689649
       621    -3269.230769230769965
       622    -3846.153846153849827
       623    -4423.076923076920139
       624    -5000.000000000000000
       625      769.230769230769056
       626      192.307692307693003
       627     -384.615384615384016
       628     -961.538461538462002
       629    -1538.461538461540158
       630    -2115.384615384610242
       631    -2692.307692307689649
       632    -3269.230769230769965
       633    -3846.153846153849827
       634    -4423.076923076920139
       635    -5000.000000000000000
       636      192.307692307693003
       637     -384.615384615384016
       638     -961.538461538462002
       639    -1538.461538461540158
       640    -2115.384615384610242
       641    -2692.307692307689649
       642    -3269.230769230769965
       643    -3846.153846153849827
       644    -4423.076923076920139
       645    -5000.000000000000000
       646     -384.615384615384016
       647     -961.538461538462002
       648    -1538.461538461540158
       649    -2115.384615384619792
       650    -2692.307692307689649
       651    -3269.230769230769965
       652    -3846.153846153849827
       653    -4423.076923076920139
       654    -5000.000000000000000
       655     -384.615384615384016
       656     -961.538461538460979
       657    -1538.461538461540158
       658    -2115.384615384610242
       659    -2692.307692307689649
       660    -3269.230769230769965
       661    -3846.153846153849827
       662    -4423.076923076920139
       663    -5000.000000000000000
       664     -961.538461538460979
       665    -1538.461538461540158
       666    -2115.384615384619792
       667    -2692.307692307689649
       668    -3269.230769230769965
       669    -3846.153846153839822
       670    -4423.076923076920139
       671    -5000.000000000000000
       672    -2115.384615384610242
       673    -2692.307692307689649
       674    -3269.230769230769965
       675    -3846.153846153839822
       676    -4423.076923076920139
       677    -5000.000000000000000
       678    -3269.230769230769965
       679    -3846.153846153839822
       680    -4423.076923076920139
       681    -5000.000000000000000
       682      192.307692307693003
       683     -384.615384615384016
       684     -961.538461538462002
       685      769.230769230769056
       686      192.307692307693003
       687     -384.615384615384016
       688     -961.538461538463025
       689    -1538.461538461540158
       690    -2115.384615384610242
       691    -2692.307692307689649
       692    -3269.230769230769965
       693    -3846.153846153849827
       694    -4423.076923076920139
       695    -5000.000000000000000
       696      769.230769230769056
       697      192.307692307692008
       698     -384.615384615384016
       699     -961.538461538462002
       700    -1538.461538461540158
       701    -2115.384615384619792
       702    -2692.307692307689649
       703    -3269.230769230769965
       704    -3846.153846153849827
       705    -4423.076923076920139
       706    -5000.000000000000000
       707      769.230769230769056
       708      192.307692307693003
       709     -384.615384615384016
       710     -961.538461538462002
       711    -1538.461538461540158
       712    -2115.384615384610242
       713    -2692.307692307689649
       714    -3269.230769230769965
       715    -3846.153846153849827
       716    -4423.076923076920139
       717    -5000.000000000000000
       718      192.307692307693003
       719     -384.615384615384016
       720     -961.538461538462002
       721    -1538.461538461540158
       722    -2115.384615384610242
       723    -2692.307692307689649
       724    -3269.230769230769965
       725    -3846.153846153849827
       726    -4423.076923076920139
       727    -5000.000000000000000
       728     -384.615384615384016
       729     -961.538461538462002
       730    -1538.461538461540158
       731    -2115.384615384619792
       732    -2692.307692307689649
       733    -3269.230769230769965
       734    -3846.153846153849827
       735    -4423.076923076920139
       736    -5000.000000000000000
       737     -961.538461538462002
       738    -1538.461538461540158
       739    -2115.384615384619792
       740    -2692.307692307689649
       741    -3269.230769230769965
       742    -3846.153846153849827
       743    -4423.076923076920139
       744    -5000.000000000000000
       745    -1538.461538461540158
       746    -2115.384615384619792
       747    -2692.307692307689649
       748    -3269.230769230769965
       749    -3846.153846153849827
       750    -4423.076923076920139
       751    -5000.000000000000000
       752    -2692.307692307689649
       753    -3269.230769230769965
       754    -3846.153846153839822
       755    -4423.076923076920139
       756    -5000.000000000000000
