         507
           1           2           1           4           5          14
          13          16          17
           2           1           3           6           4          13
          15          18          16
           3           5           4           7           8          17
          16          19          20
           4           4           6           9           7          16
          18          21          19
           5          11          10          13          14          29
          28          31          32
           6          10          12          15          13          28
          30          33          31
           7          14          13          16          17          32
          31          34          35
           8          13          15          18          16          31
          33          36          34
           9          17          16          19          20          35
          34          37          38
          10          16          18          21          19          34
          36          39          37
          11          20          19          22          23          38
          37          40          41
          12          19          21          24          22          37
          39          42          40
          13          26          25          28          29          50
          49          52          53
          14          25          27          30          28          49
          51          54          52
          15          29          28          31          32          53
          52          55          56
          16          28          30          33          31          52
          54          57          55
          17          32          31          34          35          56
          55          58          59
          18          31          33          36          34          55
          57          60          58
          19          35          34          37          38          59
          58          61          62
          20          34          36          39          37          58
          60          63          61
          21          38          37          40          41          62
          61          64          65
          22          37          39          42          40          61
          63          66          64
          23          41          40          43          44          65
          64          67          68
          24          40          42          45          43          64
          66          69          67
          25          47          46          49          50          74
          73          76          77
          26          46          48          51          49          73
          75          78          76
          27          50          49          52          53          77
          76          79          80
          28          49          51          54          52          76
          78          81          79
          29          53          52          55          56          80
          79          82          83
          30          52          54          57          55          79
          81          84          82
          31          56          55          58          59          83
          82          85          86
          32          55          57          60          58          82
          84          87          85
          33          59          58          61          62          86
          85          88          89
          34          58          60          63          61          85
          87          90          88
          35          62          61          64          65          89
          88          91          92
          36          61          63          66          64          88
          90          93          91
          37          65          64          67          68          92
          91          94          95
          38          64          66          69          67          91
          93          96          94
          39          68          67          70          71          95
          94          97          98
          40          67          69          72          70          94
          96          99          97
          41          74          73          76          77         104
         103         106         107
          42          73          75          78          76         103
         105         108         106
          43          77          76          79          80         107
         106         109         110
          44          76          78          81          79         106
         108         111         109
          45          80          79          82          83         110
         109         112         113
          46          79          81          84          82         109
         111         114         112
          47          83          82          85          86         113
         112         115         116
          48          82          84          87          85         112
         114         117         115
          49          86          85          88          89         116
         115         118         119
          50          85          87          90          88         115
         117         120         118
          51          89          88          91          92         119
         118         121         122
          52          88          90          93          91         118
         120         123         121
          53          92          91          94          95         122
         121         124         125
          54          91          93          96          94         121
         123         126         124
          55          95          94          97          98         125
         124         127         128
          56          94          96          99          97         124
         126         129         127
          57          98          97         100         101         128
         127         130         131
          58          97          99         102         100         127
         129         132         130
          59         104         103         106         107         134
         133         136         137
          60         103         105         108         106         133
         135         138         136
          61         107         106         109         110         137
         136         139         140
          62         106         108         111         109         136
         138         141         139
          63         110         109         112         113         140
         139         142         143
          64         109         111         114         112         139
         141         144         142
          65         113         112         115         116         143
         142         145         146
          66         112         114         117         115         142
         144         147         145
          67         116         115         118         119         146
         145         148         149
          68         115         117         120         118         145
         147         150         148
          69         119         118         121         122         149
         148         151         152
          70         118         120         123         121         148
         150         153         151
          71         122         121         124         125         152
         151         154         155
          72         121         123         126         124         151
         153         156         154
          73         125         124         127         128         155
         154         157         158
          74         124         126         129         127         154
         156         159         157
          75         128         127         130         131         158
         157         160         161
          76         127         129         132         130         157
         159         162         160
          77         137         136         139         140         164
         163         166         167
          78         136         138         141         139         163
         165         168         166
          79         140         139         142         143         167
         166         169         170
          80         139         141         144         142         166
         168         171         169
          81         143         142         145         146         170
         169         172         173
          82         142         144         147         145         169
         171         174         172
          83         146         145         148         149         173
         172         175         176
          84         145         147         150         148         172
         174         177         175
          85         149         148         151         152         176
         175         178         179
          86         148         150         153         151         175
         177         180         178
          87         152         151         154         155         179
         178         181         182
          88         151         153         156         154         178
         180         183         181
          89         155         154         157         158         182
         181         184         185
          90         154         156         159         157         181
         183         186         184
          91         167         166         169         170         188
         187         190         191
          92         166         168         171         169         187
         189         192         190
          93         170         169         172         173         191
         190         193         194
          94         169         171         174         172         190
         192         195         193
          95         173         172         175         176         194
         193         196         197
          96         172         174         177         175         193
         195         198         196
          97         176         175         178         179         197
         196         199         200
          98         175         177         180         178         196
         198         201         199
          99         179         178         181         182         200
         199         202         203
         100         178         180         183         181         199
         201         204         202
         101         188         187         190         191         206
         205         208         209
         102         187         189         192         190         205
         207         210         208
         103         191         190         193         194         209
         208         211         212
         104         190         192         195         193         208
         210         213         211
         105         194         193         196         197         212
         211         214         215
         106         193         195         198         196         211
         213         216         214
         107         197         196         199         200         215
         214         217         218
         108         196         198         201         199         214
         216         219         217
         109         221         220         223         224         233
         232         235         236
         110         220         222         225         223         232
         234         237         235
         111         222           2           5         225         234
          14          17         237
         112         224         223         226         227         236
         235         238         239
         113         223         225         228         226         235
         237         240         238
         114         225           5           8         228         237
          17          20         240
         115         230         229         232         233         248
         247         250         251
         116         229         231         234         232         247
         249         252         250
         117         231          11          14         234         249
          29          32         252
         118         233         232         235         236         251
         250         253         254
         119         232         234         237         235         250
         252         255         253
         120         234          14          17         237         252
          32          35         255
         121         236         235         238         239         254
         253         256         257
         122         235         237         240         238         253
         255         258         256
         123         237          17          20         240         255
          35          38         258
         124         239         238         241         242         257
         256         259         260
         125         238         240         243         241         256
         258         261         259
         126         240          20          23         243         258
          38          41         261
         127         245         244         247         248         269
         268         271         272
         128         244         246         249         247         268
         270         273         271
         129         246          26          29         249         270
          50          53         273
         130         248         247         250         251         272
         271         274         275
         131         247         249         252         250         271
         273         276         274
         132         249          29          32         252         273
          53          56         276
         133         251         250         253         254         275
         274         277         278
         134         250         252         255         253         274
         276         279         277
         135         252          32          35         255         276
          56          59         279
         136         254         253         256         257         278
         277         280         281
         137         253         255         258         256         277
         279         282         280
         138         255          35          38         258         279
          59          62         282
         139         257         256         259         260         281
         280         283         284
         140         256         258         261         259         280
         282         285         283
         141         258          38          41         261         282
          62          65         285
         142         260         259         262         263         284
         283         286         287
         143         259         261         264         262         283
         285         288         286
         144         261          41          44         264         285
          65          68         288
         145         266         265         268         269         293
         292         295         296
         146         265         267         270         268         292
         294         297         295
         147         267          47          50         270         294
          74          77         297
         148         269         268         271         272         296
         295         298         299
         149         268         270         273         271         295
         297         300         298
         150         270          50          53         273         297
          77          80         300
         151         272         271         274         275         299
         298         301         302
         152         271         273         276         274         298
         300         303         301
         153         273          53          56         276         300
          80          83         303
         154         275         274         277         278         302
         301         304         305
         155         274         276         279         277         301
         303         306         304
         156         276          56          59         279         303
          83          86         306
         157         278         277         280         281         305
         304         307         308
         158         277         279         282         280         304
         306         309         307
         159         279          59          62         282         306
          86          89         309
         160         281         280         283         284         308
         307         310         311
         161         280         282         285         283         307
         309         312         310
         162         282          62          65         285         309
          89          92         312
         163         284         283         286         287         311
         310         313         314
         164         283         285         288         286         310
         312         315         313
         165         285          65          68         288         312
          92          95         315
         166         287         286         289         290         314
         313         316         317
         167         286         288         291         289         313
         315         318         316
         168         288          68          71         291         315
          95          98         318
         169         293         292         295         296         323
         322         325         326
         170         292         294         297         295         322
         324         327         325
         171         294          74          77         297         324
         104         107         327
         172         296         295         298         299         326
         325         328         329
         173         295         297         300         298         325
         327         330         328
         174         297          77          80         300         327
         107         110         330
         175         299         298         301         302         329
         328         331         332
         176         298         300         303         301         328
         330         333         331
         177         300          80          83         303         330
         110         113         333
         178         302         301         304         305         332
         331         334         335
         179         301         303         306         304         331
         333         336         334
         180         303          83          86         306         333
         113         116         336
         181         305         304         307         308         335
         334         337         338
         182         304         306         309         307         334
         336         339         337
         183         306          86          89         309         336
         116         119         339
         184         308         307         310         311         338
         337         340         341
         185         307         309         312         310         337
         339         342         340
         186         309          89          92         312         339
         119         122         342
         187         311         310         313         314         341
         340         343         344
         188         310         312         315         313         340
         342         345         343
         189         312          92          95         315         342
         122         125         345
         190         314         313         316         317         344
         343         346         347
         191         313         315         318         316         343
         345         348         346
         192         315          95          98         318         345
         125         128         348
         193         317         316         319         320         347
         346         349         350
         194         316         318         321         319         346
         348         351         349
         195         318          98         101         321         348
         128         131         351
         196         323         322         325         326         353
         352         355         356
         197         322         324         327         325         352
         354         357         355
         198         324         104         107         327         354
         134         137         357
         199         326         325         328         329         356
         355         358         359
         200         325         327         330         328         355
         357         360         358
         201         327         107         110         330         357
         137         140         360
         202         329         328         331         332         359
         358         361         362
         203         328         330         333         331         358
         360         363         361
         204         330         110         113         333         360
         140         143         363
         205         332         331         334         335         362
         361         364         365
         206         331         333         336         334         361
         363         366         364
         207         333         113         116         336         363
         143         146         366
         208         335         334         337         338         365
         364         367         368
         209         334         336         339         337         364
         366         369         367
         210         336         116         119         339         366
         146         149         369
         211         338         337         340         341         368
         367         370         371
         212         337         339         342         340         367
         369         372         370
         213         339         119         122         342         369
         149         152         372
         214         341         340         343         344         371
         370         373         374
         215         340         342         345         343         370
         372         375         373
         216         342         122         125         345         372
         152         155         375
         217         344         343         346         347         374
         373         376         377
         218         343         345         348         346         373
         375         378         376
         219         345         125         128         348         375
         155         158         378
         220         347         346         349         350         377
         376         379         380
         221         346         348         351         349         376
         378         381         379
         222         348         128         131         351         378
         158         161         381
         223         356         355         358         359         383
         382         385         386
         224         355         357         360         358         382
         384         387         385
         225         357         137         140         360         384
         164         167         387
         226         359         358         361         362         386
         385         388         389
         227         358         360         363         361         385
         387         390         388
         228         360         140         143         363         387
         167         170         390
         229         362         361         364         365         389
         388         391         392
         230         361         363         366         364         388
         390         393         391
         231         363         143         146         366         390
         170         173         393
         232         365         364         367         368         392
         391         394         395
         233         364         366         369         367         391
         393         396         394
         234         366         146         149         369         393
         173         176         396
         235         368         367         370         371         395
         394         397         398
         236         367         369         372         370         394
         396         399         397
         237         369         149         152         372         396
         176         179         399
         238         371         370         373         374         398
         397         400         401
         239         370         372         375         373         397
         399         402         400
         240         372         152         155         375         399
         179         182         402
         241         374         373         376         377         401
         400         403         404
         242         373         375         378         376         400
         402         405         403
         243         375         155         158         378         402
         182         185         405
         244         386         385         388         389         407
         406         409         410
         245         385         387         390         388         406
         408         411         409
         246         387         167         170         390         408
         188         191         411
         247         389         388         391         392         410
         409         412         413
         248         388         390         393         391         409
         411         414         412
         249         390         170         173         393         411
         191         194         414
         250         392         391         394         395         413
         412         415         416
         251         391         393         396         394         412
         414         417         415
         252         393         173         176         396         414
         194         197         417
         253         395         394         397         398         416
         415         418         419
         254         394         396         399         397         415
         417         420         418
         255         396         176         179         399         417
         197         200         420
         256         398         397         400         401         419
         418         421         422
         257         397         399         402         400         418
         420         423         421
         258         399         179         182         402         420
         200         203         423
         259         407         406         409         410         425
         424         427         428
         260         406         408         411         409         424
         426         429         427
         261         408         188         191         411         426
         206         209         429
         262         410         409         412         413         428
         427         430         431
         263         409         411         414         412         427
         429         432         430
         264         411         191         194         414         429
         209         212         432
         265         413         412         415         416         431
         430         433         434
         266         412         414         417         415         430
         432         435         433
         267         414         194         197         417         432
         212         215         435
         268         416         415         418         419         434
         433         436         437
         269         415         417         420         418         433
         435         438         436
         270         417         197         200         420         435
         215         218         438
         271         439         440         444         443         456
         457         463         462
         272         440         441         445         444         457
         458         464         463
         273         441         442         446         445         458
         459         465         464
         274         444         445         448         447         463
         464         470         469
         275         445         446         449         448         464
         465         471         470
         276         450         451         456         455         487
         488         494         493
         277         451         452         457         456         488
         489         495         494
         278         452         453         458         457         489
         490         496         495
         279         453         454         459         458         490
         491         497         496
         280         455         456         462         461         493
         494         501         500
         281         456         457         463         462         494
         495         502         501
         282         457         458         464         463         495
         496         503         502
         283         458         459         465         464         496
         497         504         503
         284         459         460         466         465         497
         498         505         504
         285         461         462         468         467         500
         501         509         508
         286         462         463         469         468         501
         502         510         509
         287         463         464         470         469         502
         503         511         510
         288         464         465         471         470         503
         504         512         511
         289         465         466         472         471         504
         505         513         512
         290         467         468         474         473         508
         509         517         516
         291         468         469         475         474         509
         510         518         517
         292         469         470         476         475         510
         511         519         518
         293         470         471         477         476         511
         512         520         519
         294         473         474         479         478         516
         517         524         523
         295         474         475         480         479         517
         518         525         524
         296         475         476         481         480         518
         519         526         525
         297         482         483         488         487         534
         535         540         539
         298         483         484         489         488         535
         536         541         540
         299         484         485         490         489         536
         537         542         541
         300         486         487         493         492         538
         539         546         545
         301         487         488         494         493         539
         540         547         546
         302         488         489         495         494         540
         541         548         547
         303         489         490         496         495         541
         542         549         548
         304         490         491         497         496         542
         543         550         549
         305         492         493         500         499         545
         546         554         553
         306         493         494         501         500         546
         547         555         554
         307         494         495         502         501         547
         548         556         555
         308         495         496         503         502         548
         549         557         556
         309         496         497         504         503         549
         550         558         557
         310         497         498         505         504         550
         551         559         558
         311         499         500         508         507         553
         554         563         562
         312         500         501         509         508         554
         555         564         563
         313         501         502         510         509         555
         556         565         564
         314         502         503         511         510         556
         557         566         565
         315         503         504         512         511         557
         558         567         566
         316         504         505         513         512         558
         559         568         567
         317         505         506         514         513         559
         560         569         568
         318         507         508         516         515         562
         563         572         571
         319         508         509         517         516         563
         564         573         572
         320         509         510         518         517         564
         565         574         573
         321         510         511         519         518         565
         566         575         574
         322         511         512         520         519         566
         567         576         575
         323         512         513         521         520         567
         568         577         576
         324         515         516         523         522         571
         572         581         580
         325         516         517         524         523         572
         573         582         581
         326         517         518         525         524         573
         574         583         582
         327         518         519         526         525         574
         575         584         583
         328         519         520         527         526         575
         576         585         584
         329         522         523         529         528         580
         581         589         588
         330         523         524         530         529         581
         582         590         589
         331         524         525         531         530         582
         583         591         590
         332         525         526         532         531         583
         584         592         591
         333         526         527         533         532         584
         585         593         592
         334         534         535         540         539         599
         600         605         604
         335         535         536         541         540         600
         601         606         605
         336         536         537         542         541         601
         602         607         606
         337         538         539         546         545         603
         604         612         611
         338         539         540         547         546         604
         605         613         612
         339         540         541         548         547         605
         606         614         613
         340         541         542         549         548         606
         607         615         614
         341         542         543         550         549         607
         608         616         615
         342         544         545         553         552         609
         611         620         618
         343         545         546         554         553         611
         612         621         620
         344         546         547         555         554         612
         613         622         621
         345         547         548         556         555         613
         614         623         622
         346         548         549         557         556         614
         615         624         623
         347         549         550         558         557         615
         616         625         624
         348         550         551         559         558         616
         617         626         625
         349         552         553         562         561         618
         620         630         628
         350         553         554         563         562         620
         621         631         630
         351         554         555         564         563         621
         622         632         631
         352         555         556         565         564         622
         623         633         632
         353         556         557         566         565         623
         624         634         633
         354         557         558         567         566         624
         625         635         634
         355         558         559         568         567         625
         626         636         635
         356         559         560         569         568         626
         627         637         636
         357         561         562         571         570         628
         630         640         638
         358         562         563         572         571         630
         631         641         640
         359         563         564         573         572         631
         632         642         641
         360         564         565         574         573         632
         633         643         642
         361         565         566         575         574         633
         634         644         643
         362         566         567         576         575         634
         635         645         644
         363         567         568         577         576         635
         636         646         645
         364         568         569         578         577         636
         637         647         646
         365         570         571         580         579         638
         640         650         648
         366         571         572         581         580         640
         641         651         650
         367         572         573         582         581         641
         642         652         651
         368         573         574         583         582         642
         643         653         652
         369         574         575         584         583         643
         644         654         653
         370         575         576         585         584         644
         645         655         654
         371         576         577         586         585         645
         646         656         655
         372         579         580         588         587         648
         650         658         657
         373         580         581         589         588         650
         651         659         658
         374         581         582         590         589         651
         652         660         659
         375         582         583         591         590         652
         653         661         660
         376         583         584         592         591         653
         654         662         661
         377         584         585         593         592         654
         655         663         662
         378         588         589         595         594         658
         659         665         664
         379         589         590         596         595         659
         660         666         665
         380         590         591         597         596         660
         661         667         666
         381         591         592         598         597         661
         662         668         667
         382         599         600         605         604         672
         673         678         677
         383         600         601         606         605         673
         674         679         678
         384         601         602         607         606         674
         675         680         679
         385         603         604         612         611         676
         677         685         684
         386         604         605         613         612         677
         678         686         685
         387         605         606         614         613         678
         679         687         686
         388         606         607         615         614         679
         680         688         687
         389         607         608         616         615         680
         681         689         688
         390         610         609         618         619         683
         682         691         692
         391         609         611         620         618         682
         684         693         691
         392         611         612         621         620         684
         685         694         693
         393         612         613         622         621         685
         686         695         694
         394         613         614         623         622         686
         687         696         695
         395         614         615         624         623         687
         688         697         696
         396         615         616         625         624         688
         689         698         697
         397         616         617         626         625         689
         690         699         698
         398         619         618         628         629         692
         691         701         702
         399         618         620         630         628         691
         693         703         701
         400         620         621         631         630         693
         694         704         703
         401         621         622         632         631         694
         695         705         704
         402         622         623         633         632         695
         696         706         705
         403         623         624         634         633         696
         697         707         706
         404         624         625         635         634         697
         698         708         707
         405         625         626         636         635         698
         699         709         708
         406         626         627         637         636         699
         700         710         709
         407         629         628         638         639         702
         701         711         712
         408         628         630         640         638         701
         703         713         711
         409         630         631         641         640         703
         704         714         713
         410         631         632         642         641         704
         705         715         714
         411         632         633         643         642         705
         706         716         715
         412         633         634         644         643         706
         707         717         716
         413         634         635         645         644         707
         708         718         717
         414         635         636         646         645         708
         709         719         718
         415         636         637         647         646         709
         710         720         719
         416         639         638         648         649         712
         711         721         722
         417         638         640         650         648         711
         713         723         721
         418         640         641         651         650         713
         714         724         723
         419         641         642         652         651         714
         715         725         724
         420         642         643         653         652         715
         716         726         725
         421         643         644         654         653         716
         717         727         726
         422         644         645         655         654         717
         718         728         727
         423         645         646         656         655         718
         719         729         728
         424         648         650         658         657         721
         723         731         730
         425         650         651         659         658         723
         724         732         731
         426         651         652         660         659         724
         725         733         732
         427         652         653         661         660         725
         726         734         733
         428         653         654         662         661         726
         727         735         734
         429         654         655         663         662         727
         728         736         735
         430         658         659         665         664         731
         732         738         737
         431         659         660         666         665         732
         733         739         738
         432         660         661         667         666         733
         734         740         739
         433         661         662         668         667         734
         735         741         740
         434         665         666         670         669         738
         739         743         742
         435         666         667         671         670         739
         740         744         743
         436         672         673         678         677         353
         323         326         356
         437         673         674         679         678         323
         293         296         326
         438         674         675         680         679         293
         266         269         296
         439         676         677         685         684         383
         356         359         386
         440         677         678         686         685         356
         326         329         359
         441         678         679         687         686         326
         296         299         329
         442         679         680         688         687         296
         269         272         299
         443         680         681         689         688         269
         245         248         272
         444         683         682         691         692         425
         407         410         428
         445         682         684         693         691         407
         386         389         410
         446         684         685         694         693         386
         359         362         389
         447         685         686         695         694         359
         329         332         362
         448         686         687         696         695         329
         299         302         332
         449         687         688         697         696         299
         272         275         302
         450         688         689         698         697         272
         248         251         275
         451         689         690         699         698         248
         230         233         251
         452         692         691         701         702         428
         410         413         431
         453         691         693         703         701         410
         389         392         413
         454         693         694         704         703         389
         362         365         392
         455         694         695         705         704         362
         332         335         365
         456         695         696         706         705         332
         302         305         335
         457         696         697         707         706         302
         275         278         305
         458         697         698         708         707         275
         251         254         278
         459         698         699         709         708         251
         233         236         254
         460         699         700         710         709         233
         221         224         236
         461         702         701         711         712         431
         413         416         434
         462         701         703         713         711         413
         392         395         416
         463         703         704         714         713         392
         365         368         395
         464         704         705         715         714         365
         335         338         368
         465         705         706         716         715         335
         305         308         338
         466         706         707         717         716         305
         278         281         308
         467         707         708         718         717         278
         254         257         281
         468         708         709         719         718         254
         236         239         257
         469         709         710         720         719         236
         224         227         239
         470         712         711         721         722         434
         416         419         437
         471         711         713         723         721         416
         395         398         419
         472         713         714         724         723         395
         368         371         398
         473         714         715         725         724         368
         338         341         371
         474         715         716         726         725         338
         308         311         341
         475         716         717         727         726         308
         281         284         311
         476         717         718         728         727         281
         257         260         284
         477         718         719         729         728         257
         239         242         260
         478         721         723         731         730         419
         398         401         422
         479         723         724         732         731         398
         371         374         401
         480         724         725         733         732         371
         341         344         374
         481         725         726         734         733         341
         311         314         344
         482         726         727         735         734         311
         284         287         314
         483         727         728         736         735         284
         260         263         287
         484         731         732         738         737         401
         374         377         404
         485         732         733         739         738         374
         344         347         377
         486         733         734         740         739         344
         314         317         347
         487         734         735         741         740         314
         287         290         317
         488         738         739         743         742         377
         347         350         380
         489         739         740         744         743         347
         317         320         350
         490         215         212         211         214         745
         747         748         746
         491         212         209         208         211         747
         749         750         748
         492         209         206         205         208         749
         751         752         750
         493         214         211         213         216         746
         748         754         753
         494         211         208         210         213         748
         750         755         754
         495         208         205         207         210         750
         752         756         755
         496         434         431         430         433         757
         759         760         758
         497         431         428         427         430         759
         761         762         760
         498         428         425         424         427         761
         763         764         762
         499         433         430         432         435         758
         760         766         765
         500         430         427         429         432         760
         762         767         766
         501         427         424         426         429         762
         764         768         767
         502         435         432         212         215         765
         766         747         745
         503         432         429         209         212         766
         767         749         747
         504         429         426         206         209         767
         768         751         749
         505         769         683         692         770         763
         425         428         761
         506         770         692         702         771         761
         428         431         759
         507         771         702         712         772         759
         431         434         757
