         760
         1     4000.000000000000000
         2     4500.000000000000000
         3     5000.000000000000000
         4     4000.000000000000000
         5     4500.000000000000000
         6     5000.000000000000000
         7     4000.000000000000000
         8     4500.000000000000000
         9     5000.000000000000000
        10     4000.000000000000000
        11     4500.000000000000000
        12     4000.000000000000000
        13     4500.000000000000000
        14     4000.000000000000000
        15     4500.000000000000000
        16     4000.000000000000000
        17     4500.000000000000000
        18     4000.000000000000000
        19     4500.000000000000000
        20     4000.000000000000000
        21     4500.000000000000000
        22     4000.000000000000000
        23     4500.000000000000000
        24     5000.000000000000000
        25     5000.000000000000000
        26     5000.000000000000000
        27     5000.000000000000000
        28     5000.000000000000000
        29     5000.000000000000000
        30     5000.000000000000000
        31     4000.000000000000000
        32     4500.000000000000000
        33     4000.000000000000000
        34     4500.000000000000000
        35     4000.000000000000000
        36     4500.000000000000000
        37     4000.000000000000000
        38     4500.000000000000000
        39     4000.000000000000000
        40     4500.000000000000000
        41     4000.000000000000000
        42     4500.000000000000000
        43     4000.000000000000000
        44     4500.000000000000000
        45     4000.000000000000000
        46     4500.000000000000000
        47     4000.000000000000000
        48     4500.000000000000000
        49     5000.000000000000000
        50     5000.000000000000000
        51     5000.000000000000000
        52     5000.000000000000000
        53     5000.000000000000000
        54     5000.000000000000000
        55     5000.000000000000000
        56     5000.000000000000000
        57     5000.000000000000000
        58     4000.000000000000000
        59     4500.000000000000000
        60     4000.000000000000000
        61     4500.000000000000000
        62     4000.000000000000000
        63     4500.000000000000000
        64     4000.000000000000000
        65     4500.000000000000000
        66     4000.000000000000000
        67     4500.000000000000000
        68     4000.000000000000000
        69     4500.000000000000000
        70     4000.000000000000000
        71     4500.000000000000000
        72     4000.000000000000000
        73     4500.000000000000000
        74     4000.000000000000000
        75     4500.000000000000000
        76     4000.000000000000000
        77     4500.000000000000000
        78     5000.000000000000000
        79     5000.000000000000000
        80     5000.000000000000000
        81     5000.000000000000000
        82     5000.000000000000000
        83     5000.000000000000000
        84     5000.000000000000000
        85     5000.000000000000000
        86     5000.000000000000000
        87     5000.000000000000000
        88     4000.000000000000000
        89     4500.000000000000000
        90     4000.000000000000000
        91     4500.000000000000000
        92     4000.000000000000000
        93     4500.000000000000000
        94     4000.000000000000000
        95     4500.000000000000000
        96     4000.000000000000000
        97     4500.000000000000000
        98     4000.000000000000000
        99     4500.000000000000000
       100     4000.000000000000000
       101     4500.000000000000000
       102     4000.000000000000000
       103     4500.000000000000000
       104     4000.000000000000000
       105     4500.000000000000000
       106     4000.000000000000000
       107     4500.000000000000000
       108     5000.000000000000000
       109     5000.000000000000000
       110     5000.000000000000000
       111     5000.000000000000000
       112     5000.000000000000000
       113     5000.000000000000000
       114     5000.000000000000000
       115     5000.000000000000000
       116     5000.000000000000000
       117     5000.000000000000000
       118     4000.000000000000000
       119     4500.000000000000000
       120     4000.000000000000000
       121     4500.000000000000000
       122     4000.000000000000000
       123     4500.000000000000000
       124     4000.000000000000000
       125     4500.000000000000000
       126     4000.000000000000000
       127     4500.000000000000000
       128     4000.000000000000000
       129     4500.000000000000000
       130     4000.000000000000000
       131     4500.000000000000000
       132     4000.000000000000000
       133     4500.000000000000000
       134     4000.000000000000000
       135     4500.000000000000000
       136     4000.000000000000000
       137     4500.000000000000000
       138     5000.000000000000000
       139     5000.000000000000000
       140     5000.000000000000000
       141     5000.000000000000000
       142     5000.000000000000000
       143     5000.000000000000000
       144     5000.000000000000000
       145     5000.000000000000000
       146     5000.000000000000000
       147     5000.000000000000000
       148     4000.000000000000000
       149     4000.000000000000000
       150     4500.000000000000000
       151     4000.000000000000000
       152     4500.000000000000000
       153     4000.000000000000000
       154     4500.000000000000000
       155     4000.000000000000000
       156     4500.000000000000000
       157     4000.000000000000000
       158     4500.000000000000000
       159     4000.000000000000000
       160     4500.000000000000000
       161     4000.000000000000000
       162     4500.000000000000000
       163     4000.000000000000000
       164     4500.000000000000000
       165     4000.000000000000000
       166     4500.000000000000000
       167     5000.000000000000000
       168     5000.000000000000000
       169     5000.000000000000000
       170     5000.000000000000000
       171     5000.000000000000000
       172     5000.000000000000000
       173     5000.000000000000000
       174     5000.000000000000000
       175     5000.000000000000000
       176     2500.000000000000000
       177     3000.000000000000000
       178     3500.000000000000000
       179     2500.000000000000000
       180     3000.000000000000000
       181     3500.000000000000000
       182     2500.000000000000000
       183     3000.000000000000000
       184     3500.000000000000000
       185     2500.000000000000000
       186     3000.000000000000000
       187     2500.000000000000000
       188     3000.000000000000000
       189     2500.000000000000000
       190     3000.000000000000000
       191     2500.000000000000000
       192     3000.000000000000000
       193     2500.000000000000000
       194     3000.000000000000000
       195     2500.000000000000000
       196     3000.000000000000000
       197     2500.000000000000000
       198     3000.000000000000000
       199     3500.000000000000000
       200     3500.000000000000000
       201     3500.000000000000000
       202     3500.000000000000000
       203     3500.000000000000000
       204     3500.000000000000000
       205     3500.000000000000000
       206     2500.000000000000000
       207     3000.000000000000000
       208     2500.000000000000000
       209     3000.000000000000000
       210     2500.000000000000000
       211     3000.000000000000000
       212     2500.000000000000000
       213     3000.000000000000000
       214     2500.000000000000000
       215     3000.000000000000000
       216     2500.000000000000000
       217     3000.000000000000000
       218     2500.000000000000000
       219     3000.000000000000000
       220     2500.000000000000000
       221     3000.000000000000000
       222     2500.000000000000000
       223     3000.000000000000000
       224     3500.000000000000000
       225     3500.000000000000000
       226     3500.000000000000000
       227     3500.000000000000000
       228     3500.000000000000000
       229     3500.000000000000000
       230     3500.000000000000000
       231     3500.000000000000000
       232     3500.000000000000000
       233     2500.000000000000000
       234     3000.000000000000000
       235     2500.000000000000000
       236     3000.000000000000000
       237     2500.000000000000000
       238     3000.000000000000000
       239     2500.000000000000000
       240     3000.000000000000000
       241     2500.000000000000000
       242     3000.000000000000000
       243     2500.000000000000000
       244     3000.000000000000000
       245     2500.000000000000000
       246     3000.000000000000000
       247     2500.000000000000000
       248     3000.000000000000000
       249     2500.000000000000000
       250     3000.000000000000000
       251     2500.000000000000000
       252     3000.000000000000000
       253     3500.000000000000000
       254     3500.000000000000000
       255     3500.000000000000000
       256     3500.000000000000000
       257     3500.000000000000000
       258     3500.000000000000000
       259     3500.000000000000000
       260     3500.000000000000000
       261     3500.000000000000000
       262     3500.000000000000000
       263     2500.000000000000000
       264     2500.000000000000000
       265     3000.000000000000000
       266     2500.000000000000000
       267     3000.000000000000000
       268     2500.000000000000000
       269     3000.000000000000000
       270     2500.000000000000000
       271     3000.000000000000000
       272     2500.000000000000000
       273     3000.000000000000000
       274     2500.000000000000000
       275     3000.000000000000000
       276     2500.000000000000000
       277     3000.000000000000000
       278     2500.000000000000000
       279     3000.000000000000000
       280     2500.000000000000000
       281     3000.000000000000000
       282     2500.000000000000000
       283     3000.000000000000000
       284     3500.000000000000000
       285     3500.000000000000000
       286     3500.000000000000000
       287     3500.000000000000000
       288     3500.000000000000000
       289     3500.000000000000000
       290     3500.000000000000000
       291     3500.000000000000000
       292     3500.000000000000000
       293     3500.000000000000000
       294     2500.000000000000000
       295     2500.000000000000000
       296     3000.000000000000000
       297     2500.000000000000000
       298     3000.000000000000000
       299     2500.000000000000000
       300     3000.000000000000000
       301     2500.000000000000000
       302     3000.000000000000000
       303     2500.000000000000000
       304     3000.000000000000000
       305     2500.000000000000000
       306     3000.000000000000000
       307     2500.000000000000000
       308     3000.000000000000000
       309     2500.000000000000000
       310     3000.000000000000000
       311     2500.000000000000000
       312     3000.000000000000000
       313     2500.000000000000000
       314     3000.000000000000000
       315     3500.000000000000000
       316     3500.000000000000000
       317     3500.000000000000000
       318     3500.000000000000000
       319     3500.000000000000000
       320     3500.000000000000000
       321     3500.000000000000000
       322     3500.000000000000000
       323     3500.000000000000000
       324     3500.000000000000000
       325     2500.000000000000000
       326     3000.000000000000000
       327     2500.000000000000000
       328     3000.000000000000000
       329     2500.000000000000000
       330     3000.000000000000000
       331     2500.000000000000000
       332     3000.000000000000000
       333     2500.000000000000000
       334     3000.000000000000000
       335     2500.000000000000000
       336     3000.000000000000000
       337     2500.000000000000000
       338     3000.000000000000000
       339     2500.000000000000000
       340     3000.000000000000000
       341     2500.000000000000000
       342     3000.000000000000000
       343     2500.000000000000000
       344     3000.000000000000000
       345     3500.000000000000000
       346     3500.000000000000000
       347     3500.000000000000000
       348     3500.000000000000000
       349     3500.000000000000000
       350     3500.000000000000000
       351     3500.000000000000000
       352     3500.000000000000000
       353     3500.000000000000000
       354     3500.000000000000000
       355      192.307692307692008
       356      192.307692307692008
       357      192.307692307692008
       358      769.230769230768033
       359      769.230769230768033
       360      769.230769230768033
       361     1346.153846153850054
       362     1346.153846153850054
       363     1346.153846153850054
       364     1923.076923076919911
       365     1923.076923076919911
       366     1923.076923076919911
       367      769.230769230769056
       368      769.230769230768033
       369      769.230769230768033
       370     1346.153846153850054
       371     1346.153846153850054
       372     1346.153846153850054
       373     1923.076923076919911
       374     1923.076923076919911
       375     1923.076923076919911
       376      192.307692307692008
       377      192.307692307692008
       378      192.307692307692008
       379      192.307692307691013
       380      192.307692307692008
       381      769.230769230769056
       382      769.230769230768033
       383      769.230769230768033
       384      769.230769230768033
       385      769.230769230768033
       386     1346.153846153850054
       387     1346.153846153850054
       388     1346.153846153850054
       389     1346.153846153850054
       390     1346.153846153850054
       391     1923.076923076919911
       392     1923.076923076919911
       393     1923.076923076919911
       394     1923.076923076919911
       395     1923.076923076919911
       396     -384.615384615385040
       397     -384.615384615385040
       398     -384.615384615386006
       399     -384.615384615384016
       400     -384.615384615385040
       401      192.307692307692008
       402      192.307692307692008
       403      192.307692307692008
       404      192.307692307692008
       405      192.307692307692008
       406      192.307692307691013
       407      769.230769230769056
       408      769.230769230768033
       409      769.230769230768033
       410      769.230769230768033
       411      769.230769230768033
       412      769.230769230768033
       413     1346.153846153850054
       414     1346.153846153850054
       415     1346.153846153850054
       416     1346.153846153850054
       417     1346.153846153850054
       418     1346.153846153850054
       419     1923.076923076919911
       420     1923.076923076919911
       421     1923.076923076919911
       422     1923.076923076919911
       423     1923.076923076919911
       424     1923.076923076919911
       425     -961.538461538462002
       426     -961.538461538462002
       427     -961.538461538462002
       428     -961.538461538463025
       429     -961.538461538462002
       430     -384.615384615385040
       431     -384.615384615385040
       432     -384.615384615385040
       433     -384.615384615385040
       434     -384.615384615385040
       435     -384.615384615385040
       436      192.307692307692008
       437      192.307692307692008
       438      192.307692307692008
       439      192.307692307692008
       440      192.307692307692008
       441      192.307692307692008
       442      769.230769230769056
       443      769.230769230768033
       444      769.230769230768033
       445      769.230769230768033
       446      769.230769230768033
       447      769.230769230768033
       448     1346.153846153850054
       449     1346.153846153850054
       450     1346.153846153850054
       451     1346.153846153850054
       452     1346.153846153850054
       453     1346.153846153850054
       454     1923.076923076919911
       455     1923.076923076919911
       456     1923.076923076919911
       457     1923.076923076919911
       458     1923.076923076919911
       459     1923.076923076919911
       460    -1538.461538461540158
       461    -1538.461538461540158
       462     -961.538461538463025
       463     -961.538461538462002
       464     -961.538461538462002
       465     -961.538461538462002
       466     -961.538461538463025
       467     -384.615384615385040
       468     -384.615384615385040
       469     -384.615384615385040
       470     -384.615384615385040
       471     -384.615384615385040
       472     -384.615384615385040
       473      192.307692307691013
       474      192.307692307692008
       475      192.307692307692008
       476      192.307692307691013
       477      192.307692307692008
       478      192.307692307692008
       479      769.230769230769056
       480      769.230769230768033
       481      769.230769230768033
       482      769.230769230768033
       483      769.230769230768033
       484      769.230769230768033
       485     1346.153846153850054
       486     1346.153846153850054
       487     1346.153846153850054
       488     1346.153846153850054
       489     1346.153846153850054
       490     1346.153846153850054
       491     1923.076923076919911
       492     1923.076923076919911
       493     1923.076923076919911
       494     1923.076923076919911
       495     1923.076923076919911
       496     1923.076923076919911
       497    -1538.461538461540158
       498    -1538.461538461540158
       499     -961.538461538462002
       500     -961.538461538462002
       501     -961.538461538462002
       502     -961.538461538462002
       503     -384.615384615385040
       504     -384.615384615385040
       505     -384.615384615385040
       506     -384.615384615385040
       507     -384.615384615385040
       508     -384.615384615385040
       509      192.307692307692008
       510      192.307692307692008
       511      192.307692307692008
       512      192.307692307692008
       513      192.307692307692008
       514      192.307692307692008
       515      769.230769230769056
       516      769.230769230769056
       517      769.230769230768033
       518      769.230769230768033
       519      769.230769230768033
       520      769.230769230768033
       521     1346.153846153850054
       522     1346.153846153850054
       523     1346.153846153850054
       524     1346.153846153850054
       525     1346.153846153850054
       526     1346.153846153850054
       527     1923.076923076919911
       528     1923.076923076919911
       529     1923.076923076919911
       530     1923.076923076919911
       531     1923.076923076919911
       532     1923.076923076919911
       533     -961.538461538462002
       534     -961.538461538462002
       535     -961.538461538462002
       536     -961.538461538462002
       537     -384.615384615385040
       538     -384.615384615385040
       539     -384.615384615386006
       540     -384.615384615385040
       541     -384.615384615385040
       542     -384.615384615385040
       543      192.307692307692008
       544      192.307692307692008
       545      192.307692307692008
       546      192.307692307692008
       547      192.307692307692008
       548      192.307692307692008
       549      769.230769230769056
       550      769.230769230768033
       551      769.230769230768033
       552      769.230769230768033
       553      769.230769230768033
       554      769.230769230768033
       555     1346.153846153850054
       556     1346.153846153850054
       557     1346.153846153850054
       558     1346.153846153850054
       559     1346.153846153850054
       560     1346.153846153850054
       561     1923.076923076919911
       562     1923.076923076919911
       563     1923.076923076919911
       564     1923.076923076919911
       565     1923.076923076919911
       566     1923.076923076919911
       567     -961.538461538462002
       568     -961.538461538462002
       569     -384.615384615384016
       570     -384.615384615385040
       571     -384.615384615385040
       572     -384.615384615384016
       573     -384.615384615385040
       574      192.307692307691013
       575      192.307692307692008
       576      192.307692307692008
       577      192.307692307692008
       578      192.307692307692008
       579      192.307692307692008
       580      769.230769230769056
       581      769.230769230769056
       582      769.230769230768033
       583      769.230769230768033
       584      769.230769230768033
       585      769.230769230769056
       586     1346.153846153850054
       587     1346.153846153850054
       588     1346.153846153850054
       589     1346.153846153850054
       590     1346.153846153850054
       591     1346.153846153850054
       592     1923.076923076919911
       593     1923.076923076919911
       594     1923.076923076919911
       595     1923.076923076919911
       596     1923.076923076919911
       597     1923.076923076919911
       598     -961.538461538462002
       599     -961.538461538462002
       600     -384.615384615385040
       601     -384.615384615385040
       602     -384.615384615385040
       603     -384.615384615385040
       604      192.307692307691013
       605      192.307692307691013
       606      192.307692307692008
       607      192.307692307692008
       608      192.307692307692008
       609      192.307692307692008
       610      769.230769230768033
       611      769.230769230768033
       612      769.230769230768033
       613      769.230769230768033
       614      769.230769230768033
       615      769.230769230769056
       616     1346.153846153850054
       617     1346.153846153850054
       618     1346.153846153850054
       619     1346.153846153850054
       620     1346.153846153850054
       621     1346.153846153850054
       622     1923.076923076919911
       623     1923.076923076919911
       624     1923.076923076919911
       625     1923.076923076919911
       626     1923.076923076919911
       627     1923.076923076919911
       628     -384.615384615384016
       629     -384.615384615385040
       630     -384.615384615384016
       631     -384.615384615384016
       632      192.307692307691013
       633      192.307692307692008
       634      192.307692307692008
       635      192.307692307692008
       636      192.307692307692008
       637      192.307692307692008
       638      769.230769230768033
       639      769.230769230769056
       640      769.230769230769056
       641      769.230769230768033
       642      769.230769230769056
       643      769.230769230769056
       644     1346.153846153850054
       645     1346.153846153850054
       646     1346.153846153850054
       647     1346.153846153850054
       648     1346.153846153850054
       649     1346.153846153850054
       650     1923.076923076919911
       651     1923.076923076919911
       652     1923.076923076919911
       653     1923.076923076919911
       654     1923.076923076919911
       655     1923.076923076919911
       656     -384.615384615385040
       657     -384.615384615385040
       658      192.307692307691013
       659      192.307692307691013
       660      192.307692307692008
       661      192.307692307692008
       662      192.307692307692008
       663      769.230769230768033
       664      769.230769230768033
       665      769.230769230768033
       666      769.230769230768033
       667      769.230769230768033
       668     1346.153846153850054
       669     1346.153846153850054
       670     1346.153846153850054
       671     1346.153846153850054
       672     1346.153846153850054
       673     1923.076923076919911
       674     1923.076923076919911
       675     1923.076923076919911
       676     1923.076923076919911
       677     1923.076923076919911
       678     4000.000000000000000
       679     4500.000000000000000
       680     5000.000000000000000
       681     4000.000000000000000
       682     4500.000000000000000
       683     5000.000000000000000
       684     4000.000000000000000
       685     4500.000000000000000
       686     5000.000000000000000
       687     4000.000000000000000
       688     4500.000000000000000
       689     5000.000000000000000
       690     4000.000000000000000
       691     4500.000000000000000
       692     5000.000000000000000
       693     4000.000000000000000
       694     4500.000000000000000
       695     5000.000000000000000
       696     4000.000000000000000
       697     4500.000000000000000
       698     5000.000000000000000
       699     4000.000000000000000
       700     4500.000000000000000
       701     5000.000000000000000
       702     2500.000000000000000
       703     3000.000000000000000
       704     3500.000000000000000
       705     2500.000000000000000
       706     3000.000000000000000
       707     3500.000000000000000
       708     2500.000000000000000
       709     3000.000000000000000
       710     3500.000000000000000
       711     2500.000000000000000
       712     3000.000000000000000
       713     3500.000000000000000
       714     2500.000000000000000
       715     3000.000000000000000
       716     3500.000000000000000
       717     2500.000000000000000
       718     3000.000000000000000
       719     3500.000000000000000
       720     2500.000000000000000
       721     3000.000000000000000
       722     3500.000000000000000
       723     2500.000000000000000
       724     3000.000000000000000
       725     3500.000000000000000
       726     -384.615384615386006
       727     -384.615384615386006
       728     -384.615384615386006
       729     -384.615384615386006
       730      192.307692307692008
       731      192.307692307692008
       732      192.307692307692008
       733      192.307692307691013
       734      192.307692307692008
       735      192.307692307692008
       736      192.307692307692008
       737      769.230769230769056
       738      769.230769230768033
       739      769.230769230769056
       740      769.230769230769056
       741      769.230769230769056
       742      769.230769230768033
       743      769.230769230769056
       744      769.230769230769056
       745     1346.153846153850054
       746     1346.153846153850054
       747     1346.153846153850054
       748     1346.153846153850054
       749     1346.153846153850054
       750     1346.153846153850054
       751     1346.153846153850054
       752     1346.153846153850054
       753     1923.076923076919911
       754     1923.076923076919911
       755     1923.076923076919911
       756     1923.076923076919911
       757     1923.076923076919911
       758     1923.076923076919911
       759     1923.076923076919911
       760     1923.076923076919911
