         500
           1           1           3           4           2          28
          30          31          29
           2           3           5           6           4          30
          32          33          31
           3           5           7           8           6          32
          34          35          33
           4           7           9          10           8          34
          36          37          35
           5           9          11          12          10          36
          38          39          37
           6          11          13          14          12          38
          40          41          39
           7          13          15          16          14          40
          42          43          41
           8          15          17          18          16          42
          44          45          43
           9           2           4          20          19          29
          31          47          46
          10           4           6          21          20          31
          33          48          47
          11           6           8          22          21          33
          35          49          48
          12           8          10          23          22          35
          37          50          49
          13          10          12          24          23          37
          39          51          50
          14          12          14          25          24          39
          41          52          51
          15          14          16          26          25          41
          43          53          52
          16          16          18          27          26          43
          45          54          53
          17          28          30          31          29          55
          57          58          56
          18          30          32          33          31          57
          59          60          58
          19          32          34          35          33          59
          61          62          60
          20          34          36          37          35          61
          63          64          62
          21          36          38          39          37          63
          65          66          64
          22          38          40          41          39          65
          67          68          66
          23          40          42          43          41          67
          69          70          68
          24          42          44          45          43          69
          71          72          70
          25          29          31          47          46          56
          58          74          73
          26          31          33          48          47          58
          60          75          74
          27          33          35          49          48          60
          62          76          75
          28          35          37          50          49          62
          64          77          76
          29          37          39          51          50          64
          66          78          77
          30          39          41          52          51          66
          68          79          78
          31          41          43          53          52          68
          70          80          79
          32          43          45          54          53          70
          72          81          80
          33          55          57          58          56          82
          84          85          83
          34          57          59          60          58          84
          86          87          85
          35          59          61          62          60          86
          88          89          87
          36          61          63          64          62          88
          90          91          89
          37          63          65          66          64          90
          92          93          91
          38          65          67          68          66          92
          94          95          93
          39          67          69          70          68          94
          96          97          95
          40          69          71          72          70          96
          98          99          97
          41          56          58          74          73          83
          85         101         100
          42          58          60          75          74          85
          87         102         101
          43          60          62          76          75          87
          89         103         102
          44          62          64          77          76          89
          91         104         103
          45          64          66          78          77          91
          93         105         104
          46          66          68          79          78          93
          95         106         105
          47          68          70          80          79          95
          97         107         106
          48          70          72          81          80          97
          99         108         107
          49          82          84          85          83         109
         111         112         110
          50          84          86          87          85         111
         113         114         112
          51          86          88          89          87         113
         115         116         114
          52          88          90          91          89         115
         117         118         116
          53          90          92          93          91         117
         119         120         118
          54          92          94          95          93         119
         121         122         120
          55          94          96          97          95         121
         123         124         122
          56          96          98          99          97         123
         125         126         124
          57          83          85         101         100         110
         112         128         127
          58          85          87         102         101         112
         114         129         128
          59          87          89         103         102         114
         116         130         129
          60          89          91         104         103         116
         118         131         130
          61          91          93         105         104         118
         120         132         131
          62          93          95         106         105         120
         122         133         132
          63          95          97         107         106         122
         124         134         133
          64          97          99         108         107         124
         126         135         134
          65         109         111         112         110         136
         138         139         137
          66         111         113         114         112         138
         140         141         139
          67         113         115         116         114         140
         142         143         141
          68         115         117         118         116         142
         144         145         143
          69         117         119         120         118         144
         146         147         145
          70         119         121         122         120         146
         148         149         147
          71         121         123         124         122         148
         150         151         149
          72         123         125         126         124         150
         152         153         151
          73         110         112         128         127         137
         139         155         154
          74         112         114         129         128         139
         141         156         155
          75         114         116         130         129         141
         143         157         156
          76         116         118         131         130         143
         145         158         157
          77         118         120         132         131         145
         147         159         158
          78         120         122         133         132         147
         149         160         159
          79         122         124         134         133         149
         151         161         160
          80         124         126         135         134         151
         153         162         161
          81         163         165         166         164         181
         183         184         182
          82         165         167         168         166         183
         185         186         184
          83         167         169         170         168         185
         187         188         186
          84         169         171         172         170         187
         189         190         188
          85         171         173         174         172         189
         191         192         190
          86         173         175         176         174         191
         193         194         192
          87         175         177         178         176         193
         195         196         194
          88         177         179         180         178         195
         197         198         196
          89         181         183         184         182         208
         210         211         209
          90         183         185         186         184         210
         212         213         211
          91         185         187         188         186         212
         214         215         213
          92         187         189         190         188         214
         216         217         215
          93         189         191         192         190         216
         218         219         217
          94         191         193         194         192         218
         220         221         219
          95         193         195         196         194         220
         222         223         221
          96         195         197         198         196         222
         224         225         223
          97         182         184         200         199         209
         211         227         226
          98         184         186         201         200         211
         213         228         227
          99         186         188         202         201         213
         215         229         228
         100         188         190         203         202         215
         217         230         229
         101         190         192         204         203         217
         219         231         230
         102         192         194         205         204         219
         221         232         231
         103         194         196         206         205         221
         223         233         232
         104         196         198         207         206         223
         225         234         233
         105         208         210         211         209         235
         237         238         236
         106         210         212         213         211         237
         239         240         238
         107         212         214         215         213         239
         241         242         240
         108         214         216         217         215         241
         243         244         242
         109         216         218         219         217         243
         245         246         244
         110         218         220         221         219         245
         247         248         246
         111         220         222         223         221         247
         249         250         248
         112         222         224         225         223         249
         251         252         250
         113         209         211         227         226         236
         238         254         253
         114         211         213         228         227         238
         240         255         254
         115         213         215         229         228         240
         242         256         255
         116         215         217         230         229         242
         244         257         256
         117         217         219         231         230         244
         246         258         257
         118         219         221         232         231         246
         248         259         258
         119         221         223         233         232         248
         250         260         259
         120         223         225         234         233         250
         252         261         260
         121         226         227           3           1         253
         254          30          28
         122         227         228           5           3         254
         255          32          30
         123         228         229           7           5         255
         256          34          32
         124         229         230           9           7         256
         257          36          34
         125         230         231          11           9         257
         258          38          36
         126         231         232          13          11         258
         259          40          38
         127         232         233          15          13         259
         260          42          40
         128         233         234          17          15         260
         261          44          42
         129         235         237         238         236         262
         264         265         263
         130         237         239         240         238         264
         266         267         265
         131         239         241         242         240         266
         268         269         267
         132         241         243         244         242         268
         270         271         269
         133         243         245         246         244         270
         272         273         271
         134         245         247         248         246         272
         274         275         273
         135         247         249         250         248         274
         276         277         275
         136         249         251         252         250         276
         278         279         277
         137         236         238         254         253         263
         265         281         280
         138         238         240         255         254         265
         267         282         281
         139         240         242         256         255         267
         269         283         282
         140         242         244         257         256         269
         271         284         283
         141         244         246         258         257         271
         273         285         284
         142         246         248         259         258         273
         275         286         285
         143         248         250         260         259         275
         277         287         286
         144         250         252         261         260         277
         279         288         287
         145         253         254          30          28         280
         281          57          55
         146         254         255          32          30         281
         282          59          57
         147         255         256          34          32         282
         283          61          59
         148         256         257          36          34         283
         284          63          61
         149         257         258          38          36         284
         285          65          63
         150         258         259          40          38         285
         286          67          65
         151         259         260          42          40         286
         287          69          67
         152         260         261          44          42         287
         288          71          69
         153         262         264         265         263         289
         291         292         290
         154         264         266         267         265         291
         293         294         292
         155         266         268         269         267         293
         295         296         294
         156         268         270         271         269         295
         297         298         296
         157         270         272         273         271         297
         299         300         298
         158         272         274         275         273         299
         301         302         300
         159         274         276         277         275         301
         303         304         302
         160         276         278         279         277         303
         305         306         304
         161         263         265         281         280         290
         292         308         307
         162         265         267         282         281         292
         294         309         308
         163         267         269         283         282         294
         296         310         309
         164         269         271         284         283         296
         298         311         310
         165         271         273         285         284         298
         300         312         311
         166         273         275         286         285         300
         302         313         312
         167         275         277         287         286         302
         304         314         313
         168         277         279         288         287         304
         306         315         314
         169         280         281          57          55         307
         308          84          82
         170         281         282          59          57         308
         309          86          84
         171         282         283          61          59         309
         310          88          86
         172         283         284          63          61         310
         311          90          88
         173         284         285          65          63         311
         312          92          90
         174         285         286          67          65         312
         313          94          92
         175         286         287          69          67         313
         314          96          94
         176         287         288          71          69         314
         315          98          96
         177         289         291         292         290         316
         318         319         317
         178         291         293         294         292         318
         320         321         319
         179         293         295         296         294         320
         322         323         321
         180         295         297         298         296         322
         324         325         323
         181         297         299         300         298         324
         326         327         325
         182         299         301         302         300         326
         328         329         327
         183         301         303         304         302         328
         330         331         329
         184         303         305         306         304         330
         332         333         331
         185         290         292         308         307         317
         319         335         334
         186         292         294         309         308         319
         321         336         335
         187         294         296         310         309         321
         323         337         336
         188         296         298         311         310         323
         325         338         337
         189         298         300         312         311         325
         327         339         338
         190         300         302         313         312         327
         329         340         339
         191         302         304         314         313         329
         331         341         340
         192         304         306         315         314         331
         333         342         341
         193         307         308          84          82         334
         335         111         109
         194         308         309          86          84         335
         336         113         111
         195         309         310          88          86         336
         337         115         113
         196         310         311          90          88         337
         338         117         115
         197         311         312          92          90         338
         339         119         117
         198         312         313          94          92         339
         340         121         119
         199         313         314          96          94         340
         341         123         121
         200         314         315          98          96         341
         342         125         123
         201         316         318         319         317         343
         345         346         344
         202         318         320         321         319         345
         347         348         346
         203         320         322         323         321         347
         349         350         348
         204         322         324         325         323         349
         351         352         350
         205         324         326         327         325         351
         353         354         352
         206         326         328         329         327         353
         355         356         354
         207         328         330         331         329         355
         357         358         356
         208         330         332         333         331         357
         359         360         358
         209         317         319         335         334         344
         346         362         361
         210         319         321         336         335         346
         348         363         362
         211         321         323         337         336         348
         350         364         363
         212         323         325         338         337         350
         352         365         364
         213         325         327         339         338         352
         354         366         365
         214         327         329         340         339         354
         356         367         366
         215         329         331         341         340         356
         358         368         367
         216         331         333         342         341         358
         360         369         368
         217         334         335         111         109         361
         362         138         136
         218         335         336         113         111         362
         363         140         138
         219         336         337         115         113         363
         364         142         140
         220         337         338         117         115         364
         365         144         142
         221         338         339         119         117         365
         366         146         144
         222         339         340         121         119         366
         367         148         146
         223         340         341         123         121         367
         368         150         148
         224         341         342         125         123         368
         369         152         150
         225         373         374         377         376         382
         383         386         385
         226         163         398         399         165         181
         415         419         183
         227         165         399         401         167         183
         419         423         185
         228         399         400         402         401         419
         420         424         423
         229         167         401         403         169         185
         423         427         187
         230         401         402         404         403         423
         424         428         427
         231         169         403         405         171         187
         427         431         189
         232         403         404         406         405         427
         428         432         431
         233         171         405         407         173         189
         431         435         191
         234         405         406         408         407         431
         432         436         435
         235         173         407         409         175         191
         435         439         193
         236         407         408         410         409         435
         436         440         439
         237         175         409         411         177         193
         439         443         195
         238         409         410         412         411         439
         440         444         443
         239         177         411         413         179         195
         443         447         197
         240         411         412         414         413         443
         444         448         447
         241         181         415         419         183         208
         451         456         210
         242         415         416         420         419         451
         452         457         456
         243         416         417         421         420         452
         453         458         457
         244         417         418         422         421         453
         454         459         458
         245         183         419         423         185         210
         456         461         212
         246         419         420         424         423         456
         457         462         461
         247         420         421         425         424         457
         458         463         462
         248         421         422         426         425         458
         459         464         463
         249         185         423         427         187         212
         461         466         214
         250         423         424         428         427         461
         462         467         466
         251         424         425         429         428         462
         463         468         467
         252         425         426         430         429         463
         464         469         468
         253         187         427         431         189         214
         466         471         216
         254         427         428         432         431         466
         467         472         471
         255         428         429         433         432         467
         468         473         472
         256         429         430         434         433         468
         469         474         473
         257         189         431         435         191         216
         471         476         218
         258         431         432         436         435         471
         472         477         476
         259         432         433         437         436         472
         473         478         477
         260         433         434         438         437         473
         474         479         478
         261         191         435         439         193         218
         476         481         220
         262         435         436         440         439         476
         477         482         481
         263         436         437         441         440         477
         478         483         482
         264         437         438         442         441         478
         479         484         483
         265         193         439         443         195         220
         481         486         222
         266         439         440         444         443         481
         482         487         486
         267         440         441         445         444         482
         483         488         487
         268         441         442         446         445         483
         484         489         488
         269         195         443         447         197         222
         486         491         224
         270         443         444         448         447         486
         487         492         491
         271         444         445         449         448         487
         488         493         492
         272         445         446         450         449         488
         489         494         493
         273         208         451         456         210         235
         496         501         237
         274         451         452         457         456         496
         497         502         501
         275         452         453         458         457         497
         498         503         502
         276         453         454         459         458         498
         499         504         503
         277         454         455         460         459         499
         500         505         504
         278         210         456         461         212         237
         501         506         239
         279         456         457         462         461         501
         502         507         506
         280         457         458         463         462         502
         503         508         507
         281         458         459         464         463         503
         504         509         508
         282         459         460         465         464         504
         505         510         509
         283         212         461         466         214         239
         506         511         241
         284         461         462         467         466         506
         507         512         511
         285         462         463         468         467         507
         508         513         512
         286         463         464         469         468         508
         509         514         513
         287         464         465         470         469         509
         510         515         514
         288         214         466         471         216         241
         511         516         243
         289         466         467         472         471         511
         512         517         516
         290         467         468         473         472         512
         513         518         517
         291         468         469         474         473         513
         514         519         518
         292         469         470         475         474         514
         515         520         519
         293         216         471         476         218         243
         516         521         245
         294         471         472         477         476         516
         517         522         521
         295         472         473         478         477         517
         518         523         522
         296         473         474         479         478         518
         519         524         523
         297         474         475         480         479         519
         520         525         524
         298         218         476         481         220         245
         521         526         247
         299         476         477         482         481         521
         522         527         526
         300         477         478         483         482         522
         523         528         527
         301         478         479         484         483         523
         524         529         528
         302         479         480         485         484         524
         525         530         529
         303         220         481         486         222         247
         526         531         249
         304         481         482         487         486         526
         527         532         531
         305         482         483         488         487         527
         528         533         532
         306         483         484         489         488         528
         529         534         533
         307         484         485         490         489         529
         530         535         534
         308         222         486         491         224         249
         531         536         251
         309         486         487         492         491         531
         532         537         536
         310         487         488         493         492         532
         533         538         537
         311         488         489         494         493         533
         534         539         538
         312         489         490         495         494         534
         535         540         539
         313         235         496         501         237         262
         541         546         264
         314         496         497         502         501         541
         542         547         546
         315         497         498         503         502         542
         543         548         547
         316         498         499         504         503         543
         544         549         548
         317         499         500         505         504         544
         545         550         549
         318         237         501         506         239         264
         546         552         266
         319         501         502         507         506         546
         547         553         552
         320         502         503         508         507         547
         548         554         553
         321         503         504         509         508         548
         549         555         554
         322         504         505         510         509         549
         550         556         555
         323         239         506         511         241         266
         552         558         268
         324         506         507         512         511         552
         553         559         558
         325         507         508         513         512         553
         554         560         559
         326         508         509         514         513         554
         555         561         560
         327         509         510         515         514         555
         556         562         561
         328         241         511         516         243         268
         558         564         270
         329         511         512         517         516         558
         559         565         564
         330         512         513         518         517         559
         560         566         565
         331         513         514         519         518         560
         561         567         566
         332         514         515         520         519         561
         562         568         567
         333         243         516         521         245         270
         564         570         272
         334         516         517         522         521         564
         565         571         570
         335         517         518         523         522         565
         566         572         571
         336         518         519         524         523         566
         567         573         572
         337         519         520         525         524         567
         568         574         573
         338         245         521         526         247         272
         570         576         274
         339         521         522         527         526         570
         571         577         576
         340         522         523         528         527         571
         572         578         577
         341         523         524         529         528         572
         573         579         578
         342         524         525         530         529         573
         574         580         579
         343         247         526         531         249         274
         576         582         276
         344         526         527         532         531         576
         577         583         582
         345         527         528         533         532         577
         578         584         583
         346         528         529         534         533         578
         579         585         584
         347         529         530         535         534         579
         580         586         585
         348         249         531         536         251         276
         582         588         278
         349         531         532         537         536         582
         583         589         588
         350         532         533         538         537         583
         584         590         589
         351         533         534         539         538         584
         585         591         590
         352         534         535         540         539         585
         586         592         591
         353         262         541         546         264         289
         594         599         291
         354         541         542         547         546         594
         595         600         599
         355         542         543         548         547         595
         596         601         600
         356         543         544         549         548         596
         597         602         601
         357         544         545         550         549         597
         598         603         602
         358         264         546         552         266         291
         599         605         293
         359         546         547         553         552         599
         600         606         605
         360         547         548         554         553         600
         601         607         606
         361         548         549         555         554         601
         602         608         607
         362         549         550         556         555         602
         603         609         608
         363         550         551         557         556         603
         604         610         609
         364         266         552         558         268         293
         605         611         295
         365         552         553         559         558         605
         606         612         611
         366         553         554         560         559         606
         607         613         612
         367         554         555         561         560         607
         608         614         613
         368         555         556         562         561         608
         609         615         614
         369         556         557         563         562         609
         610         616         615
         370         268         558         564         270         295
         611         617         297
         371         558         559         565         564         611
         612         618         617
         372         559         560         566         565         612
         613         619         618
         373         560         561         567         566         613
         614         620         619
         374         561         562         568         567         614
         615         621         620
         375         562         563         569         568         615
         616         622         621
         376         270         564         570         272         297
         617         623         299
         377         564         565         571         570         617
         618         624         623
         378         565         566         572         571         618
         619         625         624
         379         566         567         573         572         619
         620         626         625
         380         567         568         574         573         620
         621         627         626
         381         568         569         575         574         621
         622         628         627
         382         272         570         576         274         299
         623         629         301
         383         570         571         577         576         623
         624         630         629
         384         571         572         578         577         624
         625         631         630
         385         572         573         579         578         625
         626         632         631
         386         573         574         580         579         626
         627         633         632
         387         574         575         581         580         627
         628         634         633
         388         274         576         582         276         301
         629         635         303
         389         576         577         583         582         629
         630         636         635
         390         577         578         584         583         630
         631         637         636
         391         578         579         585         584         631
         632         638         637
         392         579         580         586         585         632
         633         639         638
         393         580         581         587         586         633
         634         640         639
         394         276         582         588         278         303
         635         641         305
         395         582         583         589         588         635
         636         642         641
         396         583         584         590         589         636
         637         643         642
         397         584         585         591         590         637
         638         644         643
         398         585         586         592         591         638
         639         645         644
         399         586         587         593         592         639
         640         646         645
         400         289         594         599         291         316
         647         651         318
         401         594         595         600         599         647
         648         652         651
         402         595         596         601         600         648
         649         653         652
         403         596         597         602         601         649
         650         654         653
         404         291         599         605         293         318
         651         656         320
         405         599         600         606         605         651
         652         657         656
         406         600         601         607         606         652
         653         658         657
         407         601         602         608         607         653
         654         659         658
         408         602         603         609         608         654
         655         660         659
         409         293         605         611         295         320
         656         662         322
         410         605         606         612         611         656
         657         663         662
         411         606         607         613         612         657
         658         664         663
         412         607         608         614         613         658
         659         665         664
         413         608         609         615         614         659
         660         666         665
         414         609         610         616         615         660
         661         667         666
         415         295         611         617         297         322
         662         668         324
         416         611         612         618         617         662
         663         669         668
         417         612         613         619         618         663
         664         670         669
         418         613         614         620         619         664
         665         671         670
         419         614         615         621         620         665
         666         672         671
         420         615         616         622         621         666
         667         673         672
         421         297         617         623         299         324
         668         674         326
         422         617         618         624         623         668
         669         675         674
         423         618         619         625         624         669
         670         676         675
         424         619         620         626         625         670
         671         677         676
         425         620         621         627         626         671
         672         678         677
         426         621         622         628         627         672
         673         679         678
         427         299         623         629         301         326
         674         680         328
         428         623         624         630         629         674
         675         681         680
         429         624         625         631         630         675
         676         682         681
         430         625         626         632         631         676
         677         683         682
         431         626         627         633         632         677
         678         684         683
         432         627         628         634         633         678
         679         685         684
         433         301         629         635         303         328
         680         686         330
         434         629         630         636         635         680
         681         687         686
         435         630         631         637         636         681
         682         688         687
         436         631         632         638         637         682
         683         689         688
         437         632         633         639         638         683
         684         690         689
         438         633         634         640         639         684
         685         691         690
         439         303         635         641         305         330
         686         692         332
         440         635         636         642         641         686
         687         693         692
         441         636         637         643         642         687
         688         694         693
         442         637         638         644         643         688
         689         695         694
         443         638         639         645         644         689
         690         696         695
         444         639         640         646         645         690
         691         697         696
         445         316         647         651         318         343
         698         701         345
         446         647         648         652         651         698
         699         702         701
         447         648         649         653         652         699
         700         703         702
         448         318         651         656         320         345
         701         705         347
         449         651         652         657         656         701
         702         706         705
         450         652         653         658         657         702
         703         707         706
         451         653         654         659         658         703
         704         708         707
         452         320         656         662         322         347
         705         710         349
         453         656         657         663         662         705
         706         711         710
         454         657         658         664         663         706
         707         712         711
         455         658         659         665         664         707
         708         713         712
         456         659         660         666         665         708
         709         714         713
         457         322         662         668         324         349
         710         716         351
         458         662         663         669         668         710
         711         717         716
         459         663         664         670         669         711
         712         718         717
         460         664         665         671         670         712
         713         719         718
         461         665         666         672         671         713
         714         720         719
         462         666         667         673         672         714
         715         721         720
         463         324         668         674         326         351
         716         722         353
         464         668         669         675         674         716
         717         723         722
         465         669         670         676         675         717
         718         724         723
         466         670         671         677         676         718
         719         725         724
         467         671         672         678         677         719
         720         726         725
         468         672         673         679         678         720
         721         727         726
         469         326         674         680         328         353
         722         728         355
         470         674         675         681         680         722
         723         729         728
         471         675         676         682         681         723
         724         730         729
         472         676         677         683         682         724
         725         731         730
         473         677         678         684         683         725
         726         732         731
         474         678         679         685         684         726
         727         733         732
         475         328         680         686         330         355
         728         734         357
         476         680         681         687         686         728
         729         735         734
         477         681         682         688         687         729
         730         736         735
         478         682         683         689         688         730
         731         737         736
         479         683         684         690         689         731
         732         738         737
         480         684         685         691         690         732
         733         739         738
         481         330         686         692         332         357
         734         740         359
         482         686         687         693         692         734
         735         741         740
         483         687         688         694         693         735
         736         742         741
         484         688         689         695         694         736
         737         743         742
         485         689         690         696         695         737
         738         744         743
         486         690         691         697         696         738
         739         745         744
         487         707         708         713         712         391
         384         385         392
         488         708         709         714         713         384
         375         376         385
         489         712         713         719         718         392
         385         386         393
         490         713         714         720         719         385
         376         377         386
         491         714         715         721         720         376
         370         371         377
         492         718         719         725         724         393
         386         387         394
         493         719         720         726         725         386
         377         378         387
         494         720         721         727         726         377
         371         372         378
         495         724         725         731         730         394
         387         388         395
         496         725         726         732         731         387
         378         379         388
         497         730         731         737         736         395
         388         389         396
         498         731         732         738         737         388
         379         380         389
         499         736         737         743         742         396
         389         390         397
         500         737         738         744         743         389
         380         381         390
