         764
         1     4461.538461538460069
         2     4461.538461538460069
         3     5076.923076923079861
         4     5076.923076923079861
         5     5692.307692307689649
         6     5692.307692307689649
         7     6307.692307692310351
         8     6307.692307692310351
         9     6923.076923076920139
        10     6923.076923076929234
        11     7538.461538461539931
        12     7538.461538461539931
        13     8153.846153846149718
        14     8153.846153846149718
        15     8769.230769230769511
        16     8769.230769230769511
        17     9384.615384615390212
        18     9384.615384615390212
        19    10000.000000000000000
        20    10000.000000000000000
        21     4461.538461538460069
        22     5076.923076923079861
        23     5692.307692307689649
        24     6307.692307692300346
        25     6923.076923076920139
        26     7538.461538461539931
        27     8153.846153846149718
        28     8769.230769230769511
        29     9384.615384615390212
        30    10000.000000000000000
        31     4461.538461538460069
        32     5076.923076923079861
        33     5692.307692307689649
        34     6307.692307692310351
        35     6923.076923076920139
        36     7538.461538461539931
        37     8153.846153846149718
        38     8769.230769230769511
        39     9384.615384615390212
        40    10000.000000000000000
        41     4461.538461538460069
        42     5076.923076923070766
        43     5692.307692307689649
        44     6307.692307692310351
        45     6923.076923076920139
        46     7538.461538461539931
        47     8153.846153846149718
        48     8769.230769230769511
        49     9384.615384615390212
        50    10000.000000000000000
        51     4461.538461538460069
        52     5076.923076923079861
        53     5692.307692307689649
        54     6307.692307692310351
        55     6923.076923076920139
        56     7538.461538461539931
        57     8153.846153846149718
        58     8769.230769230769511
        59     9384.615384615390212
        60    10000.000000000000000
        61     4461.538461538460069
        62     5076.923076923079861
        63     5692.307692307689649
        64     6307.692307692310351
        65     6923.076923076920139
        66     7538.461538461539931
        67     8153.846153846149718
        68     8769.230769230769511
        69     9384.615384615390212
        70    10000.000000000000000
        71     4461.538461538460069
        72     5076.923076923079861
        73     5692.307692307689649
        74     6307.692307692310351
        75     6923.076923076920139
        76     7538.461538461539931
        77     8153.846153846149718
        78     8769.230769230769511
        79     9384.615384615390212
        80    10000.000000000000000
        81     4461.538461538460069
        82     5076.923076923079861
        83     5692.307692307689649
        84     6307.692307692310351
        85     6923.076923076920139
        86     7538.461538461539931
        87     8153.846153846149718
        88     8769.230769230769511
        89     9384.615384615390212
        90    10000.000000000000000
        91     5076.923076923079861
        92     5692.307692307689649
        93     6307.692307692310351
        94     6923.076923076920139
        95     7538.461538461539931
        96     8153.846153846160632
        97     8769.230769230769511
        98     9384.615384615390212
        99    10000.000000000000000
       100     3230.769230769230035
       101     3230.769230769230035
       102     3230.769230769230035
       103     3230.769230769230035
       104     3230.769230769230035
       105     3230.769230769230035
       106     3846.153846153849827
       107     3846.153846153849827
       108     3846.153846153839822
       109     3846.153846153849827
       110     3846.153846153849827
       111     3846.153846153849827
       112     3846.153846153839822
       113     3846.153846153849827
       114     3846.153846153849827
       115     3846.153846153849827
       116     4461.538461538460069
       117     4461.538461538460069
       118     4461.538461538460069
       119     4461.538461538460069
       120     4461.538461538460069
       121     4461.538461538460069
       122     4461.538461538460069
       123     4461.538461538460069
       124     4461.538461538460069
       125     4461.538461538460069
       126     5076.923076923079861
       127     5076.923076923079861
       128     5076.923076923079861
       129     5076.923076923079861
       130     5076.923076923079861
       131     5076.923076923079861
       132     5076.923076923079861
       133     5076.923076923079861
       134     5076.923076923070766
       135     5076.923076923079861
       136     5692.307692307689649
       137     5692.307692307689649
       138     5692.307692307689649
       139     5692.307692307689649
       140     5692.307692307689649
       141     5692.307692307689649
       142     5692.307692307689649
       143     5692.307692307689649
       144     5692.307692307689649
       145     5692.307692307689649
       146     6307.692307692310351
       147     6307.692307692310351
       148     6307.692307692310351
       149     6307.692307692310351
       150     6307.692307692310351
       151     6307.692307692310351
       152     6307.692307692310351
       153     6307.692307692310351
       154     6307.692307692310351
       155     6307.692307692310351
       156     6923.076923076920139
       157     6923.076923076929234
       158     6923.076923076920139
       159     6923.076923076929234
       160     6923.076923076920139
       161     6923.076923076929234
       162     6923.076923076920139
       163     6923.076923076929234
       164     6923.076923076920139
       165     6923.076923076929234
       166     7538.461538461539931
       167     7538.461538461539931
       168     7538.461538461539931
       169     7538.461538461539931
       170     7538.461538461539931
       171     7538.461538461539931
       172     7538.461538461539931
       173     7538.461538461539931
       174     7538.461538461539931
       175     7538.461538461539931
       176     8153.846153846149718
       177     8153.846153846149718
       178     8153.846153846149718
       179     8153.846153846149718
       180     8153.846153846149718
       181     8153.846153846149718
       182     8153.846153846149718
       183     8153.846153846149718
       184     8153.846153846149718
       185     8153.846153846149718
       186     8769.230769230769511
       187     8769.230769230769511
       188     8769.230769230769511
       189     8769.230769230769511
       190     8769.230769230769511
       191     8769.230769230769511
       192     8769.230769230769511
       193     8769.230769230769511
       194     8769.230769230769511
       195     8769.230769230769511
       196     9384.615384615390212
       197     9384.615384615390212
       198     9384.615384615390212
       199     9384.615384615390212
       200     9384.615384615379298
       201     9384.615384615379298
       202     9384.615384615390212
       203     9384.615384615379298
       204     9384.615384615379298
       205     9384.615384615379298
       206    10000.000000000000000
       207    10000.000000000000000
       208    10000.000000000000000
       209    10000.000000000000000
       210    10000.000000000000000
       211    10000.000000000000000
       212    10000.000000000000000
       213    10000.000000000000000
       214    10000.000000000000000
       215    10000.000000000000000
       216     3230.769230769230035
       217     3230.769230769230035
       218     3230.769230769230035
       219     3846.153846153849827
       220     3846.153846153849827
       221     3846.153846153849827
       222     3846.153846153849827
       223     3846.153846153849827
       224     4461.538461538460069
       225     4461.538461538460069
       226     4461.538461538470074
       227     4461.538461538460069
       228     4461.538461538460069
       229     4461.538461538460069
       230     5076.923076923079861
       231     5076.923076923079861
       232     5076.923076923079861
       233     5076.923076923079861
       234     5076.923076923079861
       235     5076.923076923079861
       236     5692.307692307689649
       237     5692.307692307689649
       238     5692.307692307689649
       239     5692.307692307689649
       240     5692.307692307689649
       241     6307.692307692300346
       242     6307.692307692310351
       243     6307.692307692300346
       244     6307.692307692310351
       245     6307.692307692310351
       246     6923.076923076920139
       247     6923.076923076920139
       248     6923.076923076920139
       249     6923.076923076929234
       250     6923.076923076920139
       251     7538.461538461539931
       252     7538.461538461539931
       253     7538.461538461539931
       254     7538.461538461539931
       255     7538.461538461539931
       256     8153.846153846160632
       257     8153.846153846149718
       258     8153.846153846160632
       259     8153.846153846149718
       260     8153.846153846149718
       261     8769.230769230769511
       262     8769.230769230769511
       263     8769.230769230769511
       264     8769.230769230769511
       265     8769.230769230758597
       266     9384.615384615390212
       267     9384.615384615390212
       268     9384.615384615379298
       269     9384.615384615379298
       270     9384.615384615390212
       271    10000.000000000000000
       272    10000.000000000000000
       273    10000.000000000000000
       274    10000.000000000000000
       275    10000.000000000000000
       276     3230.769230769230035
       277     3230.769230769230035
       278     3230.769230769230035
       279     3846.153846153839822
       280     3846.153846153839822
       281     3846.153846153839822
       282     3846.153846153849827
       283     3846.153846153839822
       284     4461.538461538460069
       285     4461.538461538460069
       286     4461.538461538470074
       287     4461.538461538460069
       288     4461.538461538460069
       289     4461.538461538460069
       290     5076.923076923079861
       291     5076.923076923079861
       292     5076.923076923079861
       293     5076.923076923079861
       294     5076.923076923079861
       295     5076.923076923079861
       296     5692.307692307689649
       297     5692.307692307689649
       298     5692.307692307689649
       299     5692.307692307689649
       300     5692.307692307689649
       301     5692.307692307689649
       302     6307.692307692300346
       303     6307.692307692310351
       304     6307.692307692310351
       305     6307.692307692310351
       306     6307.692307692310351
       307     6923.076923076929234
       308     6923.076923076920139
       309     6923.076923076920139
       310     6923.076923076920139
       311     6923.076923076929234
       312     7538.461538461539931
       313     7538.461538461539931
       314     7538.461538461539931
       315     7538.461538461539931
       316     7538.461538461539931
       317     8153.846153846149718
       318     8153.846153846160632
       319     8153.846153846149718
       320     8153.846153846149718
       321     8153.846153846149718
       322     8769.230769230769511
       323     8769.230769230769511
       324     8769.230769230769511
       325     8769.230769230769511
       326     8769.230769230769511
       327     9384.615384615390212
       328     9384.615384615390212
       329     9384.615384615379298
       330     9384.615384615390212
       331     9384.615384615379298
       332    10000.000000000000000
       333    10000.000000000000000
       334    10000.000000000000000
       335    10000.000000000000000
       336    10000.000000000000000
       337     3230.769230769230035
       338     3230.769230769230035
       339     3230.769230769230035
       340     3846.153846153839822
       341     3846.153846153839822
       342     3846.153846153849827
       343     3846.153846153849827
       344     3846.153846153839822
       345     4461.538461538460069
       346     4461.538461538460069
       347     4461.538461538470074
       348     4461.538461538460069
       349     4461.538461538460069
       350     4461.538461538460069
       351     5076.923076923070766
       352     5076.923076923070766
       353     5076.923076923079861
       354     5076.923076923070766
       355     5076.923076923070766
       356     5076.923076923070766
       357     5692.307692307689649
       358     5692.307692307689649
       359     5692.307692307689649
       360     5692.307692307689649
       361     5692.307692307689649
       362     5692.307692307689649
       363     6307.692307692310351
       364     6307.692307692310351
       365     6307.692307692310351
       366     6307.692307692310351
       367     6307.692307692310351
       368     6307.692307692310351
       369     6923.076923076920139
       370     6923.076923076920139
       371     6923.076923076920139
       372     6923.076923076920139
       373     6923.076923076920139
       374     7538.461538461539931
       375     7538.461538461539931
       376     7538.461538461539931
       377     7538.461538461539931
       378     7538.461538461539931
       379     8153.846153846149718
       380     8153.846153846160632
       381     8153.846153846149718
       382     8153.846153846149718
       383     8153.846153846149718
       384     8769.230769230758597
       385     8769.230769230769511
       386     8769.230769230769511
       387     8769.230769230769511
       388     8769.230769230758597
       389     9384.615384615390212
       390     9384.615384615390212
       391     9384.615384615379298
       392     9384.615384615390212
       393     9384.615384615379298
       394    10000.000000000000000
       395    10000.000000000000000
       396    10000.000000000000000
       397    10000.000000000000000
       398    10000.000000000000000
       399     3230.769230769230035
       400     3230.769230769230035
       401     3230.769230769230035
       402     3846.153846153849827
       403     3846.153846153849827
       404     3846.153846153849827
       405     3846.153846153849827
       406     3846.153846153849827
       407     4461.538461538460069
       408     4461.538461538460069
       409     4461.538461538460069
       410     4461.538461538460069
       411     4461.538461538460069
       412     4461.538461538460069
       413     5076.923076923079861
       414     5076.923076923079861
       415     5076.923076923079861
       416     5076.923076923079861
       417     5076.923076923070766
       418     5076.923076923079861
       419     5076.923076923079861
       420     5692.307692307689649
       421     5692.307692307689649
       422     5692.307692307689649
       423     5692.307692307689649
       424     5692.307692307689649
       425     5692.307692307689649
       426     5692.307692307689649
       427     6307.692307692310351
       428     6307.692307692310351
       429     6307.692307692310351
       430     6307.692307692310351
       431     6307.692307692310351
       432     6307.692307692310351
       433     6923.076923076920139
       434     6923.076923076920139
       435     6923.076923076920139
       436     6923.076923076920139
       437     6923.076923076920139
       438     6923.076923076920139
       439     7538.461538461539931
       440     7538.461538461539931
       441     7538.461538461539931
       442     7538.461538461539931
       443     7538.461538461539931
       444     8153.846153846149718
       445     8153.846153846160632
       446     8153.846153846160632
       447     8153.846153846149718
       448     8153.846153846149718
       449     8769.230769230769511
       450     8769.230769230769511
       451     8769.230769230769511
       452     8769.230769230769511
       453     8769.230769230769511
       454     9384.615384615390212
       455     9384.615384615390212
       456     9384.615384615379298
       457     9384.615384615379298
       458     9384.615384615379298
       459    10000.000000000000000
       460    10000.000000000000000
       461    10000.000000000000000
       462    10000.000000000000000
       463    10000.000000000000000
       464     3230.769230769230035
       465     3230.769230769230035
       466     3230.769230769230035
       467     3846.153846153849827
       468     3846.153846153839822
       469     3846.153846153849827
       470     3846.153846153849827
       471     3846.153846153849827
       472     4461.538461538460069
       473     4461.538461538460069
       474     4461.538461538460069
       475     4461.538461538460069
       476     4461.538461538460069
       477     4461.538461538460069
       478     5076.923076923079861
       479     5076.923076923079861
       480     5076.923076923079861
       481     5076.923076923079861
       482     5076.923076923079861
       483     5076.923076923070766
       484     5076.923076923079861
       485     5692.307692307689649
       486     5692.307692307689649
       487     5692.307692307689649
       488     5692.307692307699654
       489     5692.307692307689649
       490     5692.307692307689649
       491     5692.307692307699654
       492     6307.692307692310351
       493     6307.692307692300346
       494     6307.692307692310351
       495     6307.692307692310351
       496     6307.692307692310351
       497     6307.692307692310351
       498     6307.692307692310351
       499     6923.076923076920139
       500     6923.076923076920139
       501     6923.076923076920139
       502     6923.076923076920139
       503     6923.076923076920139
       504     6923.076923076920139
       505     7538.461538461539931
       506     7538.461538461539931
       507     7538.461538461539931
       508     7538.461538461539931
       509     7538.461538461539931
       510     7538.461538461539931
       511     8153.846153846149718
       512     8153.846153846149718
       513     8153.846153846160632
       514     8153.846153846149718
       515     8153.846153846149718
       516     8769.230769230769511
       517     8769.230769230769511
       518     8769.230769230769511
       519     8769.230769230769511
       520     8769.230769230769511
       521     9384.615384615390212
       522     9384.615384615390212
       523     9384.615384615390212
       524     9384.615384615390212
       525     9384.615384615379298
       526    10000.000000000000000
       527    10000.000000000000000
       528    10000.000000000000000
       529    10000.000000000000000
       530    10000.000000000000000
       531     3230.769230769230035
       532     3230.769230769230035
       533     3230.769230769230035
       534     3846.153846153849827
       535     3846.153846153839822
       536     3846.153846153849827
       537     3846.153846153849827
       538     3846.153846153849827
       539     4461.538461538460069
       540     4461.538461538460069
       541     4461.538461538460069
       542     4461.538461538460069
       543     4461.538461538460069
       544     4461.538461538460069
       545     5076.923076923079861
       546     5076.923076923079861
       547     5076.923076923079861
       548     5076.923076923079861
       549     5076.923076923079861
       550     5076.923076923079861
       551     5076.923076923079861
       552     5692.307692307689649
       553     5692.307692307689649
       554     5692.307692307689649
       555     5692.307692307689649
       556     5692.307692307689649
       557     5692.307692307699654
       558     5692.307692307689649
       559     6307.692307692300346
       560     6307.692307692310351
       561     6307.692307692300346
       562     6307.692307692310351
       563     6307.692307692310351
       564     6307.692307692310351
       565     6307.692307692310351
       566     6923.076923076929234
       567     6923.076923076929234
       568     6923.076923076929234
       569     6923.076923076920139
       570     6923.076923076929234
       571     6923.076923076929234
       572     7538.461538461539931
       573     7538.461538461539931
       574     7538.461538461539931
       575     7538.461538461529926
       576     7538.461538461539931
       577     7538.461538461539931
       578     8153.846153846149718
       579     8153.846153846149718
       580     8153.846153846149718
       581     8153.846153846149718
       582     8153.846153846149718
       583     8153.846153846149718
       584     8769.230769230769511
       585     8769.230769230769511
       586     8769.230769230769511
       587     8769.230769230769511
       588     8769.230769230758597
       589     9384.615384615379298
       590     9384.615384615390212
       591     9384.615384615379298
       592     9384.615384615390212
       593     9384.615384615379298
       594    10000.000000000000000
       595    10000.000000000000000
       596    10000.000000000000000
       597    10000.000000000000000
       598    10000.000000000000000
       599     3230.769230769230035
       600     3230.769230769230035
       601     3230.769230769230035
       602     3846.153846153849827
       603     3846.153846153849827
       604     3846.153846153849827
       605     3846.153846153849827
       606     3846.153846153849827
       607     4461.538461538460069
       608     4461.538461538460069
       609     4461.538461538460069
       610     4461.538461538460069
       611     4461.538461538460069
       612     4461.538461538460069
       613     5076.923076923079861
       614     5076.923076923079861
       615     5076.923076923079861
       616     5076.923076923070766
       617     5076.923076923079861
       618     5076.923076923079861
       619     5076.923076923070766
       620     5692.307692307689649
       621     5692.307692307689649
       622     5692.307692307689649
       623     5692.307692307689649
       624     5692.307692307689649
       625     5692.307692307689649
       626     5692.307692307689649
       627     6307.692307692300346
       628     6307.692307692310351
       629     6307.692307692310351
       630     6307.692307692310351
       631     6307.692307692300346
       632     6307.692307692310351
       633     6307.692307692310351
       634     6923.076923076929234
       635     6923.076923076920139
       636     6923.076923076920139
       637     6923.076923076920139
       638     6923.076923076929234
       639     6923.076923076929234
       640     7538.461538461539931
       641     7538.461538461539931
       642     7538.461538461539931
       643     7538.461538461539931
       644     7538.461538461539931
       645     7538.461538461539931
       646     8153.846153846149718
       647     8153.846153846149718
       648     8153.846153846160632
       649     8153.846153846149718
       650     8153.846153846149718
       651     8153.846153846149718
       652     8769.230769230769511
       653     8769.230769230780425
       654     8769.230769230769511
       655     8769.230769230769511
       656     8769.230769230769511
       657     9384.615384615390212
       658     9384.615384615390212
       659     9384.615384615379298
       660     9384.615384615390212
       661     9384.615384615390212
       662    10000.000000000000000
       663    10000.000000000000000
       664    10000.000000000000000
       665    10000.000000000000000
       666    10000.000000000000000
       667     3846.153846153839822
       668     3846.153846153849827
       669     3846.153846153849827
       670     3846.153846153849827
       671     4461.538461538460069
       672     4461.538461538460069
       673     4461.538461538460069
       674     4461.538461538460069
       675     4461.538461538460069
       676     4461.538461538460069
       677     5076.923076923079861
       678     5076.923076923079861
       679     5076.923076923070766
       680     5076.923076923079861
       681     5076.923076923079861
       682     5076.923076923079861
       683     5692.307692307689649
       684     5692.307692307689649
       685     5692.307692307689649
       686     5692.307692307689649
       687     5692.307692307689649
       688     5692.307692307689649
       689     6307.692307692310351
       690     6307.692307692310351
       691     6307.692307692310351
       692     6307.692307692310351
       693     6307.692307692310351
       694     6307.692307692310351
       695     6923.076923076920139
       696     6923.076923076920139
       697     6923.076923076920139
       698     6923.076923076920139
       699     6923.076923076929234
       700     7538.461538461539931
       701     7538.461538461539931
       702     7538.461538461539931
       703     7538.461538461539931
       704     7538.461538461539931
       705     8153.846153846160632
       706     8153.846153846149718
       707     8153.846153846160632
       708     8153.846153846149718
       709     8153.846153846149718
       710     8769.230769230769511
       711     8769.230769230769511
       712     8769.230769230769511
       713     8769.230769230769511
       714     8769.230769230769511
       715     9384.615384615379298
       716     9384.615384615390212
       717     9384.615384615390212
       718     9384.615384615390212
       719     9384.615384615390212
       720    10000.000000000000000
       721    10000.000000000000000
       722    10000.000000000000000
       723    10000.000000000000000
       724    10000.000000000000000
       725     3846.153846153849827
       726     3846.153846153849827
       727     4461.538461538460069
       728     4461.538461538460069
       729     4461.538461538460069
       730     4461.538461538460069
       731     4461.538461538460069
       732     5076.923076923079861
       733     5076.923076923079861
       734     5076.923076923079861
       735     5076.923076923079861
       736     5076.923076923079861
       737     5076.923076923079861
       738     5692.307692307689649
       739     5692.307692307689649
       740     5692.307692307689649
       741     5692.307692307689649
       742     5692.307692307689649
       743     6307.692307692310351
       744     6307.692307692310351
       745     6307.692307692310351
       746     6307.692307692310351
       747     6923.076923076929234
       748     6923.076923076920139
       749     6923.076923076929234
       750     7538.461538461539931
       751     7538.461538461539931
       752     7538.461538461529926
       753     8153.846153846149718
       754     8153.846153846149718
       755     8153.846153846149718
       756     8769.230769230769511
       757     8769.230769230769511
       758     8769.230769230769511
       759     9384.615384615390212
       760     9384.615384615390212
       761     9384.615384615390212
       762    10000.000000000000000
       763    10000.000000000000000
       764    10000.000000000000000
