         769
         1    -5000.000000000000000
         2    -5000.000000000000000
         3    -4423.076923076929234
         4    -4423.076923076929234
         5    -5000.000000000000000
         6    -5000.000000000000000
         7    -4423.076923076929234
         8    -4423.076923076920139
         9    -5000.000000000000000
        10    -4423.076923076929234
        11    -5000.000000000000000
        12    -5000.000000000000000
        13    -4423.076923076929234
        14    -4423.076923076920139
        15    -5000.000000000000000
        16    -4423.076923076929234
        17    -5000.000000000000000
        18    -4423.076923076929234
        19    -3846.153846153839822
        20    -3846.153846153849827
        21    -3846.153846153839822
        22    -3846.153846153849827
        23    -3846.153846153839822
        24    -3846.153846153849827
        25    -3846.153846153849827
        26    -3846.153846153849827
        27    -3846.153846153839822
        28    -3269.230769230769965
        29    -3269.230769230769965
        30    -3269.230769230769965
        31    -3269.230769230769965
        32    -3269.230769230769965
        33    -3269.230769230769965
        34    -3269.230769230769965
        35    -3269.230769230769965
        36    -3269.230769230769965
        37    -2692.307692307689649
        38    -2692.307692307689649
        39    -2692.307692307689649
        40    -2692.307692307689649
        41    -2692.307692307689649
        42    -2692.307692307689649
        43    -2692.307692307689649
        44    -2692.307692307689649
        45    -2692.307692307689649
        46    -2115.384615384619792
        47    -2115.384615384619792
        48    -2115.384615384610242
        49    -2115.384615384619792
        50    -2115.384615384610242
        51    -2115.384615384619792
        52    -2115.384615384619792
        53    -2115.384615384619792
        54    -2115.384615384619792
        55    -1538.461538461540158
        56    -1538.461538461540158
        57    -1538.461538461540158
        58    -1538.461538461540158
        59    -1538.461538461540158
        60    -1538.461538461540158
        61    -1538.461538461540158
        62    -1538.461538461540158
        63    -1538.461538461540158
        64     -961.538461538463025
        65     -961.538461538462002
        66     -961.538461538462002
        67     -961.538461538462002
        68     -961.538461538462002
        69     -961.538461538462002
        70     -961.538461538462002
        71     -961.538461538462002
        72     -961.538461538462002
        73     -384.615384615385040
        74     -384.615384615385040
        75     -384.615384615385040
        76     -384.615384615385040
        77     -384.615384615385040
        78     -384.615384615385040
        79     -384.615384615385040
        80      192.307692307692008
        81      192.307692307692008
        82      192.307692307692008
        83      192.307692307692008
        84    -5000.000000000000000
        85    -5000.000000000000000
        86    -4423.076923076920139
        87    -4423.076923076920139
        88    -3846.153846153849827
        89    -3846.153846153849827
        90    -3269.230769230769965
        91    -3269.230769230769965
        92    -2692.307692307689649
        93    -2692.307692307689649
        94    -2115.384615384619792
        95    -2115.384615384619792
        96    -1538.461538461540158
        97    -1538.461538461540158
        98     -961.538461538462002
        99     -961.538461538462002
       100     -384.615384615385040
       101    -5000.000000000000000
       102    -5000.000000000000000
       103    -4423.076923076929234
       104    -4423.076923076929234
       105    -5000.000000000000000
       106    -4423.076923076929234
       107    -3846.153846153849827
       108    -3846.153846153839822
       109    -3846.153846153839822
       110    -3269.230769230769965
       111    -3269.230769230769965
       112    -3269.230769230769965
       113    -2692.307692307689649
       114    -2692.307692307689649
       115    -2692.307692307689649
       116    -2115.384615384619792
       117    -2115.384615384619792
       118    -2115.384615384619792
       119    -1538.461538461540158
       120    -1538.461538461540158
       121    -1538.461538461540158
       122     -961.538461538463025
       123     -961.538461538462002
       124     -961.538461538462002
       125     -384.615384615385040
       126     -384.615384615385040
       127    -5000.000000000000000
       128    -5000.000000000000000
       129    -4423.076923076920139
       130    -4423.076923076920139
       131    -5000.000000000000000
       132    -4423.076923076929234
       133    -5000.000000000000000
       134    -4423.076923076920139
       135    -3846.153846153849827
       136    -3846.153846153849827
       137    -3846.153846153839822
       138    -3846.153846153849827
       139    -3269.230769230769965
       140    -3269.230769230769965
       141    -3269.230769230769965
       142    -3269.230769230769965
       143    -2692.307692307689649
       144    -2692.307692307689649
       145    -2692.307692307689649
       146    -2692.307692307689649
       147    -2115.384615384619792
       148    -2115.384615384619792
       149    -2115.384615384610242
       150    -2115.384615384619792
       151    -1538.461538461540158
       152    -1538.461538461540158
       153    -1538.461538461540158
       154    -1538.461538461540158
       155     -961.538461538462002
       156     -961.538461538462002
       157     -961.538461538462002
       158     -961.538461538462002
       159     -384.615384615385040
       160     -384.615384615385040
       161      192.307692307692008
       162    -5000.000000000000000
       163    -5000.000000000000000
       164    -4423.076923076929234
       165    -4423.076923076920139
       166    -5000.000000000000000
       167    -4423.076923076929234
       168    -5000.000000000000000
       169    -4423.076923076929234
       170    -3846.153846153849827
       171    -3846.153846153849827
       172    -3846.153846153839822
       173    -3846.153846153839822
       174    -3269.230769230769965
       175    -3269.230769230769965
       176    -3269.230769230769965
       177    -3269.230769230769965
       178    -2692.307692307689649
       179    -2692.307692307689649
       180    -2692.307692307689649
       181    -2692.307692307689649
       182    -2115.384615384610242
       183    -2115.384615384619792
       184    -2115.384615384610242
       185    -2115.384615384610242
       186    -1538.461538461540158
       187    -1538.461538461540158
       188    -1538.461538461540158
       189    -1538.461538461540158
       190     -961.538461538462002
       191     -961.538461538462002
       192     -961.538461538462002
       193     -961.538461538462002
       194     -384.615384615385040
       195     -384.615384615385040
       196     -384.615384615386006
       197      192.307692307692008
       198    -5000.000000000000000
       199    -5000.000000000000000
       200    -4423.076923076929234
       201    -4423.076923076929234
       202    -5000.000000000000000
       203    -4423.076923076929234
       204    -5000.000000000000000
       205    -4423.076923076929234
       206    -3846.153846153849827
       207    -3846.153846153849827
       208    -3846.153846153849827
       209    -3846.153846153849827
       210    -3269.230769230769965
       211    -3269.230769230769965
       212    -3269.230769230769965
       213    -3269.230769230769965
       214    -2692.307692307689649
       215    -2692.307692307689649
       216    -2692.307692307689649
       217    -2692.307692307689649
       218    -2115.384615384619792
       219    -2115.384615384619792
       220    -2115.384615384619792
       221    -2115.384615384619792
       222    -1538.461538461540158
       223    -1538.461538461540158
       224    -1538.461538461540158
       225    -1538.461538461540158
       226     -961.538461538462002
       227     -961.538461538462002
       228     -961.538461538462002
       229     -961.538461538462002
       230     -384.615384615384016
       231     -384.615384615385040
       232     -384.615384615385040
       233      192.307692307691013
       234      192.307692307692008
       235    -5000.000000000000000
       236    -5000.000000000000000
       237    -4423.076923076929234
       238    -4423.076923076929234
       239    -5000.000000000000000
       240    -4423.076923076929234
       241    -5000.000000000000000
       242    -4423.076923076929234
       243    -3846.153846153839822
       244    -3846.153846153849827
       245    -3846.153846153839822
       246    -3846.153846153839822
       247    -3269.230769230769965
       248    -3269.230769230769965
       249    -3269.230769230769965
       250    -3269.230769230769965
       251    -2692.307692307689649
       252    -2692.307692307689649
       253    -2692.307692307689649
       254    -2692.307692307689649
       255    -2115.384615384619792
       256    -2115.384615384619792
       257    -2115.384615384610242
       258    -2115.384615384619792
       259    -1538.461538461540158
       260    -1538.461538461540158
       261    -1538.461538461540158
       262    -1538.461538461540158
       263     -961.538461538462002
       264     -961.538461538462002
       265     -961.538461538462002
       266     -961.538461538462002
       267     -384.615384615385040
       268     -384.615384615385040
       269     -384.615384615385040
       270     -384.615384615385040
       271      192.307692307691013
       272      192.307692307691013
       273      769.230769230768033
       274    -5000.000000000000000
       275    -5000.000000000000000
       276    -4423.076923076929234
       277    -4423.076923076929234
       278    -5000.000000000000000
       279    -4423.076923076929234
       280    -5000.000000000000000
       281    -4423.076923076929234
       282    -3846.153846153839822
       283    -3846.153846153849827
       284    -3846.153846153839822
       285    -3846.153846153839822
       286    -3269.230769230769965
       287    -3269.230769230769965
       288    -3269.230769230769965
       289    -3269.230769230769965
       290    -2692.307692307689649
       291    -2692.307692307689649
       292    -2692.307692307689649
       293    -2692.307692307689649
       294    -2115.384615384619792
       295    -2115.384615384619792
       296    -2115.384615384610242
       297    -2115.384615384619792
       298    -1538.461538461540158
       299    -1538.461538461540158
       300    -1538.461538461540158
       301    -1538.461538461540158
       302     -961.538461538462002
       303     -961.538461538462002
       304     -961.538461538462002
       305     -961.538461538462002
       306     -384.615384615384016
       307     -384.615384615385040
       308     -384.615384615385040
       309     -384.615384615384016
       310      192.307692307691013
       311      192.307692307692008
       312      192.307692307692008
       313      769.230769230769056
       314    -5000.000000000000000
       315    -5000.000000000000000
       316    -4423.076923076929234
       317    -4423.076923076929234
       318    -5000.000000000000000
       319    -4423.076923076929234
       320    -5000.000000000000000
       321    -4423.076923076929234
       322    -3846.153846153839822
       323    -3846.153846153849827
       324    -3846.153846153839822
       325    -3846.153846153839822
       326    -3269.230769230769965
       327    -3269.230769230769965
       328    -3269.230769230769965
       329    -3269.230769230769965
       330    -2692.307692307689649
       331    -2692.307692307689649
       332    -2692.307692307689649
       333    -2692.307692307689649
       334    -2115.384615384619792
       335    -2115.384615384619792
       336    -2115.384615384610242
       337    -2115.384615384619792
       338    -1538.461538461540158
       339    -1538.461538461540158
       340    -1538.461538461540158
       341    -1538.461538461540158
       342     -961.538461538462002
       343     -961.538461538462002
       344     -961.538461538460979
       345     -961.538461538462002
       346     -384.615384615384016
       347     -384.615384615385040
       348     -384.615384615385040
       349     -384.615384615385040
       350      192.307692307691013
       351      192.307692307691013
       352      192.307692307692008
       353      192.307692307692008
       354      769.230769230768033
       355    -2692.307692307689649
       356    -3269.230769230769965
       357    -3846.153846153839822
       358    -4423.076923076920139
       359    -5000.000000000000000
       360    -2115.384615384619792
       361    -2692.307692307689649
       362    -3269.230769230769965
       363    -3846.153846153849827
       364    -4423.076923076920139
       365    -5000.000000000000000
       366    -1538.461538461540158
       367    -2115.384615384610242
       368    -2692.307692307689649
       369    -3269.230769230769965
       370    -3846.153846153849827
       371    -4423.076923076920139
       372    -5000.000000000000000
       373     -961.538461538460979
       374    -1538.461538461540158
       375    -2115.384615384610242
       376    -2692.307692307689649
       377    -3269.230769230769965
       378    -3846.153846153849827
       379    -4423.076923076920139
       380    -5000.000000000000000
       381     -384.615384615385040
       382     -961.538461538462002
       383    -1538.461538461540158
       384    -2115.384615384619792
       385    -2692.307692307689649
       386    -3269.230769230769965
       387    -3846.153846153849827
       388    -4423.076923076920139
       389    -5000.000000000000000
       390      192.307692307692008
       391     -384.615384615385040
       392     -961.538461538462002
       393    -1538.461538461540158
       394    -2115.384615384619792
       395    -2692.307692307689649
       396    -3269.230769230769965
       397    -3846.153846153849827
       398    -4423.076923076920139
       399    -5000.000000000000000
       400     -961.538461538462002
       401    -1538.461538461540158
       402    -2115.384615384619792
       403    -2692.307692307689649
       404    -3269.230769230769965
       405    -3846.153846153849827
       406    -4423.076923076929234
       407    -5000.000000000000000
       408     -384.615384615386006
       409     -961.538461538460979
       410    -1538.461538461540158
       411    -2115.384615384610242
       412    -2692.307692307689649
       413    -3269.230769230769965
       414    -3846.153846153849827
       415    -4423.076923076920139
       416    -5000.000000000000000
       417      192.307692307692008
       418     -384.615384615386006
       419     -961.538461538460979
       420    -1538.461538461540158
       421    -2115.384615384610242
       422    -2692.307692307689649
       423    -3269.230769230769965
       424    -3846.153846153849827
       425    -4423.076923076920139
       426    -5000.000000000000000
       427    -5000.000000000000000
       428    -4423.076923076929234
       429    -5000.000000000000000
       430    -4423.076923076920139
       431    -5000.000000000000000
       432    -4423.076923076929234
       433    -5000.000000000000000
       434    -4423.076923076920139
       435    -3846.153846153849827
       436    -3846.153846153849827
       437    -3846.153846153849827
       438    -3269.230769230769965
       439    -3269.230769230769965
       440    -3269.230769230769965
       441    -2692.307692307689649
       442    -2692.307692307689649
       443    -2692.307692307689649
       444    -2115.384615384619792
       445    -2115.384615384619792
       446    -5000.000000000000000
       447    -4423.076923076920139
       448    -5000.000000000000000
       449    -4423.076923076920139
       450    -5000.000000000000000
       451    -4423.076923076920139
       452    -5000.000000000000000
       453    -4423.076923076920139
       454    -5000.000000000000000
       455    -4423.076923076920139
       456    -5000.000000000000000
       457    -4423.076923076920139
       458    -5000.000000000000000
       459    -4423.076923076920139
       460    -3846.153846153849827
       461    -3846.153846153849827
       462    -3846.153846153849827
       463    -3846.153846153849827
       464    -3846.153846153849827
       465    -3846.153846153849827
       466    -3846.153846153849827
       467    -3269.230769230769965
       468    -3269.230769230769965
       469    -3269.230769230769965
       470    -3269.230769230769965
       471    -3269.230769230769965
       472    -3269.230769230769965
       473    -3269.230769230769965
       474    -2692.307692307689649
       475    -2692.307692307689649
       476    -2692.307692307689649
       477    -2692.307692307689649
       478    -2692.307692307689649
       479    -2692.307692307689649
       480    -2692.307692307689649
       481    -2115.384615384610242
       482    -2115.384615384610242
       483    -2115.384615384610242
       484    -2115.384615384610242
       485    -2115.384615384610242
       486    -2115.384615384610242
       487    -1538.461538461540158
       488    -1538.461538461540158
       489    -1538.461538461540158
       490    -1538.461538461540158
       491    -1538.461538461540158
       492     -961.538461538462002
       493     -961.538461538462002
       494     -961.538461538462002
       495    -5000.000000000000000
       496    -4423.076923076929234
       497    -5000.000000000000000
       498    -4423.076923076929234
       499    -5000.000000000000000
       500    -4423.076923076929234
       501    -5000.000000000000000
       502    -4423.076923076929234
       503    -5000.000000000000000
       504    -4423.076923076920139
       505    -5000.000000000000000
       506    -4423.076923076920139
       507    -5000.000000000000000
       508    -4423.076923076920139
       509    -3846.153846153839822
       510    -3846.153846153839822
       511    -3846.153846153839822
       512    -3846.153846153839822
       513    -3846.153846153839822
       514    -3846.153846153839822
       515    -3846.153846153839822
       516    -3269.230769230769965
       517    -3269.230769230769965
       518    -3269.230769230769965
       519    -3269.230769230769965
       520    -3269.230769230769965
       521    -3269.230769230769965
       522    -3269.230769230769965
       523    -2692.307692307689649
       524    -2692.307692307689649
       525    -2692.307692307689649
       526    -2692.307692307689649
       527    -2692.307692307689649
       528    -2692.307692307689649
       529    -2692.307692307689649
       530    -2115.384615384610242
       531    -2115.384615384619792
       532    -2115.384615384619792
       533    -2115.384615384610242
       534    -2115.384615384619792
       535    -2115.384615384619792
       536    -2115.384615384610242
       537    -1538.461538461540158
       538    -1538.461538461540158
       539    -1538.461538461540158
       540    -1538.461538461540158
       541    -1538.461538461540158
       542    -1538.461538461540158
       543    -1538.461538461540158
       544     -961.538461538463025
       545     -961.538461538462002
       546     -961.538461538462002
       547     -961.538461538462002
       548     -961.538461538462002
       549     -961.538461538463025
       550     -384.615384615385040
       551     -384.615384615384016
       552     -384.615384615385040
       553    -5000.000000000000000
       554    -4423.076923076920139
       555    -5000.000000000000000
       556    -4423.076923076929234
       557    -5000.000000000000000
       558    -4423.076923076929234
       559    -5000.000000000000000
       560    -4423.076923076920139
       561    -5000.000000000000000
       562    -4423.076923076920139
       563    -5000.000000000000000
       564    -4423.076923076920139
       565    -5000.000000000000000
       566    -4423.076923076920139
       567    -3846.153846153849827
       568    -3846.153846153849827
       569    -3846.153846153849827
       570    -3846.153846153849827
       571    -3846.153846153849827
       572    -3846.153846153849827
       573    -3846.153846153849827
       574    -3269.230769230769965
       575    -3269.230769230769965
       576    -3269.230769230769965
       577    -3269.230769230769965
       578    -3269.230769230769965
       579    -3269.230769230769965
       580    -3269.230769230769965
       581    -2692.307692307689649
       582    -2692.307692307689649
       583    -2692.307692307689649
       584    -2692.307692307689649
       585    -2692.307692307689649
       586    -2692.307692307689649
       587    -2692.307692307689649
       588    -2115.384615384610242
       589    -2115.384615384619792
       590    -2115.384615384619792
       591    -2115.384615384619792
       592    -2115.384615384610242
       593    -2115.384615384619792
       594    -2115.384615384619792
       595    -1538.461538461540158
       596    -1538.461538461540158
       597    -1538.461538461540158
       598    -1538.461538461540158
       599    -1538.461538461540158
       600    -1538.461538461540158
       601    -1538.461538461540158
       602     -961.538461538460979
       603     -961.538461538462002
       604     -961.538461538460979
       605     -961.538461538460979
       606     -961.538461538460979
       607     -961.538461538460979
       608     -961.538461538462002
       609     -384.615384615385040
       610     -384.615384615385040
       611     -384.615384615385040
       612     -384.615384615385040
       613     -384.615384615385040
       614     -384.615384615385040
       615      192.307692307692008
       616      192.307692307692008
       617      192.307692307692008
       618    -5000.000000000000000
       619    -4423.076923076929234
       620    -5000.000000000000000
       621    -4423.076923076920139
       622    -5000.000000000000000
       623    -4423.076923076920139
       624    -5000.000000000000000
       625    -4423.076923076929234
       626    -5000.000000000000000
       627    -4423.076923076929234
       628    -5000.000000000000000
       629    -4423.076923076920139
       630    -5000.000000000000000
       631    -4423.076923076929234
       632    -3846.153846153849827
       633    -3846.153846153849827
       634    -3846.153846153849827
       635    -3846.153846153849827
       636    -3846.153846153849827
       637    -3846.153846153849827
       638    -3846.153846153849827
       639    -3269.230769230769965
       640    -3269.230769230769965
       641    -3269.230769230769965
       642    -3269.230769230769965
       643    -3269.230769230769965
       644    -3269.230769230769965
       645    -3269.230769230769965
       646    -2692.307692307689649
       647    -2692.307692307689649
       648    -2692.307692307689649
       649    -2692.307692307689649
       650    -2692.307692307689649
       651    -2692.307692307689649
       652    -2692.307692307689649
       653    -2115.384615384619792
       654    -2115.384615384619792
       655    -2115.384615384619792
       656    -2115.384615384619792
       657    -2115.384615384619792
       658    -2115.384615384619792
       659    -2115.384615384619792
       660    -1538.461538461540158
       661    -1538.461538461540158
       662    -1538.461538461540158
       663    -1538.461538461540158
       664    -1538.461538461540158
       665    -1538.461538461540158
       666    -1538.461538461540158
       667     -961.538461538462002
       668     -961.538461538462002
       669     -961.538461538462002
       670     -961.538461538462002
       671     -961.538461538462002
       672     -961.538461538462002
       673     -961.538461538462002
       674     -384.615384615385040
       675     -384.615384615385040
       676     -384.615384615385040
       677     -384.615384615385040
       678     -384.615384615385040
       679     -384.615384615385040
       680     -384.615384615385040
       681      192.307692307692008
       682      192.307692307692008
       683      192.307692307692008
       684      192.307692307692008
       685      192.307692307692008
       686      769.230769230769056
       687      769.230769230769056
       688      769.230769230768033
       689    -5000.000000000000000
       690    -4423.076923076929234
       691    -5000.000000000000000
       692    -4423.076923076929234
       693    -5000.000000000000000
       694    -4423.076923076929234
       695    -5000.000000000000000
       696    -4423.076923076920139
       697    -5000.000000000000000
       698    -4423.076923076920139
       699    -5000.000000000000000
       700    -4423.076923076920139
       701    -5000.000000000000000
       702    -4423.076923076920139
       703    -5000.000000000000000
       704    -4423.076923076920139
       705    -3846.153846153849827
       706    -3846.153846153849827
       707    -3846.153846153849827
       708    -3846.153846153849827
       709    -3846.153846153849827
       710    -3846.153846153849827
       711    -3846.153846153849827
       712    -3846.153846153849827
       713    -3269.230769230769965
       714    -3269.230769230769965
       715    -3269.230769230769965
       716    -3269.230769230769965
       717    -3269.230769230769965
       718    -3269.230769230769965
       719    -3269.230769230769965
       720    -3269.230769230769965
       721    -2692.307692307689649
       722    -2692.307692307689649
       723    -2692.307692307689649
       724    -2692.307692307689649
       725    -2692.307692307689649
       726    -2692.307692307689649
       727    -2692.307692307689649
       728    -2692.307692307689649
       729    -2115.384615384619792
       730    -2115.384615384619792
       731    -2115.384615384619792
       732    -2115.384615384619792
       733    -2115.384615384610242
       734    -2115.384615384610242
       735    -2115.384615384619792
       736    -2115.384615384619792
       737    -1538.461538461540158
       738    -1538.461538461540158
       739    -1538.461538461540158
       740    -1538.461538461540158
       741    -1538.461538461540158
       742    -1538.461538461540158
       743    -1538.461538461540158
       744    -1538.461538461540158
       745     -961.538461538460979
       746     -961.538461538462002
       747     -961.538461538462002
       748     -961.538461538462002
       749     -961.538461538462002
       750     -961.538461538460979
       751     -961.538461538462002
       752     -961.538461538460979
       753     -384.615384615385040
       754     -384.615384615385040
       755     -384.615384615385040
       756     -384.615384615385040
       757     -384.615384615386006
       758     -384.615384615386006
       759     -384.615384615386006
       760     -384.615384615386006
       761      192.307692307691013
       762      192.307692307691013
       763      192.307692307692008
       764      192.307692307692008
       765      192.307692307692008
       766      192.307692307691013
       767      769.230769230769056
       768      769.230769230769056
       769      769.230769230768033
