         739
         1    10000.000000000000000
         2    10000.000000000000000
         3     9411.764705882360431
         4     9411.764705882360431
         5    10000.000000000000000
         6    10000.000000000000000
         7     9411.764705882349517
         8     9411.764705882360431
         9    10000.000000000000000
        10    10000.000000000000000
        11     9411.764705882349517
        12     9411.764705882360431
        13    10000.000000000000000
        14    10000.000000000000000
        15     9411.764705882360431
        16     9411.764705882360431
        17    10000.000000000000000
        18    10000.000000000000000
        19     9411.764705882349517
        20     9411.764705882360431
        21    10000.000000000000000
        22    10000.000000000000000
        23     9411.764705882349517
        24     9411.764705882360431
        25    10000.000000000000000
        26    10000.000000000000000
        27     9411.764705882349517
        28     9411.764705882360431
        29    10000.000000000000000
        30    10000.000000000000000
        31     9411.764705882360431
        32     9411.764705882349517
        33    10000.000000000000000
        34    10000.000000000000000
        35     9411.764705882360431
        36     9411.764705882360431
        37    10000.000000000000000
        38    10000.000000000000000
        39     9411.764705882349517
        40     9411.764705882349517
        41    10000.000000000000000
        42    10000.000000000000000
        43     9411.764705882349517
        44     9411.764705882349517
        45    10000.000000000000000
        46     9411.764705882360431
        47    10000.000000000000000
        48     9411.764705882349517
        49    10000.000000000000000
        50     9411.764705882349517
        51    10000.000000000000000
        52     9411.764705882360431
        53    10000.000000000000000
        54     9411.764705882349517
        55    10000.000000000000000
        56     9411.764705882349517
        57    10000.000000000000000
        58     9411.764705882349517
        59    10000.000000000000000
        60     9411.764705882360431
        61    10000.000000000000000
        62     9411.764705882360431
        63    10000.000000000000000
        64     9411.764705882349517
        65    10000.000000000000000
        66     9411.764705882349517
        67     8823.529411764709948
        68     8823.529411764709948
        69     8823.529411764709948
        70     8823.529411764709948
        71     8823.529411764709948
        72     8823.529411764709948
        73     8823.529411764709948
        74     8823.529411764709948
        75     8823.529411764699034
        76     8823.529411764699034
        77     8823.529411764699034
        78     8823.529411764699034
        79     8823.529411764699034
        80     8823.529411764709948
        81     8823.529411764699034
        82     8823.529411764699034
        83     8823.529411764709948
        84     8823.529411764699034
        85     8823.529411764699034
        86     8823.529411764699034
        87     8823.529411764709948
        88     8823.529411764699034
        89     8823.529411764709948
        90     8823.529411764709948
        91     8823.529411764709948
        92     8823.529411764709948
        93     8823.529411764709948
        94     8823.529411764709948
        95     8823.529411764709948
        96     8823.529411764709948
        97     8823.529411764709948
        98     8823.529411764699034
        99     8823.529411764709948
       100     8235.294117647059466
       101     8235.294117647059466
       102     8235.294117647059466
       103     8235.294117647059466
       104     8235.294117647070379
       105     8235.294117647070379
       106     8235.294117647059466
       107     8235.294117647059466
       108     8235.294117647059466
       109     8235.294117647059466
       110     8235.294117647070379
       111     8235.294117647059466
       112     8235.294117647059466
       113     8235.294117647059466
       114     8235.294117647059466
       115     8235.294117647059466
       116     8235.294117647059466
       117     8235.294117647059466
       118     8235.294117647059466
       119     8235.294117647059466
       120     8235.294117647059466
       121     8235.294117647059466
       122     8235.294117647059466
       123     8235.294117647059466
       124     8235.294117647059466
       125     8235.294117647059466
       126     8235.294117647059466
       127     8235.294117647059466
       128     8235.294117647059466
       129     8235.294117647059466
       130     8235.294117647059466
       131     8235.294117647059466
       132     8235.294117647059466
       133     7647.058823529410802
       134     7647.058823529410802
       135     7647.058823529410802
       136     7647.058823529410802
       137     7647.058823529410802
       138     7647.058823529410802
       139     7647.058823529410802
       140     7647.058823529410802
       141     7647.058823529410802
       142     7647.058823529410802
       143     7647.058823529410802
       144     7647.058823529410802
       145     7647.058823529410802
       146     7647.058823529410802
       147     7647.058823529410802
       148     7647.058823529410802
       149     7647.058823529410802
       150     7647.058823529410802
       151     7647.058823529410802
       152     7647.058823529410802
       153     7647.058823529410802
       154     7647.058823529410802
       155     7647.058823529410802
       156     7647.058823529410802
       157     7647.058823529410802
       158     7647.058823529410802
       159     7647.058823529410802
       160     7647.058823529410802
       161     7647.058823529410802
       162     7647.058823529410802
       163     7647.058823529410802
       164     7647.058823529410802
       165     7647.058823529410802
       166     7058.823529411769414
       167     7058.823529411769414
       168     7058.823529411760319
       169     7058.823529411760319
       170     7058.823529411760319
       171     7058.823529411769414
       172     7058.823529411760319
       173     7058.823529411769414
       174     7058.823529411760319
       175     7058.823529411760319
       176     7058.823529411760319
       177     7058.823529411760319
       178     7058.823529411760319
       179     7058.823529411760319
       180     7058.823529411760319
       181     7058.823529411760319
       182     7058.823529411760319
       183     7058.823529411760319
       184     7058.823529411760319
       185     7058.823529411760319
       186     7058.823529411760319
       187     7058.823529411760319
       188     7058.823529411769414
       189     7058.823529411760319
       190     7058.823529411760319
       191     7058.823529411760319
       192     7058.823529411769414
       193     7058.823529411760319
       194     7058.823529411769414
       195     7058.823529411760319
       196     7058.823529411760319
       197     7058.823529411760319
       198     7058.823529411760319
       199     6470.588235294120750
       200     6470.588235294120750
       201     6470.588235294120750
       202     6470.588235294120750
       203     6470.588235294120750
       204     6470.588235294120750
       205     6470.588235294120750
       206     6470.588235294120750
       207     6470.588235294120750
       208     6470.588235294120750
       209     6470.588235294120750
       210     6470.588235294120750
       211     6470.588235294120750
       212     6470.588235294120750
       213     6470.588235294120750
       214     6470.588235294120750
       215     6470.588235294120750
       216     6470.588235294120750
       217     6470.588235294120750
       218     6470.588235294120750
       219     6470.588235294120750
       220     6470.588235294120750
       221     6470.588235294120750
       222     6470.588235294120750
       223     6470.588235294120750
       224     6470.588235294120750
       225     6470.588235294120750
       226     6470.588235294120750
       227     6470.588235294120750
       228     6470.588235294120750
       229     6470.588235294120750
       230     6470.588235294120750
       231     6470.588235294120750
       232     5882.352941176470267
       233     5882.352941176470267
       234     5882.352941176470267
       235     5882.352941176470267
       236     5882.352941176470267
       237     5882.352941176470267
       238     5882.352941176470267
       239     5882.352941176470267
       240     5882.352941176470267
       241     5882.352941176470267
       242     5882.352941176470267
       243     5882.352941176470267
       244     5882.352941176470267
       245     5882.352941176470267
       246     5882.352941176470267
       247     5882.352941176470267
       248     5882.352941176470267
       249     5882.352941176470267
       250     5882.352941176470267
       251     5882.352941176470267
       252     5882.352941176470267
       253     5882.352941176470267
       254     5882.352941176470267
       255     5882.352941176470267
       256     5882.352941176470267
       257     5882.352941176470267
       258     5882.352941176470267
       259     5882.352941176470267
       260     5882.352941176470267
       261     5882.352941176470267
       262     5882.352941176470267
       263     5882.352941176470267
       264     5882.352941176470267
       265     5882.352941176470267
       266     5882.352941176470267
       267     5882.352941176470267
       268     5294.117647058819784
       269     5294.117647058819784
       270     5294.117647058819784
       271     5294.117647058819784
       272     5294.117647058819784
       273     5294.117647058819784
       274     5294.117647058819784
       275     5294.117647058819784
       276     5294.117647058819784
       277     5294.117647058819784
       278     5294.117647058819784
       279     5294.117647058819784
       280     5294.117647058819784
       281     5294.117647058819784
       282     5294.117647058819784
       283     5294.117647058819784
       284     5294.117647058819784
       285     5294.117647058819784
       286     5294.117647058829789
       287     5294.117647058829789
       288     5294.117647058819784
       289     5294.117647058819784
       290     5294.117647058819784
       291     5294.117647058819784
       292     5294.117647058819784
       293     5294.117647058819784
       294     5294.117647058819784
       295     5294.117647058819784
       296     5294.117647058819784
       297     5294.117647058819784
       298     5294.117647058819784
       299     5294.117647058819784
       300     5294.117647058819784
       301     5294.117647058819784
       302     5294.117647058819784
       303     5294.117647058819784
       304     4705.882352941180216
       305     4705.882352941180216
       306     4705.882352941180216
       307     4705.882352941180216
       308     4705.882352941180216
       309     4705.882352941170211
       310     4705.882352941180216
       311     4705.882352941180216
       312     4705.882352941180216
       313     4705.882352941180216
       314     4705.882352941180216
       315     4705.882352941180216
       316     4705.882352941180216
       317     4705.882352941180216
       318     4705.882352941180216
       319     4705.882352941180216
       320     4705.882352941180216
       321     4705.882352941180216
       322     4705.882352941180216
       323     4705.882352941170211
       324     4705.882352941180216
       325     4705.882352941180216
       326     4705.882352941180216
       327     4705.882352941180216
       328     4705.882352941180216
       329     4705.882352941180216
       330     4705.882352941180216
       331     4705.882352941180216
       332     4705.882352941180216
       333     4705.882352941180216
       334     4705.882352941180216
       335     4705.882352941180216
       336     4705.882352941180216
       337     4117.647058823529733
       338     4117.647058823529733
       339     4117.647058823529733
       340     4117.647058823529733
       341     4117.647058823529733
       342     4117.647058823529733
       343     4117.647058823529733
       344     4117.647058823529733
       345     4117.647058823529733
       346     4117.647058823529733
       347     4117.647058823529733
       348     4117.647058823529733
       349     4117.647058823529733
       350     4117.647058823529733
       351     4117.647058823529733
       352     4117.647058823529733
       353     4117.647058823529733
       354     4117.647058823529733
       355     4117.647058823529733
       356     4117.647058823529733
       357     4117.647058823529733
       358     4117.647058823529733
       359     4117.647058823529733
       360     4117.647058823529733
       361     4117.647058823529733
       362     4117.647058823529733
       363     4117.647058823529733
       364     4117.647058823529733
       365     4117.647058823529733
       366     4117.647058823529733
       367     3529.411764705880159
       368     3529.411764705880159
       369     3529.411764705880159
       370     3529.411764705880159
       371     3529.411764705880159
       372     3529.411764705880159
       373     3529.411764705880159
       374     3529.411764705880159
       375     3529.411764705880159
       376     3529.411764705880159
       377     3529.411764705880159
       378     3529.411764705880159
       379     3529.411764705880159
       380     3529.411764705880159
       381     3529.411764705880159
       382     3529.411764705880159
       383     3529.411764705880159
       384     3529.411764705880159
       385     3529.411764705880159
       386     3529.411764705880159
       387     3529.411764705880159
       388     3529.411764705880159
       389     3529.411764705880159
       390     3529.411764705880159
       391     3529.411764705880159
       392     3529.411764705880159
       393     3529.411764705880159
       394    10000.000000000000000
       395     9411.764705882360431
       396    10000.000000000000000
       397    10000.000000000000000
       398     9411.764705882349517
       399     9411.764705882349517
       400    10000.000000000000000
       401    10000.000000000000000
       402     9411.764705882349517
       403     9411.764705882360431
       404    10000.000000000000000
       405    10000.000000000000000
       406     9411.764705882360431
       407     9411.764705882360431
       408    10000.000000000000000
       409    10000.000000000000000
       410     9411.764705882349517
       411     9411.764705882360431
       412    10000.000000000000000
       413    10000.000000000000000
       414     9411.764705882349517
       415     9411.764705882349517
       416    10000.000000000000000
       417    10000.000000000000000
       418     9411.764705882349517
       419     9411.764705882360431
       420    10000.000000000000000
       421    10000.000000000000000
       422     9411.764705882360431
       423     9411.764705882349517
       424    10000.000000000000000
       425    10000.000000000000000
       426     9411.764705882360431
       427     9411.764705882360431
       428    10000.000000000000000
       429    10000.000000000000000
       430     9411.764705882349517
       431     9411.764705882349517
       432    10000.000000000000000
       433    10000.000000000000000
       434     9411.764705882349517
       435     9411.764705882349517
       436    10000.000000000000000
       437     9411.764705882360431
       438    10000.000000000000000
       439     9411.764705882349517
       440    10000.000000000000000
       441     9411.764705882349517
       442    10000.000000000000000
       443     9411.764705882360431
       444    10000.000000000000000
       445     9411.764705882349517
       446    10000.000000000000000
       447     9411.764705882360431
       448    10000.000000000000000
       449     9411.764705882349517
       450    10000.000000000000000
       451     9411.764705882360431
       452    10000.000000000000000
       453     9411.764705882360431
       454    10000.000000000000000
       455     9411.764705882349517
       456    10000.000000000000000
       457     9411.764705882360431
       458     8823.529411764709948
       459     8823.529411764709948
       460     8823.529411764709948
       461     8823.529411764709948
       462     8823.529411764709948
       463     8823.529411764709948
       464     8823.529411764709948
       465     8823.529411764699034
       466     8823.529411764699034
       467     8823.529411764699034
       468     8823.529411764709948
       469     8823.529411764699034
       470     8823.529411764709948
       471     8823.529411764699034
       472     8823.529411764699034
       473     8823.529411764709948
       474     8823.529411764709948
       475     8823.529411764699034
       476     8823.529411764699034
       477     8823.529411764709948
       478     8823.529411764709948
       479     8823.529411764709948
       480     8823.529411764709948
       481     8823.529411764709948
       482     8823.529411764709948
       483     8823.529411764709948
       484     8823.529411764709948
       485     8823.529411764709948
       486     8823.529411764699034
       487     8823.529411764709948
       488     8823.529411764699034
       489     8823.529411764709948
       490     8235.294117647059466
       491     8235.294117647059466
       492     8235.294117647059466
       493     8235.294117647070379
       494     8235.294117647070379
       495     8235.294117647059466
       496     8235.294117647059466
       497     8235.294117647059466
       498     8235.294117647059466
       499     8235.294117647070379
       500     8235.294117647070379
       501     8235.294117647059466
       502     8235.294117647059466
       503     8235.294117647059466
       504     8235.294117647059466
       505     8235.294117647059466
       506     8235.294117647059466
       507     8235.294117647059466
       508     8235.294117647059466
       509     8235.294117647059466
       510     8235.294117647059466
       511     8235.294117647059466
       512     8235.294117647070379
       513     8235.294117647070379
       514     8235.294117647070379
       515     8235.294117647070379
       516     8235.294117647070379
       517     8235.294117647070379
       518     8235.294117647070379
       519     8235.294117647070379
       520     8235.294117647070379
       521     8235.294117647059466
       522     7647.058823529410802
       523     7647.058823529410802
       524     7647.058823529410802
       525     7647.058823529410802
       526     7647.058823529410802
       527     7647.058823529410802
       528     7647.058823529410802
       529     7647.058823529410802
       530     7647.058823529410802
       531     7647.058823529410802
       532     7647.058823529410802
       533     7647.058823529410802
       534     7647.058823529410802
       535     7647.058823529410802
       536     7647.058823529410802
       537     7647.058823529410802
       538     7647.058823529410802
       539     7647.058823529410802
       540     7647.058823529410802
       541     7647.058823529410802
       542     7647.058823529410802
       543     7647.058823529410802
       544     7647.058823529410802
       545     7647.058823529410802
       546     7647.058823529410802
       547     7647.058823529410802
       548     7647.058823529410802
       549     7647.058823529410802
       550     7647.058823529410802
       551     7647.058823529410802
       552     7647.058823529410802
       553     7647.058823529410802
       554     7058.823529411769414
       555     7058.823529411760319
       556     7058.823529411769414
       557     7058.823529411760319
       558     7058.823529411769414
       559     7058.823529411760319
       560     7058.823529411769414
       561     7058.823529411760319
       562     7058.823529411760319
       563     7058.823529411760319
       564     7058.823529411760319
       565     7058.823529411760319
       566     7058.823529411760319
       567     7058.823529411760319
       568     7058.823529411760319
       569     7058.823529411760319
       570     7058.823529411760319
       571     7058.823529411760319
       572     7058.823529411760319
       573     7058.823529411760319
       574     7058.823529411760319
       575     7058.823529411769414
       576     7058.823529411769414
       577     7058.823529411760319
       578     7058.823529411760319
       579     7058.823529411769414
       580     7058.823529411760319
       581     7058.823529411760319
       582     7058.823529411760319
       583     7058.823529411760319
       584     7058.823529411760319
       585     7058.823529411760319
       586     6470.588235294120750
       587     6470.588235294120750
       588     6470.588235294120750
       589     6470.588235294120750
       590     6470.588235294120750
       591     6470.588235294120750
       592     6470.588235294120750
       593     6470.588235294120750
       594     6470.588235294120750
       595     6470.588235294120750
       596     6470.588235294120750
       597     6470.588235294120750
       598     6470.588235294120750
       599     6470.588235294120750
       600     6470.588235294120750
       601     6470.588235294120750
       602     6470.588235294120750
       603     6470.588235294120750
       604     6470.588235294120750
       605     6470.588235294120750
       606     6470.588235294120750
       607     6470.588235294120750
       608     6470.588235294120750
       609     6470.588235294120750
       610     6470.588235294120750
       611     6470.588235294120750
       612     6470.588235294120750
       613     6470.588235294120750
       614     6470.588235294120750
       615     6470.588235294120750
       616     6470.588235294120750
       617     6470.588235294120750
       618     5882.352941176470267
       619     5882.352941176470267
       620     5882.352941176470267
       621     5882.352941176470267
       622     5882.352941176470267
       623     5882.352941176470267
       624     5882.352941176470267
       625     5882.352941176470267
       626     5882.352941176470267
       627     5882.352941176470267
       628     5882.352941176470267
       629     5882.352941176470267
       630     5882.352941176470267
       631     5882.352941176470267
       632     5882.352941176470267
       633     5882.352941176470267
       634     5882.352941176470267
       635     5882.352941176470267
       636     5882.352941176470267
       637     5882.352941176470267
       638     5882.352941176470267
       639     5882.352941176470267
       640     5882.352941176470267
       641     5882.352941176470267
       642     5882.352941176470267
       643     5882.352941176470267
       644     5882.352941176470267
       645     5882.352941176470267
       646     5882.352941176470267
       647     5882.352941176470267
       648     5882.352941176470267
       649     5882.352941176470267
       650     5294.117647058819784
       651     5294.117647058819784
       652     5294.117647058829789
       653     5294.117647058819784
       654     5294.117647058829789
       655     5294.117647058819784
       656     5294.117647058829789
       657     5294.117647058819784
       658     5294.117647058829789
       659     5294.117647058819784
       660     5294.117647058829789
       661     5294.117647058819784
       662     5294.117647058819784
       663     5294.117647058819784
       664     5294.117647058829789
       665     5294.117647058829789
       666     5294.117647058829789
       667     5294.117647058819784
       668     5294.117647058819784
       669     5294.117647058819784
       670     5294.117647058829789
       671     5294.117647058819784
       672     5294.117647058819784
       673     5294.117647058819784
       674     5294.117647058819784
       675     5294.117647058819784
       676     5294.117647058819784
       677     5294.117647058819784
       678     5294.117647058819784
       679     5294.117647058829789
       680     5294.117647058819784
       681     5294.117647058819784
       682     4705.882352941180216
       683     4705.882352941180216
       684     4705.882352941180216
       685     4705.882352941180216
       686     4705.882352941180216
       687     4705.882352941180216
       688     4705.882352941180216
       689     4705.882352941180216
       690     4705.882352941180216
       691     4705.882352941180216
       692     4705.882352941180216
       693     4705.882352941180216
       694     4705.882352941180216
       695     4705.882352941180216
       696     4705.882352941180216
       697     4705.882352941180216
       698     4705.882352941180216
       699     4705.882352941180216
       700     4705.882352941180216
       701     4705.882352941180216
       702     4705.882352941180216
       703     4705.882352941180216
       704     4705.882352941180216
       705     4705.882352941180216
       706     4705.882352941180216
       707     4705.882352941180216
       708     4705.882352941180216
       709     4705.882352941180216
       710     4705.882352941180216
       711     4705.882352941180216
       712     4117.647058823529733
       713     4117.647058823529733
       714     4117.647058823529733
       715     4117.647058823529733
       716     4117.647058823529733
       717     4117.647058823529733
       718     4117.647058823529733
       719     4117.647058823529733
       720     4117.647058823529733
       721     4117.647058823529733
       722     4117.647058823539737
       723     4117.647058823529733
       724     4117.647058823529733
       725     4117.647058823529733
       726     4117.647058823529733
       727     4117.647058823529733
       728     4117.647058823529733
       729     4117.647058823529733
       730     4117.647058823529733
       731     3529.411764705880159
       732     3529.411764705880159
       733     3529.411764705880159
       734     3529.411764705880159
       735     3529.411764705880159
       736     3529.411764705880159
       737     3529.411764705880159
       738     3529.411764705880159
       739     3529.411764705880159
