         509
           1           1           2           3           4           5
           6           7           8
           2           2           9          10           3           6
          11          12           7
           3           9          13          14          10          11
          15          16          12
           4          13          17          18          14          15
          19          20          16
           5          17          21          22          18          19
          23          24          20
           6          21          25          26          22          23
          27          28          24
           7           4           3          29          30           8
           7          31          32
           8           3          10          33          29           7
          12          34          31
           9          10          14          35          33          12
          16          36          34
          10          14          18          37          35          16
          20          38          36
          11          18          22          39          37          20
          24          40          38
          12          22          26          41          39          24
          28          42          40
          13          30          29          43          44          32
          31          45          46
          14          29          33          47          43          31
          34          48          45
          15          33          35          49          47          34
          36          50          48
          16          35          37          51          49          36
          38          52          50
          17          37          39          53          51          38
          40          54          52
          18          39          41          55          53          40
          42          56          54
          19          44          43          57          58          46
          45          59          60
          20          43          47          61          57          45
          48          62          59
          21          47          49          63          61          48
          50          64          62
          22          49          51          65          63          50
          52          66          64
          23          51          53          67          65          52
          54          68          66
          24          53          55          69          67          54
          56          70          68
          25          58          57          71          72          60
          59          73          74
          26          57          61          75          71          59
          62          76          73
          27          61          63          77          75          62
          64          78          76
          28          63          65          79          77          64
          66          80          78
          29          65          67          81          79          66
          68          82          80
          30          67          69          83          81          68
          70          84          82
          31          72          71          85          86          74
          73          87          88
          32          71          75          89          85          73
          76          90          87
          33          75          77          91          89          76
          78          92          90
          34          77          79          93          91          78
          80          94          92
          35          79          81          95          93          80
          82          96          94
          36          86          85          97          98          88
          87          99         100
          37          85          89         101          97          87
          90         102          99
          38          89          91         103         101          90
          92         104         102
          39          91          93         105         103          92
          94         106         104
          40          93          95         107         105          94
          96         108         106
          41          98          97         109         110         100
          99         111         112
          42          97         101         113         109          99
         102         114         111
          43         101         103         115         113         102
         104         116         114
          44         103         105         117         115         104
         106         118         116
          45         105         107         119         117         106
         108         120         118
          46         110         109         121         122         112
         111         123         124
          47         109         113         125         121         111
         114         126         123
          48         113         115         127         125         114
         116         128         126
          49         115         117         129         127         116
         118         130         128
          50         117         119         131         129         118
         120         132         130
          51         121         125         135         133         123
         126         136         134
          52         125         127         137         135         126
         128         138         136
          53           5           6           7           8         139
         140         141         142
          54           6          11          12           7         140
         143         144         141
          55          11          15          16          12         143
         145         146         144
          56          15          19          20          16         145
         147         148         146
          57          19          23          24          20         147
         149         150         148
          58          23          27          28          24         149
         151         152         150
          59           8           7          31          32         142
         141         153         154
          60           7          12          34          31         141
         144         155         153
          61          12          16          36          34         144
         146         156         155
          62          16          20          38          36         146
         148         157         156
          63          20          24          40          38         148
         150         158         157
          64          24          28          42          40         150
         152         159         158
          65          32          31          45          46         154
         153         160         161
          66          31          34          48          45         153
         155         162         160
          67          34          36          50          48         155
         156         163         162
          68          36          38          52          50         156
         157         164         163
          69          38          40          54          52         157
         158         165         164
          70          40          42          56          54         158
         159         166         165
          71          46          45          59          60         161
         160         167         168
          72          45          48          62          59         160
         162         169         167
          73          48          50          64          62         162
         163         170         169
          74          50          52          66          64         163
         164         171         170
          75          52          54          68          66         164
         165         172         171
          76          54          56          70          68         165
         166         173         172
          77          60          59          73          74         168
         167         174         175
          78          59          62          76          73         167
         169         176         174
          79          62          64          78          76         169
         170         177         176
          80          64          66          80          78         170
         171         178         177
          81          66          68          82          80         171
         172         179         178
          82          68          70          84          82         172
         173         180         179
          83          74          73          87          88         175
         174         181         182
          84          73          76          90          87         174
         176         183         181
          85          76          78          92          90         176
         177         184         183
          86          78          80          94          92         177
         178         185         184
          87          80          82          96          94         178
         179         186         185
          88          88          87          99         100         182
         181         187         188
          89          87          90         102          99         181
         183         189         187
          90          90          92         104         102         183
         184         190         189
          91          92          94         106         104         184
         185         191         190
          92          94          96         108         106         185
         186         192         191
          93         100          99         111         112         188
         187         193         194
          94          99         102         114         111         187
         189         195         193
          95         102         104         116         114         189
         190         196         195
          96         104         106         118         116         190
         191         197         196
          97         106         108         120         118         191
         192         198         197
          98         112         111         123         124         194
         193         199         200
          99         111         114         126         123         193
         195         201         199
         100         114         116         128         126         195
         196         202         201
         101         116         118         130         128         196
         197         203         202
         102         118         120         132         130         197
         198         204         203
         103         123         126         136         134         199
         201         206         205
         104         126         128         138         136         201
         202         207         206
         105         139         140         141         142         208
         209         210         211
         106         140         143         144         141         209
         212         213         210
         107         143         145         146         144         212
         214         215         213
         108         145         147         148         146         214
         216         217         215
         109         147         149         150         148         216
         218         219         217
         110         149         151         152         150         218
         220         221         219
         111         142         141         153         154         211
         210         222         223
         112         141         144         155         153         210
         213         224         222
         113         144         146         156         155         213
         215         225         224
         114         146         148         157         156         215
         217         226         225
         115         148         150         158         157         217
         219         227         226
         116         150         152         159         158         219
         221         228         227
         117         154         153         160         161         223
         222         229         230
         118         153         155         162         160         222
         224         231         229
         119         155         156         163         162         224
         225         232         231
         120         156         157         164         163         225
         226         233         232
         121         157         158         165         164         226
         227         234         233
         122         158         159         166         165         227
         228         235         234
         123         161         160         167         168         230
         229         236         237
         124         160         162         169         167         229
         231         238         236
         125         162         163         170         169         231
         232         239         238
         126         163         164         171         170         232
         233         240         239
         127         164         165         172         171         233
         234         241         240
         128         165         166         173         172         234
         235         242         241
         129         168         167         174         175         237
         236         243         244
         130         167         169         176         174         236
         238         245         243
         131         169         170         177         176         238
         239         246         245
         132         170         171         178         177         239
         240         247         246
         133         171         172         179         178         240
         241         248         247
         134         172         173         180         179         241
         242         249         248
         135         175         174         181         182         244
         243         250         251
         136         174         176         183         181         243
         245         252         250
         137         176         177         184         183         245
         246         253         252
         138         177         178         185         184         246
         247         254         253
         139         178         179         186         185         247
         248         255         254
         140         182         181         187         188         251
         250         256         257
         141         181         183         189         187         250
         252         258         256
         142         183         184         190         189         252
         253         259         258
         143         184         185         191         190         253
         254         260         259
         144         185         186         192         191         254
         255         261         260
         145         188         187         193         194         257
         256         262         263
         146         187         189         195         193         256
         258         264         262
         147         189         190         196         195         258
         259         265         264
         148         190         191         197         196         259
         260         266         265
         149         191         192         198         197         260
         261         267         266
         150         194         193         199         200         263
         262         268         269
         151         193         195         201         199         262
         264         270         268
         152         195         196         202         201         264
         265         271         270
         153         196         197         203         202         265
         266         272         271
         154         197         198         204         203         266
         267         273         272
         155         199         201         206         205         268
         270         275         274
         156         201         202         207         206         270
         271         276         275
         157         208         209         210         211         277
         278         279         280
         158         209         212         213         210         278
         281         282         279
         159         212         214         215         213         281
         283         284         282
         160         214         216         217         215         283
         285         286         284
         161         216         218         219         217         285
         287         288         286
         162         218         220         221         219         287
         289         290         288
         163         211         210         222         223         280
         279         291         292
         164         210         213         224         222         279
         282         293         291
         165         213         215         225         224         282
         284         294         293
         166         215         217         226         225         284
         286         295         294
         167         217         219         227         226         286
         288         296         295
         168         219         221         228         227         288
         290         297         296
         169         223         222         229         230         292
         291         298         299
         170         222         224         231         229         291
         293         300         298
         171         224         225         232         231         293
         294         301         300
         172         225         226         233         232         294
         295         302         301
         173         226         227         234         233         295
         296         303         302
         174         227         228         235         234         296
         297         304         303
         175         230         229         236         237         299
         298         305         306
         176         229         231         238         236         298
         300         307         305
         177         231         232         239         238         300
         301         308         307
         178         232         233         240         239         301
         302         309         308
         179         233         234         241         240         302
         303         310         309
         180         234         235         242         241         303
         304         311         310
         181         237         236         243         244         306
         305         312         313
         182         236         238         245         243         305
         307         314         312
         183         238         239         246         245         307
         308         315         314
         184         239         240         247         246         308
         309         316         315
         185         240         241         248         247         309
         310         317         316
         186         241         242         249         248         310
         311         318         317
         187         244         243         250         251         313
         312         319         320
         188         243         245         252         250         312
         314         321         319
         189         245         246         253         252         314
         315         322         321
         190         246         247         254         253         315
         316         323         322
         191         247         248         255         254         316
         317         324         323
         192         251         250         256         257         320
         319         325         326
         193         250         252         258         256         319
         321         327         325
         194         252         253         259         258         321
         322         328         327
         195         253         254         260         259         322
         323         329         328
         196         254         255         261         260         323
         324         330         329
         197         257         256         262         263         326
         325         331         332
         198         256         258         264         262         325
         327         333         331
         199         258         259         265         264         327
         328         334         333
         200         259         260         266         265         328
         329         335         334
         201         260         261         267         266         329
         330         336         335
         202         263         262         268         269         332
         331         337         338
         203         262         264         270         268         331
         333         339         337
         204         264         265         271         270         333
         334         340         339
         205         265         266         272         271         334
         335         341         340
         206         266         267         273         272         335
         336         342         341
         207         268         270         275         274         337
         339         344         343
         208         270         271         276         275         339
         340         345         344
         209         277         278         279         280         346
         347         348         349
         210         278         281         282         279         347
         350         351         348
         211         281         283         284         282         350
         352         353         351
         212         283         285         286         284         352
         354         355         353
         213         285         287         288         286         354
         356         357         355
         214         287         289         290         288         356
         358         359         357
         215         280         279         291         292         349
         348         360         361
         216         279         282         293         291         348
         351         362         360
         217         282         284         294         293         351
         353         363         362
         218         284         286         295         294         353
         355         364         363
         219         286         288         296         295         355
         357         365         364
         220         288         290         297         296         357
         359         366         365
         221         292         291         298         299         361
         360         367         368
         222         291         293         300         298         360
         362         369         367
         223         293         294         301         300         362
         363         370         369
         224         294         295         302         301         363
         364         371         370
         225         295         296         303         302         364
         365         372         371
         226         296         297         304         303         365
         366         373         372
         227         299         298         305         306         368
         367         374         375
         228         298         300         307         305         367
         369         376         374
         229         300         301         308         307         369
         370         377         376
         230         301         302         309         308         370
         371         378         377
         231         302         303         310         309         371
         372         379         378
         232         303         304         311         310         372
         373         380         379
         233         306         305         312         313         375
         374         381         382
         234         305         307         314         312         374
         376         383         381
         235         307         308         315         314         376
         377         384         383
         236         308         309         316         315         377
         378         385         384
         237         309         310         317         316         378
         379         386         385
         238         310         311         318         317         379
         380         387         386
         239         313         312         319         320         382
         381         388         389
         240         312         314         321         319         381
         383         390         388
         241         314         315         322         321         383
         384         391         390
         242         315         316         323         322         384
         385         392         391
         243         316         317         324         323         385
         386         393         392
         244         320         319         325         326         389
         388         394         395
         245         319         321         327         325         388
         390         396         394
         246         321         322         328         327         390
         391         397         396
         247         322         323         329         328         391
         392         398         397
         248         323         324         330         329         392
         393         399         398
         249         326         325         331         332         395
         394         400         401
         250         325         327         333         331         394
         396         402         400
         251         327         328         334         333         396
         397         403         402
         252         328         329         335         334         397
         398         404         403
         253         329         330         336         335         398
         399         405         404
         254         332         331         337         338         401
         400         406         407
         255         331         333         339         337         400
         402         408         406
         256         333         334         340         339         402
         403         409         408
         257         334         335         341         340         403
         404         410         409
         258         335         336         342         341         404
         405         411         410
         259         337         339         344         343         406
         408         413         412
         260         339         340         345         344         408
         409         414         413
         261         346         347         348         349         415
         416         417         418
         262         347         350         351         348         416
         419         420         417
         263         350         352         353         351         419
         421         422         420
         264         352         354         355         353         421
         423         424         422
         265         354         356         357         355         423
         425         426         424
         266         356         358         359         357         425
         427         428         426
         267         349         348         360         361         418
         417         429         430
         268         348         351         362         360         417
         420         431         429
         269         351         353         363         362         420
         422         432         431
         270         353         355         364         363         422
         424         433         432
         271         355         357         365         364         424
         426         434         433
         272         357         359         366         365         426
         428         435         434
         273         361         360         367         368         430
         429         436         437
         274         360         362         369         367         429
         431         438         436
         275         362         363         370         369         431
         432         439         438
         276         363         364         371         370         432
         433         440         439
         277         364         365         372         371         433
         434         441         440
         278         365         366         373         372         434
         435         442         441
         279         368         367         374         375         437
         436         443         444
         280         367         369         376         374         436
         438         445         443
         281         369         370         377         376         438
         439         446         445
         282         370         371         378         377         439
         440         447         446
         283         371         372         379         378         440
         441         448         447
         284         372         373         380         379         441
         442         449         448
         285         375         374         381         382         444
         443         450         451
         286         374         376         383         381         443
         445         452         450
         287         376         377         384         383         445
         446         453         452
         288         377         378         385         384         446
         447         454         453
         289         378         379         386         385         447
         448         455         454
         290         379         380         387         386         448
         449         456         455
         291         382         381         388         389         451
         450         457         458
         292         381         383         390         388         450
         452         459         457
         293         383         384         391         390         452
         453         460         459
         294         384         385         392         391         453
         454         461         460
         295         385         386         393         392         454
         455         462         461
         296         389         388         394         395         458
         457         463         464
         297         388         390         396         394         457
         459         465         463
         298         390         391         397         396         459
         460         466         465
         299         391         392         398         397         460
         461         467         466
         300         392         393         399         398         461
         462         468         467
         301         395         394         400         401         464
         463         469         470
         302         394         396         402         400         463
         465         471         469
         303         396         397         403         402         465
         466         472         471
         304         397         398         404         403         466
         467         473         472
         305         398         399         405         404         467
         468         474         473
         306         401         400         406         407         470
         469         475         476
         307         400         402         408         406         469
         471         477         475
         308         402         403         409         408         471
         472         478         477
         309         403         404         410         409         472
         473         479         478
         310         404         405         411         410         473
         474         480         479
         311         406         408         413         412         475
         477         482         481
         312         408         409         414         413         477
         478         483         482
         313         415         416         417         418         484
         485         486         487
         314         416         419         420         417         485
         488         489         486
         315         419         421         422         420         488
         490         491         489
         316         421         423         424         422         490
         492         493         491
         317         423         425         426         424         492
         494         495         493
         318         425         427         428         426         494
         496         497         495
         319         418         417         429         430         487
         486         498         499
         320         417         420         431         429         486
         489         500         498
         321         420         422         432         431         489
         491         501         500
         322         422         424         433         432         491
         493         502         501
         323         424         426         434         433         493
         495         503         502
         324         426         428         435         434         495
         497         504         503
         325         430         429         436         437         499
         498         505         506
         326         429         431         438         436         498
         500         507         505
         327         431         432         439         438         500
         501         508         507
         328         432         433         440         439         501
         502         509         508
         329         433         434         441         440         502
         503         510         509
         330         434         435         442         441         503
         504         511         510
         331         437         436         443         444         506
         505         512         513
         332         436         438         445         443         505
         507         514         512
         333         438         439         446         445         507
         508         515         514
         334         439         440         447         446         508
         509         516         515
         335         440         441         448         447         509
         510         517         516
         336         441         442         449         448         510
         511         518         517
         337         444         443         450         451         513
         512         519         520
         338         443         445         452         450         512
         514         521         519
         339         445         446         453         452         514
         515         522         521
         340         446         447         454         453         515
         516         523         522
         341         447         448         455         454         516
         517         524         523
         342         448         449         456         455         517
         518         525         524
         343         451         450         457         458         520
         519         526         527
         344         450         452         459         457         519
         521         528         526
         345         452         453         460         459         521
         522         529         528
         346         453         454         461         460         522
         523         530         529
         347         454         455         462         461         523
         524         531         530
         348         458         457         463         464         527
         526         532         533
         349         457         459         465         463         526
         528         534         532
         350         459         460         466         465         528
         529         535         534
         351         460         461         467         466         529
         530         536         535
         352         461         462         468         467         530
         531         537         536
         353         464         463         469         470         533
         532         538         539
         354         463         465         471         469         532
         534         540         538
         355         465         466         472         471         534
         535         541         540
         356         466         467         473         472         535
         536         542         541
         357         467         468         474         473         536
         537         543         542
         358         470         469         475         476         539
         538         544         545
         359         469         471         477         475         538
         540         546         544
         360         471         472         478         477         540
         541         547         546
         361         472         473         479         478         541
         542         548         547
         362         475         477         482         481         544
         546         550         549
         363         477         478         483         482         546
         547         551         550
         364         484         485         486         487         552
         553         554         555
         365         485         488         489         486         553
         556         557         554
         366         488         490         491         489         556
         558         559         557
         367         490         492         493         491         558
         560         561         559
         368         492         494         495         493         560
         562         563         561
         369         494         496         497         495         562
         564         565         563
         370         487         486         498         499         555
         554         566         567
         371         486         489         500         498         554
         557         568         566
         372         489         491         501         500         557
         559         569         568
         373         491         493         502         501         559
         561         570         569
         374         493         495         503         502         561
         563         571         570
         375         495         497         504         503         563
         565         572         571
         376         499         498         505         506         567
         566         573         574
         377         498         500         507         505         566
         568         575         573
         378         500         501         508         507         568
         569         576         575
         379         501         502         509         508         569
         570         577         576
         380         502         503         510         509         570
         571         578         577
         381         503         504         511         510         571
         572         579         578
         382         506         505         512         513         574
         573         580         581
         383         505         507         514         512         573
         575         582         580
         384         507         508         515         514         575
         576         583         582
         385         508         509         516         515         576
         577         584         583
         386         509         510         517         516         577
         578         585         584
         387         510         511         518         517         578
         579         586         585
         388         513         512         519         520         581
         580         587         588
         389         512         514         521         519         580
         582         589         587
         390         514         515         522         521         582
         583         590         589
         391         515         516         523         522         583
         584         591         590
         392         516         517         524         523         584
         585         592         591
         393         517         518         525         524         585
         586         593         592
         394         520         519         526         527         588
         587         594         595
         395         519         521         528         526         587
         589         596         594
         396         521         522         529         528         589
         590         597         596
         397         522         523         530         529         590
         591         598         597
         398         523         524         531         530         591
         592         599         598
         399         527         526         532         533         595
         594         601         602
         400         526         528         534         532         594
         596         603         601
         401         528         529         535         534         596
         597         604         603
         402         529         530         536         535         597
         598         605         604
         403         530         531         537         536         598
         599         606         605
         404         533         532         538         539         602
         601         607         608
         405         532         534         540         538         601
         603         609         607
         406         534         535         541         540         603
         604         610         609
         407         535         536         542         541         604
         605         611         610
         408         539         538         544         545         608
         607         612         613
         409         538         540         546         544         607
         609         614         612
         410         540         541         547         546         609
         610         615         614
         411         541         542         548         547         610
         611         616         615
         412         552         553         554         555         617
         618         619         620
         413         553         556         557         554         618
         621         622         619
         414         556         558         559         557         621
         623         624         622
         415         558         560         561         559         623
         625         626         624
         416         560         562         563         561         625
         627         628         626
         417         562         564         565         563         627
         629         630         628
         418         555         554         566         567         620
         619         631         632
         419         554         557         568         566         619
         622         633         631
         420         557         559         569         568         622
         624         634         633
         421         559         561         570         569         624
         626         635         634
         422         561         563         571         570         626
         628         636         635
         423         563         565         572         571         628
         630         637         636
         424         567         566         573         574         632
         631         638         639
         425         566         568         575         573         631
         633         640         638
         426         568         569         576         575         633
         634         641         640
         427         569         570         577         576         634
         635         642         641
         428         570         571         578         577         635
         636         643         642
         429         571         572         579         578         636
         637         644         643
         430         574         573         580         581         639
         638         645         646
         431         573         575         582         580         638
         640         647         645
         432         575         576         583         582         640
         641         648         647
         433         576         577         584         583         641
         642         649         648
         434         577         578         585         584         642
         643         650         649
         435         578         579         586         585         643
         644         651         650
         436         581         580         587         588         646
         645         652         653
         437         580         582         589         587         645
         647         654         652
         438         582         583         590         589         647
         648         655         654
         439         583         584         591         590         648
         649         656         655
         440         584         585         592         591         649
         650         657         656
         441         585         586         593         592         650
         651         658         657
         442         588         587         594         595         653
         652         659         660
         443         587         589         596         594         652
         654         661         659
         444         589         590         597         596         654
         655         662         661
         445         590         591         598         597         655
         656         663         662
         446         591         592         599         598         656
         657         664         663
         447         592         593         600         599         657
         658         665         664
         448         595         594         601         602         660
         659         666         667
         449         594         596         603         601         659
         661         668         666
         450         596         597         604         603         661
         662         669         668
         451         597         598         605         604         662
         663         670         669
         452         598         599         606         605         663
         664         671         670
         453         602         601         607         608         667
         666         672         673
         454         601         603         609         607         666
         668         674         672
         455         603         604         610         609         668
         669         675         674
         456         604         605         611         610         669
         670         676         675
         457         618         621         622         619         677
         679         680         678
         458         621         623         624         622         679
         681         682         680
         459         623         625         626         624         681
         683         684         682
         460         625         627         628         626         683
         685         686         684
         461         619         622         633         631         678
         680         688         687
         462         622         624         634         633         680
         682         689         688
         463         624         626         635         634         682
         684         690         689
         464         626         628         636         635         684
         686         691         690
         465         631         633         640         638         687
         688         693         692
         466         633         634         641         640         688
         689         694         693
         467         634         635         642         641         689
         690         695         694
         468         635         636         643         642         690
         691         696         695
         469         638         640         647         645         692
         693         698         697
         470         640         641         648         647         693
         694         699         698
         471         641         642         649         648         694
         695         700         699
         472         642         643         650         649         695
         696         701         700
         473         645         647         654         652         697
         698         703         702
         474         647         648         655         654         698
         699         704         703
         475         648         649         656         655         699
         700         705         704
         476         649         650         657         656         700
         701         706         705
         477         652         654         661         659         702
         703         708         707
         478         654         655         662         661         703
         704         709         708
         479         655         656         663         662         704
         705         710         709
         480         656         657         664         663         705
         706         711         710
         481         659         661         668         666         707
         708         713         712
         482         661         662         669         668         708
         709         714         713
         483         662         663         670         669         709
         710         715         714
         484         663         664         671         670         710
         711         716         715
         485         679         681         682         680         717
         719         720         718
         486         681         683         684         682         719
         721         722         720
         487         680         682         689         688         718
         720         724         723
         488         682         684         690         689         720
         722         725         724
         489         688         689         694         693         723
         724         727         726
         490         689         690         695         694         724
         725         728         727
         491         693         694         699         698         726
         727         730         729
         492         694         695         700         699         727
         728         731         730
         493         698         699         704         703         729
         730         733         732
         494         699         700         705         704         730
         731         734         733
         495         703         704         709         708         732
         733         736         735
         496         704         705         710         709         733
         734         737         736
         497         738         739         747         746         458
         389         395         464
         498         739         740         748         747         389
         320         326         395
         499         740         741         749         748         320
         251         257         326
         500         741         742         750         749         251
         182         188         257
         501         742         743         751         750         182
          88         100         188
         502         743         744         752         751          88
          86          98         100
         503         745         746         754         753         533
         464         470         539
         504         746         747         755         754         464
         395         401         470
         505         747         748         756         755         395
         326         332         401
         506         748         749         757         756         326
         257         263         332
         507         749         750         758         757         257
         188         194         263
         508         750         751         759         758         188
         100         112         194
         509         751         752         760         759         100
          98         110         112
