         509
           1           1           3          19          17           2
           4          20          18
           2           3           5          21          19           4
           6          22          20
           3           5           7          23          21           6
           8          24          22
           4           7           9          25          23           8
          10          26          24
           5          12          11          29          30          14
          13          31          32
           6          11          15          33          29          13
          16          34          31
           7          15          17          35          33          16
          18          36          34
           8          17          19          37          35          18
          20          38          36
           9          19          21          39          37          20
          22          40          38
          10          21          23          41          39          22
          24          42          40
          11          23          25          43          41          24
          26          44          42
          12          25          27          45          43          26
          28          46          44
          13          30          29          47          48          32
          31          49          50
          14          29          33          51          47          31
          34          52          49
          15          33          35          53          51          34
          36          54          52
          16          35          37          55          53          36
          38          56          54
          17          37          39          57          55          38
          40          58          56
          18          39          41          59          57          40
          42          60          58
          19          41          43          61          59          42
          44          62          60
          20          43          45          63          61          44
          46          64          62
          21          48          47          65          66          50
          49          67          68
          22          47          51          69          65          49
          52          70          67
          23          51          53          71          69          52
          54          72          70
          24          53          55          73          71          54
          56          74          72
          25          55          57          75          73          56
          58          76          74
          26          57          59          77          75          58
          60          78          76
          27          59          61          79          77          60
          62          80          78
          28          61          63          81          79          62
          64          82          80
          29           2           4          20          18          83
          84          92          91
          30           4           6          22          20          84
          85          93          92
          31           6           8          24          22          85
          86          94          93
          32           8          10          26          24          86
          87          95          94
          33          14          13          31          32          89
          88          97          98
          34          13          16          34          31          88
          90          99          97
          35          16          18          36          34          90
          91         100          99
          36          18          20          38          36          91
          92         101         100
          37          20          22          40          38          92
          93         102         101
          38          22          24          42          40          93
          94         103         102
          39          24          26          44          42          94
          95         104         103
          40          26          28          46          44          95
          96         105         104
          41          32          31          49          50          98
          97         106         107
          42          31          34          52          49          97
          99         108         106
          43          34          36          54          52          99
         100         109         108
          44          36          38          56          54         100
         101         110         109
          45          38          40          58          56         101
         102         111         110
          46          40          42          60          58         102
         103         112         111
          47          42          44          62          60         103
         104         113         112
          48          44          46          64          62         104
         105         114         113
          49          50          49          67          68         107
         106         115         116
          50          49          52          70          67         106
         108         117         115
          51          52          54          72          70         108
         109         118         117
          52          54          56          74          72         109
         110         119         118
          53          56          58          76          74         110
         111         120         119
          54          58          60          78          76         111
         112         121         120
          55          60          62          80          78         112
         113         122         121
          56          62          64          82          80         113
         114         123         122
          57          83          84          92          91         124
         125         133         132
          58          84          85          93          92         125
         126         134         133
          59          85          86          94          93         126
         127         135         134
          60          86          87          95          94         127
         128         136         135
          61          89          88          97          98         130
         129         138         139
          62          88          90          99          97         129
         131         140         138
          63          90          91         100          99         131
         132         141         140
          64          91          92         101         100         132
         133         142         141
          65          92          93         102         101         133
         134         143         142
          66          93          94         103         102         134
         135         144         143
          67          94          95         104         103         135
         136         145         144
          68          95          96         105         104         136
         137         146         145
          69          98          97         106         107         139
         138         147         148
          70          97          99         108         106         138
         140         149         147
          71          99         100         109         108         140
         141         150         149
          72         100         101         110         109         141
         142         151         150
          73         101         102         111         110         142
         143         152         151
          74         102         103         112         111         143
         144         153         152
          75         103         104         113         112         144
         145         154         153
          76         104         105         114         113         145
         146         155         154
          77         107         106         115         116         148
         147         156         157
          78         106         108         117         115         147
         149         158         156
          79         108         109         118         117         149
         150         159         158
          80         109         110         119         118         150
         151         160         159
          81         110         111         120         119         151
         152         161         160
          82         111         112         121         120         152
         153         162         161
          83         112         113         122         121         153
         154         163         162
          84         113         114         123         122         154
         155         164         163
          85         124         125         133         132         167
         168         176         175
          86         125         126         134         133         168
         169         177         176
          87         126         127         135         134         169
         170         178         177
          88         127         128         136         135         170
         171         179         178
          89         130         129         138         139         173
         172         181         182
          90         129         131         140         138         172
         174         183         181
          91         131         132         141         140         174
         175         184         183
          92         132         133         142         141         175
         176         185         184
          93         133         134         143         142         176
         177         186         185
          94         134         135         144         143         177
         178         187         186
          95         135         136         145         144         178
         179         188         187
          96         136         137         146         145         179
         180         189         188
          97         139         138         147         148         182
         181         190         191
          98         138         140         149         147         181
         183         192         190
          99         140         141         150         149         183
         184         193         192
         100         141         142         151         150         184
         185         194         193
         101         142         143         152         151         185
         186         195         194
         102         143         144         153         152         186
         187         196         195
         103         144         145         154         153         187
         188         197         196
         104         145         146         155         154         188
         189         198         197
         105         148         147         156         157         191
         190         199         200
         106         147         149         158         156         190
         192         201         199
         107         149         150         159         158         192
         193         202         201
         108         150         151         160         159         193
         194         203         202
         109         151         152         161         160         194
         195         204         203
         110         152         153         162         161         195
         196         205         204
         111         153         154         163         162         196
         197         206         205
         112         154         155         164         163         197
         198         207         206
         113         165         166         170         169         209
         210         215         214
         114         167         168         176         175         212
         213         221         220
         115         168         169         177         176         213
         214         222         221
         116         169         170         178         177         214
         215         223         222
         117         170         171         179         178         215
         216         224         223
         118         173         172         181         182         218
         217         226         227
         119         172         174         183         181         217
         219         228         226
         120         174         175         184         183         219
         220         229         228
         121         175         176         185         184         220
         221         230         229
         122         176         177         186         185         221
         222         231         230
         123         177         178         187         186         222
         223         232         231
         124         178         179         188         187         223
         224         233         232
         125         179         180         189         188         224
         225         234         233
         126         182         181         190         191         227
         226         235         236
         127         181         183         192         190         226
         228         237         235
         128         183         184         193         192         228
         229         238         237
         129         184         185         194         193         229
         230         239         238
         130         185         186         195         194         230
         231         240         239
         131         186         187         196         195         231
         232         241         240
         132         187         188         197         196         232
         233         242         241
         133         188         189         198         197         233
         234         243         242
         134         191         190         199         200         236
         235         244         245
         135         190         192         201         199         235
         237         246         244
         136         192         193         202         201         237
         238         247         246
         137         193         194         203         202         238
         239         248         247
         138         194         195         204         203         239
         240         249         248
         139         195         196         205         204         240
         241         250         249
         140         196         197         206         205         241
         242         251         250
         141         197         198         207         206         242
         243         252         251
         142         208         209         214         213         254
         255         261         260
         143         209         210         215         214         255
         256         262         261
         144         211         212         220         219         258
         259         267         266
         145         212         213         221         220         259
         260         268         267
         146         213         214         222         221         260
         261         269         268
         147         214         215         223         222         261
         262         270         269
         148         215         216         224         223         262
         263         271         270
         149         218         217         226         227         265
         264         273         274
         150         217         219         228         226         264
         266         275         273
         151         219         220         229         228         266
         267         276         275
         152         220         221         230         229         267
         268         277         276
         153         221         222         231         230         268
         269         278         277
         154         222         223         232         231         269
         270         279         278
         155         223         224         233         232         270
         271         280         279
         156         224         225         234         233         271
         272         281         280
         157         227         226         235         236         274
         273         282         283
         158         226         228         237         235         273
         275         284         282
         159         228         229         238         237         275
         276         285         284
         160         229         230         239         238         276
         277         286         285
         161         230         231         240         239         277
         278         287         286
         162         231         232         241         240         278
         279         288         287
         163         232         233         242         241         279
         280         289         288
         164         233         234         243         242         280
         281         290         289
         165         236         235         244         245         283
         282         291         292
         166         235         237         246         244         282
         284         293         291
         167         237         238         247         246         284
         285         294         293
         168         238         239         248         247         285
         286         295         294
         169         239         240         249         248         286
         287         296         295
         170         240         241         250         249         287
         288         297         296
         171         241         242         251         250         288
         289         298         297
         172         242         243         252         251         289
         290         299         298
         173         253         254         260         259         305
         306         313         312
         174         254         255         261         260         306
         307         314         313
         175         255         256         262         261         307
         308         315         314
         176         257         258         266         264         310
         311         319         317
         177         258         259         267         266         311
         312         320         319
         178         259         260         268         267         312
         313         321         320
         179         260         261         269         268         313
         314         322         321
         180         261         262         270         269         314
         315         323         322
         181         262         263         271         270         315
         316         324         323
         182         265         264         273         274         318
         317         326         327
         183         264         266         275         273         317
         319         328         326
         184         266         267         276         275         319
         320         329         328
         185         267         268         277         276         320
         321         330         329
         186         268         269         278         277         321
         322         331         330
         187         269         270         279         278         322
         323         332         331
         188         270         271         280         279         323
         324         333         332
         189         271         272         281         280         324
         325         334         333
         190         274         273         282         283         327
         326         335         336
         191         273         275         284         282         326
         328         337         335
         192         275         276         285         284         328
         329         338         337
         193         276         277         286         285         329
         330         339         338
         194         277         278         287         286         330
         331         340         339
         195         278         279         288         287         331
         332         341         340
         196         279         280         289         288         332
         333         342         341
         197         280         281         290         289         333
         334         343         342
         198         283         282         291         292         336
         335         344         345
         199         282         284         293         291         335
         337         346         344
         200         284         285         294         293         337
         338         347         346
         201         285         286         295         294         338
         339         348         347
         202         286         287         296         295         339
         340         349         348
         203         287         288         297         296         340
         341         350         349
         204         288         289         298         297         341
         342         351         350
         205         289         290         299         298         342
         343         352         351
         206         301         302         307         306         355
         356         361         360
         207         302         303         308         307         356
         357         362         361
         208         304         305         312         311         358
         359         366         365
         209         305         306         313         312         359
         360         367         366
         210         306         307         314         313         360
         361         368         367
         211         307         308         315         314         361
         362         369         368
         212         308         309         316         315         362
         363         370         369
         213         310         311         319         317         364
         365         374         372
         214         311         312         320         319         365
         366         375         374
         215         312         313         321         320         366
         367         376         375
         216         313         314         322         321         367
         368         377         376
         217         314         315         323         322         368
         369         378         377
         218         315         316         324         323         369
         370         379         378
         219         318         317         326         327         373
         372         381         382
         220         317         319         328         326         372
         374         383         381
         221         319         320         329         328         374
         375         384         383
         222         320         321         330         329         375
         376         385         384
         223         321         322         331         330         376
         377         386         385
         224         322         323         332         331         377
         378         387         386
         225         323         324         333         332         378
         379         388         387
         226         324         325         334         333         379
         380         389         388
         227         327         326         335         336         382
         381         390         391
         228         326         328         337         335         381
         383         392         390
         229         328         329         338         337         383
         384         393         392
         230         329         330         339         338         384
         385         394         393
         231         330         331         340         339         385
         386         395         394
         232         331         332         341         340         386
         387         396         395
         233         332         333         342         341         387
         388         397         396
         234         333         334         343         342         388
         389         398         397
         235         336         335         344         345         391
         390         399         400
         236         335         337         346         344         390
         392         401         399
         237         337         338         347         346         392
         393         402         401
         238         338         339         348         347         393
         394         403         402
         239         339         340         349         348         394
         395         404         403
         240         340         341         350         349         395
         396         405         404
         241         341         342         351         350         396
         397         406         405
         242         342         343         352         351         397
         398         407         406
         243         354         355         360         359         408
         409         414         413
         244         355         356         361         360         409
         410         415         414
         245         356         357         362         361         410
         411         416         415
         246         358         359         366         365         412
         413         420         419
         247         359         360         367         366         413
         414         421         420
         248         360         361         368         367         414
         415         422         421
         249         361         362         369         368         415
         416         423         422
         250         362         363         370         369         416
         417         424         423
         251         364         365         374         372         418
         419         427         426
         252         365         366         375         374         419
         420         428         427
         253         366         367         376         375         420
         421         429         428
         254         367         368         377         376         421
         422         430         429
         255         368         369         378         377         422
         423         431         430
         256         369         370         379         378         423
         424         432         431
         257         370         371         380         379         424
         425         433         432
         258         372         374         383         381         426
         427         435         434
         259         374         375         384         383         427
         428         436         435
         260         375         376         385         384         428
         429         437         436
         261         376         377         386         385         429
         430         438         437
         262         377         378         387         386         430
         431         439         438
         263         378         379         388         387         431
         432         440         439
         264         379         380         389         388         432
         433         441         440
         265         381         383         392         390         434
         435         443         442
         266         383         384         393         392         435
         436         444         443
         267         384         385         394         393         436
         437         445         444
         268         385         386         395         394         437
         438         446         445
         269         386         387         396         395         438
         439         447         446
         270         387         388         397         396         439
         440         448         447
         271         388         389         398         397         440
         441         449         448
         272         390         392         401         399         442
         443         451         450
         273         392         393         402         401         443
         444         452         451
         274         393         394         403         402         444
         445         453         452
         275         394         395         404         403         445
         446         454         453
         276         395         396         405         404         446
         447         455         454
         277         396         397         406         405         447
         448         456         455
         278         397         398         407         406         448
         449         457         456
         279         412         413         420         419         458
         459         465         464
         280         413         414         421         420         459
         460         466         465
         281         414         415         422         421         460
         461         467         466
         282         415         416         423         422         461
         462         468         467
         283         416         417         424         423         462
         463         469         468
         284         419         420         428         427         464
         465         471         470
         285         420         421         429         428         465
         466         472         471
         286         421         422         430         429         466
         467         473         472
         287         422         423         431         430         467
         468         474         473
         288         423         424         432         431         468
         469         475         474
         289         427         428         436         435         470
         471         477         476
         290         428         429         437         436         471
         472         478         477
         291         429         430         438         437         472
         473         479         478
         292         430         431         439         438         473
         474         480         479
         293         431         432         440         439         474
         475         481         480
         294         435         436         444         443         476
         477         483         482
         295         436         437         445         444         477
         478         484         483
         296         437         438         446         445         478
         479         485         484
         297         438         439         447         446         479
         480         486         485
         298         439         440         448         447         480
         481         487         486
         299         443         444         452         451         482
         483         489         488
         300         444         445         453         452         483
         484         490         489
         301         445         446         454         453         484
         485         491         490
         302         446         447         455         454         485
         486         492         491
         303         447         448         456         455         486
         487         493         492
         304         465         466         472         471         494
         495         499         498
         305         466         467         473         472         495
         496         500         499
         306         467         468         474         473         496
         497         501         500
         307         471         472         478         477         498
         499         503         502
         308         472         473         479         478         499
         500         504         503
         309         473         474         480         479         500
         501         505         504
         310         477         478         484         483         502
         503         508         507
         311         478         479         485         484         503
         504         509         508
         312         479         480         486         485         504
         505         510         509
         313         482         483         489         488         506
         507         512         511
         314         483         484         490         489         507
         508         513         512
         315         484         485         491         490         508
         509         514         513
         316         485         486         492         491         509
         510         515         514
         317         499         500         504         503         516
         517         520         519
         318         502         503         508         507         518
         519         522         521
         319         503         504         509         508         519
         520         523         522
         320         507         508         513         512         521
         522         525         524
         321         508         509         514         513         522
         523         526         525
         322         527         528         538         537         567
         568         579         578
         323         528         529         539         538         568
         569         580         579
         324         529         530         540         539         569
         570         581         580
         325         530         531         541         540         570
         571         582         581
         326         531         532         542         541         571
         572         583         582
         327         532         533         543         542         572
         573         584         583
         328         533         534         544         543         573
         574         585         584
         329         534         535         545         544         574
         575         586         585
         330         535         536         546         545         575
         576         587         586
         331         538         539         548         547         579
         580         590         589
         332         539         540         549         548         580
         581         591         590
         333         540         541         550         549         581
         582         592         591
         334         541         542         551         550         582
         583         593         592
         335         542         543         552         551         583
         584         594         593
         336         543         544         553         552         584
         585         595         594
         337         544         545         554         553         585
         586         596         595
         338         545         546         555         554         586
         587         597         596
         339         556         557         568         567         618
         619         631         630
         340         557         558         569         568         619
         620         632         631
         341         558         559         570         569         620
         621         633         632
         342         559         560         571         570         621
         622         634         633
         343         560         561         572         571         622
         623         635         634
         344         561         562         573         572         623
         624         636         635
         345         562         563         574         573         624
         625         637         636
         346         563         564         575         574         625
         626         638         637
         347         564         565         576         575         626
         627         639         638
         348         566         567         578         577         629
         630         642         641
         349         567         568         579         578         630
         631         643         642
         350         568         569         580         579         631
         632         644         643
         351         569         570         581         580         632
         633         645         644
         352         570         571         582         581         633
         634         646         645
         353         571         572         583         582         634
         635         647         646
         354         572         573         584         583         635
         636         648         647
         355         573         574         585         584         636
         637         649         648
         356         574         575         586         585         637
         638         650         649
         357         575         576         587         586         638
         639         651         650
         358         578         579         589         588         642
         643         654         653
         359         579         580         590         589         643
         644         655         654
         360         580         581         591         590         644
         645         656         655
         361         581         582         592         591         645
         646         657         656
         362         582         583         593         592         646
         647         658         657
         363         583         584         594         593         647
         648         659         658
         364         584         585         595         594         648
         649         660         659
         365         585         586         596         595         649
         650         661         660
         366         586         587         597         596         650
         651         662         661
         367         589         590         599         598         654
         655         665         664
         368         590         591         600         599         655
         656         666         665
         369         591         592         601         600         656
         657         667         666
         370         592         593         602         601         657
         658         668         667
         371         593         594         603         602         658
         659         669         668
         372         594         595         604         603         659
         660         670         669
         373         595         596         605         604         660
         661         671         670
         374         596         597         606         605         661
         662         672         671
         375         607         608         619         618         693
         694         706         705
         376         608         609         620         619         694
         695         707         706
         377         609         610         621         620         695
         696         708         707
         378         610         611         622         621         696
         697         709         708
         379         611         612         623         622         697
         698         710         709
         380         612         613         624         623         698
         699         711         710
         381         613         614         625         624         699
         700         712         711
         382         614         615         626         625         700
         701         713         712
         383         615         616         627         626         701
         702         714         713
         384         617         618         630         629         704
         705         717         716
         385         618         619         631         630         705
         706         718         717
         386         619         620         632         631         706
         707         719         718
         387         620         621         633         632         707
         708         720         719
         388         621         622         634         633         708
         709         721         720
         389         622         623         635         634         709
         710         722         721
         390         623         624         636         635         710
         711         723         722
         391         624         625         637         636         711
         712         724         723
         392         625         626         638         637         712
         713         725         724
         393         626         627         639         638         713
         714         726         725
         394         628         629         641         640         715
         716         728         727
         395         629         630         642         641         716
         717         729         728
         396         630         631         643         642         717
         718         730         729
         397         631         632         644         643         718
         719         731         730
         398         632         633         645         644         719
         720         732         731
         399         633         634         646         645         720
         721         733         732
         400         634         635         647         646         721
         722         734         733
         401         635         636         648         647         722
         723         735         734
         402         636         637         649         648         723
         724         736         735
         403         637         638         650         649         724
         725         737         736
         404         638         639         651         650         725
         726         738         737
         405         641         642         653         652         728
         729         741         740
         406         642         643         654         653         729
         730         742         741
         407         643         644         655         654         730
         731         743         742
         408         644         645         656         655         731
         732         744         743
         409         645         646         657         656         732
         733         745         744
         410         646         647         658         657         733
         734         746         745
         411         647         648         659         658         734
         735         747         746
         412         648         649         660         659         735
         736         748         747
         413         649         650         661         660         736
         737         749         748
         414         650         651         662         661         737
         738         750         749
         415         653         654         664         663         741
         742         753         752
         416         654         655         665         664         742
         743         754         753
         417         655         656         666         665         743
         744         755         754
         418         656         657         667         666         744
         745         756         755
         419         657         658         668         667         745
         746         757         756
         420         658         659         669         668         746
         747         758         757
         421         659         660         670         669         747
         748         759         758
         422         660         661         671         670         748
         749         760         759
         423         661         662         672         671         749
         750         761         760
         424         664         665         674         673         753
         754         763         762
         425         665         666         675         674         754
         755         764         763
         426         666         667         676         675         755
         756         765         764
         427         667         668         677         676         756
         757         766         765
         428         668         669         678         677         757
         758         767         766
         429         669         670         679         678         758
         759         768         767
         430         670         671         680         679         759
         760         769         768
         431         671         672         681         680         760
         761         770         769
         432         682         683         694         693         450
         399         401         451
         433         683         684         695         694         399
         344         346         401
         434         684         685         696         695         344
         291         293         346
         435         685         686         697         696         291
         244         246         293
         436         686         687         698         697         244
         199         201         246
         437         687         688         699         698         199
         156         158         201
         438         688         689         700         699         156
         115         117         158
         439         689         690         701         700         115
          67          70         117
         440         690         691         702         701          67
          65          69          70
         441         692         693         705         704         488
         451         452         489
         442         693         694         706         705         451
         401         402         452
         443         694         695         707         706         401
         346         347         402
         444         695         696         708         707         346
         293         294         347
         445         696         697         709         708         293
         246         247         294
         446         697         698         710         709         246
         201         202         247
         447         698         699         711         710         201
         158         159         202
         448         699         700         712         711         158
         117         118         159
         449         700         701         713         712         117
          70          72         118
         450         701         702         714         713          70
          69          71          72
         451         703         704         716         715         512
         489         490         513
         452         704         705         717         716         489
         452         453         490
         453         705         706         718         717         452
         402         403         453
         454         706         707         719         718         402
         347         348         403
         455         707         708         720         719         347
         294         295         348
         456         708         709         721         720         294
         247         248         295
         457         709         710         722         721         247
         202         203         248
         458         710         711         723         722         202
         159         160         203
         459         711         712         724         723         159
         118         119         160
         460         712         713         725         724         118
          72          74         119
         461         713         714         726         725          72
          71          73          74
         462         715         716         728         727         513
         490         491         514
         463         716         717         729         728         490
         453         454         491
         464         717         718         730         729         453
         403         404         454
         465         718         719         731         730         403
         348         349         404
         466         719         720         732         731         348
         295         296         349
         467         720         721         733         732         295
         248         249         296
         468         721         722         734         733         248
         203         204         249
         469         722         723         735         734         203
         160         161         204
         470         723         724         736         735         160
         119         120         161
         471         724         725         737         736         119
          74          76         120
         472         725         726         738         737          74
          73          75          76
         473         727         728         740         739         514
         491         492         515
         474         728         729         741         740         491
         454         455         492
         475         729         730         742         741         454
         404         405         455
         476         730         731         743         742         404
         349         350         405
         477         731         732         744         743         349
         296         297         350
         478         732         733         745         744         296
         249         250         297
         479         733         734         746         745         249
         204         205         250
         480         734         735         747         746         204
         161         162         205
         481         735         736         748         747         161
         120         121         162
         482         736         737         749         748         120
          76          78         121
         483         737         738         750         749          76
          75          77          78
         484         740         741         752         751         492
         455         456         493
         485         741         742         753         752         455
         405         406         456
         486         742         743         754         753         405
         350         351         406
         487         743         744         755         754         350
         297         298         351
         488         744         745         756         755         297
         250         251         298
         489         745         746         757         756         250
         205         206         251
         490         746         747         758         757         205
         162         163         206
         491         747         748         759         758         162
         121         122         163
         492         748         749         760         759         121
          78          80         122
         493         749         750         761         760          78
          77          79          80
         494         753         754         763         762         406
         351         352         407
         495         754         755         764         763         351
         298         299         352
         496         755         756         765         764         298
         251         252         299
         497         756         757         766         765         251
         206         207         252
         498         757         758         767         766         206
         163         164         207
         499         758         759         768         767         163
         122         123         164
         500         759         760         769         768         122
          80          82         123
         501         760         761         770         769          80
          79          81          82
         502         763         764         772         771         352
         299         300         353
         503         773          30          48         775         774
          32          50         776
         504         774          32          50         776         777
          98         107         778
         505         777          98         107         778         779
         139         148         780
         506         779         139         148         780         781
         182         191         782
         507         781         182         191         782         783
         227         236         784
         508         783         227         236         784         785
         274         283         786
         509         785         274         283         786         787
         327         336         788
