         772
         1    -5000.000000000000000
         2    -4423.076923076920139
         3    -5000.000000000000000
         4    -4423.076923076920139
         5    -5000.000000000000000
         6    -4423.076923076920139
         7    -3846.153846153849827
         8    -3846.153846153849827
         9    -3846.153846153849827
        10    -3269.230769230769965
        11    -3269.230769230769965
        12    -3269.230769230769965
        13    -2692.307692307689649
        14    -2692.307692307689649
        15    -2692.307692307689649
        16    -2115.384615384619792
        17    -2115.384615384619792
        18    -2115.384615384610242
        19    -1538.461538461540158
        20    -1538.461538461540158
        21    -1538.461538461540158
        22     -961.538461538462002
        23     -961.538461538462002
        24     -961.538461538462002
        25    -5000.000000000000000
        26    -4423.076923076920139
        27    -5000.000000000000000
        28    -4423.076923076920139
        29    -5000.000000000000000
        30    -4423.076923076920139
        31    -5000.000000000000000
        32    -4423.076923076920139
        33    -5000.000000000000000
        34    -4423.076923076920139
        35    -5000.000000000000000
        36    -4423.076923076929234
        37    -5000.000000000000000
        38    -4423.076923076920139
        39    -5000.000000000000000
        40    -4423.076923076920139
        41    -5000.000000000000000
        42    -5000.000000000000000
        43    -4423.076923076920139
        44    -4423.076923076920139
        45    -5000.000000000000000
        46    -4423.076923076920139
        47    -5000.000000000000000
        48    -4423.076923076920139
        49    -5000.000000000000000
        50    -4423.076923076920139
        51    -5000.000000000000000
        52    -4423.076923076920139
        53    -5000.000000000000000
        54    -4423.076923076920139
        55    -5000.000000000000000
        56    -5000.000000000000000
        57    -4423.076923076920139
        58    -4423.076923076920139
        59    -5000.000000000000000
        60    -4423.076923076920139
        61    -5000.000000000000000
        62    -4423.076923076920139
        63    -5000.000000000000000
        64    -4423.076923076920139
        65    -5000.000000000000000
        66    -4423.076923076920139
        67    -5000.000000000000000
        68    -4423.076923076929234
        69    -5000.000000000000000
        70    -5000.000000000000000
        71    -4423.076923076920139
        72    -4423.076923076920139
        73    -5000.000000000000000
        74    -4423.076923076920139
        75    -5000.000000000000000
        76    -4423.076923076920139
        77    -5000.000000000000000
        78    -4423.076923076920139
        79    -5000.000000000000000
        80    -4423.076923076920139
        81    -5000.000000000000000
        82    -4423.076923076920139
        83    -5000.000000000000000
        84    -5000.000000000000000
        85    -4423.076923076920139
        86    -4423.076923076920139
        87    -5000.000000000000000
        88    -4423.076923076920139
        89    -5000.000000000000000
        90    -4423.076923076920139
        91    -5000.000000000000000
        92    -4423.076923076920139
        93    -5000.000000000000000
        94    -4423.076923076920139
        95    -5000.000000000000000
        96    -4423.076923076920139
        97    -5000.000000000000000
        98    -5000.000000000000000
        99    -4423.076923076920139
       100    -4423.076923076920139
       101    -5000.000000000000000
       102    -4423.076923076920139
       103    -5000.000000000000000
       104    -4423.076923076920139
       105    -5000.000000000000000
       106    -4423.076923076920139
       107    -5000.000000000000000
       108    -4423.076923076920139
       109    -5000.000000000000000
       110    -4423.076923076920139
       111    -5000.000000000000000
       112    -5000.000000000000000
       113    -4423.076923076929234
       114    -4423.076923076920139
       115    -5000.000000000000000
       116    -4423.076923076929234
       117    -5000.000000000000000
       118    -4423.076923076920139
       119    -5000.000000000000000
       120    -4423.076923076920139
       121    -5000.000000000000000
       122    -4423.076923076929234
       123    -5000.000000000000000
       124    -4423.076923076929234
       125    -5000.000000000000000
       126    -5000.000000000000000
       127    -4423.076923076929234
       128    -4423.076923076920139
       129    -5000.000000000000000
       130    -4423.076923076929234
       131    -5000.000000000000000
       132    -4423.076923076929234
       133    -5000.000000000000000
       134    -4423.076923076920139
       135    -5000.000000000000000
       136    -4423.076923076920139
       137    -5000.000000000000000
       138    -4423.076923076929234
       139    -5000.000000000000000
       140    -5000.000000000000000
       141    -4423.076923076929234
       142    -4423.076923076929234
       143    -5000.000000000000000
       144    -4423.076923076929234
       145    -5000.000000000000000
       146    -4423.076923076929234
       147    -5000.000000000000000
       148    -4423.076923076929234
       149    -5000.000000000000000
       150    -4423.076923076929234
       151    -5000.000000000000000
       152    -4423.076923076920139
       153    -5000.000000000000000
       154    -5000.000000000000000
       155    -4423.076923076929234
       156    -4423.076923076929234
       157    -5000.000000000000000
       158    -4423.076923076929234
       159    -5000.000000000000000
       160    -4423.076923076929234
       161    -5000.000000000000000
       162    -4423.076923076929234
       163    -5000.000000000000000
       164    -4423.076923076929234
       165    -5000.000000000000000
       166    -4423.076923076929234
       167    -5000.000000000000000
       168    -5000.000000000000000
       169    -4423.076923076929234
       170    -4423.076923076929234
       171    -5000.000000000000000
       172    -4423.076923076929234
       173    -5000.000000000000000
       174    -4423.076923076920139
       175    -5000.000000000000000
       176    -4423.076923076920139
       177    -5000.000000000000000
       178    -4423.076923076920139
       179    -5000.000000000000000
       180    -4423.076923076929234
       181    -5000.000000000000000
       182    -4423.076923076929234
       183    -5000.000000000000000
       184    -4423.076923076929234
       185    -5000.000000000000000
       186    -4423.076923076929234
       187    -5000.000000000000000
       188    -4423.076923076920139
       189    -5000.000000000000000
       190    -4423.076923076920139
       191    -5000.000000000000000
       192    -4423.076923076920139
       193    -5000.000000000000000
       194    -4423.076923076929234
       195    -5000.000000000000000
       196    -4423.076923076929234
       197    -5000.000000000000000
       198    -4423.076923076920139
       199    -3846.153846153849827
       200    -3846.153846153849827
       201    -3846.153846153849827
       202    -3846.153846153849827
       203    -3846.153846153849827
       204    -3846.153846153849827
       205    -3846.153846153849827
       206    -3846.153846153839822
       207    -3846.153846153849827
       208    -3846.153846153849827
       209    -3846.153846153839822
       210    -3846.153846153849827
       211    -3846.153846153849827
       212    -3846.153846153849827
       213    -3846.153846153849827
       214    -3846.153846153849827
       215    -3846.153846153849827
       216    -3846.153846153839822
       217    -3846.153846153849827
       218    -3846.153846153849827
       219    -3846.153846153849827
       220    -3846.153846153849827
       221    -3846.153846153849827
       222    -3846.153846153849827
       223    -3846.153846153849827
       224    -3846.153846153849827
       225    -3846.153846153849827
       226    -3846.153846153849827
       227    -3846.153846153849827
       228    -3846.153846153849827
       229    -3846.153846153849827
       230    -3846.153846153849827
       231    -3846.153846153849827
       232    -3846.153846153849827
       233    -3846.153846153849827
       234    -3846.153846153849827
       235    -3846.153846153849827
       236    -3846.153846153849827
       237    -3846.153846153849827
       238    -3846.153846153849827
       239    -3846.153846153849827
       240    -3846.153846153849827
       241    -3846.153846153849827
       242    -3846.153846153849827
       243    -3846.153846153849827
       244    -3846.153846153849827
       245    -3846.153846153849827
       246    -3846.153846153849827
       247    -3846.153846153849827
       248    -3846.153846153849827
       249    -3846.153846153849827
       250    -3846.153846153849827
       251    -3846.153846153839822
       252    -3846.153846153839822
       253    -3846.153846153839822
       254    -3846.153846153839822
       255    -3846.153846153839822
       256    -3846.153846153849827
       257    -3846.153846153849827
       258    -3846.153846153849827
       259    -3846.153846153849827
       260    -3846.153846153849827
       261    -3846.153846153849827
       262    -3846.153846153849827
       263    -3846.153846153839822
       264    -3846.153846153849827
       265    -3846.153846153839822
       266    -3846.153846153839822
       267    -3846.153846153839822
       268    -3846.153846153839822
       269    -3846.153846153839822
       270    -3846.153846153839822
       271    -3846.153846153849827
       272    -3846.153846153839822
       273    -3846.153846153839822
       274    -3846.153846153839822
       275    -3846.153846153839822
       276    -3846.153846153839822
       277    -3846.153846153839822
       278    -3846.153846153839822
       279    -3846.153846153849827
       280    -3846.153846153839822
       281    -3846.153846153849827
       282    -3846.153846153839822
       283    -3846.153846153849827
       284    -3846.153846153839822
       285    -3846.153846153849827
       286    -3269.230769230769965
       287    -3269.230769230769965
       288    -3269.230769230769965
       289    -3269.230769230769965
       290    -3269.230769230769965
       291    -3269.230769230769965
       292    -3269.230769230769965
       293    -3269.230769230769965
       294    -3269.230769230769965
       295    -3269.230769230769965
       296    -3269.230769230769965
       297    -3269.230769230769965
       298    -3269.230769230769965
       299    -3269.230769230769965
       300    -3269.230769230769965
       301    -3269.230769230769965
       302    -3269.230769230769965
       303    -3269.230769230769965
       304    -3269.230769230769965
       305    -3269.230769230769965
       306    -3269.230769230769965
       307    -3269.230769230769965
       308    -3269.230769230769965
       309    -3269.230769230769965
       310    -3269.230769230769965
       311    -3269.230769230769965
       312    -3269.230769230769965
       313    -3269.230769230769965
       314    -3269.230769230769965
       315    -3269.230769230769965
       316    -3269.230769230769965
       317    -3269.230769230769965
       318    -3269.230769230769965
       319    -3269.230769230769965
       320    -3269.230769230769965
       321    -3269.230769230769965
       322    -3269.230769230769965
       323    -3269.230769230769965
       324    -3269.230769230769965
       325    -3269.230769230769965
       326    -3269.230769230769965
       327    -3269.230769230769965
       328    -3269.230769230769965
       329    -3269.230769230769965
       330    -3269.230769230769965
       331    -3269.230769230769965
       332    -3269.230769230769965
       333    -3269.230769230769965
       334    -3269.230769230769965
       335    -3269.230769230769965
       336    -3269.230769230769965
       337    -3269.230769230769965
       338    -3269.230769230769965
       339    -3269.230769230769965
       340    -3269.230769230769965
       341    -3269.230769230769965
       342    -3269.230769230769965
       343    -3269.230769230769965
       344    -3269.230769230769965
       345    -3269.230769230769965
       346    -3269.230769230769965
       347    -3269.230769230769965
       348    -3269.230769230769965
       349    -3269.230769230769965
       350    -3269.230769230769965
       351    -3269.230769230769965
       352    -3269.230769230769965
       353    -3269.230769230769965
       354    -3269.230769230769965
       355    -3269.230769230769965
       356    -3269.230769230769965
       357    -3269.230769230769965
       358    -3269.230769230769965
       359    -3269.230769230769965
       360    -3269.230769230769965
       361    -3269.230769230769965
       362    -3269.230769230769965
       363    -3269.230769230769965
       364    -3269.230769230769965
       365    -3269.230769230769965
       366    -3269.230769230769965
       367    -3269.230769230769965
       368    -3269.230769230769965
       369    -3269.230769230769965
       370    -3269.230769230769965
       371    -3269.230769230769965
       372    -2692.307692307689649
       373    -2692.307692307689649
       374    -2692.307692307689649
       375    -2692.307692307689649
       376    -2692.307692307689649
       377    -2692.307692307689649
       378    -2692.307692307689649
       379    -2692.307692307689649
       380    -2692.307692307689649
       381    -2692.307692307689649
       382    -2692.307692307689649
       383    -2692.307692307689649
       384    -2692.307692307689649
       385    -2692.307692307689649
       386    -2692.307692307689649
       387    -2692.307692307689649
       388    -2692.307692307689649
       389    -2692.307692307689649
       390    -2692.307692307689649
       391    -2692.307692307689649
       392    -2692.307692307689649
       393    -2692.307692307689649
       394    -2692.307692307689649
       395    -2692.307692307689649
       396    -2692.307692307689649
       397    -2692.307692307689649
       398    -2692.307692307689649
       399    -2692.307692307689649
       400    -2692.307692307689649
       401    -2692.307692307689649
       402    -2692.307692307689649
       403    -2692.307692307689649
       404    -2692.307692307689649
       405    -2692.307692307689649
       406    -2692.307692307689649
       407    -2692.307692307689649
       408    -2692.307692307689649
       409    -2692.307692307689649
       410    -2692.307692307689649
       411    -2692.307692307689649
       412    -2692.307692307689649
       413    -2692.307692307689649
       414    -2692.307692307689649
       415    -2692.307692307689649
       416    -2692.307692307689649
       417    -2692.307692307689649
       418    -2692.307692307689649
       419    -2692.307692307689649
       420    -2692.307692307689649
       421    -2692.307692307689649
       422    -2692.307692307689649
       423    -2692.307692307689649
       424    -2692.307692307689649
       425    -2692.307692307689649
       426    -2692.307692307689649
       427    -2692.307692307689649
       428    -2692.307692307689649
       429    -2692.307692307689649
       430    -2692.307692307689649
       431    -2692.307692307689649
       432    -2692.307692307689649
       433    -2692.307692307689649
       434    -2692.307692307689649
       435    -2692.307692307689649
       436    -2692.307692307689649
       437    -2692.307692307689649
       438    -2692.307692307689649
       439    -2692.307692307689649
       440    -2692.307692307689649
       441    -2692.307692307689649
       442    -2692.307692307689649
       443    -2692.307692307689649
       444    -2692.307692307689649
       445    -2692.307692307689649
       446    -2692.307692307689649
       447    -2692.307692307689649
       448    -2692.307692307689649
       449    -2692.307692307689649
       450    -2692.307692307689649
       451    -2692.307692307689649
       452    -2692.307692307689649
       453    -2692.307692307689649
       454    -2115.384615384619792
       455    -2115.384615384619792
       456    -2115.384615384610242
       457    -2115.384615384610242
       458    -2115.384615384619792
       459    -2115.384615384610242
       460    -2115.384615384610242
       461    -2115.384615384619792
       462    -2115.384615384619792
       463    -2115.384615384619792
       464    -2115.384615384610242
       465    -2115.384615384610242
       466    -2115.384615384610242
       467    -2115.384615384619792
       468    -2115.384615384619792
       469    -2115.384615384610242
       470    -2115.384615384619792
       471    -2115.384615384619792
       472    -2115.384615384610242
       473    -2115.384615384619792
       474    -2115.384615384619792
       475    -2115.384615384610242
       476    -2115.384615384610242
       477    -2115.384615384610242
       478    -2115.384615384619792
       479    -2115.384615384610242
       480    -2115.384615384610242
       481    -2115.384615384610242
       482    -2115.384615384619792
       483    -2115.384615384619792
       484    -2115.384615384610242
       485    -2115.384615384619792
       486    -2115.384615384619792
       487    -2115.384615384610242
       488    -2115.384615384610242
       489    -2115.384615384619792
       490    -2115.384615384619792
       491    -2115.384615384619792
       492    -2115.384615384610242
       493    -2115.384615384619792
       494    -2115.384615384610242
       495    -2115.384615384610242
       496    -2115.384615384619792
       497    -2115.384615384619792
       498    -2115.384615384619792
       499    -2115.384615384610242
       500    -2115.384615384619792
       501    -2115.384615384610242
       502    -2115.384615384610242
       503    -2115.384615384619792
       504    -2115.384615384619792
       505    -2115.384615384619792
       506    -2115.384615384610242
       507    -2115.384615384619792
       508    -2115.384615384619792
       509    -2115.384615384610242
       510    -2115.384615384619792
       511    -2115.384615384619792
       512    -2115.384615384619792
       513    -2115.384615384610242
       514    -2115.384615384619792
       515    -2115.384615384619792
       516    -2115.384615384619792
       517    -2115.384615384619792
       518    -2115.384615384619792
       519    -2115.384615384619792
       520    -2115.384615384619792
       521    -2115.384615384619792
       522    -2115.384615384619792
       523    -2115.384615384619792
       524    -2115.384615384619792
       525    -2115.384615384610242
       526    -2115.384615384610242
       527    -2115.384615384610242
       528    -2115.384615384610242
       529    -2115.384615384610242
       530    -2115.384615384610242
       531    -2115.384615384619792
       532    -2115.384615384619792
       533    -2115.384615384619792
       534    -1538.461538461540158
       535    -1538.461538461540158
       536    -1538.461538461540158
       537    -1538.461538461540158
       538    -1538.461538461540158
       539    -1538.461538461540158
       540    -1538.461538461540158
       541    -1538.461538461540158
       542    -1538.461538461540158
       543    -1538.461538461540158
       544    -1538.461538461540158
       545    -1538.461538461540158
       546    -1538.461538461540158
       547    -1538.461538461540158
       548    -1538.461538461540158
       549    -1538.461538461540158
       550    -1538.461538461540158
       551    -1538.461538461540158
       552    -1538.461538461540158
       553    -1538.461538461540158
       554    -1538.461538461540158
       555    -1538.461538461540158
       556    -1538.461538461540158
       557    -1538.461538461540158
       558    -1538.461538461540158
       559    -1538.461538461540158
       560    -1538.461538461540158
       561    -1538.461538461540158
       562    -1538.461538461540158
       563    -1538.461538461540158
       564    -1538.461538461540158
       565    -1538.461538461540158
       566    -1538.461538461540158
       567    -1538.461538461540158
       568    -1538.461538461540158
       569    -1538.461538461540158
       570    -1538.461538461540158
       571    -1538.461538461540158
       572    -1538.461538461540158
       573    -1538.461538461540158
       574    -1538.461538461540158
       575    -1538.461538461540158
       576    -1538.461538461540158
       577    -1538.461538461540158
       578    -1538.461538461540158
       579    -1538.461538461540158
       580    -1538.461538461540158
       581    -1538.461538461540158
       582    -1538.461538461540158
       583    -1538.461538461540158
       584    -1538.461538461540158
       585    -1538.461538461540158
       586    -1538.461538461540158
       587    -1538.461538461540158
       588    -1538.461538461540158
       589    -1538.461538461540158
       590    -1538.461538461540158
       591    -1538.461538461540158
       592    -1538.461538461540158
       593    -1538.461538461540158
       594    -1538.461538461540158
       595    -1538.461538461540158
       596    -1538.461538461540158
       597    -1538.461538461540158
       598    -1538.461538461540158
       599    -1538.461538461540158
       600    -1538.461538461540158
       601    -1538.461538461540158
       602    -1538.461538461540158
       603    -1538.461538461540158
       604     -961.538461538462002
       605     -961.538461538463025
       606     -961.538461538462002
       607     -961.538461538463025
       608     -961.538461538462002
       609     -961.538461538462002
       610     -961.538461538463025
       611     -961.538461538462002
       612     -961.538461538462002
       613     -961.538461538462002
       614     -961.538461538462002
       615     -961.538461538462002
       616     -961.538461538462002
       617     -961.538461538462002
       618     -961.538461538462002
       619     -961.538461538460979
       620     -961.538461538463025
       621     -961.538461538462002
       622     -961.538461538462002
       623     -961.538461538463025
       624     -961.538461538462002
       625     -961.538461538462002
       626     -961.538461538463025
       627     -961.538461538462002
       628     -961.538461538462002
       629     -961.538461538462002
       630     -961.538461538462002
       631     -961.538461538462002
       632     -961.538461538462002
       633     -961.538461538462002
       634     -961.538461538462002
       635     -961.538461538462002
       636     -961.538461538463025
       637     -961.538461538462002
       638     -961.538461538462002
       639     -961.538461538462002
       640     -961.538461538462002
       641     -961.538461538463025
       642     -961.538461538462002
       643     -961.538461538463025
       644     -961.538461538462002
       645     -961.538461538462002
       646     -961.538461538463025
       647     -961.538461538462002
       648     -961.538461538462002
       649     -961.538461538462002
       650     -961.538461538463025
       651     -961.538461538462002
       652     -961.538461538462002
       653     -961.538461538462002
       654     -961.538461538462002
       655     -961.538461538462002
       656     -961.538461538462002
       657     -961.538461538462002
       658     -961.538461538462002
       659     -961.538461538462002
       660     -961.538461538462002
       661     -961.538461538462002
       662     -961.538461538462002
       663     -961.538461538462002
       664     -961.538461538462002
       665     -961.538461538462002
       666     -384.615384615385040
       667     -384.615384615385040
       668     -384.615384615385040
       669     -384.615384615385040
       670     -384.615384615384016
       671     -384.615384615385040
       672     -384.615384615385040
       673     -384.615384615385040
       674     -384.615384615385040
       675     -384.615384615385040
       676     -384.615384615385040
       677     -384.615384615385040
       678     -384.615384615385040
       679     -384.615384615385040
       680     -384.615384615384016
       681     -384.615384615385040
       682     -384.615384615385040
       683     -384.615384615385040
       684     -384.615384615385040
       685     -384.615384615385040
       686     -384.615384615384016
       687     -384.615384615385040
       688     -384.615384615385040
       689     -384.615384615384016
       690     -384.615384615385040
       691     -384.615384615385040
       692     -384.615384615385040
       693     -384.615384615385040
       694     -384.615384615385040
       695     -384.615384615385040
       696     -384.615384615385040
       697     -384.615384615385040
       698     -384.615384615386006
       699     -384.615384615385040
       700     -384.615384615385040
       701     -384.615384615385040
       702     -384.615384615385040
       703     -384.615384615384016
       704     -384.615384615385040
       705     -384.615384615385040
       706     -384.615384615384016
       707     -384.615384615384016
       708     -384.615384615385040
       709     -384.615384615385040
       710     -384.615384615384016
       711     -384.615384615385040
       712     -384.615384615385040
       713     -384.615384615385040
       714     -384.615384615385040
       715     -384.615384615385040
       716     -384.615384615385040
       717     -384.615384615385040
       718     -384.615384615385040
       719     -384.615384615385040
       720     -384.615384615385040
       721     -384.615384615385040
       722      192.307692307692008
       723      192.307692307693003
       724      192.307692307692008
       725      192.307692307692008
       726      192.307692307692008
       727      192.307692307693003
       728      192.307692307692008
       729      192.307692307692008
       730      192.307692307692008
       731      192.307692307692008
       732      192.307692307693003
       733      192.307692307692008
       734      192.307692307692008
       735      192.307692307692008
       736      192.307692307692008
       737      192.307692307692008
       738      192.307692307693003
       739      192.307692307692008
       740      192.307692307693003
       741      192.307692307692008
       742      192.307692307693003
       743      192.307692307692008
       744      192.307692307693003
       745      192.307692307693003
       746      192.307692307693003
       747      192.307692307692008
       748      192.307692307692008
       749      192.307692307692008
       750      192.307692307692008
       751      192.307692307692008
       752      192.307692307692008
       753      192.307692307692008
       754      192.307692307692008
       755      192.307692307692008
       756      192.307692307692008
       757      192.307692307692008
       758      192.307692307692008
       759      769.230769230769056
       760      769.230769230768033
       761      769.230769230768033
       762      769.230769230769056
       763      769.230769230768033
       764      769.230769230769056
       765      769.230769230768033
       766      769.230769230768033
       767      769.230769230768033
       768      769.230769230769056
       769      769.230769230768033
       770      769.230769230769056
       771      769.230769230769056
       772      769.230769230768033
