2 .00000
98
 10  5
  9  5
  8  5
  7  5
  6  5
  5  5
  4  5
  3  5
  2  5
  1  5
 20  5
 19  5
 18  5
 17  5
 16  5
 15  5
 14  5
 13  5
 12  5
 11  5
 29  5
 28  5
 27  5
 26  5
 25  5
 24  5
 23  5
 22  5
 21  5
 37  5
 36  5
 35  5
 34  5
 33  5
 32  5
 31  5
 30  5
366  5
368  5
370  5
372  5
361  5
362  5
363  5
364  5
365  5
367  5
369  5
371  5
373  5
374  5
325  2
280  2
235  2
196  2
158  2
121  2
 84  2
 47  2
 10  2
335  2
291  2
245  2
206  2
168  2
131  2
 94  2
 57  2
 20  2
345  2
300  2
254  2
215  2
177  2
140  2
103  2
 66  2
 29  2
353  2
308  2
262  2
223  2
185  2
148  2
111  2
 74  2
 37  2
315  2
269  2
480  1
461  1
445  1
431  1
417  1
403  1
389  1
375  1
361  1
