2 .00000
77
138  2
126  2
114  2
102  2
 90  2
 77  2
 63  2
 48  2
 31  2
144  2
132  2
120  2
108  2
 96  2
 84  2
 70  2
 56  2
 40  2
 14  2
 22  2
339  2
321  2
303  2
285  2
267  2
247  2
226  2
203  2
178  2
345  2
327  2
309  2
291  2
273  2
254  2
233  2
211  2
186  2
351  2
333  2
315  2
297  2
279  2
261  2
240  2
219  2
195  2
154  2
162  2
170  2
375  5
376  5
377  5
378  5
379  5
380  5
381  5
382  5
383  5
384  5
367  5
368  5
369  5
370  5
371  5
372  5
373  5
374  5
360  5
361  5
362  5
363  5
364  5
365  5
366  5
359  5
352  5
