         503
           1           1           5           6           2           3
           7           8           4
           2           5           9          10           6           7
          11          12           8
           3           9          13          14          10          11
          15          16          12
           4          13          17          18          14          15
          19          20          16
           5          17          21          22          18          19
          23          24          20
           6          21          25          26          22          23
          27          28          24
           7          25          29          30          26          27
          31          32          28
           8           2           6          35          33           4
           8          36          34
           9           6          10          37          35           8
          12          38          36
          10          10          14          39          37          12
          16          40          38
          11          14          18          41          39          16
          20          42          40
          12          18          22          43          41          20
          24          44          42
          13          22          26          45          43          24
          28          46          44
          14          26          30          47          45          28
          32          48          46
          15           3           7           8           4          49
          51          52          50
          16           7          11          12           8          51
          53          54          52
          17          11          15          16          12          53
          55          56          54
          18          15          19          20          16          55
          57          58          56
          19          19          23          24          20          57
          59          60          58
          20          23          27          28          24          59
          61          62          60
          21          27          31          32          28          61
          63          64          62
          22           4           8          36          34          50
          52          66          65
          23           8          12          38          36          52
          54          67          66
          24          12          16          40          38          54
          56          68          67
          25          16          20          42          40          56
          58          69          68
          26          20          24          44          42          58
          60          70          69
          27          24          28          46          44          60
          62          71          70
          28          28          32          48          46          62
          64          72          71
          29          49          51          52          50          73
          75          76          74
          30          51          53          54          52          75
          77          78          76
          31          53          55          56          54          77
          79          80          78
          32          55          57          58          56          79
          81          82          80
          33          57          59          60          58          81
          83          84          82
          34          59          61          62          60          83
          85          86          84
          35          61          63          64          62          85
          87          88          86
          36          50          52          66          65          74
          76          90          89
          37          52          54          67          66          76
          78          91          90
          38          54          56          68          67          78
          80          92          91
          39          56          58          69          68          80
          82          93          92
          40          58          60          70          69          82
          84          94          93
          41          60          62          71          70          84
          86          95          94
          42          62          64          72          71          86
          88          96          95
          43          73          75          76          74          97
          99         100          98
          44          75          77          78          76          99
         101         102         100
          45          77          79          80          78         101
         103         104         102
          46          79          81          82          80         103
         105         106         104
          47          81          83          84          82         105
         107         108         106
          48          83          85          86          84         107
         109         110         108
          49          85          87          88          86         109
         111         112         110
          50          74          76          90          89          98
         100         114         113
          51          76          78          91          90         100
         102         115         114
          52          78          80          92          91         102
         104         116         115
          53          80          82          93          92         104
         106         117         116
          54          82          84          94          93         106
         108         118         117
          55          84          86          95          94         108
         110         119         118
          56          86          88          96          95         110
         112         120         119
          57          97          99         100          98         121
         123         124         122
          58          99         101         102         100         123
         125         126         124
          59         101         103         104         102         125
         127         128         126
          60         103         105         106         104         127
         129         130         128
          61         105         107         108         106         129
         131         132         130
          62         107         109         110         108         131
         133         134         132
          63         109         111         112         110         133
         135         136         134
          64          98         100         114         113         122
         124         138         137
          65         100         102         115         114         124
         126         139         138
          66         102         104         116         115         126
         128         140         139
          67         104         106         117         116         128
         130         141         140
          68         106         108         118         117         130
         132         142         141
          69         108         110         119         118         132
         134         143         142
          70         110         112         120         119         134
         136         144         143
          71         121         123         124         122         145
         147         148         146
          72         123         125         126         124         147
         149         150         148
          73         125         127         128         126         149
         151         152         150
          74         127         129         130         128         151
         153         154         152
          75         129         131         132         130         153
         155         156         154
          76         131         133         134         132         155
         157         158         156
          77         133         135         136         134         157
         159         160         158
          78         122         124         138         137         146
         148         162         161
          79         124         126         139         138         148
         150         163         162
          80         126         128         140         139         150
         152         164         163
          81         128         130         141         140         152
         154         165         164
          82         130         132         142         141         154
         156         166         165
          83         132         134         143         142         156
         158         167         166
          84         134         136         144         143         158
         160         168         167
          85         145         147         148         146         169
         171         172         170
          86         147         149         150         148         171
         173         174         172
          87         149         151         152         150         173
         175         176         174
          88         151         153         154         152         175
         177         178         176
          89         153         155         156         154         177
         179         180         178
          90         155         157         158         156         179
         181         182         180
          91         157         159         160         158         181
         183         184         182
          92         146         148         162         161         170
         172         186         185
          93         148         150         163         162         172
         174         187         186
          94         150         152         164         163         174
         176         188         187
          95         152         154         165         164         176
         178         189         188
          96         154         156         166         165         178
         180         190         189
          97         156         158         167         166         180
         182         191         190
          98         158         160         168         167         182
         184         192         191
          99         169         171         172         170         193
         195         196         194
         100         171         173         174         172         195
         197         198         196
         101         173         175         176         174         197
         199         200         198
         102         175         177         178         176         199
         201         202         200
         103         177         179         180         178         201
         203         204         202
         104         179         181         182         180         203
         205         206         204
         105         181         183         184         182         205
         207         208         206
         106         170         172         186         185         194
         196         210         209
         107         172         174         187         186         196
         198         211         210
         108         174         176         188         187         198
         200         212         211
         109         176         178         189         188         200
         202         213         212
         110         178         180         190         189         202
         204         214         213
         111         180         182         191         190         204
         206         215         214
         112         182         184         192         191         206
         208         216         215
         113         197         199         200         198         217
         219         220         218
         114         199         201         202         200         219
         221         222         220
         115         201         203         204         202         221
         223         224         222
         116         203         205         206         204         223
         225         226         224
         117         205         207         208         206         225
         227         228         226
         118         198         200         212         211         218
         220         230         229
         119         200         202         213         212         220
         222         231         230
         120         202         204         214         213         222
         224         232         231
         121         204         206         215         214         224
         226         233         232
         122         206         208         216         215         226
         228         234         233
         123         235         239         240         236         237
         241         242         238
         124         239         243         244         240         241
         245         246         242
         125         243         247         248         244         245
         249         250         246
         126         247         251         252         248         249
         253         254         250
         127         251         255         256         252         253
         257         258         254
         128         255         259         260         256         257
         261         262         258
         129         259         263         264         260         261
         265         266         262
         130         236         240         269         267         238
         242         270         268
         131         240         244         271         269         242
         246         272         270
         132         244         248         273         271         246
         250         274         272
         133         248         252         275         273         250
         254         276         274
         134         252         256         277         275         254
         258         278         276
         135         256         260         279         277         258
         262         280         278
         136         260         264         281         279         262
         266         282         280
         137         267         269           5           1         268
         270           7           3
         138         269         271           9           5         270
         272          11           7
         139         271         273          13           9         272
         274          15          11
         140         273         275          17          13         274
         276          19          15
         141         275         277          21          17         276
         278          23          19
         142         277         279          25          21         278
         280          27          23
         143         279         281          29          25         280
         282          31          27
         144         237         241         242         238         283
         285         286         284
         145         241         245         246         242         285
         287         288         286
         146         245         249         250         246         287
         289         290         288
         147         249         253         254         250         289
         291         292         290
         148         253         257         258         254         291
         293         294         292
         149         257         261         262         258         293
         295         296         294
         150         261         265         266         262         295
         297         298         296
         151         238         242         270         268         284
         286         300         299
         152         242         246         272         270         286
         288         301         300
         153         246         250         274         272         288
         290         302         301
         154         250         254         276         274         290
         292         303         302
         155         254         258         278         276         292
         294         304         303
         156         258         262         280         278         294
         296         305         304
         157         262         266         282         280         296
         298         306         305
         158         268         270           7           3         299
         300          51          49
         159         270         272          11           7         300
         301          53          51
         160         272         274          15          11         301
         302          55          53
         161         274         276          19          15         302
         303          57          55
         162         276         278          23          19         303
         304          59          57
         163         278         280          27          23         304
         305          61          59
         164         280         282          31          27         305
         306          63          61
         165         283         285         286         284         307
         309         310         308
         166         285         287         288         286         309
         311         312         310
         167         287         289         290         288         311
         313         314         312
         168         289         291         292         290         313
         315         316         314
         169         291         293         294         292         315
         317         318         316
         170         293         295         296         294         317
         319         320         318
         171         295         297         298         296         319
         321         322         320
         172         284         286         300         299         308
         310         324         323
         173         286         288         301         300         310
         312         325         324
         174         288         290         302         301         312
         314         326         325
         175         290         292         303         302         314
         316         327         326
         176         292         294         304         303         316
         318         328         327
         177         294         296         305         304         318
         320         329         328
         178         296         298         306         305         320
         322         330         329
         179         299         300          51          49         323
         324          75          73
         180         300         301          53          51         324
         325          77          75
         181         301         302          55          53         325
         326          79          77
         182         302         303          57          55         326
         327          81          79
         183         303         304          59          57         327
         328          83          81
         184         304         305          61          59         328
         329          85          83
         185         305         306          63          61         329
         330          87          85
         186         307         309         310         308         331
         333         334         332
         187         309         311         312         310         333
         335         336         334
         188         311         313         314         312         335
         337         338         336
         189         313         315         316         314         337
         339         340         338
         190         315         317         318         316         339
         341         342         340
         191         317         319         320         318         341
         343         344         342
         192         319         321         322         320         343
         345         346         344
         193         308         310         324         323         332
         334         348         347
         194         310         312         325         324         334
         336         349         348
         195         312         314         326         325         336
         338         350         349
         196         314         316         327         326         338
         340         351         350
         197         316         318         328         327         340
         342         352         351
         198         318         320         329         328         342
         344         353         352
         199         320         322         330         329         344
         346         354         353
         200         323         324          75          73         347
         348          99          97
         201         324         325          77          75         348
         349         101          99
         202         325         326          79          77         349
         350         103         101
         203         326         327          81          79         350
         351         105         103
         204         327         328          83          81         351
         352         107         105
         205         328         329          85          83         352
         353         109         107
         206         329         330          87          85         353
         354         111         109
         207         331         333         334         332         355
         357         358         356
         208         333         335         336         334         357
         359         360         358
         209         335         337         338         336         359
         361         362         360
         210         337         339         340         338         361
         363         364         362
         211         339         341         342         340         363
         365         366         364
         212         341         343         344         342         365
         367         368         366
         213         343         345         346         344         367
         369         370         368
         214         332         334         348         347         356
         358         372         371
         215         334         336         349         348         358
         360         373         372
         216         336         338         350         349         360
         362         374         373
         217         338         340         351         350         362
         364         375         374
         218         340         342         352         351         364
         366         376         375
         219         342         344         353         352         366
         368         377         376
         220         344         346         354         353         368
         370         378         377
         221         347         348          99          97         371
         372         123         121
         222         348         349         101          99         372
         373         125         123
         223         349         350         103         101         373
         374         127         125
         224         350         351         105         103         374
         375         129         127
         225         351         352         107         105         375
         376         131         129
         226         352         353         109         107         376
         377         133         131
         227         353         354         111         109         377
         378         135         133
         228         355         357         358         356         379
         381         382         380
         229         357         359         360         358         381
         383         384         382
         230         359         361         362         360         383
         385         386         384
         231         361         363         364         362         385
         387         388         386
         232         363         365         366         364         387
         389         390         388
         233         365         367         368         366         389
         391         392         390
         234         367         369         370         368         391
         393         394         392
         235         356         358         372         371         380
         382         396         395
         236         358         360         373         372         382
         384         397         396
         237         360         362         374         373         384
         386         398         397
         238         362         364         375         374         386
         388         399         398
         239         364         366         376         375         388
         390         400         399
         240         366         368         377         376         390
         392         401         400
         241         368         370         378         377         392
         394         402         401
         242         371         372         123         121         395
         396         147         145
         243         372         373         125         123         396
         397         149         147
         244         373         374         127         125         397
         398         151         149
         245         374         375         129         127         398
         399         153         151
         246         375         376         131         129         399
         400         155         153
         247         376         377         133         131         400
         401         157         155
         248         377         378         135         133         401
         402         159         157
         249         381         383         384         382         404
         406         407         405
         250         383         385         386         384         406
         408         409         407
         251         385         387         388         386         408
         410         411         409
         252         387         389         390         388         410
         412         413         411
         253         389         391         392         390         412
         414         415         413
         254         391         393         394         392         414
         416         417         415
         255         380         382         396         395         403
         405         419         418
         256         382         384         397         396         405
         407         420         419
         257         384         386         398         397         407
         409         421         420
         258         386         388         399         398         409
         411         422         421
         259         388         390         400         399         411
         413         423         422
         260         390         392         401         400         413
         415         424         423
         261         392         394         402         401         415
         417         425         424
         262         395         396         147         145         418
         419         171         169
         263         396         397         149         147         419
         420         173         171
         264         397         398         151         149         420
         421         175         173
         265         398         399         153         151         421
         422         177         175
         266         399         400         155         153         422
         423         179         177
         267         400         401         157         155         423
         424         181         179
         268         401         402         159         157         424
         425         183         181
         269         404         406         407         405         426
         428         429         427
         270         406         408         409         407         428
         430         431         429
         271         408         410         411         409         430
         432         433         431
         272         410         412         413         411         432
         434         435         433
         273         412         414         415         413         434
         436         437         435
         274         414         416         417         415         436
         438         439         437
         275         405         407         420         419         427
         429         442         441
         276         407         409         421         420         429
         431         443         442
         277         409         411         422         421         431
         433         444         443
         278         411         413         423         422         433
         435         445         444
         279         413         415         424         423         435
         437         446         445
         280         415         417         425         424         437
         439         447         446
         281         418         419         171         169         440
         441         195         193
         282         419         420         173         171         441
         442         197         195
         283         420         421         175         173         442
         443         199         197
         284         421         422         177         175         443
         444         201         199
         285         422         423         179         177         444
         445         203         201
         286         423         424         181         179         445
         446         205         203
         287         424         425         183         181         446
         447         207         205
         288         428         430         431         429         448
         450         451         449
         289         430         432         433         431         450
         452         453         451
         290         432         434         435         433         452
         454         455         453
         291         434         436         437         435         454
         456         457         455
         292         436         438         439         437         456
         458         459         457
         293         429         431         443         442         449
         451         461         460
         294         431         433         444         443         451
         453         462         461
         295         433         435         445         444         453
         455         463         462
         296         435         437         446         445         455
         457         464         463
         297         437         439         447         446         457
         459         465         464
         298         442         443         199         197         460
         461         219         217
         299         443         444         201         199         461
         462         221         219
         300         444         445         203         201         462
         463         223         221
         301         445         446         205         203         463
         464         225         223
         302         446         447         207         205         464
         465         227         225
         303         263         466         467         265         259
         468         469         261
         304         466         470         471         467         468
         472         473         469
         305         470         474         475         471         472
         476         477         473
         306         265         467         478         297         261
         469         479         295
         307         467         471         480         478         469
         473         481         479
         308         471         475         482         480         473
         477         483         481
         309         297         478         484         321         295
         479         485         319
         310         478         480         486         484         479
         481         487         485
         311         480         482         488         486         481
         483         489         487
         312         321         484         490         345         319
         485         491         343
         313         484         486         492         490         485
         487         493         491
         314         486         488         494         492         487
         489         495         493
         315         345         490         498         369         343
         491         499         367
         316         490         492         500         498         491
         493         501         499
         317         492         494         502         500         493
         495         503         501
         318         494         496         504         502         495
         497         505         503
         319         369         498         508         393         367
         499         509         391
         320         498         500         510         508         499
         501         511         509
         321         500         502         512         510         501
         503         513         511
         322         502         504         514         512         503
         505         515         513
         323         504         506         516         514         505
         507         517         515
         324         393         508         518         416         391
         509         519         414
         325         508         510         520         518         509
         511         521         519
         326         510         512         522         520         511
         513         523         521
         327         512         514         524         522         513
         515         525         523
         328         514         516         526         524         515
         517         527         525
         329         416         518         528         438         414
         519         529         436
         330         518         520         530         528         519
         521         531         529
         331         520         522         532         530         521
         523         533         531
         332         522         524         534         532         523
         525         535         533
         333         438         528         536         458         436
         529         537         456
         334         528         530         538         536         529
         531         539         537
         335         530         532         540         538         531
         533         541         539
         336         259         468         469         261         255
         542         543         257
         337         468         472         473         469         542
         544         545         543
         338         472         476         477         473         544
         546         547         545
         339         261         469         479         295         257
         543         548         293
         340         469         473         481         479         543
         545         549         548
         341         473         477         483         481         545
         547         550         549
         342         295         479         485         319         293
         548         551         317
         343         479         481         487         485         548
         549         552         551
         344         481         483         489         487         549
         550         553         552
         345         319         485         491         343         317
         551         554         341
         346         485         487         493         491         551
         552         555         554
         347         487         489         495         493         552
         553         556         555
         348         343         491         499         367         341
         554         558         365
         349         491         493         501         499         554
         555         559         558
         350         493         495         503         501         555
         556         560         559
         351         495         497         505         503         556
         557         561         560
         352         367         499         509         391         365
         558         563         389
         353         499         501         511         509         558
         559         564         563
         354         501         503         513         511         559
         560         565         564
         355         503         505         515         513         560
         561         566         565
         356         505         507         517         515         561
         562         567         566
         357         391         509         519         414         389
         563         568         412
         358         509         511         521         519         563
         564         569         568
         359         511         513         523         521         564
         565         570         569
         360         513         515         525         523         565
         566         571         570
         361         515         517         527         525         566
         567         572         571
         362         414         519         529         436         412
         568         573         434
         363         519         521         531         529         568
         569         574         573
         364         521         523         533         531         569
         570         575         574
         365         523         525         535         533         570
         571         576         575
         366         436         529         537         456         434
         573         577         454
         367         529         531         539         537         573
         574         578         577
         368         531         533         541         539         574
         575         579         578
         369         255         542         543         257         251
         580         581         253
         370         542         544         545         543         580
         582         583         581
         371         544         546         547         545         582
         584         585         583
         372         257         543         548         293         253
         581         586         291
         373         543         545         549         548         581
         583         587         586
         374         545         547         550         549         583
         585         588         587
         375         293         548         551         317         291
         586         589         315
         376         548         549         552         551         586
         587         590         589
         377         549         550         553         552         587
         588         591         590
         378         317         551         554         341         315
         589         592         339
         379         551         552         555         554         589
         590         593         592
         380         552         553         556         555         590
         591         594         593
         381         341         554         558         365         339
         592         596         363
         382         554         555         559         558         592
         593         597         596
         383         555         556         560         559         593
         594         598         597
         384         556         557         561         560         594
         595         599         598
         385         365         558         563         389         363
         596         601         387
         386         558         559         564         563         596
         597         602         601
         387         559         560         565         564         597
         598         603         602
         388         560         561         566         565         598
         599         604         603
         389         561         562         567         566         599
         600         605         604
         390         389         563         568         412         387
         601         606         410
         391         563         564         569         568         601
         602         607         606
         392         564         565         570         569         602
         603         608         607
         393         565         566         571         570         603
         604         609         608
         394         566         567         572         571         604
         605         610         609
         395         412         568         573         434         410
         606         611         432
         396         568         569         574         573         606
         607         612         611
         397         569         570         575         574         607
         608         613         612
         398         570         571         576         575         608
         609         614         613
         399         434         573         577         454         432
         611         615         452
         400         573         574         578         577         611
         612         616         615
         401         574         575         579         578         612
         613         617         616
         402         251         580         581         253         247
         618         619         249
         403         580         582         583         581         618
         620         621         619
         404         582         584         585         583         620
         622         623         621
         405         253         581         586         291         249
         619         624         289
         406         581         583         587         586         619
         621         625         624
         407         583         585         588         587         621
         623         626         625
         408         291         586         589         315         289
         624         627         313
         409         586         587         590         589         624
         625         628         627
         410         587         588         591         590         625
         626         629         628
         411         315         589         592         339         313
         627         630         337
         412         589         590         593         592         627
         628         631         630
         413         590         591         594         593         628
         629         632         631
         414         339         592         596         363         337
         630         634         361
         415         592         593         597         596         630
         631         635         634
         416         593         594         598         597         631
         632         636         635
         417         594         595         599         598         632
         633         637         636
         418         363         596         601         387         361
         634         639         385
         419         596         597         602         601         634
         635         640         639
         420         597         598         603         602         635
         636         641         640
         421         598         599         604         603         636
         637         642         641
         422         599         600         605         604         637
         638         643         642
         423         387         601         606         410         385
         639         644         408
         424         601         602         607         606         639
         640         645         644
         425         602         603         608         607         640
         641         646         645
         426         603         604         609         608         641
         642         647         646
         427         604         605         610         609         642
         643         648         647
         428         410         606         611         432         408
         644         649         430
         429         606         607         612         611         644
         645         650         649
         430         607         608         613         612         645
         646         651         650
         431         608         609         614         613         646
         647         652         651
         432         432         611         615         452         430
         649         653         450
         433         611         612         616         615         649
         650         654         653
         434         612         613         617         616         650
         651         655         654
         435         247         618         619         249         243
         656         657         245
         436         618         620         621         619         656
         658         659         657
         437         620         622         623         621         658
         660         661         659
         438         249         619         624         289         245
         657         662         287
         439         619         621         625         624         657
         659         663         662
         440         621         623         626         625         659
         661         664         663
         441         289         624         627         313         287
         662         665         311
         442         624         625         628         627         662
         663         666         665
         443         625         626         629         628         663
         664         667         666
         444         313         627         630         337         311
         665         668         335
         445         627         628         631         630         665
         666         669         668
         446         628         629         632         631         666
         667         670         669
         447         337         630         634         361         335
         668         672         359
         448         630         631         635         634         668
         669         673         672
         449         631         632         636         635         669
         670         674         673
         450         632         633         637         636         670
         671         675         674
         451         361         634         639         385         359
         672         676         383
         452         634         635         640         639         672
         673         677         676
         453         635         636         641         640         673
         674         678         677
         454         636         637         642         641         674
         675         679         678
         455         385         639         644         408         383
         676         680         406
         456         639         640         645         644         676
         677         681         680
         457         640         641         646         645         677
         678         682         681
         458         641         642         647         646         678
         679         683         682
         459         408         644         649         430         406
         680         684         428
         460         644         645         650         649         680
         681         685         684
         461         645         646         651         650         681
         682         686         685
         462         646         647         652         651         682
         683         687         686
         463         430         649         653         450         428
         684         688         448
         464         649         650         654         653         684
         685         689         688
         465         650         651         655         654         685
         686         690         689
         466         243         656         657         245         239
         691         692         241
         467         656         658         659         657         691
         693         694         692
         468         658         660         661         659         693
         695         696         694
         469         245         657         662         287         241
         692         697         285
         470         657         659         663         662         692
         694         698         697
         471         659         661         664         663         694
         696         699         698
         472         287         662         665         311         285
         697         700         309
         473         662         663         666         665         697
         698         701         700
         474         663         664         667         666         698
         699         702         701
         475         311         665         668         335         309
         700         703         333
         476         665         666         669         668         700
         701         704         703
         477         666         667         670         669         701
         702         705         704
         478         335         668         672         359         333
         703         706         357
         479         668         669         673         672         703
         704         707         706
         480         669         670         674         673         704
         705         708         707
         481         359         672         676         383         357
         706         710         381
         482         672         673         677         676         706
         707         711         710
         483         673         674         678         677         707
         708         712         711
         484         674         675         679         678         708
         709         713         712
         485         383         676         680         406         381
         710         714         404
         486         676         677         681         680         710
         711         715         714
         487         677         678         682         681         711
         712         716         715
         488         678         679         683         682         712
         713         717         716
         489         406         680         684         428         404
         714         718         426
         490         680         681         685         684         714
         715         719         718
         491         681         682         686         685         715
         716         720         719
         492         239         691         692         241         235
         721         722         237
         493         691         693         694         692         721
         723         724         722
         494         693         695         696         694         723
         725         726         724
         495         241         692         697         285         237
         722         727         283
         496         692         694         698         697         722
         724         728         727
         497         694         696         699         698         724
         726         729         728
         498         285         697         700         309         283
         727         730         307
         499         697         698         701         700         727
         728         731         730
         500         698         699         702         701         728
         729         732         731
         501         309         700         703         333         307
         730         733         331
         502         700         701         704         703         730
         731         734         733
         503         333         703         706         357         331
         733         735         355
