         504
           1           1           2           3           4          19
          20          21          22
           2           2           5           6           3          20
          23          24          21
           3           5           7           8           6          23
          25          26          24
           4           7           9          10           8          25
          27          28          26
           5           9          11          12          10          27
          29          30          28
           6           4           3          13          14          22
          21          33          34
           7           3           6          15          13          21
          24          35          33
           8           6           8          16          15          24
          26          36          35
           9           8          10          17          16          26
          28          37          36
          10          10          12          18          17          28
          30          38          37
          11          19          20          21          22          40
          41          42          43
          12          20          23          24          21          41
          44          45          42
          13          23          25          26          24          44
          46          47          45
          14          25          27          28          26          46
          48          49          47
          15          27          29          30          28          48
          50          51          49
          16          29          31          32          30          50
          52          53          51
          17          22          21          33          34          43
          42          56          57
          18          21          24          35          33          42
          45          58          56
          19          24          26          36          35          45
          47          59          58
          20          26          28          37          36          47
          49          60          59
          21          28          30          38          37          49
          51          61          60
          22          30          32          39          38          51
          53          62          61
          23          64          19          22          65          69
          40          43          70
          24          65          22          34          66          70
          43          57          72
          25          73          74          75          76          91
          92          93          94
          26          74          77          78          75          92
          95          96          93
          27          77          79          80          78          95
          97          98          96
          28          79          81          82          80          97
          99         100          98
          29          81          83          84          82          99
         101         102         100
          30          76          75          85          86          94
          93         105         106
          31          75          78          87          85          93
          96         107         105
          32          78          80          88          87          96
          98         108         107
          33          80          82          89          88          98
         100         109         108
          34          82          84          90          89         100
         102         110         109
          35          86          85           2           1         106
         105          20          19
          36          85          87           5           2         105
         107          23          20
          37          87          88           7           5         107
         108          25          23
          38          88          89           9           7         108
         109          27          25
          39          89          90          11           9         109
         110          29          27
          40          91          92          93          94         112
         113         114         115
          41          92          95          96          93         113
         116         117         114
          42          95          97          98          96         116
         118         119         117
          43          97          99         100          98         118
         120         121         119
          44          99         101         102         100         120
         122         123         121
          45         101         103         104         102         122
         124         125         123
          46          94          93         105         106         115
         114         128         129
          47          93          96         107         105         114
         117         130         128
          48          96          98         108         107         117
         119         131         130
          49          98         100         109         108         119
         121         132         131
          50         100         102         110         109         121
         123         133         132
          51         102         104         111         110         123
         125         134         133
          52         106         105          20          19         129
         128          41          40
          53         105         107          23          20         128
         130          44          41
          54         107         108          25          23         130
         131          46          44
          55         108         109          27          25         131
         132          48          46
          56         109         110          29          27         132
         133          50          48
          57         110         111          31          29         133
         134          52          50
          58         136          91          94         137         141
         112         115         142
          59         137          94         106         138         142
         115         129         144
          60         138         106          19          64         144
         129          40          69
          61         147         146         148         149         156
         155         158         159
          62         152         151         153         154         169
         168         171         172
          63         154         153         155         156         172
         171         174         175
          64         156         155         158         159         175
         174         177         178
          65         155         157         160         158         174
         176         179         177
          66         159         158         161         162         178
         177         180         181
          67         158         160         163         161         177
         179         182         180
          68         165         164         166         167         185
         184         186         187
          69         167         166         168         169         187
         186         189         190
          70         169         168         171         172         190
         189         192         193
          71         168         170         173         171         189
         191         194         192
          72         172         171         174         175         193
         192         195         196
          73         171         173         176         174         192
         194         197         195
          74         175         174         177         178         196
         195         198         199
          75         174         176         179         177         195
         197         200         198
          76         178         177         180         181         199
         198         201         202
          77         177         179         182         180         198
         200         203         201
          78         185         184         186         187         206
         205         207         208
          79         187         186         189         190         208
         207         210         211
          80         186         188         191         189         207
         209         212         210
          81         190         189         192         193         211
         210         213         214
          82         189         191         194         192         210
         212         215         213
          83         193         192         195         196         214
         213         216         217
          84         192         194         197         195         213
         215         218         216
          85         196         195         198         199         217
         216         219         220
          86         195         197         200         198         216
         218         221         219
          87         199         198         201         202         220
         219         222         223
          88         198         200         203         201         219
         221         224         222
          89         206         205         207         208         227
         226         228         229
          90         208         207         210         211         229
         228         231         232
          91         207         209         212         210         228
         230         233         231
          92         211         210         213         214         232
         231         234         235
          93         210         212         215         213         231
         233         236         234
          94         214         213         216         217         235
         234         237         238
          95         213         215         218         216         234
         236         239         237
          96         217         216         219         220         238
         237         240         241
          97         216         218         221         219         237
         239         242         240
          98         220         219         222         223         241
         240         243         244
          99         219         221         224         222         240
         242         245         243
         100         227         226         228         229         124
         103         101         122
         101         229         228         231         232         122
         101          99         120
         102         228         230         233         231         101
          83          81          99
         103         232         231         234         235         120
          99          97         118
         104         231         233         236         234          99
          81          79          97
         105         235         234         237         238         118
          97          95         116
         106         234         236         239         237          97
          79          77          95
         107         238         237         240         241         116
          95          92         113
         108         237         239         242         240          95
          77          74          92
         109         241         240         243         244         113
          92          91         112
         110         240         242         245         243          92
          74          73          91
         111         250         249         251         252         181
         180         201         202
         112         252         251         253         254         202
         201         222         223
         113         254         253         255         256         223
         222         243         244
         114         256         255         136         141         244
         243          91         112
         115         257         259         260         258         266
         268         269         267
         116         259         261         262         260         268
         270         271         269
         117         258         260         264         263         267
         269         275         274
         118         260         262         265         264         269
         271         276         275
         119          54         266         267          55          52
         278         279          53
         120         266         268         269         267         278
         280         281         279
         121         268         270         271         269         280
         282         283         281
         122         270         272         273         271         282
         284         285         283
         123          55         267         274          63          53
         279         286          62
         124         267         269         275         274         279
         281         287         286
         125         269         271         276         275         281
         283         288         287
         126         271         273         277         276         283
         285         289         288
         127          52         278         279          53          50
         290         291          51
         128         278         280         281         279         290
         292         293         291
         129         280         282         283         281         292
         294         295         293
         130         282         284         285         283         294
         296         297         295
         131          53         279         286          62          51
         291         300          61
         132         279         281         287         286         291
         293         301         300
         133         281         283         288         287         293
         295         302         301
         134         283         285         289         288         295
         297         303         302
         135          50         290         291          51          48
         305         306          49
         136         290         292         293         291         305
         307         308         306
         137         292         294         295         293         307
         309         310         308
         138         294         296         297         295         309
         311         312         310
         139         296         298         299         297         311
         313         314         312
         140          51         291         300          61          49
         306         315          60
         141         291         293         301         300         306
         308         316         315
         142         293         295         302         301         308
         310         317         316
         143         295         297         303         302         310
         312         318         317
         144         297         299         304         303         312
         314         319         318
         145          48         305         306          49          46
         320         321          47
         146         305         307         308         306         320
         322         323         321
         147         307         309         310         308         322
         324         325         323
         148         309         311         312         310         324
         326         327         325
         149         311         313         314         312         326
         328         329         327
         150          49         306         315          60          47
         321         332          59
         151         306         308         316         315         321
         323         333         332
         152         308         310         317         316         323
         325         334         333
         153         310         312         318         317         325
         327         335         334
         154         312         314         319         318         327
         329         336         335
         155          46         320         321          47          44
         338         339          45
         156         320         322         323         321         338
         340         341         339
         157         322         324         325         323         340
         342         343         341
         158         324         326         327         325         342
         344         345         343
         159         326         328         329         327         344
         346         347         345
         160         328         330         331         329         346
         348         349         347
         161          47         321         332          59          45
         339         350          58
         162         321         323         333         332         339
         341         351         350
         163         323         325         334         333         341
         343         352         351
         164         325         327         335         334         343
         345         353         352
         165         327         329         336         335         345
         347         354         353
         166         329         331         337         336         347
         349         355         354
         167          44         338         339          45          41
         356         357          42
         168         338         340         341         339         356
         358         359         357
         169         340         342         343         341         358
         360         361         359
         170         342         344         345         343         360
         362         363         361
         171         344         346         347         345         362
         364         365         363
         172         346         348         349         347         364
         366         367         365
         173          45         339         350          58          42
         357         368          56
         174         339         341         351         350         357
         359         369         368
         175         341         343         352         351         359
         361         370         369
         176         343         345         353         352         361
         363         371         370
         177         345         347         354         353         363
         365         372         371
         178         347         349         355         354         365
         367         373         372
         179          41         356         357          42          40
         374         375          43
         180         356         358         359         357         374
         376         377         375
         181         358         360         361         359         376
         378         379         377
         182         360         362         363         361         378
         380         381         379
         183         362         364         365         363         380
         382         383         381
         184          42         357         368          56          43
         375         384          57
         185         357         359         369         368         375
         377         385         384
         186         359         361         370         369         377
         379         386         385
         187         361         363         371         370         379
         381         387         386
         188         363         365         372         371         381
         383         388         387
         189          40         374         375          43          69
         389         390          70
         190         374         376         377         375         389
         391         392         390
         191         376         378         379         377         391
         393         394         392
         192         378         380         381         379         393
         395         396         394
         193          43         375         384          57          70
         390         397          72
         194         375         377         385         384         390
         392         398         397
         195         377         379         386         385         392
         394         399         398
         196         379         381         387         386         394
         396         400         399
         197          69         389         390          70          67
         401         402          68
         198         389         391         392         390         401
         403         404         402
         199          70         390         397          72          68
         402         405          71
         200         390         392         398         397         402
         404         406         405
         201         407         409         410         408         416
         418         419         417
         202         409         411         412         410         418
         420         421         419
         203         408         410         414         413         417
         419         425         424
         204         410         412         415         414         419
         421         426         425
         205         413         414         259         257         424
         425         268         266
         206         414         415         261         259         425
         426         270         268
         207         126         416         417         127         124
         428         429         125
         208         416         418         419         417         428
         430         431         429
         209         418         420         421         419         430
         432         433         431
         210         420         422         423         421         432
         434         435         433
         211         127         417         424         135         125
         429         436         134
         212         417         419         425         424         429
         431         437         436
         213         419         421         426         425         431
         433         438         437
         214         421         423         427         426         433
         435         439         438
         215         135         424         266          54         134
         436         278          52
         216         424         425         268         266         436
         437         280         278
         217         425         426         270         268         437
         438         282         280
         218         426         427         272         270         438
         439         284         282
         219         124         428         429         125         122
         440         441         123
         220         428         430         431         429         440
         442         443         441
         221         430         432         433         431         442
         444         445         443
         222         432         434         435         433         444
         446         447         445
         223         125         429         436         134         123
         441         450         133
         224         429         431         437         436         441
         443         451         450
         225         431         433         438         437         443
         445         452         451
         226         433         435         439         438         445
         447         453         452
         227         134         436         278          52         133
         450         290          50
         228         436         437         280         278         450
         451         292         290
         229         437         438         282         280         451
         452         294         292
         230         438         439         284         282         452
         453         296         294
         231         122         440         441         123         120
         455         456         121
         232         440         442         443         441         455
         457         458         456
         233         442         444         445         443         457
         459         460         458
         234         444         446         447         445         459
         461         462         460
         235         446         448         449         447         461
         463         464         462
         236         123         441         450         133         121
         456         465         132
         237         441         443         451         450         456
         458         466         465
         238         443         445         452         451         458
         460         467         466
         239         445         447         453         452         460
         462         468         467
         240         447         449         454         453         462
         464         469         468
         241         133         450         290          50         132
         465         305          48
         242         450         451         292         290         465
         466         307         305
         243         451         452         294         292         466
         467         309         307
         244         452         453         296         294         467
         468         311         309
         245         453         454         298         296         468
         469         313         311
         246         120         455         456         121         118
         470         471         119
         247         455         457         458         456         470
         472         473         471
         248         457         459         460         458         472
         474         475         473
         249         459         461         462         460         474
         476         477         475
         250         461         463         464         462         476
         478         479         477
         251         121         456         465         132         119
         471         482         131
         252         456         458         466         465         471
         473         483         482
         253         458         460         467         466         473
         475         484         483
         254         460         462         468         467         475
         477         485         484
         255         462         464         469         468         477
         479         486         485
         256         132         465         305          48         131
         482         320          46
         257         465         466         307         305         482
         483         322         320
         258         466         467         309         307         483
         484         324         322
         259         467         468         311         309         484
         485         326         324
         260         468         469         313         311         485
         486         328         326
         261         118         470         471         119         116
         488         489         117
         262         470         472         473         471         488
         490         491         489
         263         472         474         475         473         490
         492         493         491
         264         474         476         477         475         492
         494         495         493
         265         476         478         479         477         494
         496         497         495
         266         478         480         481         479         496
         498         499         497
         267         119         471         482         131         117
         489         500         130
         268         471         473         483         482         489
         491         501         500
         269         473         475         484         483         491
         493         502         501
         270         475         477         485         484         493
         495         503         502
         271         477         479         486         485         495
         497         504         503
         272         479         481         487         486         497
         499         505         504
         273         131         482         320          46         130
         500         338          44
         274         482         483         322         320         500
         501         340         338
         275         483         484         324         322         501
         502         342         340
         276         484         485         326         324         502
         503         344         342
         277         485         486         328         326         503
         504         346         344
         278         486         487         330         328         504
         505         348         346
         279         116         488         489         117         113
         506         507         114
         280         488         490         491         489         506
         508         509         507
         281         490         492         493         491         508
         510         511         509
         282         492         494         495         493         510
         512         513         511
         283         494         496         497         495         512
         514         515         513
         284         496         498         499         497         514
         516         517         515
         285         117         489         500         130         114
         507         518         128
         286         489         491         501         500         507
         509         519         518
         287         491         493         502         501         509
         511         520         519
         288         493         495         503         502         511
         513         521         520
         289         495         497         504         503         513
         515         522         521
         290         497         499         505         504         515
         517         523         522
         291         130         500         338          44         128
         518         356          41
         292         500         501         340         338         518
         519         358         356
         293         501         502         342         340         519
         520         360         358
         294         502         503         344         342         520
         521         362         360
         295         503         504         346         344         521
         522         364         362
         296         504         505         348         346         522
         523         366         364
         297         113         506         507         114         112
         524         525         115
         298         506         508         509         507         524
         526         527         525
         299         508         510         511         509         526
         528         529         527
         300         510         512         513         511         528
         530         531         529
         301         512         514         515         513         530
         532         533         531
         302         514         516         517         515         532
         534         535         533
         303         114         507         518         128         115
         525         536         129
         304         507         509         519         518         525
         527         537         536
         305         509         511         520         519         527
         529         538         537
         306         511         513         521         520         529
         531         539         538
         307         513         515         522         521         531
         533         540         539
         308         128         518         356          41         129
         536         374          40
         309         518         519         358         356         536
         537         376         374
         310         519         520         360         358         537
         538         378         376
         311         520         521         362         360         538
         539         380         378
         312         521         522         364         362         539
         540         382         380
         313         112         524         525         115         141
         541         542         142
         314         524         526         527         525         541
         543         544         542
         315         526         528         529         527         543
         545         546         544
         316         528         530         531         529         545
         547         548         546
         317         530         532         533         531         547
         549         550         548
         318         115         525         536         129         142
         542         551         144
         319         525         527         537         536         542
         544         552         551
         320         527         529         538         537         544
         546         553         552
         321         529         531         539         538         546
         548         554         553
         322         531         533         540         539         548
         550         555         554
         323         129         536         374          40         144
         551         389          69
         324         536         537         376         374         551
         552         391         389
         325         537         538         378         376         552
         553         393         391
         326         538         539         380         378         553
         554         395         393
         327         141         541         542         142         139
         556         557         140
         328         541         543         544         542         556
         558         559         557
         329         142         542         551         144         140
         557         560         143
         330         542         544         552         551         557
         559         561         560
         331         144         551         389          69         143
         560         401          67
         332         551         552         391         389         560
         561         403         401
         333         480         562         565         498         478
         577         581         496
         334         562         563         566         565         577
         578         582         581
         335         563         564         567         566         578
         579         583         582
         336         498         565         568         516         496
         581         585         514
         337         565         566         569         568         581
         582         586         585
         338         566         567         570         569         582
         583         587         586
         339         516         568         571         534         514
         585         589         532
         340         568         569         572         571         585
         586         590         589
         341         463         573         577         478         461
         600         604         476
         342         573         574         578         577         600
         601         605         604
         343         574         575         579         578         601
         602         606         605
         344         575         576         580         579         602
         603         607         606
         345         478         577         581         496         476
         604         609         494
         346         577         578         582         581         604
         605         610         609
         347         578         579         583         582         605
         606         611         610
         348         579         580         584         583         606
         607         612         611
         349         496         581         585         514         494
         609         614         512
         350         581         582         586         585         609
         610         615         614
         351         582         583         587         586         610
         611         616         615
         352         583         584         588         587         611
         612         617         616
         353         514         585         589         532         512
         614         619         530
         354         585         586         590         589         614
         615         620         619
         355         586         587         591         590         615
         616         621         620
         356         422         592         594         434         420
         625         628         432
         357         592         593         595         594         625
         626         629         628
         358         434         594         597         446         432
         628         631         444
         359         594         595         598         597         628
         629         632         631
         360         595         596         599         598         629
         630         633         632
         361         446         597         600         461         444
         631         635         459
         362         597         598         601         600         631
         632         636         635
         363         598         599         602         601         632
         633         637         636
         364         461         600         604         476         459
         635         639         474
         365         600         601         605         604         635
         636         640         639
         366         601         602         606         605         636
         637         641         640
         367         602         603         607         606         637
         638         642         641
         368         476         604         609         494         474
         639         644         492
         369         604         605         610         609         639
         640         645         644
         370         605         606         611         610         640
         641         646         645
         371         606         607         612         611         641
         642         647         646
         372         607         608         613         612         642
         643         648         647
         373         494         609         614         512         492
         644         650         510
         374         609         610         615         614         644
         645         651         650
         375         610         611         616         615         645
         646         652         651
         376         611         612         617         616         646
         647         653         652
         377         612         613         618         617         647
         648         654         653
         378         512         614         619         530         510
         650         656         528
         379         614         615         620         619         650
         651         657         656
         380         615         616         621         620         651
         652         658         657
         381         616         617         622         621         652
         653         659         658
         382         411         623         625         420         409
         661         663         418
         383         623         624         626         625         661
         662         664         663
         384         420         625         628         432         418
         663         666         430
         385         625         626         629         628         663
         664         667         666
         386         626         627         630         629         664
         665         668         667
         387         432         628         631         444         430
         666         670         442
         388         628         629         632         631         666
         667         671         670
         389         629         630         633         632         667
         668         672         671
         390         444         631         635         459         442
         670         674         457
         391         631         632         636         635         670
         671         675         674
         392         632         633         637         636         671
         672         676         675
         393         633         634         638         637         672
         673         677         676
         394         459         635         639         474         457
         674         679         472
         395         635         636         640         639         674
         675         680         679
         396         636         637         641         640         675
         676         681         680
         397         637         638         642         641         676
         677         682         681
         398         474         639         644         492         472
         679         684         490
         399         639         640         645         644         679
         680         685         684
         400         640         641         646         645         680
         681         686         685
         401         641         642         647         646         681
         682         687         686
         402         642         643         648         647         682
         683         688         687
         403         492         644         650         510         490
         684         690         508
         404         644         645         651         650         684
         685         691         690
         405         645         646         652         651         685
         686         692         691
         406         646         647         653         652         686
         687         693         692
         407         647         648         654         653         687
         688         694         693
         408         648         649         655         654         688
         689         695         694
         409         510         650         656         528         508
         690         696         526
         410         650         651         657         656         690
         691         697         696
         411         651         652         658         657         691
         692         698         697
         412         652         653         659         658         692
         693         699         698
         413         653         654         660         659         693
         694         700         699
         414         409         661         663         418         407
         701         703         416
         415         661         662         664         663         701
         702         704         703
         416         418         663         666         430         416
         703         706         428
         417         663         664         667         666         703
         704         707         706
         418         664         665         668         667         704
         705         708         707
         419         430         666         670         442         428
         706         710         440
         420         666         667         671         670         706
         707         711         710
         421         667         668         672         671         707
         708         712         711
         422         668         669         673         672         708
         709         713         712
         423         442         670         674         457         440
         710         715         455
         424         670         671         675         674         710
         711         716         715
         425         671         672         676         675         711
         712         717         716
         426         672         673         677         676         712
         713         718         717
         427         457         674         679         472         455
         715         720         470
         428         674         675         680         679         715
         716         721         720
         429         675         676         681         680         716
         717         722         721
         430         676         677         682         681         717
         718         723         722
         431         677         678         683         682         718
         719         724         723
         432         472         679         684         490         470
         720         726         488
         433         679         680         685         684         720
         721         727         726
         434         680         681         686         685         721
         722         728         727
         435         681         682         687         686         722
         723         729         728
         436         682         683         688         687         723
         724         730         729
         437         490         684         690         508         488
         726         732         506
         438         684         685         691         690         726
         727         733         732
         439         685         686         692         691         727
         728         734         733
         440         686         687         693         692         728
         729         735         734
         441         687         688         694         693         729
         730         736         735
         442         688         689         695         694         730
         731         737         736
         443         508         690         696         526         506
         732         738         524
         444         690         691         697         696         732
         733         739         738
         445         691         692         698         697         733
         734         740         739
         446         692         693         699         698         734
         735         741         740
         447         693         694         700         699         735
         736         742         741
         448         416         703         706         428         126
         225         227         124
         449         703         704         707         706         225
         204         206         227
         450         704         705         708         707         204
         183         185         206
         451         428         706         710         440         124
         227         229         122
         452         706         707         711         710         227
         206         208         229
         453         707         708         712         711         206
         185         187         208
         454         708         709         713         712         185
         165         167         187
         455         440         710         715         455         122
         229         232         120
         456         710         711         716         715         229
         208         211         232
         457         711         712         717         716         208
         187         190         211
         458         712         713         718         717         187
         167         169         190
         459         713         714         719         718         167
         150         152         169
         460         455         715         720         470         120
         232         235         118
         461         715         716         721         720         232
         211         214         235
         462         716         717         722         721         211
         190         193         214
         463         717         718         723         722         190
         169         172         193
         464         718         719         724         723         169
         152         154         172
         465         470         720         726         488         118
         235         238         116
         466         720         721         727         726         235
         214         217         238
         467         721         722         728         727         214
         193         196         217
         468         722         723         729         728         193
         172         175         196
         469         723         724         730         729         172
         154         156         175
         470         724         725         731         730         154
         145         147         156
         471         488         726         732         506         116
         238         241         113
         472         726         727         733         732         238
         217         220         241
         473         727         728         734         733         217
         196         199         220
         474         728         729         735         734         196
         175         178         199
         475         729         730         736         735         175
         156         159         178
         476         730         731         737         736         156
         147         149         159
         477         506         732         738         524         113
         241         244         112
         478         732         733         739         738         241
         220         223         244
         479         733         734         740         739         220
         199         202         223
         480         734         735         741         740         199
         178         181         202
         481         735         736         742         741         178
         159         162         181
         482         590         743         744         589         620
         746         747         619
         483         589         744         549         532         619
         747         547         530
         484         621         745         746         620         658
         749         750         657
         485         620         746         747         619         657
         750         751         656
         486         619         747         547         530         656
         751         545         528
         487         659         748         749         658         699
         752         753         698
         488         658         749         750         657         698
         753         755         697
         489         657         750         751         656         697
         755         757         696
         490         656         751         545         528         696
         757         543         526
         491         699         752         753         698         741
         759         760         740
         492         698         753         755         697         740
         760         762         739
         493         753         754         756         755         760
         761         763         762
         494         697         755         757         696         739
         762         764         738
         495         755         756         758         757         762
         763         765         764
         496         696         757         543         526         738
         764         541         524
         497         757         758         558         543         764
         765         556         541
         498         741         759         760         740         181
         250         252         202
         499         740         760         762         739         202
         252         254         223
         500         760         761         763         762         252
         246         247         254
         501         739         762         764         738         223
         254         256         244
         502         762         763         765         764         254
         247         248         256
         503         738         764         541         524         244
         256         141         112
         504         764         765         556         541         256
         248         139         141
