         748
         1     -588.235294117646959
         2     -588.235294117646959
         3        0.000000000000000
         4        0.000000000000000
         5        0.000000000000000
         6        0.000000000000000
         7     -588.235294117646959
         8        0.000000000000000
         9        0.000000000000000
        10     -588.235294117646959
        11        0.000000000000000
        12        0.000000000000000
        13     -588.235294117646959
        14        0.000000000000000
        15        0.000000000000000
        16     -588.235294117646959
        17        0.000000000000000
        18        0.000000000000000
        19     -588.235294117646959
        20        0.000000000000000
        21        0.000000000000000
        22     -588.235294117646959
        23        0.000000000000000
        24        0.000000000000000
        25        0.000000000000000
        26        0.000000000000000
        27     4705.882352941180216
        28     4705.882352941180216
        29     4705.882352941180216
        30     4705.882352941180216
        31     4705.882352941180216
        32     4705.882352941180216
        33     4705.882352941180216
        34     4705.882352941180216
        35     4705.882352941180216
        36     4705.882352941180216
        37     4705.882352941180216
        38     4705.882352941180216
        39     4705.882352941180216
        40     4705.882352941180216
        41     4705.882352941180216
        42     4705.882352941180216
        43     4705.882352941180216
        44     4705.882352941180216
        45     4705.882352941180216
        46     4705.882352941180216
        47     4705.882352941180216
        48     4705.882352941180216
        49     4705.882352941180216
        50     4705.882352941180216
        51     4705.882352941180216
        52     4705.882352941180216
        53     4705.882352941180216
        54     4705.882352941180216
        55     4705.882352941180216
        56     4705.882352941180216
        57     4705.882352941180216
        58     4705.882352941180216
        59     4705.882352941180216
        60     4705.882352941180216
        61     4705.882352941180216
        62     4705.882352941180216
        63     4705.882352941180216
        64     4705.882352941180216
        65     4705.882352941180216
        66     4705.882352941180216
        67     4705.882352941180216
        68     4705.882352941180216
        69     4117.647058823529733
        70     4117.647058823529733
        71     4117.647058823529733
        72     4117.647058823529733
        73     4117.647058823529733
        74     4117.647058823529733
        75     4117.647058823529733
        76     4117.647058823529733
        77     4117.647058823529733
        78     4117.647058823529733
        79     4117.647058823529733
        80     4117.647058823529733
        81     4117.647058823529733
        82     4117.647058823529733
        83     4117.647058823529733
        84     4117.647058823529733
        85     4117.647058823529733
        86     4117.647058823529733
        87     4117.647058823529733
        88     4117.647058823529733
        89     4117.647058823529733
        90     4117.647058823529733
        91     4117.647058823529733
        92     4117.647058823529733
        93     4117.647058823529733
        94     4117.647058823529733
        95     4117.647058823529733
        96     4117.647058823529733
        97     4117.647058823529733
        98     4117.647058823529733
        99     4117.647058823529733
       100     4117.647058823529733
       101     4117.647058823529733
       102     4117.647058823529733
       103     4117.647058823529733
       104     4117.647058823529733
       105     4117.647058823529733
       106     4117.647058823529733
       107     4117.647058823529733
       108     4117.647058823529733
       109     4117.647058823529733
       110     4117.647058823529733
       111     4117.647058823529733
       112     4117.647058823529733
       113     4117.647058823529733
       114     4117.647058823529733
       115     4117.647058823529733
       116     4117.647058823529733
       117     4117.647058823529733
       118     4117.647058823529733
       119     4117.647058823529733
       120     4117.647058823529733
       121     4117.647058823529733
       122     4117.647058823529733
       123     3529.411764705880159
       124     3529.411764705880159
       125     3529.411764705880159
       126     3529.411764705880159
       127     3529.411764705880159
       128     3529.411764705880159
       129     3529.411764705880159
       130     3529.411764705880159
       131     3529.411764705880159
       132     3529.411764705880159
       133     3529.411764705880159
       134     3529.411764705880159
       135     3529.411764705880159
       136     3529.411764705880159
       137     3529.411764705880159
       138     3529.411764705880159
       139     3529.411764705880159
       140     3529.411764705880159
       141     3529.411764705880159
       142     3529.411764705880159
       143     3529.411764705880159
       144     3529.411764705880159
       145     3529.411764705880159
       146     3529.411764705880159
       147     3529.411764705880159
       148     3529.411764705880159
       149     3529.411764705880159
       150     3529.411764705880159
       151     3529.411764705880159
       152     3529.411764705880159
       153     3529.411764705880159
       154     3529.411764705880159
       155     3529.411764705880159
       156     3529.411764705880159
       157     3529.411764705880159
       158     3529.411764705880159
       159     3529.411764705880159
       160     3529.411764705880159
       161     3529.411764705880159
       162     3529.411764705880159
       163     3529.411764705880159
       164     3529.411764705880159
       165     3529.411764705880159
       166     3529.411764705880159
       167     3529.411764705880159
       168     3529.411764705880159
       169     3529.411764705880159
       170     3529.411764705880159
       171     3529.411764705880159
       172     3529.411764705880159
       173     3529.411764705880159
       174     3529.411764705880159
       175     3529.411764705880159
       176     3529.411764705880159
       177     2941.176470588240136
       178     2941.176470588240136
       179     2941.176470588240136
       180     2941.176470588240136
       181     2941.176470588240136
       182     2941.176470588240136
       183     2941.176470588240136
       184     2941.176470588240136
       185     2941.176470588240136
       186     2941.176470588240136
       187     2941.176470588240136
       188     2941.176470588240136
       189     2941.176470588240136
       190     2941.176470588240136
       191     2941.176470588240136
       192     2941.176470588240136
       193     2941.176470588240136
       194     2941.176470588240136
       195     2941.176470588240136
       196     2941.176470588240136
       197     2941.176470588240136
       198     2941.176470588240136
       199     2941.176470588240136
       200     2941.176470588240136
       201     2941.176470588230131
       202     2941.176470588230131
       203     2941.176470588240136
       204     2941.176470588240136
       205     2941.176470588240136
       206     2941.176470588240136
       207     2941.176470588240136
       208     2941.176470588240136
       209     2941.176470588240136
       210     2941.176470588230131
       211     2941.176470588230131
       212     2941.176470588230131
       213     2941.176470588240136
       214     2941.176470588240136
       215     2941.176470588240136
       216     2941.176470588240136
       217     2941.176470588240136
       218     2941.176470588240136
       219     2941.176470588240136
       220     2941.176470588240136
       221     2941.176470588230131
       222     2941.176470588240136
       223     2941.176470588230131
       224     2941.176470588240136
       225     2941.176470588240136
       226     2941.176470588230131
       227     2941.176470588240136
       228     2941.176470588230131
       229     2941.176470588230131
       230     2941.176470588230131
       231     2941.176470588240136
       232     2352.941176470590108
       233     2352.941176470590108
       234     2352.941176470590108
       235     2352.941176470590108
       236     2352.941176470590108
       237     2352.941176470590108
       238     2352.941176470590108
       239     2352.941176470590108
       240     2352.941176470590108
       241     2352.941176470590108
       242     2352.941176470590108
       243     2352.941176470590108
       244     2352.941176470590108
       245     2352.941176470590108
       246     2352.941176470590108
       247     2352.941176470590108
       248     2352.941176470590108
       249     2352.941176470590108
       250     2352.941176470590108
       251     2352.941176470590108
       252     2352.941176470590108
       253     2352.941176470590108
       254     2352.941176470590108
       255     2352.941176470590108
       256     2352.941176470590108
       257     2352.941176470590108
       258     2352.941176470590108
       259     2352.941176470590108
       260     2352.941176470590108
       261     2352.941176470590108
       262     2352.941176470590108
       263     2352.941176470590108
       264     2352.941176470590108
       265     2352.941176470590108
       266     2352.941176470590108
       267     2352.941176470590108
       268     2352.941176470590108
       269     2352.941176470590108
       270     2352.941176470590108
       271     2352.941176470590108
       272     2352.941176470590108
       273     2352.941176470590108
       274     2352.941176470590108
       275     2352.941176470590108
       276     2352.941176470590108
       277     2352.941176470590108
       278     2352.941176470590108
       279     2352.941176470590108
       280     2352.941176470590108
       281     2352.941176470590108
       282     2352.941176470590108
       283     2352.941176470590108
       284     2352.941176470590108
       285     2352.941176470590108
       286     2352.941176470590108
       287     2352.941176470590108
       288     1764.705882352940080
       289     1764.705882352940080
       290     1764.705882352940080
       291     1764.705882352940080
       292     1764.705882352940080
       293     1764.705882352940080
       294     1764.705882352940080
       295     1764.705882352940080
       296     1764.705882352940080
       297     1764.705882352940080
       298     1764.705882352940080
       299     1764.705882352940080
       300     1764.705882352940080
       301     1764.705882352940080
       302     1764.705882352940080
       303     1764.705882352940080
       304     1764.705882352940080
       305     1764.705882352940080
       306     1764.705882352940080
       307     1764.705882352940080
       308     1764.705882352940080
       309     1764.705882352940080
       310     1764.705882352940080
       311     1764.705882352940080
       312     1764.705882352940080
       313     1764.705882352940080
       314     1764.705882352940080
       315     1764.705882352940080
       316     1764.705882352940080
       317     1764.705882352940080
       318     1764.705882352940080
       319     1764.705882352940080
       320     1764.705882352940080
       321     1764.705882352940080
       322     1764.705882352940080
       323     1764.705882352940080
       324     1764.705882352940080
       325     1764.705882352940080
       326     1764.705882352940080
       327     1764.705882352940080
       328     1764.705882352940080
       329     1764.705882352940080
       330     1764.705882352940080
       331     1764.705882352940080
       332     1764.705882352940080
       333     1764.705882352940080
       334     1764.705882352940080
       335     1764.705882352940080
       336     1176.470588235290052
       337     1176.470588235290052
       338     1176.470588235290052
       339     1176.470588235290052
       340     1176.470588235290052
       341     1176.470588235290052
       342     1176.470588235290052
       343     1176.470588235290052
       344     1176.470588235290052
       345     1176.470588235290052
       346     1176.470588235290052
       347     1176.470588235290052
       348     1176.470588235290052
       349     1176.470588235290052
       350     1176.470588235290052
       351     1176.470588235290052
       352     1176.470588235290052
       353     1176.470588235290052
       354     1176.470588235290052
       355     1176.470588235290052
       356     1176.470588235290052
       357     1176.470588235290052
       358     1176.470588235290052
       359     1176.470588235290052
       360     1176.470588235290052
       361     1176.470588235290052
       362     1176.470588235290052
       363     1176.470588235290052
       364     1176.470588235290052
       365     1176.470588235290052
       366     1176.470588235290052
       367     1176.470588235290052
       368     1176.470588235290052
       369     1176.470588235290052
       370     1176.470588235290052
       371     1176.470588235290052
       372     1176.470588235290052
       373     1176.470588235290052
       374     1176.470588235290052
       375      588.235294117646959
       376      588.235294117646959
       377      588.235294117646959
       378      588.235294117646959
       379      588.235294117646959
       380      588.235294117646959
       381      588.235294117646959
       382      588.235294117646959
       383      588.235294117646959
       384      588.235294117646959
       385      588.235294117646959
       386      588.235294117646959
       387      588.235294117646959
       388      588.235294117646959
       389      588.235294117646959
       390      588.235294117646959
       391      588.235294117646959
       392      588.235294117646959
       393      588.235294117646959
       394      588.235294117646959
       395      588.235294117646959
       396      588.235294117646959
       397      588.235294117646959
       398      588.235294117646959
       399      588.235294117646959
       400      588.235294117646959
       401      588.235294117646959
       402      588.235294117646959
       403      588.235294117646959
       404     -588.235294117646959
       405     -588.235294117646959
       406     -588.235294117646959
       407     -588.235294117646959
       408     -588.235294117646959
       409     -588.235294117645935
       410        0.000000000000000
       411        0.000000000000000
       412        0.000000000000000
       413        0.000000000000000
       414        0.000000000000000
       415        0.000000000000000
       416        0.000000000000000
       417        0.000000000000000
       418     -588.235294117646959
       419     -588.235294117646959
       420     -588.235294117646959
       421        0.000000000000000
       422        0.000000000000000
       423        0.000000000000000
       424        0.000000000000000
       425     -588.235294117646959
       426     -588.235294117646959
       427     -588.235294117646959
       428        0.000000000000000
       429        0.000000000000000
       430        0.000000000000000
       431        0.000000000000000
       432     -588.235294117646959
       433     -588.235294117646959
       434     -588.235294117646959
       435        0.000000000000000
       436        0.000000000000000
       437        0.000000000000000
       438        0.000000000000000
       439     -588.235294117646959
       440     -588.235294117646959
       441     -588.235294117646959
       442        0.000000000000000
       443        0.000000000000000
       444        0.000000000000000
       445        0.000000000000000
       446     -588.235294117646959
       447     -588.235294117646959
       448     -588.235294117646959
       449        0.000000000000000
       450        0.000000000000000
       451        0.000000000000000
       452        0.000000000000000
       453     -588.235294117646959
       454     -588.235294117646959
       455     -588.235294117646959
       456        0.000000000000000
       457        0.000000000000000
       458        0.000000000000000
       459        0.000000000000000
       460        0.000000000000000
       461        0.000000000000000
       462        0.000000000000000
       463        0.000000000000000
       464     4705.882352941180216
       465     4705.882352941180216
       466     4705.882352941180216
       467     4705.882352941180216
       468     4705.882352941180216
       469     4705.882352941180216
       470     4705.882352941180216
       471     4705.882352941180216
       472     4705.882352941180216
       473     4705.882352941180216
       474     4705.882352941180216
       475     4705.882352941180216
       476     4705.882352941180216
       477     4705.882352941180216
       478     4705.882352941180216
       479     4705.882352941180216
       480     4117.647058823529733
       481     4117.647058823529733
       482     4117.647058823529733
       483     4117.647058823529733
       484     4117.647058823529733
       485     4117.647058823529733
       486     4117.647058823529733
       487     4117.647058823529733
       488     4117.647058823529733
       489     4117.647058823529733
       490     4117.647058823529733
       491     4117.647058823529733
       492     4117.647058823529733
       493     4117.647058823529733
       494     4117.647058823529733
       495     4117.647058823529733
       496     4117.647058823529733
       497     4117.647058823529733
       498     4117.647058823529733
       499     4117.647058823529733
       500     4117.647058823529733
       501     4117.647058823529733
       502     4117.647058823529733
       503     4117.647058823529733
       504     4117.647058823529733
       505     4117.647058823529733
       506     4117.647058823529733
       507     4117.647058823529733
       508     4117.647058823529733
       509     3529.411764705880159
       510     3529.411764705880159
       511     3529.411764705880159
       512     3529.411764705880159
       513     3529.411764705880159
       514     3529.411764705880159
       515     3529.411764705880159
       516     3529.411764705880159
       517     3529.411764705880159
       518     3529.411764705880159
       519     3529.411764705880159
       520     3529.411764705880159
       521     3529.411764705880159
       522     3529.411764705880159
       523     3529.411764705880159
       524     3529.411764705880159
       525     3529.411764705880159
       526     3529.411764705880159
       527     3529.411764705880159
       528     3529.411764705880159
       529     3529.411764705880159
       530     3529.411764705880159
       531     3529.411764705880159
       532     3529.411764705880159
       533     3529.411764705880159
       534     3529.411764705880159
       535     3529.411764705880159
       536     3529.411764705880159
       537     3529.411764705880159
       538     3529.411764705880159
       539     3529.411764705880159
       540     3529.411764705880159
       541     3529.411764705880159
       542     3529.411764705880159
       543     3529.411764705880159
       544     3529.411764705880159
       545     3529.411764705880159
       546     2941.176470588240136
       547     2941.176470588240136
       548     2941.176470588240136
       549     2941.176470588240136
       550     2941.176470588230131
       551     2941.176470588230131
       552     2941.176470588240136
       553     2941.176470588240136
       554     2941.176470588240136
       555     2941.176470588230131
       556     2941.176470588230131
       557     2941.176470588230131
       558     2941.176470588240136
       559     2941.176470588240136
       560     2941.176470588230131
       561     2941.176470588230131
       562     2941.176470588240136
       563     2941.176470588240136
       564     2941.176470588240136
       565     2941.176470588240136
       566     2941.176470588240136
       567     2941.176470588240136
       568     2941.176470588230131
       569     2941.176470588240136
       570     2941.176470588240136
       571     2941.176470588240136
       572     2941.176470588240136
       573     2941.176470588230131
       574     2941.176470588240136
       575     2941.176470588240136
       576     2941.176470588240136
       577     2941.176470588240136
       578     2941.176470588240136
       579     2941.176470588240136
       580     2941.176470588230131
       581     2941.176470588240136
       582     2941.176470588240136
       583     2941.176470588230131
       584     2941.176470588230131
       585     2352.941176470590108
       586     2352.941176470590108
       587     2352.941176470590108
       588     2352.941176470590108
       589     2352.941176470590108
       590     2352.941176470590108
       591     2352.941176470590108
       592     2352.941176470590108
       593     2352.941176470590108
       594     2352.941176470590108
       595     2352.941176470590108
       596     2352.941176470590108
       597     2352.941176470590108
       598     2352.941176470590108
       599     2352.941176470590108
       600     2352.941176470590108
       601     2352.941176470590108
       602     2352.941176470590108
       603     2352.941176470590108
       604     2352.941176470590108
       605     2352.941176470590108
       606     2352.941176470590108
       607     2352.941176470590108
       608     2352.941176470590108
       609     2352.941176470590108
       610     2352.941176470590108
       611     2352.941176470590108
       612     2352.941176470590108
       613     2352.941176470590108
       614     2352.941176470590108
       615     2352.941176470590108
       616     2352.941176470590108
       617     2352.941176470590108
       618     2352.941176470590108
       619     2352.941176470590108
       620     2352.941176470590108
       621     2352.941176470590108
       622     2352.941176470590108
       623     2352.941176470590108
       624     2352.941176470590108
       625     2352.941176470590108
       626     1764.705882352940080
       627     1764.705882352940080
       628     1764.705882352940080
       629     1764.705882352940080
       630     1764.705882352940080
       631     1764.705882352940080
       632     1764.705882352940080
       633     1764.705882352940080
       634     1764.705882352940080
       635     1764.705882352940080
       636     1764.705882352940080
       637     1764.705882352940080
       638     1764.705882352940080
       639     1764.705882352940080
       640     1764.705882352940080
       641     1764.705882352940080
       642     1764.705882352940080
       643     1764.705882352940080
       644     1764.705882352940080
       645     1764.705882352940080
       646     1764.705882352940080
       647     1764.705882352940080
       648     1764.705882352940080
       649     1764.705882352940080
       650     1764.705882352940080
       651     1764.705882352940080
       652     1764.705882352940080
       653     1764.705882352940080
       654     1764.705882352940080
       655     1764.705882352940080
       656     1764.705882352940080
       657     1764.705882352940080
       658     1764.705882352940080
       659     1764.705882352940080
       660     1764.705882352940080
       661     1764.705882352940080
       662     1764.705882352940080
       663     1764.705882352940080
       664     1764.705882352940080
       665     1764.705882352940080
       666     1764.705882352940080
       667     1176.470588235290052
       668     1176.470588235290052
       669     1176.470588235290052
       670     1176.470588235290052
       671     1176.470588235290052
       672     1176.470588235290052
       673     1176.470588235290052
       674     1176.470588235290052
       675     1176.470588235290052
       676     1176.470588235290052
       677     1176.470588235290052
       678     1176.470588235290052
       679     1176.470588235290052
       680     1176.470588235290052
       681     1176.470588235290052
       682     1176.470588235290052
       683     1176.470588235299829
       684     1176.470588235290052
       685     1176.470588235290052
       686     1176.470588235290052
       687     1176.470588235290052
       688     1176.470588235290052
       689     1176.470588235290052
       690     1176.470588235290052
       691     1176.470588235290052
       692     1176.470588235290052
       693     1176.470588235290052
       694     1176.470588235290052
       695     1176.470588235290052
       696     1176.470588235299829
       697     1176.470588235290052
       698     1176.470588235290052
       699     1176.470588235290052
       700     1176.470588235290052
       701     1176.470588235290052
       702     1176.470588235290052
       703     1176.470588235290052
       704     1176.470588235290052
       705     1176.470588235290052
       706     1176.470588235290052
       707     1176.470588235290052
       708     1176.470588235290052
       709      588.235294117646959
       710      588.235294117646959
       711      588.235294117646959
       712      588.235294117646959
       713      588.235294117646959
       714      588.235294117646959
       715      588.235294117646959
       716      588.235294117646959
       717      588.235294117646959
       718      588.235294117646959
       719      588.235294117646959
       720      588.235294117646959
       721      588.235294117646959
       722      588.235294117646959
       723      588.235294117646959
       724      588.235294117646959
       725      588.235294117646959
       726      588.235294117646959
       727      588.235294117646959
       728      588.235294117646959
       729      588.235294117646959
       730      588.235294117646959
       731      588.235294117646959
       732      588.235294117646959
       733      588.235294117646959
       734      588.235294117646959
       735      588.235294117646959
       736      588.235294117646959
       737      588.235294117646959
       738      588.235294117646959
       739      588.235294117646959
       740      588.235294117646959
       741      588.235294117646959
       742      588.235294117646959
       743      588.235294117646959
       744      588.235294117646959
       745      588.235294117646959
       746      588.235294117646959
       747      588.235294117646959
       748      588.235294117646959
