         760
         1        0.000000000000000
         2        0.000000000000000
         3        0.000000000000000
         4        0.000000000000000
         5        0.000000000000000
         6        0.000000000000000
         7        0.000000000000000
         8        0.000000000000000
         9        0.000000000000000
        10     4705.882352941180216
        11     4705.882352941170211
        12     4117.647058823529733
        13     4117.647058823529733
        14     3529.411764705880159
        15     3529.411764705880159
        16     2941.176470588230131
        17     2941.176470588230131
        18     2352.941176470590108
        19     2352.941176470590108
        20     1764.705882352940080
        21     1764.705882352940080
        22     1176.470588235290052
        23     1176.470588235290052
        24     4705.882352941180216
        25     4117.647058823529733
        26     3529.411764705880159
        27     2941.176470588230131
        28     2352.941176470590108
        29     1764.705882352940080
        30     1176.470588235290052
        31     5294.117647058829789
        32     5294.117647058819784
        33     4705.882352941180216
        34     4705.882352941180216
        35     4117.647058823529733
        36     4117.647058823529733
        37     3529.411764705880159
        38     3529.411764705880159
        39     2941.176470588240136
        40     2941.176470588240136
        41     2352.941176470590108
        42     2352.941176470590108
        43     1764.705882352940080
        44     1764.705882352940080
        45     1176.470588235290052
        46     1176.470588235290052
        47      588.235294117646959
        48      588.235294117646959
        49     5294.117647058819784
        50     4705.882352941180216
        51     4117.647058823529733
        52     3529.411764705880159
        53     2941.176470588240136
        54     2352.941176470590108
        55     1764.705882352940080
        56     1176.470588235290052
        57      588.235294117646959
        58     5882.352941176470267
        59     5882.352941176470267
        60     5294.117647058819784
        61     5294.117647058829789
        62     4705.882352941180216
        63     4705.882352941180216
        64     4117.647058823529733
        65     4117.647058823529733
        66     3529.411764705880159
        67     3529.411764705880159
        68     2941.176470588240136
        69     2941.176470588240136
        70     2352.941176470590108
        71     2352.941176470590108
        72     1764.705882352940080
        73     1764.705882352940080
        74     1176.470588235290052
        75     1176.470588235290052
        76      588.235294117646959
        77      588.235294117646959
        78     5882.352941176470267
        79     5294.117647058819784
        80     4705.882352941180216
        81     4117.647058823529733
        82     3529.411764705880159
        83     2941.176470588240136
        84     2352.941176470590108
        85     1764.705882352940080
        86     1176.470588235290052
        87      588.235294117646959
        88     5882.352941176470267
        89     5882.352941176470267
        90     5294.117647058829789
        91     5294.117647058829789
        92     4705.882352941180216
        93     4705.882352941180216
        94     4117.647058823529733
        95     4117.647058823529733
        96     3529.411764705880159
        97     3529.411764705880159
        98     2941.176470588240136
        99     2941.176470588240136
       100     2352.941176470590108
       101     2352.941176470590108
       102     1764.705882352940080
       103     1764.705882352940080
       104     1176.470588235290052
       105     1176.470588235290052
       106      588.235294117646959
       107      588.235294117646959
       108     5882.352941176470267
       109     5294.117647058819784
       110     4705.882352941180216
       111     4117.647058823529733
       112     3529.411764705880159
       113     2941.176470588240136
       114     2352.941176470590108
       115     1764.705882352940080
       116     1176.470588235290052
       117      588.235294117646959
       118     5882.352941176470267
       119     5882.352941176470267
       120     5294.117647058819784
       121     5294.117647058829789
       122     4705.882352941180216
       123     4705.882352941180216
       124     4117.647058823529733
       125     4117.647058823529733
       126     3529.411764705880159
       127     3529.411764705880159
       128     2941.176470588240136
       129     2941.176470588240136
       130     2352.941176470590108
       131     2352.941176470590108
       132     1764.705882352940080
       133     1764.705882352940080
       134     1176.470588235290052
       135     1176.470588235290052
       136      588.235294117646959
       137      588.235294117646959
       138     5882.352941176470267
       139     5294.117647058819784
       140     4705.882352941180216
       141     4117.647058823529733
       142     3529.411764705880159
       143     2941.176470588240136
       144     2352.941176470590108
       145     1764.705882352940080
       146     1176.470588235290052
       147      588.235294117646959
       148     5882.352941176470267
       149     5294.117647058819784
       150     5294.117647058819784
       151     4705.882352941180216
       152     4705.882352941170211
       153     4117.647058823529733
       154     4117.647058823529733
       155     3529.411764705880159
       156     3529.411764705880159
       157     2941.176470588240136
       158     2941.176470588240136
       159     2352.941176470590108
       160     2352.941176470590108
       161     1764.705882352940080
       162     1764.705882352940080
       163     1176.470588235290052
       164     1176.470588235290052
       165      588.235294117646959
       166      588.235294117646959
       167     5294.117647058819784
       168     4705.882352941180216
       169     4117.647058823529733
       170     3529.411764705880159
       171     2941.176470588240136
       172     2352.941176470590108
       173     1764.705882352940080
       174     1176.470588235290052
       175      588.235294117646959
       176        0.000000000000000
       177        0.000000000000000
       178        0.000000000000000
       179        0.000000000000000
       180        0.000000000000000
       181        0.000000000000000
       182        0.000000000000000
       183        0.000000000000000
       184        0.000000000000000
       185     4705.882352941180216
       186     4705.882352941180216
       187     4117.647058823529733
       188     4117.647058823529733
       189     3529.411764705880159
       190     3529.411764705880159
       191     2941.176470588230131
       192     2941.176470588230131
       193     2352.941176470590108
       194     2352.941176470590108
       195     1764.705882352940080
       196     1764.705882352940080
       197     1176.470588235290052
       198     1176.470588235290052
       199     4705.882352941180216
       200     4117.647058823529733
       201     3529.411764705880159
       202     2941.176470588230131
       203     2352.941176470590108
       204     1764.705882352940080
       205     1176.470588235290052
       206     5294.117647058829789
       207     5294.117647058829789
       208     4705.882352941180216
       209     4705.882352941180216
       210     4117.647058823529733
       211     4117.647058823529733
       212     3529.411764705880159
       213     3529.411764705880159
       214     2941.176470588240136
       215     2941.176470588240136
       216     2352.941176470590108
       217     2352.941176470590108
       218     1764.705882352940080
       219     1764.705882352940080
       220     1176.470588235290052
       221     1176.470588235290052
       222      588.235294117646959
       223      588.235294117646959
       224     5294.117647058819784
       225     4705.882352941180216
       226     4117.647058823529733
       227     3529.411764705880159
       228     2941.176470588240136
       229     2352.941176470590108
       230     1764.705882352940080
       231     1176.470588235290052
       232      588.235294117646959
       233     5882.352941176470267
       234     5882.352941176470267
       235     5294.117647058819784
       236     5294.117647058819784
       237     4705.882352941180216
       238     4705.882352941180216
       239     4117.647058823529733
       240     4117.647058823529733
       241     3529.411764705880159
       242     3529.411764705880159
       243     2941.176470588240136
       244     2941.176470588240136
       245     2352.941176470590108
       246     2352.941176470590108
       247     1764.705882352940080
       248     1764.705882352940080
       249     1176.470588235290052
       250     1176.470588235299829
       251      588.235294117646959
       252      588.235294117646959
       253     5882.352941176470267
       254     5294.117647058819784
       255     4705.882352941180216
       256     4117.647058823529733
       257     3529.411764705880159
       258     2941.176470588240136
       259     2352.941176470590108
       260     1764.705882352940080
       261     1176.470588235290052
       262      588.235294117646959
       263     6470.588235294120750
       264     5882.352941176470267
       265     5882.352941176470267
       266     5294.117647058829789
       267     5294.117647058829789
       268     4705.882352941180216
       269     4705.882352941180216
       270     4117.647058823529733
       271     4117.647058823529733
       272     3529.411764705880159
       273     3529.411764705880159
       274     2941.176470588240136
       275     2941.176470588240136
       276     2352.941176470590108
       277     2352.941176470590108
       278     1764.705882352940080
       279     1764.705882352940080
       280     1176.470588235290052
       281     1176.470588235290052
       282      588.235294117646959
       283      588.235294117646959
       284     5882.352941176470267
       285     5294.117647058819784
       286     4705.882352941180216
       287     4117.647058823529733
       288     3529.411764705880159
       289     2941.176470588230131
       290     2352.941176470590108
       291     1764.705882352940080
       292     1176.470588235290052
       293      588.235294117646959
       294     6470.588235294120750
       295     5882.352941176470267
       296     5882.352941176470267
       297     5294.117647058819784
       298     5294.117647058819784
       299     4705.882352941180216
       300     4705.882352941180216
       301     4117.647058823529733
       302     4117.647058823529733
       303     3529.411764705880159
       304     3529.411764705880159
       305     2941.176470588240136
       306     2941.176470588240136
       307     2352.941176470590108
       308     2352.941176470590108
       309     1764.705882352940080
       310     1764.705882352940080
       311     1176.470588235290052
       312     1176.470588235290052
       313      588.235294117646959
       314      588.235294117646959
       315     5882.352941176470267
       316     5294.117647058819784
       317     4705.882352941180216
       318     4117.647058823529733
       319     3529.411764705880159
       320     2941.176470588240136
       321     2352.941176470590108
       322     1764.705882352940080
       323     1176.470588235290052
       324      588.235294117646959
       325     5882.352941176470267
       326     5882.352941176470267
       327     5294.117647058819784
       328     5294.117647058819784
       329     4705.882352941180216
       330     4705.882352941180216
       331     4117.647058823529733
       332     4117.647058823529733
       333     3529.411764705880159
       334     3529.411764705880159
       335     2941.176470588240136
       336     2941.176470588240136
       337     2352.941176470590108
       338     2352.941176470590108
       339     1764.705882352940080
       340     1764.705882352940080
       341     1176.470588235290052
       342     1176.470588235290052
       343      588.235294117646959
       344      588.235294117646959
       345     5882.352941176470267
       346     5294.117647058819784
       347     4705.882352941180216
       348     4117.647058823529733
       349     3529.411764705880159
       350     2941.176470588230131
       351     2352.941176470590108
       352     1764.705882352940080
       353     1176.470588235290052
       354      588.235294117646959
       355        0.000000000000000
       356        0.000000000000000
       357        0.000000000000000
       358        0.000000000000000
       359        0.000000000000000
       360        0.000000000000000
       361        0.000000000000000
       362        0.000000000000000
       363        0.000000000000000
       364        0.000000000000000
       365        0.000000000000000
       366        0.000000000000000
       367     6470.588235294120750
       368     6470.588235294120750
       369     6470.588235294120750
       370     6470.588235294120750
       371     6470.588235294120750
       372     6470.588235294120750
       373     6470.588235294120750
       374     6470.588235294120750
       375     6470.588235294120750
       376     5882.352941176470267
       377     5882.352941176470267
       378     5882.352941176470267
       379     5882.352941176470267
       380     5882.352941176470267
       381     5882.352941176470267
       382     5882.352941176470267
       383     5882.352941176470267
       384     5882.352941176470267
       385     5882.352941176470267
       386     5882.352941176470267
       387     5882.352941176470267
       388     5882.352941176470267
       389     5882.352941176470267
       390     5882.352941176470267
       391     5882.352941176470267
       392     5882.352941176470267
       393     5882.352941176470267
       394     5882.352941176470267
       395     5882.352941176470267
       396     5294.117647058819784
       397     5294.117647058819784
       398     5294.117647058819784
       399     5294.117647058819784
       400     5294.117647058819784
       401     5294.117647058819784
       402     5294.117647058819784
       403     5294.117647058819784
       404     5294.117647058819784
       405     5294.117647058819784
       406     5294.117647058819784
       407     5294.117647058819784
       408     5294.117647058819784
       409     5294.117647058819784
       410     5294.117647058819784
       411     5294.117647058829789
       412     5294.117647058819784
       413     5294.117647058819784
       414     5294.117647058819784
       415     5294.117647058819784
       416     5294.117647058819784
       417     5294.117647058819784
       418     5294.117647058819784
       419     5294.117647058819784
       420     5294.117647058819784
       421     5294.117647058819784
       422     5294.117647058819784
       423     5294.117647058829789
       424     5294.117647058829789
       425     4705.882352941180216
       426     4705.882352941180216
       427     4705.882352941180216
       428     4705.882352941180216
       429     4705.882352941180216
       430     4705.882352941180216
       431     4705.882352941180216
       432     4705.882352941180216
       433     4705.882352941180216
       434     4705.882352941180216
       435     4705.882352941180216
       436     4705.882352941180216
       437     4705.882352941180216
       438     4705.882352941180216
       439     4705.882352941180216
       440     4705.882352941180216
       441     4705.882352941180216
       442     4705.882352941180216
       443     4705.882352941180216
       444     4705.882352941180216
       445     4705.882352941180216
       446     4705.882352941180216
       447     4705.882352941180216
       448     4705.882352941180216
       449     4705.882352941180216
       450     4705.882352941180216
       451     4705.882352941180216
       452     4705.882352941180216
       453     4705.882352941180216
       454     4705.882352941180216
       455     4705.882352941180216
       456     4705.882352941180216
       457     4705.882352941180216
       458     4705.882352941180216
       459     4705.882352941180216
       460     4117.647058823529733
       461     4117.647058823529733
       462     4117.647058823529733
       463     4117.647058823529733
       464     4117.647058823529733
       465     4117.647058823529733
       466     4117.647058823529733
       467     4117.647058823529733
       468     4117.647058823529733
       469     4117.647058823529733
       470     4117.647058823529733
       471     4117.647058823529733
       472     4117.647058823529733
       473     4117.647058823529733
       474     4117.647058823529733
       475     4117.647058823529733
       476     4117.647058823529733
       477     4117.647058823529733
       478     4117.647058823529733
       479     4117.647058823529733
       480     4117.647058823529733
       481     4117.647058823529733
       482     4117.647058823529733
       483     4117.647058823529733
       484     4117.647058823529733
       485     4117.647058823529733
       486     4117.647058823529733
       487     4117.647058823529733
       488     4117.647058823529733
       489     4117.647058823529733
       490     4117.647058823529733
       491     4117.647058823529733
       492     4117.647058823529733
       493     4117.647058823529733
       494     4117.647058823529733
       495     4117.647058823529733
       496     4117.647058823529733
       497     3529.411764705880159
       498     3529.411764705880159
       499     3529.411764705880159
       500     3529.411764705880159
       501     3529.411764705880159
       502     3529.411764705880159
       503     3529.411764705880159
       504     3529.411764705880159
       505     3529.411764705880159
       506     3529.411764705880159
       507     3529.411764705880159
       508     3529.411764705880159
       509     3529.411764705880159
       510     3529.411764705880159
       511     3529.411764705880159
       512     3529.411764705880159
       513     3529.411764705880159
       514     3529.411764705880159
       515     3529.411764705880159
       516     3529.411764705880159
       517     3529.411764705880159
       518     3529.411764705880159
       519     3529.411764705880159
       520     3529.411764705880159
       521     3529.411764705880159
       522     3529.411764705880159
       523     3529.411764705880159
       524     3529.411764705880159
       525     3529.411764705880159
       526     3529.411764705880159
       527     3529.411764705880159
       528     3529.411764705880159
       529     3529.411764705880159
       530     3529.411764705880159
       531     3529.411764705880159
       532     3529.411764705880159
       533     2941.176470588240136
       534     2941.176470588240136
       535     2941.176470588240136
       536     2941.176470588240136
       537     2941.176470588240136
       538     2941.176470588240136
       539     2941.176470588240136
       540     2941.176470588240136
       541     2941.176470588240136
       542     2941.176470588230131
       543     2941.176470588240136
       544     2941.176470588240136
       545     2941.176470588240136
       546     2941.176470588240136
       547     2941.176470588240136
       548     2941.176470588230131
       549     2941.176470588240136
       550     2941.176470588240136
       551     2941.176470588240136
       552     2941.176470588240136
       553     2941.176470588240136
       554     2941.176470588230131
       555     2941.176470588240136
       556     2941.176470588240136
       557     2941.176470588240136
       558     2941.176470588240136
       559     2941.176470588240136
       560     2941.176470588240136
       561     2941.176470588240136
       562     2941.176470588240136
       563     2941.176470588240136
       564     2941.176470588240136
       565     2941.176470588240136
       566     2941.176470588230131
       567     2352.941176470590108
       568     2352.941176470590108
       569     2352.941176470590108
       570     2352.941176470590108
       571     2352.941176470590108
       572     2352.941176470590108
       573     2352.941176470590108
       574     2352.941176470590108
       575     2352.941176470590108
       576     2352.941176470590108
       577     2352.941176470590108
       578     2352.941176470590108
       579     2352.941176470590108
       580     2352.941176470590108
       581     2352.941176470590108
       582     2352.941176470590108
       583     2352.941176470590108
       584     2352.941176470590108
       585     2352.941176470590108
       586     2352.941176470590108
       587     2352.941176470590108
       588     2352.941176470590108
       589     2352.941176470590108
       590     2352.941176470590108
       591     2352.941176470590108
       592     2352.941176470590108
       593     2352.941176470590108
       594     2352.941176470590108
       595     2352.941176470590108
       596     2352.941176470590108
       597     2352.941176470590108
       598     1764.705882352940080
       599     1764.705882352940080
       600     1764.705882352940080
       601     1764.705882352940080
       602     1764.705882352940080
       603     1764.705882352940080
       604     1764.705882352940080
       605     1764.705882352940080
       606     1764.705882352940080
       607     1764.705882352940080
       608     1764.705882352940080
       609     1764.705882352940080
       610     1764.705882352940080
       611     1764.705882352940080
       612     1764.705882352940080
       613     1764.705882352940080
       614     1764.705882352940080
       615     1764.705882352940080
       616     1764.705882352940080
       617     1764.705882352940080
       618     1764.705882352940080
       619     1764.705882352940080
       620     1764.705882352940080
       621     1764.705882352940080
       622     1764.705882352940080
       623     1764.705882352940080
       624     1764.705882352940080
       625     1764.705882352940080
       626     1764.705882352940080
       627     1764.705882352940080
       628     1176.470588235290052
       629     1176.470588235290052
       630     1176.470588235290052
       631     1176.470588235290052
       632     1176.470588235290052
       633     1176.470588235290052
       634     1176.470588235290052
       635     1176.470588235290052
       636     1176.470588235290052
       637     1176.470588235290052
       638     1176.470588235299829
       639     1176.470588235290052
       640     1176.470588235299829
       641     1176.470588235290052
       642     1176.470588235290052
       643     1176.470588235290052
       644     1176.470588235290052
       645     1176.470588235290052
       646     1176.470588235290052
       647     1176.470588235290052
       648     1176.470588235290052
       649     1176.470588235290052
       650     1176.470588235290052
       651     1176.470588235290052
       652     1176.470588235290052
       653     1176.470588235290052
       654     1176.470588235290052
       655     1176.470588235290052
       656      588.235294117646959
       657      588.235294117646959
       658      588.235294117646959
       659      588.235294117646959
       660      588.235294117646959
       661      588.235294117646959
       662      588.235294117646959
       663      588.235294117646959
       664      588.235294117646959
       665      588.235294117646959
       666      588.235294117646959
       667      588.235294117646959
       668      588.235294117646959
       669      588.235294117646959
       670      588.235294117646959
       671      588.235294117646959
       672      588.235294117646959
       673      588.235294117646959
       674      588.235294117646959
       675      588.235294117646959
       676      588.235294117646959
       677      588.235294117646959
       678     1176.470588235290052
       679     1176.470588235290052
       680     1176.470588235290052
       681     1764.705882352940080
       682     1764.705882352940080
       683     1764.705882352940080
       684     2352.941176470590108
       685     2352.941176470590108
       686     2352.941176470590108
       687     2941.176470588240136
       688     2941.176470588240136
       689     2941.176470588240136
       690     3529.411764705880159
       691     3529.411764705880159
       692     3529.411764705880159
       693     4117.647058823529733
       694     4117.647058823529733
       695     4117.647058823529733
       696     4705.882352941180216
       697     4705.882352941180216
       698     4705.882352941180216
       699     5294.117647058819784
       700     5294.117647058819784
       701     5294.117647058819784
       702     1176.470588235290052
       703     1176.470588235290052
       704     1176.470588235290052
       705     1764.705882352940080
       706     1764.705882352940080
       707     1764.705882352940080
       708     2352.941176470590108
       709     2352.941176470590108
       710     2352.941176470590108
       711     2941.176470588240136
       712     2941.176470588240136
       713     2941.176470588230131
       714     3529.411764705880159
       715     3529.411764705880159
       716     3529.411764705880159
       717     4117.647058823529733
       718     4117.647058823529733
       719     4117.647058823529733
       720     4705.882352941180216
       721     4705.882352941180216
       722     4705.882352941180216
       723     5294.117647058819784
       724     5294.117647058819784
       725     5294.117647058819784
       726     3529.411764705880159
       727     4117.647058823529733
       728     4705.882352941180216
       729     5294.117647058819784
       730     1764.705882352940080
       731     2352.941176470590108
       732     2941.176470588240136
       733     3529.411764705880159
       734     4117.647058823529733
       735     4705.882352941180216
       736     5294.117647058819784
       737     1176.470588235290052
       738     1764.705882352940080
       739     2352.941176470590108
       740     2941.176470588230131
       741     3529.411764705880159
       742     4117.647058823529733
       743     4705.882352941180216
       744     5294.117647058819784
       745     1176.470588235290052
       746     1764.705882352940080
       747     2352.941176470590108
       748     2941.176470588240136
       749     3529.411764705880159
       750     4117.647058823529733
       751     4705.882352941180216
       752     5294.117647058819784
       753     1176.470588235290052
       754     1764.705882352940080
       755     2352.941176470590108
       756     2941.176470588240136
       757     3529.411764705880159
       758     4117.647058823529733
       759     4705.882352941180216
       760     5294.117647058819784
