         758
         1     4000.000000000000000
         2     4000.000000000000000
         3     4500.000000000000000
         4     4500.000000000000000
         5     4000.000000000000000
         6     4500.000000000000000
         7     4000.000000000000000
         8     4500.000000000000000
         9     4000.000000000000000
        10     4500.000000000000000
        11     4000.000000000000000
        12     4500.000000000000000
        13     4000.000000000000000
        14     4500.000000000000000
        15     5000.000000000000000
        16     5000.000000000000000
        17     5000.000000000000000
        18     5000.000000000000000
        19     5000.000000000000000
        20     5000.000000000000000
        21     5000.000000000000000
        22     4000.000000000000000
        23     4000.000000000000000
        24     4500.000000000000000
        25     4500.000000000000000
        26     4000.000000000000000
        27     4500.000000000000000
        28     4000.000000000000000
        29     4500.000000000000000
        30     4000.000000000000000
        31     4500.000000000000000
        32     4000.000000000000000
        33     4500.000000000000000
        34     4000.000000000000000
        35     4500.000000000000000
        36     4000.000000000000000
        37     4500.000000000000000
        38     5000.000000000000000
        39     5000.000000000000000
        40     5000.000000000000000
        41     5000.000000000000000
        42     5000.000000000000000
        43     5000.000000000000000
        44     5000.000000000000000
        45     5000.000000000000000
        46     4000.000000000000000
        47     4000.000000000000000
        48     4500.000000000000000
        49     4500.000000000000000
        50     4000.000000000000000
        51     4500.000000000000000
        52     4000.000000000000000
        53     4500.000000000000000
        54     4000.000000000000000
        55     4500.000000000000000
        56     4000.000000000000000
        57     4500.000000000000000
        58     4000.000000000000000
        59     4500.000000000000000
        60     4000.000000000000000
        61     4500.000000000000000
        62     4000.000000000000000
        63     4500.000000000000000
        64     5000.000000000000000
        65     5000.000000000000000
        66     5000.000000000000000
        67     5000.000000000000000
        68     5000.000000000000000
        69     5000.000000000000000
        70     5000.000000000000000
        71     5000.000000000000000
        72     5000.000000000000000
        73     4000.000000000000000
        74     4000.000000000000000
        75     4500.000000000000000
        76     4500.000000000000000
        77     4000.000000000000000
        78     4500.000000000000000
        79     4000.000000000000000
        80     4500.000000000000000
        81     4000.000000000000000
        82     4500.000000000000000
        83     4000.000000000000000
        84     4500.000000000000000
        85     4000.000000000000000
        86     4500.000000000000000
        87     4000.000000000000000
        88     4500.000000000000000
        89     4000.000000000000000
        90     4500.000000000000000
        91     5000.000000000000000
        92     5000.000000000000000
        93     5000.000000000000000
        94     5000.000000000000000
        95     5000.000000000000000
        96     5000.000000000000000
        97     5000.000000000000000
        98     5000.000000000000000
        99     5000.000000000000000
       100     2500.000000000000000
       101     2500.000000000000000
       102     3000.000000000000000
       103     3000.000000000000000
       104     2500.000000000000000
       105     3000.000000000000000
       106     2500.000000000000000
       107     3000.000000000000000
       108     2500.000000000000000
       109     3000.000000000000000
       110     3000.000000000000000
       111     3500.000000000000000
       112     3500.000000000000000
       113     3500.000000000000000
       114     3500.000000000000000
       115     3500.000000000000000
       116     3500.000000000000000
       117     3500.000000000000000
       118     2500.000000000000000
       119     2500.000000000000000
       120     3000.000000000000000
       121     3000.000000000000000
       122     2500.000000000000000
       123     3000.000000000000000
       124     2500.000000000000000
       125     3000.000000000000000
       126     2500.000000000000000
       127     3000.000000000000000
       128     2500.000000000000000
       129     3000.000000000000000
       130     2500.000000000000000
       131     3000.000000000000000
       132     2500.000000000000000
       133     3000.000000000000000
       134     3500.000000000000000
       135     3500.000000000000000
       136     3500.000000000000000
       137     3500.000000000000000
       138     3500.000000000000000
       139     3500.000000000000000
       140     3500.000000000000000
       141     3500.000000000000000
       142     2500.000000000000000
       143     2500.000000000000000
       144     3000.000000000000000
       145     3000.000000000000000
       146     2500.000000000000000
       147     3000.000000000000000
       148     2500.000000000000000
       149     3000.000000000000000
       150     2500.000000000000000
       151     3000.000000000000000
       152     2500.000000000000000
       153     3000.000000000000000
       154     2500.000000000000000
       155     3000.000000000000000
       156     2500.000000000000000
       157     3000.000000000000000
       158     3500.000000000000000
       159     3500.000000000000000
       160     3500.000000000000000
       161     3500.000000000000000
       162     3500.000000000000000
       163     3500.000000000000000
       164     3500.000000000000000
       165     3500.000000000000000
       166     2500.000000000000000
       167     2500.000000000000000
       168     3000.000000000000000
       169     3000.000000000000000
       170     2500.000000000000000
       171     3000.000000000000000
       172     2500.000000000000000
       173     3000.000000000000000
       174     2500.000000000000000
       175     3000.000000000000000
       176     2500.000000000000000
       177     3000.000000000000000
       178     2500.000000000000000
       179     3000.000000000000000
       180     2500.000000000000000
       181     3000.000000000000000
       182     2500.000000000000000
       183     3000.000000000000000
       184     3500.000000000000000
       185     3500.000000000000000
       186     3500.000000000000000
       187     3500.000000000000000
       188     3500.000000000000000
       189     3500.000000000000000
       190     3500.000000000000000
       191     3500.000000000000000
       192     3500.000000000000000
       193     -384.615384615385040
       194     -384.615384615385040
       195      192.307692307692008
       196      192.307692307692008
       197      192.307692307691013
       198      192.307692307691013
       199      769.230769230768033
       200      769.230769230768033
       201      769.230769230768033
       202      769.230769230768033
       203      769.230769230768033
       204      769.230769230768033
       205     1346.153846153850054
       206     1346.153846153850054
       207     1346.153846153850054
       208     1346.153846153850054
       209     1346.153846153850054
       210     1346.153846153850054
       211     1923.076923076919911
       212     1923.076923076919911
       213     1923.076923076919911
       214     1923.076923076919911
       215     1923.076923076919911
       216     1923.076923076919911
       217     -384.615384615385040
       218      192.307692307692008
       219      192.307692307692008
       220      769.230769230768033
       221      769.230769230768033
       222      769.230769230768033
       223     1346.153846153850054
       224     1346.153846153850054
       225     1346.153846153850054
       226     1923.076923076919911
       227     1923.076923076919911
       228     1923.076923076919911
       229     -384.615384615385040
       230      192.307692307691013
       231      192.307692307692008
       232      769.230769230769056
       233      769.230769230769056
       234      769.230769230769056
       235     1346.153846153850054
       236     1346.153846153850054
       237     1346.153846153850054
       238     1923.076923076919911
       239     1923.076923076919911
       240     1923.076923076919911
       241     -384.615384615385040
       242      192.307692307692008
       243      192.307692307692008
       244      769.230769230769056
       245      769.230769230768033
       246      769.230769230768033
       247     1346.153846153850054
       248     1346.153846153850054
       249     1346.153846153850054
       250     1923.076923076919911
       251     1923.076923076919911
       252     1923.076923076919911
       253     -384.615384615385040
       254      192.307692307692008
       255      192.307692307692008
       256      769.230769230769056
       257      769.230769230768033
       258      769.230769230769056
       259     1346.153846153850054
       260     1346.153846153850054
       261     1346.153846153850054
       262     1923.076923076919911
       263     1923.076923076919911
       264     1923.076923076919911
       265     -384.615384615385040
       266      192.307692307692008
       267      192.307692307692008
       268      769.230769230769056
       269      769.230769230768033
       270      769.230769230768033
       271     1346.153846153850054
       272     1346.153846153850054
       273     1346.153846153850054
       274     1923.076923076919911
       275     1923.076923076919911
       276     1923.076923076919911
       277     -384.615384615385040
       278      192.307692307692008
       279      192.307692307692008
       280      769.230769230769056
       281      769.230769230768033
       282     1346.153846153850054
       283     1346.153846153850054
       284     1923.076923076919911
       285     1923.076923076919911
       286     -384.615384615385040
       287      192.307692307692008
       288      769.230769230768033
       289     1346.153846153850054
       290     1923.076923076919911
       291     4000.000000000000000
       292     4500.000000000000000
       293     4000.000000000000000
       294     4500.000000000000000
       295     5000.000000000000000
       296     5000.000000000000000
       297     4000.000000000000000
       298     4500.000000000000000
       299     4000.000000000000000
       300     4500.000000000000000
       301     4000.000000000000000
       302     4500.000000000000000
       303     5000.000000000000000
       304     5000.000000000000000
       305     5000.000000000000000
       306     4000.000000000000000
       307     4500.000000000000000
       308     4000.000000000000000
       309     4500.000000000000000
       310     4000.000000000000000
       311     4500.000000000000000
       312     4000.000000000000000
       313     4500.000000000000000
       314     5000.000000000000000
       315     5000.000000000000000
       316     5000.000000000000000
       317     5000.000000000000000
       318     4000.000000000000000
       319     4500.000000000000000
       320     4000.000000000000000
       321     4500.000000000000000
       322     4000.000000000000000
       323     4500.000000000000000
       324     4000.000000000000000
       325     4500.000000000000000
       326     5000.000000000000000
       327     5000.000000000000000
       328     5000.000000000000000
       329     5000.000000000000000
       330     4000.000000000000000
       331     4500.000000000000000
       332     4000.000000000000000
       333     4500.000000000000000
       334     4000.000000000000000
       335     4500.000000000000000
       336     4000.000000000000000
       337     4500.000000000000000
       338     5000.000000000000000
       339     5000.000000000000000
       340     5000.000000000000000
       341     5000.000000000000000
       342     4000.000000000000000
       343     4500.000000000000000
       344     4000.000000000000000
       345     4500.000000000000000
       346     4000.000000000000000
       347     4500.000000000000000
       348     4000.000000000000000
       349     4500.000000000000000
       350     5000.000000000000000
       351     5000.000000000000000
       352     5000.000000000000000
       353     5000.000000000000000
       354     4000.000000000000000
       355     4500.000000000000000
       356     4000.000000000000000
       357     4500.000000000000000
       358     4000.000000000000000
       359     4500.000000000000000
       360     4000.000000000000000
       361     4500.000000000000000
       362     5000.000000000000000
       363     5000.000000000000000
       364     5000.000000000000000
       365     5000.000000000000000
       366     4000.000000000000000
       367     4500.000000000000000
       368     4000.000000000000000
       369     4500.000000000000000
       370     4000.000000000000000
       371     4500.000000000000000
       372     4000.000000000000000
       373     4500.000000000000000
       374     5000.000000000000000
       375     5000.000000000000000
       376     5000.000000000000000
       377     5000.000000000000000
       378     4000.000000000000000
       379     4500.000000000000000
       380     4000.000000000000000
       381     4500.000000000000000
       382     4000.000000000000000
       383     4500.000000000000000
       384     4000.000000000000000
       385     4500.000000000000000
       386     5000.000000000000000
       387     5000.000000000000000
       388     5000.000000000000000
       389     5000.000000000000000
       390     2500.000000000000000
       391     3000.000000000000000
       392     2500.000000000000000
       393     3000.000000000000000
       394     3500.000000000000000
       395     3500.000000000000000
       396     2500.000000000000000
       397     3000.000000000000000
       398     2500.000000000000000
       399     3000.000000000000000
       400     2500.000000000000000
       401     3000.000000000000000
       402     3500.000000000000000
       403     3500.000000000000000
       404     3500.000000000000000
       405     2500.000000000000000
       406     3000.000000000000000
       407     2500.000000000000000
       408     3000.000000000000000
       409     2500.000000000000000
       410     3000.000000000000000
       411     2500.000000000000000
       412     3000.000000000000000
       413     2500.000000000000000
       414     3500.000000000000000
       415     3500.000000000000000
       416     3500.000000000000000
       417     3500.000000000000000
       418     2500.000000000000000
       419     3000.000000000000000
       420     2500.000000000000000
       421     3000.000000000000000
       422     2500.000000000000000
       423     3000.000000000000000
       424     2500.000000000000000
       425     3000.000000000000000
       426     2500.000000000000000
       427     3500.000000000000000
       428     3500.000000000000000
       429     3500.000000000000000
       430     3500.000000000000000
       431     2500.000000000000000
       432     3000.000000000000000
       433     2500.000000000000000
       434     3000.000000000000000
       435     2500.000000000000000
       436     3000.000000000000000
       437     2500.000000000000000
       438     3000.000000000000000
       439     2500.000000000000000
       440     3500.000000000000000
       441     3500.000000000000000
       442     3500.000000000000000
       443     3500.000000000000000
       444     2500.000000000000000
       445     3000.000000000000000
       446     2500.000000000000000
       447     3000.000000000000000
       448     2500.000000000000000
       449     3000.000000000000000
       450     2500.000000000000000
       451     3000.000000000000000
       452     2500.000000000000000
       453     3500.000000000000000
       454     3500.000000000000000
       455     3500.000000000000000
       456     3500.000000000000000
       457     2500.000000000000000
       458     3000.000000000000000
       459     2500.000000000000000
       460     3000.000000000000000
       461     2500.000000000000000
       462     3000.000000000000000
       463     2500.000000000000000
       464     3000.000000000000000
       465     2500.000000000000000
       466     3500.000000000000000
       467     3500.000000000000000
       468     3500.000000000000000
       469     3500.000000000000000
       470     2500.000000000000000
       471     3000.000000000000000
       472     2500.000000000000000
       473     3000.000000000000000
       474     2500.000000000000000
       475     3000.000000000000000
       476     2500.000000000000000
       477     3000.000000000000000
       478     2500.000000000000000
       479     3500.000000000000000
       480     3500.000000000000000
       481     3500.000000000000000
       482     3500.000000000000000
       483     2500.000000000000000
       484     3000.000000000000000
       485     2500.000000000000000
       486     3000.000000000000000
       487     2500.000000000000000
       488     3000.000000000000000
       489     2500.000000000000000
       490     3000.000000000000000
       491     2500.000000000000000
       492     3500.000000000000000
       493     3500.000000000000000
       494     3500.000000000000000
       495     3500.000000000000000
       496      192.307692307692008
       497      192.307692307692008
       498      192.307692307692008
       499      192.307692307692008
       500      192.307692307692008
       501      192.307692307692008
       502      192.307692307692008
       503      769.230769230768033
       504      769.230769230769056
       505      769.230769230769056
       506      769.230769230769056
       507      769.230769230768033
       508      769.230769230768033
       509      769.230769230769056
       510     1346.153846153850054
       511     1346.153846153850054
       512     1346.153846153850054
       513     1346.153846153850054
       514     1346.153846153850054
       515     1346.153846153850054
       516     1346.153846153850054
       517     -384.615384615384016
       518     -384.615384615384016
       519     -384.615384615385040
       520     -384.615384615385040
       521     -384.615384615385040
       522     -384.615384615384016
       523      192.307692307692008
       524      192.307692307692008
       525      192.307692307692008
       526      192.307692307692008
       527      192.307692307692008
       528      192.307692307692008
       529      192.307692307692008
       530      769.230769230768033
       531      769.230769230769056
       532      769.230769230769056
       533      769.230769230769056
       534      769.230769230768033
       535      769.230769230768033
       536      769.230769230769056
       537     1346.153846153850054
       538     1346.153846153850054
       539     1346.153846153850054
       540     1346.153846153850054
       541     1346.153846153850054
       542     1346.153846153850054
       543     1346.153846153850054
       544     1923.076923076919911
       545     1923.076923076919911
       546     1923.076923076919911
       547     1923.076923076919911
       548     1923.076923076919911
       549     1923.076923076919911
       550     1923.076923076919911
       551     -384.615384615385040
       552     -384.615384615384016
       553     -384.615384615385040
       554     -384.615384615384016
       555     -384.615384615384016
       556     -384.615384615384016
       557      192.307692307692008
       558      192.307692307692008
       559      192.307692307692008
       560      192.307692307692008
       561      192.307692307692008
       562      192.307692307692008
       563      192.307692307692008
       564      769.230769230769056
       565      769.230769230769056
       566      769.230769230769056
       567      769.230769230769056
       568      769.230769230769056
       569      769.230769230769056
       570      769.230769230769056
       571     1346.153846153850054
       572     1346.153846153850054
       573     1346.153846153850054
       574     1346.153846153840050
       575     1346.153846153850054
       576     1346.153846153850054
       577     1346.153846153850054
       578     1923.076923076919911
       579     1923.076923076919911
       580     1923.076923076919911
       581     1923.076923076919911
       582     1923.076923076919911
       583     1923.076923076919911
       584     1923.076923076919911
       585     -384.615384615385040
       586     -384.615384615385040
       587     -384.615384615385040
       588     -384.615384615385040
       589     -384.615384615385040
       590     -384.615384615385040
       591      192.307692307692008
       592      192.307692307692008
       593      192.307692307692008
       594      192.307692307692008
       595      192.307692307692008
       596      192.307692307692008
       597      192.307692307692008
       598      769.230769230768033
       599      769.230769230768033
       600      769.230769230768033
       601      769.230769230769056
       602      769.230769230768033
       603      769.230769230768033
       604      769.230769230769056
       605     1346.153846153850054
       606     1346.153846153850054
       607     1346.153846153850054
       608     1346.153846153850054
       609     1346.153846153850054
       610     1346.153846153850054
       611     1346.153846153850054
       612     1923.076923076919911
       613     1923.076923076919911
       614     1923.076923076919911
       615     1923.076923076919911
       616     1923.076923076919911
       617     1923.076923076919911
       618     1923.076923076919911
       619     -384.615384615385040
       620     -384.615384615385040
       621     -384.615384615385040
       622     -384.615384615385040
       623     -384.615384615385040
       624     -384.615384615385040
       625     -384.615384615385040
       626      192.307692307692008
       627      192.307692307692008
       628      192.307692307692008
       629      192.307692307692008
       630      192.307692307692008
       631      192.307692307692008
       632      192.307692307692008
       633      192.307692307692008
       634      769.230769230768033
       635      769.230769230768033
       636      769.230769230769056
       637      769.230769230768033
       638      769.230769230769056
       639      769.230769230768033
       640      769.230769230768033
       641      769.230769230768033
       642     1346.153846153850054
       643     1346.153846153850054
       644     1346.153846153850054
       645     1346.153846153850054
       646     1346.153846153850054
       647     1346.153846153850054
       648     1346.153846153850054
       649     1346.153846153850054
       650     1923.076923076919911
       651     1923.076923076919911
       652     1923.076923076919911
       653     1923.076923076919911
       654     1923.076923076919911
       655     1923.076923076919911
       656     1923.076923076919911
       657     1923.076923076919911
       658     -961.538461538462002
       659     -961.538461538462002
       660     -961.538461538462002
       661     -961.538461538462002
       662     -961.538461538462002
       663     -961.538461538462002
       664     -384.615384615385040
       665     -384.615384615384016
       666     -384.615384615385040
       667     -384.615384615385040
       668     -384.615384615385040
       669     -384.615384615385040
       670     -384.615384615385040
       671     -384.615384615385040
       672      192.307692307692008
       673      192.307692307692008
       674      192.307692307692008
       675      192.307692307692008
       676      192.307692307692008
       677      192.307692307692008
       678      192.307692307692008
       679      192.307692307692008
       680      192.307692307692008
       681      769.230769230768033
       682      769.230769230768033
       683      769.230769230769056
       684      769.230769230769056
       685      769.230769230768033
       686      769.230769230769056
       687      769.230769230768033
       688      769.230769230769056
       689      769.230769230768033
       690     1346.153846153850054
       691     1346.153846153850054
       692     1346.153846153850054
       693     1346.153846153850054
       694     1346.153846153850054
       695     1346.153846153850054
       696     1346.153846153850054
       697     1346.153846153850054
       698     1346.153846153850054
       699     1923.076923076919911
       700     1923.076923076919911
       701     1923.076923076919911
       702     1923.076923076919911
       703     1923.076923076919911
       704     1923.076923076919911
       705     1923.076923076919911
       706     1923.076923076919911
       707     1923.076923076919911
       708     -961.538461538460979
       709     -961.538461538462002
       710     -961.538461538462002
       711     -961.538461538462002
       712     -961.538461538460979
       713     -961.538461538460979
       714     -384.615384615386006
       715     -384.615384615386006
       716     -384.615384615386006
       717     -384.615384615386006
       718     -384.615384615386006
       719     -384.615384615385040
       720     -384.615384615386006
       721     -384.615384615386006
       722     -384.615384615386006
       723      192.307692307692008
       724      192.307692307693003
       725      192.307692307691013
       726      192.307692307691013
       727      192.307692307692008
       728      192.307692307692008
       729      192.307692307691013
       730      192.307692307691013
       731      192.307692307692008
       732      769.230769230769056
       733      769.230769230768033
       734      769.230769230769056
       735      769.230769230769056
       736      769.230769230769056
       737      769.230769230768033
       738      769.230769230768033
       739      769.230769230768033
       740      769.230769230768033
       741     1346.153846153850054
       742     1346.153846153850054
       743     1346.153846153850054
       744     1346.153846153850054
       745     1346.153846153850054
       746     1346.153846153850054
       747     1346.153846153850054
       748     1346.153846153850054
       749     1346.153846153850054
       750     1923.076923076919911
       751     1923.076923076919911
       752     1923.076923076919911
       753     1923.076923076919911
       754     1923.076923076919911
       755     1923.076923076919911
       756     1923.076923076919911
       757     1923.076923076919911
       758     1923.076923076919911
