2 .00000
91
389  2
384  2
379  2
373  2
367  2
360  2
 66  1
 65  1
 52  1
 51  1
 40  1
 39  1
 30  1
 29  1
 20  1
 19  1
 10  1
  9  1
  2  1
  1  1
443  2
438  2
433  2
428  2
422  2
416  2
410  2
403  2
396  2
177  1
176  1
175  1
156  1
155  1
154  1
138  1
137  1
136  1
123  1
122  1
121  1
108  1
107  1
106  1
 93  1
 92  1
 91  1
 81  1
 80  1
 79  1
489  1
471  1
454  1
490  1
472  1
455  1
444  1
491  1
473  1
456  1
445  1
315  1
276  1
238  1
202  1
316  1
277  1
239  1
203  1
317  1
278  1
240  1
204  1
318  1
279  1
241  1
205  1
319  1
280  1
242  1
206  1
320  1
281  1
243  1
207  1
196  1
321  1
282  1
244  1
208  1
197  1
