         760
         1     -285.714285714285950
         2     -285.714285714285950
         3     -285.714285714285950
         4     -857.142857142856997
         5     -857.142857142856997
         6     -857.142857142856997
         7    -1428.571428571430033
         8    -1428.571428571430033
         9    -1428.571428571430033
        10      857.142857142856997
        11      857.142857142856997
        12      857.142857142856997
        13      857.142857142856997
        14      857.142857142856997
        15      857.142857142856997
        16      857.142857142858020
        17      857.142857142856997
        18      857.142857142858020
        19      857.142857142856997
        20      857.142857142856997
        21      857.142857142856997
        22      857.142857142856997
        23      857.142857142856997
        24      857.142857142856997
        25      857.142857142856997
        26      857.142857142856997
        27      857.142857142856997
        28      857.142857142856997
        29      857.142857142856997
        30      857.142857142856997
        31      285.714285714285950
        32      285.714285714284983
        33      285.714285714285950
        34      285.714285714284983
        35      285.714285714285950
        36      285.714285714285950
        37      285.714285714285950
        38      285.714285714285950
        39      285.714285714284983
        40      285.714285714284983
        41      285.714285714285950
        42      285.714285714285950
        43      285.714285714285950
        44      285.714285714285950
        45      285.714285714285950
        46      285.714285714285950
        47      285.714285714285950
        48      285.714285714284983
        49      285.714285714285950
        50      285.714285714285950
        51      285.714285714285950
        52      285.714285714285950
        53      285.714285714285950
        54      285.714285714285950
        55      285.714285714285950
        56      285.714285714285950
        57      285.714285714285950
        58     -285.714285714285950
        59     -285.714285714285950
        60     -285.714285714284983
        61     -285.714285714285950
        62     -285.714285714285950
        63     -285.714285714285950
        64     -285.714285714285950
        65     -285.714285714285950
        66     -285.714285714284983
        67     -285.714285714284983
        68     -285.714285714284983
        69     -285.714285714284983
        70     -285.714285714285950
        71     -285.714285714285950
        72     -285.714285714285950
        73     -285.714285714285950
        74     -285.714285714285950
        75     -285.714285714285950
        76     -285.714285714284983
        77     -285.714285714284983
        78     -285.714285714285950
        79     -285.714285714285950
        80     -285.714285714285950
        81     -285.714285714285950
        82     -285.714285714285950
        83     -285.714285714285950
        84     -285.714285714284983
        85     -285.714285714285950
        86     -285.714285714285950
        87     -285.714285714285950
        88     -857.142857142856997
        89     -857.142857142856997
        90     -857.142857142856997
        91     -857.142857142856997
        92     -857.142857142856997
        93     -857.142857142856997
        94     -857.142857142856997
        95     -857.142857142856997
        96     -857.142857142856997
        97     -857.142857142856997
        98     -857.142857142856997
        99     -857.142857142856997
       100     -857.142857142856997
       101     -857.142857142856997
       102     -857.142857142856997
       103     -857.142857142856997
       104     -857.142857142856997
       105     -857.142857142856997
       106     -857.142857142856997
       107     -857.142857142856997
       108     -857.142857142856997
       109     -857.142857142856997
       110     -857.142857142856997
       111     -857.142857142856997
       112     -857.142857142856997
       113     -857.142857142856997
       114     -857.142857142856997
       115     -857.142857142856997
       116     -857.142857142856997
       117     -857.142857142856997
       118    -1428.571428571430033
       119    -1428.571428571430033
       120    -1428.571428571430033
       121    -1428.571428571430033
       122    -1428.571428571430033
       123    -1428.571428571430033
       124    -1428.571428571430033
       125    -1428.571428571430033
       126    -1428.571428571430033
       127    -1428.571428571430033
       128    -1428.571428571430033
       129    -1428.571428571430033
       130    -1428.571428571430033
       131    -1428.571428571430033
       132    -1428.571428571430033
       133    -1428.571428571430033
       134    -1428.571428571430033
       135    -1428.571428571430033
       136    -1428.571428571430033
       137    -1428.571428571430033
       138    -1428.571428571430033
       139    -1428.571428571430033
       140    -1428.571428571430033
       141    -1428.571428571430033
       142    -1428.571428571430033
       143    -1428.571428571430033
       144    -1428.571428571430033
       145    -1428.571428571430033
       146    -1428.571428571430033
       147    -1428.571428571430033
       148    -2000.000000000000000
       149    -2000.000000000000000
       150    -2000.000000000000000
       151    -2000.000000000000000
       152    -2000.000000000000000
       153    -2000.000000000000000
       154    -2000.000000000000000
       155    -2000.000000000000000
       156    -2000.000000000000000
       157    -2000.000000000000000
       158    -2000.000000000000000
       159    -2000.000000000000000
       160    -2000.000000000000000
       161    -2000.000000000000000
       162    -2000.000000000000000
       163    -2000.000000000000000
       164    -2000.000000000000000
       165    -2000.000000000000000
       166    -2000.000000000000000
       167    -2000.000000000000000
       168    -2000.000000000000000
       169    -2000.000000000000000
       170    -2000.000000000000000
       171    -2000.000000000000000
       172    -2000.000000000000000
       173    -2000.000000000000000
       174    -2000.000000000000000
       175    -2000.000000000000000
       176     -285.714285714285950
       177     -285.714285714285950
       178     -285.714285714285950
       179     -857.142857142856997
       180     -857.142857142856997
       181     -857.142857142856997
       182    -1428.571428571430033
       183    -1428.571428571430033
       184    -1428.571428571430033
       185      857.142857142856997
       186      857.142857142856997
       187      857.142857142856997
       188      857.142857142856997
       189      857.142857142856997
       190      857.142857142856997
       191      857.142857142858020
       192      857.142857142858020
       193      857.142857142858020
       194      857.142857142858020
       195      857.142857142856997
       196      857.142857142858020
       197      857.142857142856997
       198      857.142857142856997
       199      857.142857142856997
       200      857.142857142856997
       201      857.142857142856997
       202      857.142857142858020
       203      857.142857142858020
       204      857.142857142856997
       205      857.142857142856997
       206      285.714285714285950
       207      285.714285714284983
       208      285.714285714285950
       209      285.714285714284983
       210      285.714285714285950
       211      285.714285714284983
       212      285.714285714285950
       213      285.714285714284983
       214      285.714285714284983
       215      285.714285714283960
       216      285.714285714285950
       217      285.714285714284983
       218      285.714285714285950
       219      285.714285714284983
       220      285.714285714285950
       221      285.714285714284983
       222      285.714285714285950
       223      285.714285714284983
       224      285.714285714285950
       225      285.714285714285950
       226      285.714285714285950
       227      285.714285714284983
       228      285.714285714284983
       229      285.714285714285950
       230      285.714285714285950
       231      285.714285714285950
       232      285.714285714285950
       233     -285.714285714285950
       234     -285.714285714284983
       235     -285.714285714284983
       236     -285.714285714284983
       237     -285.714285714285950
       238     -285.714285714284983
       239     -285.714285714285950
       240     -285.714285714285950
       241     -285.714285714284983
       242     -285.714285714284983
       243     -285.714285714284983
       244     -285.714285714284983
       245     -285.714285714285950
       246     -285.714285714285950
       247     -285.714285714285950
       248     -285.714285714285950
       249     -285.714285714285950
       250     -285.714285714285950
       251     -285.714285714284983
       252     -285.714285714284983
       253     -285.714285714285950
       254     -285.714285714284983
       255     -285.714285714284983
       256     -285.714285714285950
       257     -285.714285714284983
       258     -285.714285714284983
       259     -285.714285714285950
       260     -285.714285714285950
       261     -285.714285714285950
       262     -285.714285714284983
       263     -857.142857142856997
       264     -857.142857142856997
       265     -857.142857142856997
       266     -857.142857142856997
       267     -857.142857142856997
       268     -857.142857142856997
       269     -857.142857142856997
       270     -857.142857142856997
       271     -857.142857142856997
       272     -857.142857142856997
       273     -857.142857142856997
       274     -857.142857142856997
       275     -857.142857142856997
       276     -857.142857142856997
       277     -857.142857142856997
       278     -857.142857142856997
       279     -857.142857142856997
       280     -857.142857142856997
       281     -857.142857142856997
       282     -857.142857142856997
       283     -857.142857142856997
       284     -857.142857142856997
       285     -857.142857142856997
       286     -857.142857142856997
       287     -857.142857142856997
       288     -857.142857142856997
       289     -857.142857142856997
       290     -857.142857142856997
       291     -857.142857142856997
       292     -857.142857142856997
       293     -857.142857142856997
       294    -1428.571428571430033
       295    -1428.571428571430033
       296    -1428.571428571430033
       297    -1428.571428571430033
       298    -1428.571428571430033
       299    -1428.571428571430033
       300    -1428.571428571430033
       301    -1428.571428571430033
       302    -1428.571428571430033
       303    -1428.571428571430033
       304    -1428.571428571430033
       305    -1428.571428571430033
       306    -1428.571428571430033
       307    -1428.571428571430033
       308    -1428.571428571430033
       309    -1428.571428571430033
       310    -1428.571428571430033
       311    -1428.571428571430033
       312    -1428.571428571430033
       313    -1428.571428571430033
       314    -1428.571428571430033
       315    -1428.571428571430033
       316    -1428.571428571430033
       317    -1428.571428571430033
       318    -1428.571428571430033
       319    -1428.571428571430033
       320    -1428.571428571430033
       321    -1428.571428571430033
       322    -1428.571428571430033
       323    -1428.571428571430033
       324    -1428.571428571430033
       325    -2000.000000000000000
       326    -2000.000000000000000
       327    -2000.000000000000000
       328    -2000.000000000000000
       329    -2000.000000000000000
       330    -2000.000000000000000
       331    -2000.000000000000000
       332    -2000.000000000000000
       333    -2000.000000000000000
       334    -2000.000000000000000
       335    -2000.000000000000000
       336    -2000.000000000000000
       337    -2000.000000000000000
       338    -2000.000000000000000
       339    -2000.000000000000000
       340    -2000.000000000000000
       341    -2000.000000000000000
       342    -2000.000000000000000
       343    -2000.000000000000000
       344    -2000.000000000000000
       345    -2000.000000000000000
       346    -2000.000000000000000
       347    -2000.000000000000000
       348    -2000.000000000000000
       349    -2000.000000000000000
       350    -2000.000000000000000
       351    -2000.000000000000000
       352    -2000.000000000000000
       353    -2000.000000000000000
       354    -2000.000000000000000
       355    -1428.571428571430033
       356     -857.142857142856997
       357     -285.714285714285950
       358    -1428.571428571430033
       359     -857.142857142856997
       360     -285.714285714284983
       361    -1428.571428571430033
       362     -857.142857142856997
       363     -285.714285714285950
       364    -1428.571428571430033
       365     -857.142857142856997
       366     -285.714285714285950
       367    -1428.571428571430033
       368     -857.142857142856997
       369     -285.714285714285950
       370    -1428.571428571430033
       371     -857.142857142856997
       372     -285.714285714285950
       373    -1428.571428571430033
       374     -857.142857142856997
       375     -285.714285714285950
       376    -1428.571428571430033
       377    -2000.000000000000000
       378     -857.142857142856997
       379     -285.714285714285950
       380      285.714285714285950
       381    -1428.571428571430033
       382    -2000.000000000000000
       383     -857.142857142856997
       384     -285.714285714285950
       385      285.714285714285950
       386    -1428.571428571430033
       387    -2000.000000000000000
       388     -857.142857142856997
       389     -285.714285714285950
       390      285.714285714285950
       391    -1428.571428571430033
       392    -2000.000000000000000
       393     -857.142857142856997
       394     -285.714285714285950
       395      285.714285714285950
       396    -1428.571428571430033
       397    -2000.000000000000000
       398     -857.142857142856997
       399     -285.714285714285950
       400      285.714285714285950
       401    -1428.571428571430033
       402    -2000.000000000000000
       403     -857.142857142856997
       404     -285.714285714285950
       405      285.714285714285950
       406      857.142857142856997
       407    -1428.571428571430033
       408    -2000.000000000000000
       409     -857.142857142856997
       410     -285.714285714284983
       411      285.714285714285950
       412      857.142857142856997
       413    -1428.571428571430033
       414    -2000.000000000000000
       415     -857.142857142856997
       416     -285.714285714285950
       417      285.714285714284983
       418      857.142857142856997
       419    -1428.571428571430033
       420    -2000.000000000000000
       421     -857.142857142856997
       422     -285.714285714285950
       423      285.714285714285950
       424      857.142857142856997
       425    -1428.571428571430033
       426    -2000.000000000000000
       427     -857.142857142856997
       428     -285.714285714285950
       429      285.714285714284983
       430    -1428.571428571430033
       431    -2000.000000000000000
       432     -857.142857142856997
       433     -285.714285714285950
       434      285.714285714285950
       435      857.142857142855974
       436    -1428.571428571430033
       437    -2000.000000000000000
       438     -857.142857142856997
       439     -285.714285714285950
       440      285.714285714285950
       441      857.142857142856997
       442    -1428.571428571430033
       443    -2000.000000000000000
       444     -857.142857142856997
       445     -285.714285714284983
       446      285.714285714285950
       447      857.142857142856997
       448    -1428.571428571430033
       449    -2000.000000000000000
       450     -857.142857142856997
       451     -285.714285714285950
       452      285.714285714285950
       453      857.142857142856997
       454    -1428.571428571430033
       455    -2000.000000000000000
       456     -857.142857142856997
       457     -285.714285714285950
       458      285.714285714285950
       459      857.142857142856997
       460     -857.142857142856997
       461     -285.714285714284983
       462    -1428.571428571430033
       463    -2000.000000000000000
       464     -857.142857142856997
       465     -285.714285714284983
       466      285.714285714284983
       467    -1428.571428571430033
       468    -2000.000000000000000
       469     -857.142857142856997
       470     -285.714285714285950
       471      285.714285714285950
       472      857.142857142856997
       473    -1428.571428571430033
       474    -2000.000000000000000
       475     -857.142857142856997
       476     -285.714285714285950
       477      285.714285714285950
       478      857.142857142856997
       479    -1428.571428571430033
       480    -2000.000000000000000
       481     -857.142857142856997
       482     -285.714285714285950
       483      285.714285714285950
       484      857.142857142856997
       485    -1428.571428571430033
       486    -2000.000000000000000
       487     -857.142857142856997
       488     -285.714285714285950
       489      285.714285714284983
       490      857.142857142856997
       491    -1428.571428571430033
       492    -2000.000000000000000
       493     -857.142857142856997
       494     -285.714285714285950
       495      285.714285714285950
       496      857.142857142856997
       497     -857.142857142856997
       498     -285.714285714284983
       499    -1428.571428571430033
       500     -857.142857142856997
       501     -285.714285714285950
       502      285.714285714284983
       503    -1428.571428571430033
       504    -2000.000000000000000
       505     -857.142857142856997
       506     -285.714285714285950
       507      285.714285714285950
       508      857.142857142856997
       509    -1428.571428571430033
       510    -2000.000000000000000
       511     -857.142857142856997
       512     -285.714285714285950
       513      285.714285714284983
       514      857.142857142858020
       515    -1428.571428571430033
       516    -2000.000000000000000
       517     -857.142857142856997
       518     -285.714285714284983
       519      285.714285714285950
       520      857.142857142856997
       521    -1428.571428571430033
       522    -2000.000000000000000
       523     -857.142857142856997
       524     -285.714285714284983
       525      285.714285714284983
       526      857.142857142856997
       527    -1428.571428571430033
       528    -2000.000000000000000
       529     -857.142857142856997
       530     -285.714285714284983
       531      285.714285714284983
       532      857.142857142856997
       533    -1428.571428571430033
       534     -857.142857142856997
       535     -285.714285714284983
       536      285.714285714284983
       537    -1428.571428571430033
       538    -2000.000000000000000
       539     -857.142857142856997
       540     -285.714285714285950
       541      285.714285714284983
       542      857.142857142856997
       543    -1428.571428571430033
       544    -2000.000000000000000
       545     -857.142857142856997
       546     -285.714285714284983
       547      285.714285714284983
       548      857.142857142858020
       549    -1428.571428571430033
       550    -2000.000000000000000
       551     -857.142857142856997
       552     -285.714285714285950
       553      285.714285714284983
       554      857.142857142858020
       555    -1428.571428571430033
       556    -2000.000000000000000
       557     -857.142857142856997
       558     -285.714285714284983
       559      285.714285714284983
       560      857.142857142856997
       561    -1428.571428571430033
       562    -2000.000000000000000
       563     -857.142857142856997
       564     -285.714285714284983
       565      285.714285714284983
       566      857.142857142858020
       567     -857.142857142856997
       568     -285.714285714285950
       569    -1428.571428571430033
       570    -2000.000000000000000
       571     -857.142857142856997
       572     -285.714285714285950
       573      285.714285714285950
       574    -1428.571428571430033
       575    -2000.000000000000000
       576     -857.142857142856997
       577     -285.714285714285950
       578      285.714285714285950
       579      857.142857142858020
       580    -1428.571428571430033
       581    -2000.000000000000000
       582     -857.142857142856997
       583     -285.714285714285950
       584      285.714285714285950
       585      857.142857142858020
       586    -1428.571428571430033
       587    -2000.000000000000000
       588     -857.142857142856997
       589     -285.714285714285950
       590      285.714285714285950
       591      857.142857142856997
       592    -1428.571428571430033
       593    -2000.000000000000000
       594     -857.142857142856997
       595     -285.714285714285950
       596      285.714285714285950
       597      857.142857142856997
       598     -857.142857142856997
       599     -285.714285714285950
       600    -1428.571428571430033
       601     -857.142857142856997
       602     -285.714285714285950
       603      285.714285714285950
       604    -1428.571428571430033
       605    -2000.000000000000000
       606     -857.142857142856997
       607     -285.714285714285950
       608      285.714285714284983
       609      857.142857142858020
       610    -1428.571428571430033
       611    -2000.000000000000000
       612     -857.142857142856997
       613     -285.714285714285950
       614      285.714285714285950
       615      857.142857142858020
       616    -1428.571428571430033
       617    -2000.000000000000000
       618     -857.142857142856997
       619     -285.714285714285950
       620      285.714285714284983
       621      857.142857142856997
       622    -1428.571428571430033
       623    -2000.000000000000000
       624     -857.142857142855974
       625     -285.714285714285950
       626      285.714285714285950
       627      857.142857142856997
       628    -1428.571428571430033
       629     -857.142857142856997
       630     -285.714285714285950
       631      285.714285714285950
       632    -1428.571428571430033
       633    -2000.000000000000000
       634     -857.142857142856997
       635     -285.714285714285950
       636      285.714285714285950
       637      857.142857142856997
       638    -1428.571428571430033
       639    -2000.000000000000000
       640     -857.142857142856997
       641     -285.714285714285950
       642      285.714285714285950
       643      857.142857142856997
       644    -1428.571428571430033
       645    -2000.000000000000000
       646     -857.142857142856997
       647     -285.714285714285950
       648      285.714285714284983
       649      857.142857142856997
       650    -1428.571428571430033
       651    -2000.000000000000000
       652     -857.142857142856997
       653     -285.714285714285950
       654      285.714285714285950
       655      857.142857142856997
       656     -857.142857142856997
       657     -285.714285714284983
       658    -1428.571428571430033
       659    -2000.000000000000000
       660     -857.142857142856997
       661     -285.714285714284983
       662      285.714285714284983
       663    -1428.571428571430033
       664    -2000.000000000000000
       665     -857.142857142856997
       666     -285.714285714284983
       667      285.714285714285950
       668    -1428.571428571430033
       669    -2000.000000000000000
       670     -857.142857142856997
       671     -285.714285714284983
       672      285.714285714284983
       673    -1428.571428571430033
       674    -2000.000000000000000
       675     -857.142857142856997
       676     -285.714285714284983
       677      285.714285714284983
       678    -2615.384615384610242
       679    -2615.384615384610242
       680    -2615.384615384619792
       681    -2615.384615384619792
       682    -2615.384615384619792
       683    -2615.384615384619792
       684    -2615.384615384619792
       685    -2615.384615384610242
       686    -2615.384615384610242
       687    -2615.384615384619792
       688    -2615.384615384610242
       689    -2615.384615384619792
       690    -2615.384615384619792
       691    -2615.384615384610242
       692    -2615.384615384619792
       693    -2615.384615384610242
       694    -2615.384615384610242
       695    -2615.384615384619792
       696    -2615.384615384619792
       697    -2615.384615384610242
       698    -2615.384615384610242
       699    -2615.384615384610242
       700    -2615.384615384619792
       701    -2615.384615384619792
       702    -2615.384615384610242
       703    -2615.384615384610242
       704    -2615.384615384610242
       705    -2615.384615384619792
       706    -2615.384615384610242
       707    -2615.384615384610242
       708    -2615.384615384619792
       709    -2615.384615384619792
       710    -2615.384615384610242
       711    -2615.384615384619792
       712    -2615.384615384610242
       713    -2615.384615384619792
       714    -2615.384615384619792
       715    -2615.384615384610242
       716    -2615.384615384610242
       717    -2615.384615384610242
       718    -2615.384615384610242
       719    -2615.384615384610242
       720    -2615.384615384619792
       721    -2615.384615384610242
       722    -2615.384615384619792
       723    -2615.384615384610242
       724    -2615.384615384610242
       725    -2615.384615384610242
       726    -2615.384615384610242
       727    -2615.384615384619792
       728    -2615.384615384619792
       729    -2615.384615384619792
       730    -2615.384615384619792
       731    -2615.384615384610242
       732    -2615.384615384619792
       733    -2615.384615384610242
       734    -2615.384615384610242
       735    -2615.384615384619792
       736    -2615.384615384619792
       737    -2615.384615384610242
       738    -2615.384615384610242
       739    -2615.384615384619792
       740    -2615.384615384619792
       741    -2615.384615384610242
       742    -2615.384615384619792
       743    -2615.384615384619792
       744    -2615.384615384619792
       745    -2615.384615384610242
       746    -2615.384615384610242
       747    -2615.384615384610242
       748    -2615.384615384619792
       749    -2615.384615384619792
       750    -2615.384615384610242
       751    -2615.384615384619792
       752    -2615.384615384610242
       753    -2615.384615384610242
       754    -2615.384615384610242
       755    -2615.384615384610242
       756    -2615.384615384619792
       757    -2615.384615384610242
       758    -2615.384615384610242
       759    -2615.384615384610242
       760    -2615.384615384610242
