         509
           1           1           5           6           2           3
           7           8           4
           2           5           9          10           6           7
          11          12           8
           3           9          13          14          10          11
          15          16          12
           4          13          17          18          14          15
          19          20          16
           5          17          21          22          18          19
          23          24          20
           6          21          25          26          22          23
          27          28          24
           7          25          29          30          26          27
          31          32          28
           8          29          33          34          30          31
          35          36          32
           9          33          37          38          34          35
          39          40          36
          10           2           6          43          41           4
           8          44          42
          11           6          10          45          43           8
          12          46          44
          12          10          14          47          45          12
          16          48          46
          13          14          18          49          47          16
          20          50          48
          14          18          22          51          49          20
          24          52          50
          15          22          26          53          51          24
          28          54          52
          16          26          30          55          53          28
          32          56          54
          17          30          34          57          55          32
          36          58          56
          18          34          38          59          57          36
          40          60          58
          19          41          43          63          61          42
          44          64          62
          20          43          45          65          63          44
          46          66          64
          21          45          47          67          65          46
          48          68          66
          22          47          49          69          67          48
          50          70          68
          23          49          51          71          69          50
          52          72          70
          24          51          53          73          71          52
          54          74          72
          25          53          55          75          73          54
          56          76          74
          26          55          57          77          75          56
          58          78          76
          27          57          59          79          77          58
          60          80          78
          28          61          63          83          81          62
          64          84          82
          29          63          65          85          83          64
          66          86          84
          30          65          67          87          85          66
          68          88          86
          31          67          69          89          87          68
          70          90          88
          32          69          71          91          89          70
          72          92          90
          33          71          73          93          91          72
          74          94          92
          34          73          75          95          93          74
          76          96          94
          35          75          77          97          95          76
          78          98          96
          36          77          79          99          97          78
          80         100          98
          37          83          85         103         101          84
          86         104         102
          38          85          87         105         103          86
          88         106         104
          39          87          89         107         105          88
          90         108         106
          40          89          91         109         107          90
          92         110         108
          41          91          93         111         109          92
          94         112         110
          42          93          95         113         111          94
          96         114         112
          43          95          97         115         113          96
          98         116         114
          44          97          99         117         115          98
         100         118         116
          45         101         103         121         119         102
         104         122         120
          46         103         105         123         121         104
         106         124         122
          47         105         107         125         123         106
         108         126         124
          48         107         109         127         125         108
         110         128         126
          49         109         111         129         127         110
         112         130         128
          50         111         113         131         129         112
         114         132         130
          51         113         115         133         131         114
         116         134         132
          52         115         117         135         133         116
         118         136         134
          53         119         121         139         137         120
         122         140         138
          54         121         123         141         139         122
         124         142         140
          55         123         125         143         141         124
         126         144         142
          56         125         127         145         143         126
         128         146         144
          57         127         129         147         145         128
         130         148         146
          58         129         131         149         147         130
         132         150         148
          59         131         133         151         149         132
         134         152         150
          60         133         135         153         151         134
         136         154         152
          61         137         139         157         155         138
         140         158         156
          62         139         141         159         157         140
         142         160         158
          63         141         143         161         159         142
         144         162         160
          64         143         145         163         161         144
         146         164         162
          65         145         147         165         163         146
         148         166         164
          66         147         149         167         165         148
         150         168         166
          67         149         151         169         167         150
         152         170         168
          68         151         153         171         169         152
         154         172         170
          69         155         157         175         173         156
         158         176         174
          70         157         159         177         175         158
         160         178         176
          71         159         161         179         177         160
         162         180         178
          72         161         163         181         179         162
         164         182         180
          73         163         165         183         181         164
         166         184         182
          74         165         167         185         183         166
         168         186         184
          75         167         169         187         185         168
         170         188         186
          76         169         171         189         187         170
         172         190         188
          77         173         175         193         191         174
         176         194         192
          78         175         177         195         193         176
         178         196         194
          79         177         179         197         195         178
         180         198         196
          80         179         181         199         197         180
         182         200         198
          81         181         183         201         199         182
         184         202         200
          82         183         185         203         201         184
         186         204         202
          83         185         187         205         203         186
         188         206         204
          84         187         189         207         205         188
         190         208         206
          85           3           7           8           4         209
         211         212         210
          86           7          11          12           8         211
         213         214         212
          87          11          15          16          12         213
         215         216         214
          88          15          19          20          16         215
         217         218         216
          89          19          23          24          20         217
         219         220         218
          90          23          27          28          24         219
         221         222         220
          91          27          31          32          28         221
         223         224         222
          92          31          35          36          32         223
         225         226         224
          93          35          39          40          36         225
         227         228         226
          94           4           8          44          42         210
         212         230         229
          95           8          12          46          44         212
         214         231         230
          96          12          16          48          46         214
         216         232         231
          97          16          20          50          48         216
         218         233         232
          98          20          24          52          50         218
         220         234         233
          99          24          28          54          52         220
         222         235         234
         100          28          32          56          54         222
         224         236         235
         101          32          36          58          56         224
         226         237         236
         102          36          40          60          58         226
         228         238         237
         103          42          44          64          62         229
         230         240         239
         104          44          46          66          64         230
         231         241         240
         105          46          48          68          66         231
         232         242         241
         106          48          50          70          68         232
         233         243         242
         107          50          52          72          70         233
         234         244         243
         108          52          54          74          72         234
         235         245         244
         109          54          56          76          74         235
         236         246         245
         110          56          58          78          76         236
         237         247         246
         111          58          60          80          78         237
         238         248         247
         112          62          64          84          82         239
         240         250         249
         113          64          66          86          84         240
         241         251         250
         114          66          68          88          86         241
         242         252         251
         115          68          70          90          88         242
         243         253         252
         116          70          72          92          90         243
         244         254         253
         117          72          74          94          92         244
         245         255         254
         118          74          76          96          94         245
         246         256         255
         119          76          78          98          96         246
         247         257         256
         120          78          80         100          98         247
         248         258         257
         121          84          86         104         102         250
         251         260         259
         122          86          88         106         104         251
         252         261         260
         123          88          90         108         106         252
         253         262         261
         124          90          92         110         108         253
         254         263         262
         125          92          94         112         110         254
         255         264         263
         126          94          96         114         112         255
         256         265         264
         127          96          98         116         114         256
         257         266         265
         128          98         100         118         116         257
         258         267         266
         129         102         104         122         120         259
         260         269         268
         130         104         106         124         122         260
         261         270         269
         131         106         108         126         124         261
         262         271         270
         132         108         110         128         126         262
         263         272         271
         133         110         112         130         128         263
         264         273         272
         134         112         114         132         130         264
         265         274         273
         135         114         116         134         132         265
         266         275         274
         136         116         118         136         134         266
         267         276         275
         137         120         122         140         138         268
         269         278         277
         138         122         124         142         140         269
         270         279         278
         139         124         126         144         142         270
         271         280         279
         140         126         128         146         144         271
         272         281         280
         141         128         130         148         146         272
         273         282         281
         142         130         132         150         148         273
         274         283         282
         143         132         134         152         150         274
         275         284         283
         144         134         136         154         152         275
         276         285         284
         145         138         140         158         156         277
         278         287         286
         146         140         142         160         158         278
         279         288         287
         147         142         144         162         160         279
         280         289         288
         148         144         146         164         162         280
         281         290         289
         149         146         148         166         164         281
         282         291         290
         150         148         150         168         166         282
         283         292         291
         151         150         152         170         168         283
         284         293         292
         152         152         154         172         170         284
         285         294         293
         153         156         158         176         174         286
         287         296         295
         154         158         160         178         176         287
         288         297         296
         155         160         162         180         178         288
         289         298         297
         156         162         164         182         180         289
         290         299         298
         157         164         166         184         182         290
         291         300         299
         158         166         168         186         184         291
         292         301         300
         159         168         170         188         186         292
         293         302         301
         160         170         172         190         188         293
         294         303         302
         161         174         176         194         192         295
         296         305         304
         162         176         178         196         194         296
         297         306         305
         163         178         180         198         196         297
         298         307         306
         164         180         182         200         198         298
         299         308         307
         165         182         184         202         200         299
         300         309         308
         166         184         186         204         202         300
         301         310         309
         167         186         188         206         204         301
         302         311         310
         168         188         190         208         206         302
         303         312         311
         169         209         211         212         210         313
         315         316         314
         170         211         213         214         212         315
         317         318         316
         171         213         215         216         214         317
         319         320         318
         172         215         217         218         216         319
         321         322         320
         173         217         219         220         218         321
         323         324         322
         174         219         221         222         220         323
         325         326         324
         175         221         223         224         222         325
         327         328         326
         176         223         225         226         224         327
         329         330         328
         177         225         227         228         226         329
         331         332         330
         178         210         212         230         229         314
         316         334         333
         179         212         214         231         230         316
         318         335         334
         180         214         216         232         231         318
         320         336         335
         181         216         218         233         232         320
         322         337         336
         182         218         220         234         233         322
         324         338         337
         183         220         222         235         234         324
         326         339         338
         184         222         224         236         235         326
         328         340         339
         185         224         226         237         236         328
         330         341         340
         186         226         228         238         237         330
         332         342         341
         187         229         230         240         239         333
         334         344         343
         188         230         231         241         240         334
         335         345         344
         189         231         232         242         241         335
         336         346         345
         190         232         233         243         242         336
         337         347         346
         191         233         234         244         243         337
         338         348         347
         192         234         235         245         244         338
         339         349         348
         193         235         236         246         245         339
         340         350         349
         194         236         237         247         246         340
         341         351         350
         195         237         238         248         247         341
         342         352         351
         196         239         240         250         249         343
         344         354         353
         197         240         241         251         250         344
         345         355         354
         198         241         242         252         251         345
         346         356         355
         199         242         243         253         252         346
         347         357         356
         200         243         244         254         253         347
         348         358         357
         201         244         245         255         254         348
         349         359         358
         202         245         246         256         255         349
         350         360         359
         203         246         247         257         256         350
         351         361         360
         204         247         248         258         257         351
         352         362         361
         205         250         251         260         259         354
         355         364         363
         206         251         252         261         260         355
         356         365         364
         207         252         253         262         261         356
         357         366         365
         208         253         254         263         262         357
         358         367         366
         209         254         255         264         263         358
         359         368         367
         210         255         256         265         264         359
         360         369         368
         211         256         257         266         265         360
         361         370         369
         212         257         258         267         266         361
         362         371         370
         213         259         260         269         268         363
         364         373         372
         214         260         261         270         269         364
         365         374         373
         215         261         262         271         270         365
         366         375         374
         216         262         263         272         271         366
         367         376         375
         217         263         264         273         272         367
         368         377         376
         218         264         265         274         273         368
         369         378         377
         219         265         266         275         274         369
         370         379         378
         220         266         267         276         275         370
         371         380         379
         221         268         269         278         277         372
         373         382         381
         222         269         270         279         278         373
         374         383         382
         223         270         271         280         279         374
         375         384         383
         224         271         272         281         280         375
         376         385         384
         225         272         273         282         281         376
         377         386         385
         226         273         274         283         282         377
         378         387         386
         227         274         275         284         283         378
         379         388         387
         228         275         276         285         284         379
         380         389         388
         229         277         278         287         286         381
         382         391         390
         230         278         279         288         287         382
         383         392         391
         231         279         280         289         288         383
         384         393         392
         232         280         281         290         289         384
         385         394         393
         233         281         282         291         290         385
         386         395         394
         234         282         283         292         291         386
         387         396         395
         235         283         284         293         292         387
         388         397         396
         236         284         285         294         293         388
         389         398         397
         237         286         287         296         295         390
         391         400         399
         238         287         288         297         296         391
         392         401         400
         239         288         289         298         297         392
         393         402         401
         240         289         290         299         298         393
         394         403         402
         241         290         291         300         299         394
         395         404         403
         242         291         292         301         300         395
         396         405         404
         243         292         293         302         301         396
         397         406         405
         244         293         294         303         302         397
         398         407         406
         245         295         296         305         304         399
         400         409         408
         246         296         297         306         305         400
         401         410         409
         247         297         298         307         306         401
         402         411         410
         248         298         299         308         307         402
         403         412         411
         249         299         300         309         308         403
         404         413         412
         250         300         301         310         309         404
         405         414         413
         251         301         302         311         310         405
         406         415         414
         252         302         303         312         311         406
         407         416         415
         253         313         315         316         314         417
         419         420         418
         254         315         317         318         316         419
         421         422         420
         255         317         319         320         318         421
         423         424         422
         256         319         321         322         320         423
         425         426         424
         257         321         323         324         322         425
         427         428         426
         258         323         325         326         324         427
         429         430         428
         259         325         327         328         326         429
         431         432         430
         260         327         329         330         328         431
         433         434         432
         261         329         331         332         330         433
         435         436         434
         262         314         316         334         333         418
         420         438         437
         263         316         318         335         334         420
         422         439         438
         264         318         320         336         335         422
         424         440         439
         265         320         322         337         336         424
         426         441         440
         266         322         324         338         337         426
         428         442         441
         267         324         326         339         338         428
         430         443         442
         268         326         328         340         339         430
         432         444         443
         269         328         330         341         340         432
         434         445         444
         270         330         332         342         341         434
         436         446         445
         271         333         334         344         343         437
         438         448         447
         272         334         335         345         344         438
         439         449         448
         273         335         336         346         345         439
         440         450         449
         274         336         337         347         346         440
         441         451         450
         275         337         338         348         347         441
         442         452         451
         276         338         339         349         348         442
         443         453         452
         277         339         340         350         349         443
         444         454         453
         278         340         341         351         350         444
         445         455         454
         279         341         342         352         351         445
         446         456         455
         280         344         345         355         354         448
         449         458         457
         281         345         346         356         355         449
         450         459         458
         282         346         347         357         356         450
         451         460         459
         283         347         348         358         357         451
         452         461         460
         284         348         349         359         358         452
         453         462         461
         285         349         350         360         359         453
         454         463         462
         286         350         351         361         360         454
         455         464         463
         287         351         352         362         361         455
         456         465         464
         288         354         355         364         363         457
         458         467         466
         289         355         356         365         364         458
         459         468         467
         290         356         357         366         365         459
         460         469         468
         291         357         358         367         366         460
         461         470         469
         292         358         359         368         367         461
         462         471         470
         293         359         360         369         368         462
         463         472         471
         294         360         361         370         369         463
         464         473         472
         295         361         362         371         370         464
         465         474         473
         296         363         364         373         372         466
         467         476         475
         297         364         365         374         373         467
         468         477         476
         298         365         366         375         374         468
         469         478         477
         299         366         367         376         375         469
         470         479         478
         300         367         368         377         376         470
         471         480         479
         301         368         369         378         377         471
         472         481         480
         302         369         370         379         378         472
         473         482         481
         303         370         371         380         379         473
         474         483         482
         304         372         373         382         381         475
         476         485         484
         305         373         374         383         382         476
         477         486         485
         306         374         375         384         383         477
         478         487         486
         307         375         376         385         384         478
         479         488         487
         308         376         377         386         385         479
         480         489         488
         309         377         378         387         386         480
         481         490         489
         310         378         379         388         387         481
         482         491         490
         311         379         380         389         388         482
         483         492         491
         312         381         382         391         390         484
         485         494         493
         313         382         383         392         391         485
         486         495         494
         314         383         384         393         392         486
         487         496         495
         315         384         385         394         393         487
         488         497         496
         316         385         386         395         394         488
         489         498         497
         317         386         387         396         395         489
         490         499         498
         318         387         388         397         396         490
         491         500         499
         319         388         389         398         397         491
         492         501         500
         320         390         391         400         399         493
         494         503         502
         321         391         392         401         400         494
         495         504         503
         322         392         393         402         401         495
         496         505         504
         323         393         394         403         402         496
         497         506         505
         324         394         395         404         403         497
         498         507         506
         325         395         396         405         404         498
         499         508         507
         326         396         397         406         405         499
         500         509         508
         327         397         398         407         406         500
         501         510         509
         328         399         400         409         408         502
         503         512         511
         329         400         401         410         409         503
         504         513         512
         330         401         402         411         410         504
         505         514         513
         331         402         403         412         411         505
         506         515         514
         332         403         404         413         412         506
         507         516         515
         333         404         405         414         413         507
         508         517         516
         334         405         406         415         414         508
         509         518         517
         335         406         407         416         415         509
         510         519         518
         336         417         419         420         418         520
         522         523         521
         337         419         421         422         420         522
         524         525         523
         338         421         423         424         422         524
         526         527         525
         339         423         425         426         424         526
         528         529         527
         340         425         427         428         426         528
         530         531         529
         341         427         429         430         428         530
         532         533         531
         342         429         431         432         430         532
         534         535         533
         343         431         433         434         432         534
         536         537         535
         344         433         435         436         434         536
         538         539         537
         345         418         420         438         437         521
         523         541         540
         346         420         422         439         438         523
         525         542         541
         347         422         424         440         439         525
         527         543         542
         348         424         426         441         440         527
         529         544         543
         349         426         428         442         441         529
         531         545         544
         350         428         430         443         442         531
         533         546         545
         351         430         432         444         443         533
         535         547         546
         352         432         434         445         444         535
         537         548         547
         353         434         436         446         445         537
         539         549         548
         354         438         439         449         448         541
         542         551         550
         355         439         440         450         449         542
         543         552         551
         356         440         441         451         450         543
         544         553         552
         357         441         442         452         451         544
         545         554         553
         358         442         443         453         452         545
         546         555         554
         359         443         444         454         453         546
         547         556         555
         360         444         445         455         454         547
         548         557         556
         361         445         446         456         455         548
         549         558         557
         362         448         449         458         457         550
         551         560         559
         363         449         450         459         458         551
         552         561         560
         364         450         451         460         459         552
         553         562         561
         365         451         452         461         460         553
         554         563         562
         366         452         453         462         461         554
         555         564         563
         367         453         454         463         462         555
         556         565         564
         368         454         455         464         463         556
         557         566         565
         369         455         456         465         464         557
         558         567         566
         370         457         458         467         466         559
         560         569         568
         371         458         459         468         467         560
         561         570         569
         372         459         460         469         468         561
         562         571         570
         373         460         461         470         469         562
         563         572         571
         374         461         462         471         470         563
         564         573         572
         375         462         463         472         471         564
         565         574         573
         376         463         464         473         472         565
         566         575         574
         377         464         465         474         473         566
         567         576         575
         378         466         467         476         475         568
         569         578         577
         379         467         468         477         476         569
         570         579         578
         380         468         469         478         477         570
         571         580         579
         381         469         470         479         478         571
         572         581         580
         382         470         471         480         479         572
         573         582         581
         383         471         472         481         480         573
         574         583         582
         384         472         473         482         481         574
         575         584         583
         385         473         474         483         482         575
         576         585         584
         386         475         476         485         484         577
         578         587         586
         387         476         477         486         485         578
         579         588         587
         388         477         478         487         486         579
         580         589         588
         389         478         479         488         487         580
         581         590         589
         390         479         480         489         488         581
         582         591         590
         391         480         481         490         489         582
         583         592         591
         392         481         482         491         490         583
         584         593         592
         393         482         483         492         491         584
         585         594         593
         394         484         485         494         493         586
         587         596         595
         395         485         486         495         494         587
         588         597         596
         396         486         487         496         495         588
         589         598         597
         397         487         488         497         496         589
         590         599         598
         398         488         489         498         497         590
         591         600         599
         399         489         490         499         498         591
         592         601         600
         400         490         491         500         499         592
         593         602         601
         401         491         492         501         500         593
         594         603         602
         402         493         494         503         502         595
         596         605         604
         403         494         495         504         503         596
         597         606         605
         404         495         496         505         504         597
         598         607         606
         405         496         497         506         505         598
         599         608         607
         406         497         498         507         506         599
         600         609         608
         407         498         499         508         507         600
         601         610         609
         408         499         500         509         508         601
         602         611         610
         409         500         501         510         509         602
         603         612         611
         410         502         503         512         511         604
         605         614         613
         411         503         504         513         512         605
         606         615         614
         412         504         505         514         513         606
         607         616         615
         413         505         506         515         514         607
         608         617         616
         414         506         507         516         515         608
         609         618         617
         415         507         508         517         516         609
         610         619         618
         416         508         509         518         517         610
         611         620         619
         417         509         510         519         518         611
         612         621         620
         418         522         524         525         523         622
         624         625         623
         419         524         526         527         525         624
         626         627         625
         420         526         528         529         527         626
         628         629         627
         421         528         530         531         529         628
         630         631         629
         422         530         532         533         531         630
         632         633         631
         423         532         534         535         533         632
         634         635         633
         424         534         536         537         535         634
         636         637         635
         425         536         538         539         537         636
         638         639         637
         426         523         525         542         541         623
         625         641         640
         427         525         527         543         542         625
         627         642         641
         428         527         529         544         543         627
         629         643         642
         429         529         531         545         544         629
         631         644         643
         430         531         533         546         545         631
         633         645         644
         431         533         535         547         546         633
         635         646         645
         432         535         537         548         547         635
         637         647         646
         433         537         539         549         548         637
         639         648         647
         434         541         542         551         550         640
         641         650         649
         435         542         543         552         551         641
         642         651         650
         436         543         544         553         552         642
         643         652         651
         437         544         545         554         553         643
         644         653         652
         438         545         546         555         554         644
         645         654         653
         439         546         547         556         555         645
         646         655         654
         440         547         548         557         556         646
         647         656         655
         441         548         549         558         557         647
         648         657         656
         442         550         551         560         559         649
         650         659         658
         443         551         552         561         560         650
         651         660         659
         444         552         553         562         561         651
         652         661         660
         445         553         554         563         562         652
         653         662         661
         446         554         555         564         563         653
         654         663         662
         447         555         556         565         564         654
         655         664         663
         448         556         557         566         565         655
         656         665         664
         449         557         558         567         566         656
         657         666         665
         450         559         560         569         568         658
         659         668         667
         451         560         561         570         569         659
         660         669         668
         452         561         562         571         570         660
         661         670         669
         453         562         563         572         571         661
         662         671         670
         454         563         564         573         572         662
         663         672         671
         455         564         565         574         573         663
         664         673         672
         456         565         566         575         574         664
         665         674         673
         457         566         567         576         575         665
         666         675         674
         458         568         569         578         577         667
         668         677         676
         459         569         570         579         578         668
         669         678         677
         460         570         571         580         579         669
         670         679         678
         461         571         572         581         580         670
         671         680         679
         462         572         573         582         581         671
         672         681         680
         463         573         574         583         582         672
         673         682         681
         464         574         575         584         583         673
         674         683         682
         465         575         576         585         584         674
         675         684         683
         466         577         578         587         586         676
         677         686         685
         467         578         579         588         587         677
         678         687         686
         468         579         580         589         588         678
         679         688         687
         469         580         581         590         589         679
         680         689         688
         470         581         582         591         590         680
         681         690         689
         471         582         583         592         591         681
         682         691         690
         472         583         584         593         592         682
         683         692         691
         473         584         585         594         593         683
         684         693         692
         474         586         587         596         595         685
         686         695         694
         475         587         588         597         596         686
         687         696         695
         476         588         589         598         597         687
         688         697         696
         477         589         590         599         598         688
         689         698         697
         478         590         591         600         599         689
         690         699         698
         479         591         592         601         600         690
         691         700         699
         480         592         593         602         601         691
         692         701         700
         481         593         594         603         602         692
         693         702         701
         482         595         596         605         604         694
         695         704         703
         483         596         597         606         605         695
         696         705         704
         484         597         598         607         606         696
         697         706         705
         485         598         599         608         607         697
         698         707         706
         486         599         600         609         608         698
         699         708         707
         487         600         601         610         609         699
         700         709         708
         488         601         602         611         610         700
         701         710         709
         489         602         603         612         611         701
         702         711         710
         490         605         606         615         614         704
         705         713         712
         491         606         607         616         615         705
         706         714         713
         492         607         608         617         616         706
         707         715         714
         493         608         609         618         617         707
         708         716         715
         494         609         610         619         618         708
         709         717         716
         495         610         611         620         619         709
         710         718         717
         496         611         612         621         620         710
         711         719         718
         497         687         688         697         696         720
         721         729         728
         498         688         689         698         697         721
         722         730         729
         499         689         690         699         698         722
         723         731         730
         500         690         691         700         699         723
         724         732         731
         501         691         692         701         700         724
         725         733         732
         502         692         693         702         701         725
         726         734         733
         503         695         696         705         704         727
         728         736         735
         504         696         697         706         705         728
         729         737         736
         505         697         698         707         706         729
         730         738         737
         506         698         699         708         707         730
         731         739         738
         507         699         700         709         708         731
         732         740         739
         508         700         701         710         709         732
         733         741         740
         509         701         702         711         710         733
         734         742         741
