         509
           1           5           4           7           8          11
          10          13          14
           2           4           6           9           7          10
          12          15          13
           3          11          10          13          14          17
          16          19          20
           4          10          12          15          13          16
          18          21          19
           5          25          26          27          28          37
          38          39          40
           6          26          29          30          27          38
          41          42          39
           7          29          31          32          30          41
          43          44          42
           8          28          27          33          34          40
          39          47          48
           9          27          30          35          33          39
          42          49          47
          10          30          32          36          35          42
          44          50          49
          11          37          38          39          40          52
          53          54          55
          12          38          41          42          39          53
          56          57          54
          13          41          43          44          42          56
          58          59          57
          14          43          45          46          44          58
          60          61          59
          15          40          39          47          48          55
          54          64          65
          16          39          42          49          47          54
          57          66          64
          17          42          44          50          49          57
          59          67          66
          18          44          46          51          50          59
          61          68          67
          19          52          53          54          55          70
          71          72          73
          20          53          56          57          54          71
          74          75          72
          21          56          58          59          57          74
          76          77          75
          22          58          60          61          59          76
          78          79          77
          23          60          62          63          61          78
          80          81          79
          24          55          54          64          65          73
          72          82          83
          25          54          57          66          64          72
          75          84          82
          26          57          59          67          66          75
          77          85          84
          27          59          61          68          67          77
          79          86          85
          28          61          63          69          68          79
          81          87          86
          29          70          71          72          73          88
          89          90          91
          30          71          74          75          72          89
          92          93          90
          31          74          76          77          75          92
          94          95          93
          32          76          78          79          77          94
          96          97          95
          33          78          80          81          79          96
          98          99          97
          34          73          72          82          83          91
          90         100         101
          35          72          75          84          82          90
          93         102         100
          36          75          77          85          84          93
          95         103         102
          37          77          79          86          85          95
          97         104         103
          38          79          81          87          86          97
          99         105         104
          39          88          89          90          91         106
         107         108         109
          40          89          92          93          90         107
         110         111         108
          41          92          94          95          93         110
         112         113         111
          42          94          96          97          95         112
         114         115         113
          43          96          98          99          97         114
         116         117         115
          44          91          90         100         101         109
         108         118         119
          45          90          93         102         100         108
         111         120         118
          46          93          95         103         102         111
         113         121         120
          47          95          97         104         103         113
         115         122         121
          48          97          99         105         104         115
         117         123         122
          49         106         107         108         109         124
         125         126         127
          50         107         110         111         108         125
         128         129         126
          51         110         112         113         111         128
         130         131         129
          52         112         114         115         113         130
         132         133         131
          53         114         116         117         115         132
         134         135         133
          54         109         108         118         119         127
         126         136         137
          55         108         111         120         118         126
         129         138         136
          56         111         113         121         120         129
         131         139         138
          57         113         115         122         121         131
         133         140         139
          58         115         117         123         122         133
         135         141         140
          59         124         125         126         127         142
         143         144         145
          60         125         128         129         126         143
         146         147         144
          61         128         130         131         129         146
         148         149         147
          62         130         132         133         131         148
         150         151         149
          63         132         134         135         133         150
         152         153         151
          64         127         126         136         137         145
         144         154         155
          65         126         129         138         136         144
         147         156         154
          66         129         131         139         138         147
         149         157         156
          67         131         133         140         139         149
         151         158         157
          68         133         135         141         140         151
         153         159         158
          69         142         143         144         145         160
         161         162         163
          70         143         146         147         144         161
         164         165         162
          71         146         148         149         147         164
         166         167         165
          72         148         150         151         149         166
         168         169         167
          73         150         152         153         151         168
         170         171         169
          74         145         144         154         155         163
         162         172         173
          75         144         147         156         154         162
         165         174         172
          76         147         149         157         156         165
         167         175         174
          77         149         151         158         157         167
         169         176         175
          78         151         153         159         158         169
         171         177         176
          79         161         164         165         162          23
          20          19          22
          80         164         166         167         165          20
          14          13          19
          81         166         168         169         167          14
           8           7          13
          82         168         170         171         169           8
           2           1           7
          83         162         165         174         172          22
          19          21          24
          84         165         167         175         174          19
          13          15          21
          85         167         169         176         175          13
           7           9          15
          86         169         171         177         176           7
           1           3           9
          87         182         181         184         185         188
         187         190         191
          88         181         183         186         184         187
         189         192         190
          89         183           5           8         186         189
          11          14         192
          90         188         187         190         191         194
         193         196         197
          91         187         189         192         190         193
         195         198         196
          92         189          11          14         192         195
          17          20         198
          93         202         203         204         205         219
         220         221         222
          94         203         206         207         204         220
         223         224         221
          95         206         208         209         207         223
         225         226         224
          96         208         210         211         209         225
         227         228         226
          97         210         212         213         211         227
         229         230         228
          98         205         204         214         215         222
         221         231         232
          99         204         207         216         214         221
         224         233         231
         100         207         209         217         216         224
         226         234         233
         101         209         211         218         217         226
         228         235         234
         102         215         214          26          25         232
         231          38          37
         103         214         216          29          26         231
         233          41          38
         104         216         217          31          29         233
         234          43          41
         105         219         220         221         222         237
         238         239         240
         106         220         223         224         221         238
         241         242         239
         107         223         225         226         224         241
         243         244         242
         108         225         227         228         226         243
         245         246         244
         109         227         229         230         228         245
         247         248         246
         110         222         221         231         232         240
         239         249         250
         111         221         224         233         231         239
         242         251         249
         112         224         226         234         233         242
         244         252         251
         113         226         228         235         234         244
         246         253         252
         114         228         230         236         235         246
         248         254         253
         115         232         231          38          37         250
         249          53          52
         116         231         233          41          38         249
         251          56          53
         117         233         234          43          41         251
         252          58          56
         118         234         235          45          43         252
         253          60          58
         119         237         238         239         240         255
         256         257         258
         120         238         241         242         239         256
         259         260         257
         121         241         243         244         242         259
         261         262         260
         122         243         245         246         244         261
         263         264         262
         123         245         247         248         246         263
         265         266         264
         124         240         239         249         250         258
         257         267         268
         125         239         242         251         249         257
         260         269         267
         126         242         244         252         251         260
         262         270         269
         127         244         246         253         252         262
         264         271         270
         128         246         248         254         253         264
         266         272         271
         129         250         249          53          52         268
         267          71          70
         130         249         251          56          53         267
         269          74          71
         131         251         252          58          56         269
         270          76          74
         132         252         253          60          58         270
         271          78          76
         133         253         254          62          60         271
         272          80          78
         134         255         256         257         258         273
         274         275         276
         135         256         259         260         257         274
         277         278         275
         136         259         261         262         260         277
         279         280         278
         137         261         263         264         262         279
         281         282         280
         138         263         265         266         264         281
         283         284         282
         139         258         257         267         268         276
         275         285         286
         140         257         260         269         267         275
         278         287         285
         141         260         262         270         269         278
         280         288         287
         142         262         264         271         270         280
         282         289         288
         143         264         266         272         271         282
         284         290         289
         144         268         267          71          70         286
         285          89          88
         145         267         269          74          71         285
         287          92          89
         146         269         270          76          74         287
         288          94          92
         147         270         271          78          76         288
         289          96          94
         148         271         272          80          78         289
         290          98          96
         149         273         274         275         276         291
         292         293         294
         150         274         277         278         275         292
         295         296         293
         151         277         279         280         278         295
         297         298         296
         152         279         281         282         280         297
         299         300         298
         153         281         283         284         282         299
         301         302         300
         154         276         275         285         286         294
         293         303         304
         155         275         278         287         285         293
         296         305         303
         156         278         280         288         287         296
         298         306         305
         157         280         282         289         288         298
         300         307         306
         158         282         284         290         289         300
         302         308         307
         159         286         285          89          88         304
         303         107         106
         160         285         287          92          89         303
         305         110         107
         161         287         288          94          92         305
         306         112         110
         162         288         289          96          94         306
         307         114         112
         163         289         290          98          96         307
         308         116         114
         164         291         292         293         294         309
         310         311         312
         165         292         295         296         293         310
         313         314         311
         166         295         297         298         296         313
         315         316         314
         167         297         299         300         298         315
         317         318         316
         168         299         301         302         300         317
         319         320         318
         169         294         293         303         304         312
         311         321         322
         170         293         296         305         303         311
         314         323         321
         171         296         298         306         305         314
         316         324         323
         172         298         300         307         306         316
         318         325         324
         173         300         302         308         307         318
         320         326         325
         174         304         303         107         106         322
         321         125         124
         175         303         305         110         107         321
         323         128         125
         176         305         306         112         110         323
         324         130         128
         177         306         307         114         112         324
         325         132         130
         178         307         308         116         114         325
         326         134         132
         179         309         310         311         312         327
         328         329         330
         180         310         313         314         311         328
         331         332         329
         181         313         315         316         314         331
         333         334         332
         182         315         317         318         316         333
         335         336         334
         183         317         319         320         318         335
         337         338         336
         184         312         311         321         322         330
         329         339         340
         185         311         314         323         321         329
         332         341         339
         186         314         316         324         323         332
         334         342         341
         187         316         318         325         324         334
         336         343         342
         188         318         320         326         325         336
         338         344         343
         189         322         321         125         124         340
         339         143         142
         190         321         323         128         125         339
         341         146         143
         191         323         324         130         128         341
         342         148         146
         192         324         325         132         130         342
         343         150         148
         193         325         326         134         132         343
         344         152         150
         194         327         328         329         330         345
         346         347         348
         195         328         331         332         329         346
         349         350         347
         196         331         333         334         332         349
         351         352         350
         197         333         335         336         334         351
         353         354         352
         198         335         337         338         336         353
         355         356         354
         199         330         329         339         340         348
         347         357         358
         200         329         332         341         339         347
         350         359         357
         201         332         334         342         341         350
         352         360         359
         202         334         336         343         342         352
         354         361         360
         203         336         338         344         343         354
         356         362         361
         204         340         339         143         142         358
         357         161         160
         205         339         341         146         143         357
         359         164         161
         206         341         342         148         146         359
         360         166         164
         207         342         343         150         148         360
         361         168         166
         208         343         344         152         150         361
         362         170         168
         209         346         349         350         347         200
         197         196         199
         210         349         351         352         350         197
         191         190         196
         211         351         353         354         352         191
         185         184         190
         212         353         355         356         354         185
         179         178         184
         213         347         350         359         357         199
         196         198         201
         214         350         352         360         359         196
         190         192         198
         215         352         354         361         360         190
         184         186         192
         216         354         356         362         361         184
         178         180         186
         217         357         359         164         161         201
         198          20          23
         218         359         360         166         164         198
         192          14          20
         219         360         361         168         166         192
         186           8          14
         220         361         362         170         168         186
         180           2           8
         221         373         374         378         377         194
         188         191         197
         222         374         375         379         378         188
         182         185         191
         223         202         381         382         203         219
         396         397         220
         224         381         383         384         382         396
         398         399         397
         225         383         385         386         384         398
         400         401         399
         226         203         382         387         206         220
         397         404         223
         227         382         384         388         387         397
         399         405         404
         228         384         386         389         388         399
         401         406         405
         229         206         387         390         208         223
         404         408         225
         230         387         388         391         390         404
         405         409         408
         231         388         389         392         391         405
         406         410         409
         232         208         390         393         210         225
         408         412         227
         233         390         391         394         393         408
         409         413         412
         234         210         393         395         212         227
         412         416         229
         235         219         396         397         220         237
         418         419         238
         236         396         398         399         397         418
         420         421         419
         237         398         400         401         399         420
         422         423         421
         238         400         402         403         401         422
         424         425         423
         239         220         397         404         223         238
         419         428         241
         240         397         399         405         404         419
         421         429         428
         241         399         401         406         405         421
         423         430         429
         242         401         403         407         406         423
         425         431         430
         243         223         404         408         225         241
         428         433         243
         244         404         405         409         408         428
         429         434         433
         245         405         406         410         409         429
         430         435         434
         246         406         407         411         410         430
         431         436         435
         247         225         408         412         227         243
         433         438         245
         248         408         409         413         412         433
         434         439         438
         249         409         410         414         413         434
         435         440         439
         250         410         411         415         414         435
         436         441         440
         251         227         412         416         229         245
         438         443         247
         252         412         413         417         416         438
         439         444         443
         253         237         418         419         238         255
         448         449         256
         254         418         420         421         419         448
         450         451         449
         255         420         422         423         421         450
         452         453         451
         256         422         424         425         423         452
         454         455         453
         257         424         426         427         425         454
         456         457         455
         258         238         419         428         241         256
         449         458         259
         259         419         421         429         428         449
         451         459         458
         260         421         423         430         429         451
         453         460         459
         261         423         425         431         430         453
         455         461         460
         262         425         427         432         431         455
         457         462         461
         263         241         428         433         243         259
         458         463         261
         264         428         429         434         433         458
         459         464         463
         265         429         430         435         434         459
         460         465         464
         266         430         431         436         435         460
         461         466         465
         267         431         432         437         436         461
         462         467         466
         268         243         433         438         245         261
         463         468         263
         269         433         434         439         438         463
         464         469         468
         270         434         435         440         439         464
         465         470         469
         271         435         436         441         440         465
         466         471         470
         272         436         437         442         441         466
         467         472         471
         273         245         438         443         247         263
         468         473         265
         274         438         439         444         443         468
         469         474         473
         275         439         440         445         444         469
         470         475         474
         276         440         441         446         445         470
         471         476         475
         277         441         442         447         446         471
         472         477         476
         278         255         448         449         256         273
         478         479         274
         279         448         450         451         449         478
         480         481         479
         280         450         452         453         451         480
         482         483         481
         281         452         454         455         453         482
         484         485         483
         282         454         456         457         455         484
         486         487         485
         283         256         449         458         259         274
         479         488         277
         284         449         451         459         458         479
         481         489         488
         285         451         453         460         459         481
         483         490         489
         286         453         455         461         460         483
         485         491         490
         287         455         457         462         461         485
         487         492         491
         288         259         458         463         261         277
         488         493         279
         289         458         459         464         463         488
         489         494         493
         290         459         460         465         464         489
         490         495         494
         291         460         461         466         465         490
         491         496         495
         292         461         462         467         466         491
         492         497         496
         293         261         463         468         263         279
         493         498         281
         294         463         464         469         468         493
         494         499         498
         295         464         465         470         469         494
         495         500         499
         296         465         466         471         470         495
         496         501         500
         297         466         467         472         471         496
         497         502         501
         298         263         468         473         265         281
         498         503         283
         299         468         469         474         473         498
         499         504         503
         300         469         470         475         474         499
         500         505         504
         301         470         471         476         475         500
         501         506         505
         302         471         472         477         476         501
         502         507         506
         303         273         478         479         274         291
         508         509         292
         304         478         480         481         479         508
         510         511         509
         305         480         482         483         481         510
         512         513         511
         306         482         484         485         483         512
         514         515         513
         307         484         486         487         485         514
         516         517         515
         308         274         479         488         277         292
         509         518         295
         309         479         481         489         488         509
         511         519         518
         310         481         483         490         489         511
         513         520         519
         311         483         485         491         490         513
         515         521         520
         312         485         487         492         491         515
         517         522         521
         313         277         488         493         279         295
         518         523         297
         314         488         489         494         493         518
         519         524         523
         315         489         490         495         494         519
         520         525         524
         316         490         491         496         495         520
         521         526         525
         317         491         492         497         496         521
         522         527         526
         318         279         493         498         281         297
         523         528         299
         319         493         494         499         498         523
         524         529         528
         320         494         495         500         499         524
         525         530         529
         321         495         496         501         500         525
         526         531         530
         322         496         497         502         501         526
         527         532         531
         323         281         498         503         283         299
         528         533         301
         324         498         499         504         503         528
         529         534         533
         325         499         500         505         504         529
         530         535         534
         326         500         501         506         505         530
         531         536         535
         327         501         502         507         506         531
         532         537         536
         328         291         508         509         292         309
         538         539         310
         329         508         510         511         509         538
         540         541         539
         330         510         512         513         511         540
         542         543         541
         331         512         514         515         513         542
         544         545         543
         332         292         509         518         295         310
         539         547         313
         333         509         511         519         518         539
         541         548         547
         334         511         513         520         519         541
         543         549         548
         335         513         515         521         520         543
         545         550         549
         336         515         517         522         521         545
         546         551         550
         337         295         518         523         297         313
         547         552         315
         338         518         519         524         523         547
         548         553         552
         339         519         520         525         524         548
         549         554         553
         340         520         521         526         525         549
         550         555         554
         341         521         522         527         526         550
         551         556         555
         342         297         523         528         299         315
         552         557         317
         343         523         524         529         528         552
         553         558         557
         344         524         525         530         529         553
         554         559         558
         345         525         526         531         530         554
         555         560         559
         346         526         527         532         531         555
         556         561         560
         347         299         528         533         301         317
         557         562         319
         348         528         529         534         533         557
         558         563         562
         349         529         530         535         534         558
         559         564         563
         350         530         531         536         535         559
         560         565         564
         351         309         538         539         310         327
         566         567         328
         352         538         540         541         539         566
         568         569         567
         353         540         542         543         541         568
         570         571         569
         354         542         544         545         543         570
         572         573         571
         355         310         539         547         313         328
         567         575         331
         356         539         541         548         547         567
         569         576         575
         357         541         543         549         548         569
         571         577         576
         358         543         545         550         549         571
         573         578         577
         359         545         546         551         550         573
         574         579         578
         360         313         547         552         315         331
         575         580         333
         361         547         548         553         552         575
         576         581         580
         362         548         549         554         553         576
         577         582         581
         363         549         550         555         554         577
         578         583         582
         364         550         551         556         555         578
         579         584         583
         365         315         552         557         317         333
         580         585         335
         366         552         553         558         557         580
         581         586         585
         367         553         554         559         558         581
         582         587         586
         368         554         555         560         559         582
         583         588         587
         369         317         557         562         319         335
         585         589         337
         370         557         558         563         562         585
         586         590         589
         371         558         559         564         563         586
         587         591         590
         372         327         566         567         328         345
         592         593         346
         373         566         568         569         567         592
         594         595         593
         374         568         570         571         569         594
         596         597         595
         375         570         572         573         571         596
         598         599         597
         376         328         567         575         331         346
         593         601         349
         377         567         569         576         575         593
         595         602         601
         378         569         571         577         576         595
         597         603         602
         379         571         573         578         577         597
         599         604         603
         380         573         574         579         578         599
         600         605         604
         381         331         575         580         333         349
         601         606         351
         382         575         576         581         580         601
         602         607         606
         383         576         577         582         581         602
         603         608         607
         384         577         578         583         582         603
         604         609         608
         385         333         580         585         335         351
         606         610         353
         386         580         581         586         585         606
         607         611         610
         387         581         582         587         586         607
         608         612         611
         388         335         585         589         337         353
         610         613         355
         389         585         586         590         589         610
         611         614         613
         390         346         593         601         349         200
         376         377         197
         391         593         595         602         601         376
         368         369         377
         392         595         597         603         602         368
         365         366         369
         393         597         599         604         603         365
         363         364         366
         394         349         601         606         351         197
         377         378         191
         395         601         602         607         606         377
         369         370         378
         396         602         603         608         607         369
         366         367         370
         397         351         606         610         353         191
         378         379         185
         398         606         607         611         610         378
         370         371         379
         399         353         610         613         355         185
         379         380         179
         400         610         611         614         613         379
         371         372         380
         401          25          37          40          28         615
         617         618         616
         402          37          52          55          40         617
         619         620         618
         403          52          70          73          55         619
         621         622         620
         404          70          88          91          73         621
         623         624         622
         405          88         106         109          91         623
         625         626         624
         406         106         124         127         109         625
         627         628         626
         407         124         142         145         127         627
         629         630         628
         408          28          40          48          34         616
         618         632         631
         409          40          55          65          48         618
         620         633         632
         410          55          73          83          65         620
         622         634         633
         411          73          91         101          83         622
         624         635         634
         412          91         109         119         101         624
         626         636         635
         413         109         127         137         119         626
         628         637         636
         414         127         145         155         137         628
         630         638         637
         415         617         619         620         618         639
         641         642         640
         416         619         621         622         620         641
         643         644         642
         417         621         623         624         622         643
         645         646         644
         418         623         625         626         624         645
         647         648         646
         419         625         627         628         626         647
         649         650         648
         420         618         620         633         632         640
         642         652         651
         421         620         622         634         633         642
         644         653         652
         422         622         624         635         634         644
         646         654         653
         423         624         626         636         635         646
         648         655         654
         424         626         628         637         636         648
         650         656         655
         425         202         219         222         205         657
         659         660         658
         426         219         237         240         222         659
         661         662         660
         427         237         255         258         240         661
         663         664         662
         428         255         273         276         258         663
         665         666         664
         429         273         291         294         276         665
         667         668         666
         430         291         309         312         294         667
         669         670         668
         431         309         327         330         312         669
         671         672         670
         432         205         222         232         215         658
         660         674         673
         433         222         240         250         232         660
         662         675         674
         434         240         258         268         250         662
         664         676         675
         435         258         276         286         268         664
         666         677         676
         436         276         294         304         286         666
         668         678         677
         437         294         312         322         304         668
         670         679         678
         438         312         330         340         322         670
         672         680         679
         439         215         232          37          25         673
         674         617         615
         440         232         250          52          37         674
         675         619         617
         441         250         268          70          52         675
         676         621         619
         442         268         286          88          70         676
         677         623         621
         443         286         304         106          88         677
         678         625         623
         444         304         322         124         106         678
         679         627         625
         445         322         340         142         124         679
         680         629         627
         446         659         661         662         660         681
         683         684         682
         447         661         663         664         662         683
         685         686         684
         448         663         665         666         664         685
         687         688         686
         449         665         667         668         666         687
         689         690         688
         450         667         669         670         668         689
         691         692         690
         451         660         662         675         674         682
         684         694         693
         452         662         664         676         675         684
         686         695         694
         453         664         666         677         676         686
         688         696         695
         454         666         668         678         677         688
         690         697         696
         455         668         670         679         678         690
         692         698         697
         456         674         675         619         617         693
         694         641         639
         457         675         676         621         619         694
         695         643         641
         458         676         677         623         621         695
         696         645         643
         459         677         678         625         623         696
         697         647         645
         460         678         679         627         625         697
         698         649         647
         461         699         700         702         701         706
         707         709         708
         462         700         385         383         702         707
         400         398         709
         463         702         383         381         703         709
         398         396         711
         464         703         381         202         657         711
         396         219         659
         465         704         705         707         706         714
         715         717         716
         466         705         402         400         707         715
         424         422         717
         467         706         707         709         708         716
         717         719         718
         468         707         400         398         709         717
         422         420         719
         469         708         709         711         710         718
         719         721         720
         470         709         398         396         711         719
         420         418         721
         471         710         711         659         681         720
         721         661         683
         472         711         396         219         659         721
         418         237         661
         473         712         713         715         714         722
         723         725         724
         474         713         426         424         715         723
         456         454         725
         475         714         715         717         716         724
         725         727         726
         476         715         424         422         717         725
         454         452         727
         477         716         717         719         718         726
         727         729         728
         478         717         422         420         719         727
         452         450         729
         479         718         719         721         720         728
         729         731         730
         480         719         420         418         721         729
         450         448         731
         481         720         721         661         683         730
         731         663         685
         482         721         418         237         661         731
         448         255         663
         483         723         456         454         725         732
         486         484         734
         484         724         725         727         726         733
         734         736         735
         485         725         454         452         727         734
         484         482         736
         486         726         727         729         728         735
         736         738         737
         487         727         452         450         729         736
         482         480         738
         488         728         729         731         730         737
         738         740         739
         489         729         450         448         731         738
         480         478         740
         490         730         731         663         685         739
         740         665         687
         491         731         448         255         663         740
         478         273         665
         492         733         734         736         735         741
         742         744         743
         493         734         484         482         736         742
         514         512         744
         494         735         736         738         737         743
         744         746         745
         495         736         482         480         738         744
         512         510         746
         496         737         738         740         739         745
         746         748         747
         497         738         480         478         740         746
         510         508         748
         498         739         740         665         687         747
         748         667         689
         499         740         478         273         665         748
         508         291         667
         500         742         514         512         744         749
         544         542         751
         501         743         744         746         745         750
         751         753         752
         502         744         512         510         746         751
         542         540         753
         503         745         746         748         747         752
         753         755         754
         504         746         510         508         748         753
         540         538         755
         505         747         748         667         689         754
         755         669         691
         506         748         508         291         667         755
         538         309         669
         507         751         542         540         753         756
         570         568         757
         508         753         540         538         755         757
         568         566         758
         509         755         538         309         669         758
         566         327         671
