         803
         1   -10000.000000000000000
         2    -9384.615384615390212
         3   -10000.000000000000000
         4    -9384.615384615379298
         5   -10000.000000000000000
         6    -9384.615384615390212
         7   -10000.000000000000000
         8    -9384.615384615390212
         9   -10000.000000000000000
        10    -9384.615384615390212
        11   -10000.000000000000000
        12    -9384.615384615390212
        13   -10000.000000000000000
        14    -9384.615384615390212
        15   -10000.000000000000000
        16    -9384.615384615390212
        17   -10000.000000000000000
        18    -9384.615384615390212
        19   -10000.000000000000000
        20    -9384.615384615390212
        21   -10000.000000000000000
        22    -9384.615384615390212
        23   -10000.000000000000000
        24    -9384.615384615379298
        25   -10000.000000000000000
        26    -9384.615384615390212
        27   -10000.000000000000000
        28    -9384.615384615390212
        29   -10000.000000000000000
        30    -9384.615384615379298
        31   -10000.000000000000000
        32    -9384.615384615379298
        33   -10000.000000000000000
        34    -9384.615384615390212
        35   -10000.000000000000000
        36    -9384.615384615379298
        37   -10000.000000000000000
        38    -9384.615384615390212
        39   -10000.000000000000000
        40    -9384.615384615390212
        41   -10000.000000000000000
        42    -9384.615384615390212
        43   -10000.000000000000000
        44    -9384.615384615379298
        45   -10000.000000000000000
        46    -9384.615384615379298
        47   -10000.000000000000000
        48    -9384.615384615379298
        49   -10000.000000000000000
        50    -9384.615384615379298
        51   -10000.000000000000000
        52    -9384.615384615390212
        53   -10000.000000000000000
        54    -9384.615384615379298
        55   -10000.000000000000000
        56    -9384.615384615390212
        57   -10000.000000000000000
        58    -9384.615384615390212
        59   -10000.000000000000000
        60    -9384.615384615390212
        61   -10000.000000000000000
        62    -9384.615384615379298
        63   -10000.000000000000000
        64    -9384.615384615379298
        65   -10000.000000000000000
        66    -9384.615384615379298
        67    -8769.230769230769511
        68    -8769.230769230769511
        69    -8769.230769230769511
        70    -8769.230769230780425
        71    -8769.230769230769511
        72    -8769.230769230769511
        73    -8769.230769230769511
        74    -8769.230769230769511
        75    -8769.230769230769511
        76    -8769.230769230769511
        77    -8769.230769230769511
        78    -8769.230769230769511
        79    -8769.230769230769511
        80    -8769.230769230769511
        81    -8769.230769230780425
        82    -8769.230769230769511
        83    -8769.230769230780425
        84    -8769.230769230769511
        85    -8769.230769230780425
        86    -8769.230769230769511
        87    -8769.230769230769511
        88    -8769.230769230780425
        89    -8769.230769230780425
        90    -8769.230769230780425
        91    -8769.230769230769511
        92    -8769.230769230769511
        93    -8769.230769230769511
        94    -8769.230769230769511
        95    -8769.230769230769511
        96    -8769.230769230769511
        97    -8769.230769230769511
        98    -8769.230769230769511
        99    -8769.230769230769511
       100    -8769.230769230769511
       101    -8153.846153846149718
       102    -8153.846153846149718
       103    -8153.846153846149718
       104    -8153.846153846149718
       105    -8153.846153846149718
       106    -8153.846153846149718
       107    -8153.846153846149718
       108    -8153.846153846160632
       109    -8153.846153846149718
       110    -8153.846153846149718
       111    -8153.846153846149718
       112    -8153.846153846149718
       113    -8153.846153846149718
       114    -8153.846153846149718
       115    -8153.846153846149718
       116    -8153.846153846149718
       117    -8153.846153846149718
       118    -8153.846153846149718
       119    -8153.846153846149718
       120    -8153.846153846160632
       121    -8153.846153846149718
       122    -8153.846153846149718
       123    -8153.846153846160632
       124    -8153.846153846149718
       125    -8153.846153846160632
       126    -8153.846153846149718
       127    -8153.846153846149718
       128    -8153.846153846149718
       129    -8153.846153846149718
       130    -8153.846153846160632
       131    -8153.846153846149718
       132    -8153.846153846160632
       133    -8153.846153846149718
       134    -8153.846153846149718
       135    -8153.846153846160632
       136    -8153.846153846149718
       137    -8153.846153846160632
       138    -8153.846153846149718
       139    -7538.461538461539931
       140    -7538.461538461539931
       141    -7538.461538461539931
       142    -7538.461538461539931
       143    -7538.461538461539931
       144    -7538.461538461539931
       145    -7538.461538461539931
       146    -7538.461538461539931
       147    -7538.461538461539931
       148    -7538.461538461539931
       149    -7538.461538461539931
       150    -7538.461538461539931
       151    -7538.461538461539931
       152    -7538.461538461539931
       153    -7538.461538461539931
       154    -7538.461538461539931
       155    -7538.461538461539931
       156    -7538.461538461539931
       157    -7538.461538461539931
       158    -7538.461538461539931
       159    -7538.461538461539931
       160    -7538.461538461539931
       161    -7538.461538461529926
       162    -7538.461538461539931
       163    -7538.461538461539931
       164    -7538.461538461539931
       165    -7538.461538461539931
       166    -7538.461538461529926
       167    -7538.461538461539931
       168    -7538.461538461539931
       169    -7538.461538461539931
       170    -7538.461538461539931
       171    -7538.461538461539931
       172    -7538.461538461539931
       173    -7538.461538461539931
       174    -7538.461538461539931
       175    -7538.461538461539931
       176    -7538.461538461539931
       177    -7538.461538461539931
       178    -7538.461538461539931
       179    -7538.461538461539931
       180    -7538.461538461539931
       181    -7538.461538461539931
       182    -7538.461538461539931
       183    -7538.461538461539931
       184    -7538.461538461539931
       185    -7538.461538461539931
       186    -6923.076923076929234
       187    -6923.076923076929234
       188    -6923.076923076920139
       189    -6923.076923076929234
       190    -6923.076923076929234
       191    -6923.076923076929234
       192    -6923.076923076920139
       193    -6923.076923076920139
       194    -6923.076923076920139
       195    -6923.076923076920139
       196    -6923.076923076920139
       197    -6923.076923076920139
       198    -6923.076923076920139
       199    -6923.076923076920139
       200    -6923.076923076920139
       201    -6923.076923076920139
       202    -6923.076923076920139
       203    -6923.076923076920139
       204    -6923.076923076920139
       205    -6923.076923076929234
       206    -6923.076923076920139
       207    -6923.076923076929234
       208    -6923.076923076920139
       209    -6923.076923076929234
       210    -6923.076923076920139
       211    -6923.076923076920139
       212    -6923.076923076920139
       213    -6923.076923076920139
       214    -6923.076923076920139
       215    -6923.076923076920139
       216    -6923.076923076920139
       217    -6923.076923076929234
       218    -6923.076923076929234
       219    -6923.076923076920139
       220    -6923.076923076929234
       221    -6923.076923076929234
       222    -6923.076923076920139
       223    -6923.076923076929234
       224    -6923.076923076920139
       225    -6923.076923076920139
       226    -6923.076923076920139
       227    -6923.076923076920139
       228    -6923.076923076920139
       229    -6923.076923076920139
       230    -6923.076923076920139
       231    -6923.076923076929234
       232    -6923.076923076920139
       233    -6923.076923076929234
       234    -6923.076923076920139
       235    -6923.076923076920139
       236    -6923.076923076920139
       237    -6923.076923076920139
       238    -6923.076923076920139
       239    -6307.692307692310351
       240    -6307.692307692310351
       241    -6307.692307692310351
       242    -6307.692307692300346
       243    -6307.692307692310351
       244    -6307.692307692310351
       245    -6307.692307692310351
       246    -6307.692307692310351
       247    -6307.692307692310351
       248    -6307.692307692310351
       249    -6307.692307692310351
       250    -6307.692307692310351
       251    -6307.692307692310351
       252    -6307.692307692310351
       253    -6307.692307692310351
       254    -6307.692307692310351
       255    -6307.692307692310351
       256    -6307.692307692310351
       257    -6307.692307692310351
       258    -6307.692307692310351
       259    -6307.692307692310351
       260    -6307.692307692310351
       261    -6307.692307692310351
       262    -6307.692307692300346
       263    -6307.692307692310351
       264    -6307.692307692310351
       265    -6307.692307692310351
       266    -6307.692307692310351
       267    -6307.692307692310351
       268    -6307.692307692310351
       269    -6307.692307692310351
       270    -6307.692307692310351
       271    -6307.692307692310351
       272    -6307.692307692310351
       273    -6307.692307692310351
       274    -6307.692307692310351
       275    -6307.692307692310351
       276    -6307.692307692310351
       277    -6307.692307692310351
       278    -6307.692307692310351
       279    -6307.692307692310351
       280    -6307.692307692310351
       281    -6307.692307692310351
       282    -6307.692307692310351
       283    -6307.692307692310351
       284    -6307.692307692310351
       285    -6307.692307692310351
       286    -6307.692307692310351
       287    -6307.692307692310351
       288    -6307.692307692310351
       289    -6307.692307692310351
       290    -6307.692307692310351
       291    -6307.692307692310351
       292    -6307.692307692310351
       293    -6307.692307692310351
       294    -6307.692307692310351
       295    -6307.692307692310351
       296    -6307.692307692310351
       297    -5692.307692307689649
       298    -5692.307692307689649
       299    -5692.307692307689649
       300    -5692.307692307689649
       301    -5692.307692307689649
       302    -5692.307692307699654
       303    -5692.307692307689649
       304    -5692.307692307689649
       305    -5692.307692307689649
       306    -5692.307692307689649
       307    -5692.307692307689649
       308    -5692.307692307689649
       309    -5692.307692307689649
       310    -5692.307692307689649
       311    -5692.307692307689649
       312    -5692.307692307689649
       313    -5692.307692307689649
       314    -5692.307692307689649
       315    -5692.307692307689649
       316    -5692.307692307689649
       317    -5692.307692307689649
       318    -5692.307692307689649
       319    -5692.307692307689649
       320    -5692.307692307689649
       321    -5692.307692307689649
       322    -5692.307692307689649
       323    -5692.307692307689649
       324    -5692.307692307689649
       325    -5692.307692307689649
       326    -5692.307692307689649
       327    -5692.307692307689649
       328    -5692.307692307689649
       329    -5692.307692307689649
       330    -5692.307692307689649
       331    -5692.307692307689649
       332    -5692.307692307689649
       333    -5692.307692307689649
       334    -5692.307692307689649
       335    -5692.307692307689649
       336    -5692.307692307689649
       337    -5692.307692307689649
       338    -5692.307692307689649
       339    -5692.307692307689649
       340    -5692.307692307689649
       341    -5692.307692307689649
       342    -5692.307692307689649
       343    -5692.307692307689649
       344    -5692.307692307689649
       345    -5692.307692307689649
       346    -5692.307692307689649
       347    -5692.307692307689649
       348    -5692.307692307689649
       349    -5692.307692307689649
       350    -5692.307692307689649
       351    -5692.307692307689649
       352    -5692.307692307689649
       353    -5692.307692307689649
       354    -5692.307692307689649
       355    -5076.923076923079861
       356    -5076.923076923070766
       357    -5076.923076923070766
       358    -5076.923076923070766
       359    -5076.923076923070766
       360    -5076.923076923079861
       361    -5076.923076923079861
       362    -5076.923076923070766
       363    -5076.923076923079861
       364    -5076.923076923079861
       365    -5076.923076923079861
       366    -5076.923076923079861
       367    -5076.923076923079861
       368    -5076.923076923079861
       369    -5076.923076923079861
       370    -5076.923076923079861
       371    -5076.923076923079861
       372    -5076.923076923070766
       373    -5076.923076923070766
       374    -5076.923076923070766
       375    -5076.923076923070766
       376    -5076.923076923079861
       377    -5076.923076923079861
       378    -5076.923076923079861
       379    -5076.923076923079861
       380    -5076.923076923079861
       381    -5076.923076923079861
       382    -5076.923076923070766
       383    -5076.923076923079861
       384    -5076.923076923079861
       385    -5076.923076923079861
       386    -5076.923076923070766
       387    -5076.923076923070766
       388    -5076.923076923079861
       389    -5076.923076923079861
       390    -5076.923076923079861
       391    -5076.923076923079861
       392    -5076.923076923079861
       393    -5076.923076923079861
       394    -5076.923076923079861
       395    -5076.923076923070766
       396    -5076.923076923079861
       397    -5076.923076923079861
       398    -5076.923076923079861
       399    -5076.923076923079861
       400    -5076.923076923070766
       401    -5076.923076923079861
       402    -5076.923076923079861
       403    -5076.923076923079861
       404    -4461.538461538460069
       405    -4461.538461538460069
       406    -4461.538461538460069
       407    -4461.538461538460069
       408    -4461.538461538460069
       409    -4461.538461538460069
       410    -4461.538461538460069
       411    -4461.538461538470074
       412    -4461.538461538460069
       413    -4461.538461538460069
       414    -4461.538461538460069
       415    -4461.538461538460069
       416    -4461.538461538460069
       417    -4461.538461538460069
       418    -4461.538461538460069
       419    -4461.538461538460069
       420    -4461.538461538460069
       421    -4461.538461538460069
       422    -4461.538461538460069
       423    -4461.538461538460069
       424    -4461.538461538460069
       425    -4461.538461538460069
       426    -4461.538461538460069
       427    -4461.538461538460069
       428    -4461.538461538460069
       429    -4461.538461538460069
       430    -4461.538461538460069
       431    -4461.538461538460069
       432    -4461.538461538460069
       433    -4461.538461538460069
       434    -4461.538461538460069
       435    -4461.538461538460069
       436    -4461.538461538460069
       437    -4461.538461538460069
       438    -4461.538461538460069
       439    -3846.153846153839822
       440    -3846.153846153839822
       441    -3846.153846153839822
       442    -3846.153846153849827
       443    -3846.153846153839822
       444    -3846.153846153849827
       445    -3846.153846153849827
       446    -3846.153846153849827
       447    -3846.153846153849827
       448    -3846.153846153849827
       449    -3846.153846153849827
       450    -3846.153846153839822
       451    -3846.153846153849827
       452    -3846.153846153849827
       453    -3846.153846153849827
       454    -3846.153846153849827
       455    -3846.153846153849827
       456    -3230.769230769230035
       457    -3230.769230769230035
       458    -3230.769230769230035
       459    -3230.769230769230035
       460    -3230.769230769230035
       461    -3230.769230769230035
       462    -3230.769230769230035
       463   -10000.000000000000000
       464    -9384.615384615379298
       465   -10000.000000000000000
       466    -9384.615384615379298
       467   -10000.000000000000000
       468    -9384.615384615390212
       469   -10000.000000000000000
       470    -9384.615384615390212
       471   -10000.000000000000000
       472    -9384.615384615390212
       473   -10000.000000000000000
       474    -9384.615384615390212
       475   -10000.000000000000000
       476    -9384.615384615379298
       477   -10000.000000000000000
       478    -9384.615384615390212
       479   -10000.000000000000000
       480    -9384.615384615379298
       481   -10000.000000000000000
       482    -9384.615384615379298
       483   -10000.000000000000000
       484    -9384.615384615390212
       485   -10000.000000000000000
       486    -9384.615384615390212
       487   -10000.000000000000000
       488    -9384.615384615390212
       489   -10000.000000000000000
       490    -9384.615384615390212
       491   -10000.000000000000000
       492    -9384.615384615379298
       493   -10000.000000000000000
       494    -9384.615384615390212
       495   -10000.000000000000000
       496    -9384.615384615379298
       497   -10000.000000000000000
       498    -9384.615384615390212
       499   -10000.000000000000000
       500    -9384.615384615390212
       501   -10000.000000000000000
       502    -9384.615384615390212
       503   -10000.000000000000000
       504    -9384.615384615390212
       505   -10000.000000000000000
       506    -9384.615384615379298
       507   -10000.000000000000000
       508    -9384.615384615379298
       509    -8769.230769230769511
       510    -8769.230769230769511
       511    -8769.230769230769511
       512    -8769.230769230769511
       513    -8769.230769230769511
       514    -8769.230769230769511
       515    -8769.230769230769511
       516    -8769.230769230769511
       517    -8769.230769230769511
       518    -8769.230769230769511
       519    -8769.230769230769511
       520    -8769.230769230769511
       521    -8769.230769230769511
       522    -8769.230769230780425
       523    -8769.230769230769511
       524    -8769.230769230769511
       525    -8769.230769230769511
       526    -8769.230769230769511
       527    -8769.230769230769511
       528    -8769.230769230769511
       529    -8769.230769230769511
       530    -8769.230769230769511
       531    -8769.230769230769511
       532    -8153.846153846149718
       533    -8153.846153846149718
       534    -8153.846153846149718
       535    -8153.846153846160632
       536    -8153.846153846160632
       537    -8153.846153846149718
       538    -8153.846153846149718
       539    -8153.846153846160632
       540    -8153.846153846160632
       541    -8153.846153846149718
       542    -8153.846153846160632
       543    -8153.846153846149718
       544    -8153.846153846149718
       545    -8153.846153846149718
       546    -8153.846153846160632
       547    -8153.846153846160632
       548    -8153.846153846149718
       549    -8153.846153846149718
       550    -8153.846153846149718
       551    -8153.846153846149718
       552    -8153.846153846149718
       553    -8153.846153846149718
       554    -8153.846153846149718
       555    -8153.846153846149718
       556    -8153.846153846149718
       557    -7538.461538461539931
       558    -7538.461538461539931
       559    -7538.461538461539931
       560    -7538.461538461539931
       561    -7538.461538461539931
       562    -7538.461538461529926
       563    -7538.461538461539931
       564    -7538.461538461539931
       565    -7538.461538461539931
       566    -7538.461538461539931
       567    -7538.461538461539931
       568    -7538.461538461539931
       569    -7538.461538461539931
       570    -7538.461538461539931
       571    -7538.461538461539931
       572    -7538.461538461539931
       573    -7538.461538461539931
       574    -7538.461538461539931
       575    -7538.461538461539931
       576    -7538.461538461539931
       577    -7538.461538461539931
       578    -7538.461538461539931
       579    -7538.461538461539931
       580    -7538.461538461529926
       581    -7538.461538461539931
       582    -7538.461538461539931
       583    -7538.461538461529926
       584    -7538.461538461539931
       585    -6923.076923076929234
       586    -6923.076923076929234
       587    -6923.076923076929234
       588    -6923.076923076929234
       589    -6923.076923076920139
       590    -6923.076923076920139
       591    -6923.076923076920139
       592    -6923.076923076920139
       593    -6923.076923076929234
       594    -6923.076923076929234
       595    -6923.076923076920139
       596    -6923.076923076920139
       597    -6923.076923076920139
       598    -6923.076923076929234
       599    -6923.076923076929234
       600    -6923.076923076920139
       601    -6923.076923076929234
       602    -6923.076923076929234
       603    -6923.076923076920139
       604    -6923.076923076929234
       605    -6923.076923076929234
       606    -6923.076923076920139
       607    -6923.076923076920139
       608    -6923.076923076920139
       609    -6923.076923076929234
       610    -6923.076923076920139
       611    -6923.076923076920139
       612    -6923.076923076920139
       613    -6923.076923076920139
       614    -6923.076923076920139
       615    -6923.076923076920139
       616    -6923.076923076920139
       617    -6923.076923076920139
       618    -6923.076923076920139
       619    -6923.076923076929234
       620    -6923.076923076920139
       621    -6923.076923076920139
       622    -6307.692307692310351
       623    -6307.692307692310351
       624    -6307.692307692310351
       625    -6307.692307692300346
       626    -6307.692307692310351
       627    -6307.692307692310351
       628    -6307.692307692310351
       629    -6307.692307692310351
       630    -6307.692307692310351
       631    -6307.692307692310351
       632    -6307.692307692310351
       633    -6307.692307692310351
       634    -6307.692307692310351
       635    -6307.692307692310351
       636    -6307.692307692310351
       637    -6307.692307692310351
       638    -6307.692307692310351
       639    -6307.692307692310351
       640    -6307.692307692310351
       641    -6307.692307692310351
       642    -6307.692307692310351
       643    -6307.692307692310351
       644    -6307.692307692310351
       645    -6307.692307692310351
       646    -6307.692307692310351
       647    -6307.692307692300346
       648    -6307.692307692310351
       649    -6307.692307692310351
       650    -6307.692307692310351
       651    -6307.692307692310351
       652    -6307.692307692310351
       653    -6307.692307692310351
       654    -6307.692307692310351
       655    -6307.692307692310351
       656    -6307.692307692310351
       657    -6307.692307692310351
       658    -6307.692307692310351
       659    -6307.692307692310351
       660    -6307.692307692310351
       661    -6307.692307692310351
       662    -6307.692307692310351
       663    -6307.692307692310351
       664    -6307.692307692310351
       665    -6307.692307692310351
       666    -6307.692307692310351
       667    -5692.307692307689649
       668    -5692.307692307689649
       669    -5692.307692307689649
       670    -5692.307692307689649
       671    -5692.307692307689649
       672    -5692.307692307689649
       673    -5692.307692307689649
       674    -5692.307692307689649
       675    -5692.307692307689649
       676    -5692.307692307689649
       677    -5692.307692307689649
       678    -5692.307692307689649
       679    -5692.307692307689649
       680    -5692.307692307689649
       681    -5692.307692307689649
       682    -5692.307692307689649
       683    -5692.307692307689649
       684    -5692.307692307689649
       685    -5692.307692307689649
       686    -5692.307692307689649
       687    -5692.307692307689649
       688    -5692.307692307689649
       689    -5692.307692307689649
       690    -5692.307692307689649
       691    -5692.307692307689649
       692    -5692.307692307689649
       693    -5692.307692307689649
       694    -5692.307692307689649
       695    -5692.307692307689649
       696    -5692.307692307689649
       697    -5692.307692307689649
       698    -5692.307692307689649
       699    -5692.307692307689649
       700    -5692.307692307689649
       701    -5692.307692307689649
       702    -5692.307692307689649
       703    -5692.307692307689649
       704    -5692.307692307689649
       705    -5692.307692307689649
       706    -5692.307692307689649
       707    -5692.307692307699654
       708    -5692.307692307689649
       709    -5692.307692307699654
       710    -5692.307692307689649
       711    -5692.307692307689649
       712    -5692.307692307689649
       713    -5076.923076923079861
       714    -5076.923076923079861
       715    -5076.923076923079861
       716    -5076.923076923079861
       717    -5076.923076923079861
       718    -5076.923076923070766
       719    -5076.923076923079861
       720    -5076.923076923079861
       721    -5076.923076923079861
       722    -5076.923076923079861
       723    -5076.923076923079861
       724    -5076.923076923079861
       725    -5076.923076923079861
       726    -5076.923076923079861
       727    -5076.923076923079861
       728    -5076.923076923079861
       729    -5076.923076923070766
       730    -5076.923076923079861
       731    -5076.923076923079861
       732    -5076.923076923079861
       733    -5076.923076923079861
       734    -5076.923076923079861
       735    -5076.923076923070766
       736    -5076.923076923079861
       737    -5076.923076923079861
       738    -5076.923076923079861
       739    -5076.923076923079861
       740    -5076.923076923079861
       741    -5076.923076923079861
       742    -5076.923076923079861
       743    -5076.923076923079861
       744    -5076.923076923079861
       745    -5076.923076923079861
       746    -5076.923076923079861
       747    -5076.923076923079861
       748    -5076.923076923079861
       749    -5076.923076923079861
       750    -5076.923076923079861
       751    -5076.923076923079861
       752    -5076.923076923079861
       753    -5076.923076923079861
       754    -5076.923076923079861
       755    -4461.538461538460069
       756    -4461.538461538460069
       757    -4461.538461538460069
       758    -4461.538461538460069
       759    -4461.538461538460069
       760    -4461.538461538460069
       761    -4461.538461538460069
       762    -4461.538461538460069
       763    -4461.538461538460069
       764    -4461.538461538460069
       765    -4461.538461538460069
       766    -4461.538461538460069
       767    -4461.538461538460069
       768    -4461.538461538460069
       769    -4461.538461538460069
       770    -4461.538461538460069
       771    -4461.538461538460069
       772    -4461.538461538460069
       773    -4461.538461538460069
       774    -4461.538461538460069
       775    -4461.538461538460069
       776    -4461.538461538460069
       777    -4461.538461538460069
       778    -4461.538461538460069
       779    -4461.538461538460069
       780    -4461.538461538460069
       781    -4461.538461538460069
       782    -4461.538461538460069
       783    -4461.538461538460069
       784    -4461.538461538460069
       785    -3846.153846153849827
       786    -3846.153846153839822
       787    -3846.153846153839822
       788    -3846.153846153849827
       789    -3846.153846153849827
       790    -3846.153846153849827
       791    -3846.153846153849827
       792    -3846.153846153849827
       793    -3846.153846153849827
       794    -3846.153846153839822
       795    -3846.153846153839822
       796    -3846.153846153849827
       797    -3846.153846153849827
       798    -3846.153846153849827
       799    -3230.769230769230035
       800    -3230.769230769230035
       801    -3230.769230769230035
       802    -3230.769230769230035
       803    -3230.769230769230035
