         742
         1   -10000.000000000000000
         2    -9411.764705882360431
         3   -10000.000000000000000
         4    -9411.764705882360431
         5   -10000.000000000000000
         6    -9411.764705882349517
         7   -10000.000000000000000
         8    -9411.764705882349517
         9   -10000.000000000000000
        10    -9411.764705882360431
        11   -10000.000000000000000
        12    -9411.764705882360431
        13   -10000.000000000000000
        14    -9411.764705882349517
        15   -10000.000000000000000
        16    -9411.764705882349517
        17   -10000.000000000000000
        18    -9411.764705882360431
        19   -10000.000000000000000
        20    -9411.764705882360431
        21   -10000.000000000000000
        22    -9411.764705882360431
        23   -10000.000000000000000
        24    -9411.764705882360431
        25   -10000.000000000000000
        26    -9411.764705882349517
        27   -10000.000000000000000
        28    -9411.764705882360431
        29   -10000.000000000000000
        30    -9411.764705882360431
        31   -10000.000000000000000
        32    -9411.764705882349517
        33   -10000.000000000000000
        34    -9411.764705882360431
        35   -10000.000000000000000
        36    -9411.764705882360431
        37   -10000.000000000000000
        38    -9411.764705882360431
        39   -10000.000000000000000
        40    -9411.764705882360431
        41   -10000.000000000000000
        42    -9411.764705882349517
        43   -10000.000000000000000
        44    -9411.764705882349517
        45    -8823.529411764709948
        46    -8823.529411764699034
        47    -8823.529411764709948
        48    -8823.529411764699034
        49    -8823.529411764709948
        50    -8823.529411764699034
        51    -8823.529411764709948
        52    -8823.529411764699034
        53    -8823.529411764709948
        54    -8823.529411764699034
        55    -8823.529411764709948
        56    -8823.529411764699034
        57    -8823.529411764709948
        58    -8823.529411764699034
        59    -8823.529411764709948
        60    -8823.529411764709948
        61    -8823.529411764709948
        62    -8823.529411764709948
        63    -8823.529411764709948
        64    -8823.529411764699034
        65    -8823.529411764709948
        66    -8823.529411764699034
        67    -8235.294117647059466
        68    -8235.294117647059466
        69    -8235.294117647059466
        70    -8235.294117647059466
        71    -8235.294117647059466
        72    -8235.294117647059466
        73    -8235.294117647059466
        74    -8235.294117647059466
        75    -8235.294117647059466
        76    -8235.294117647059466
        77    -8235.294117647059466
        78    -8235.294117647059466
        79    -8235.294117647059466
        80    -8235.294117647050371
        81    -8235.294117647059466
        82    -8235.294117647059466
        83    -8235.294117647059466
        84    -8235.294117647059466
        85    -8235.294117647059466
        86    -8235.294117647059466
        87    -8235.294117647059466
        88    -8235.294117647059466
        89    -7647.058823529410802
        90    -7647.058823529410802
        91    -7647.058823529410802
        92    -7647.058823529410802
        93    -7647.058823529410802
        94    -7647.058823529410802
        95    -7647.058823529410802
        96    -7647.058823529410802
        97    -7647.058823529410802
        98    -7647.058823529410802
        99    -7647.058823529410802
       100    -7647.058823529410802
       101    -7647.058823529410802
       102    -7647.058823529410802
       103    -7647.058823529410802
       104    -7647.058823529410802
       105    -7647.058823529410802
       106    -7647.058823529410802
       107    -7647.058823529410802
       108    -7647.058823529410802
       109    -7647.058823529410802
       110    -7647.058823529410802
       111    -7058.823529411760319
       112    -7058.823529411760319
       113    -7058.823529411760319
       114    -7058.823529411769414
       115    -7058.823529411769414
       116    -7058.823529411769414
       117    -7058.823529411760319
       118    -7058.823529411760319
       119    -7058.823529411760319
       120    -7058.823529411760319
       121    -7058.823529411769414
       122    -7058.823529411760319
       123    -7058.823529411760319
       124    -7058.823529411760319
       125    -7058.823529411760319
       126    -7058.823529411760319
       127    -7058.823529411760319
       128    -7058.823529411769414
       129    -7058.823529411760319
       130    -7058.823529411760319
       131    -6470.588235294120750
       132    -6470.588235294120750
       133    -6470.588235294120750
       134    -6470.588235294120750
       135    -6470.588235294120750
       136    -6470.588235294120750
       137    -6470.588235294120750
       138    -6470.588235294120750
       139    -6470.588235294120750
       140    -6470.588235294120750
       141    -6470.588235294120750
       142    -6470.588235294120750
       143    -6470.588235294120750
       144    -6470.588235294120750
       145    -6470.588235294120750
       146    -6470.588235294120750
       147    -6470.588235294120750
       148    -6470.588235294120750
       149   -10000.000000000000000
       150    -9411.764705882360431
       151   -10000.000000000000000
       152    -9411.764705882360431
       153   -10000.000000000000000
       154    -9411.764705882360431
       155   -10000.000000000000000
       156    -9411.764705882349517
       157   -10000.000000000000000
       158    -9411.764705882349517
       159   -10000.000000000000000
       160    -9411.764705882360431
       161   -10000.000000000000000
       162    -9411.764705882349517
       163   -10000.000000000000000
       164    -9411.764705882360431
       165   -10000.000000000000000
       166    -9411.764705882349517
       167   -10000.000000000000000
       168    -9411.764705882360431
       169   -10000.000000000000000
       170    -9411.764705882360431
       171    -8823.529411764709948
       172    -8823.529411764709948
       173    -8823.529411764709948
       174    -8823.529411764699034
       175    -8823.529411764709948
       176    -8823.529411764699034
       177    -8823.529411764709948
       178    -8823.529411764709948
       179    -8823.529411764699034
       180    -8823.529411764709948
       181    -8823.529411764709948
       182    -8235.294117647059466
       183    -8235.294117647059466
       184    -8235.294117647059466
       185    -8235.294117647059466
       186    -8235.294117647059466
       187    -8235.294117647059466
       188    -8235.294117647050371
       189    -8235.294117647059466
       190    -8235.294117647059466
       191    -8235.294117647059466
       192    -8235.294117647059466
       193    -7647.058823529410802
       194    -7647.058823529410802
       195    -7647.058823529410802
       196    -7647.058823529410802
       197    -7647.058823529410802
       198    -7647.058823529410802
       199    -7647.058823529410802
       200    -7647.058823529410802
       201    -7647.058823529410802
       202    -7647.058823529410802
       203    -7647.058823529410802
       204    -7058.823529411760319
       205    -7058.823529411769414
       206    -7058.823529411769414
       207    -7058.823529411769414
       208    -7058.823529411769414
       209    -7058.823529411769414
       210    -7058.823529411769414
       211    -7058.823529411769414
       212    -7058.823529411769414
       213    -7058.823529411760319
       214    -6470.588235294120750
       215    -6470.588235294120750
       216    -6470.588235294120750
       217    -6470.588235294120750
       218    -6470.588235294120750
       219    -6470.588235294120750
       220    -6470.588235294120750
       221    -6470.588235294120750
       222    -6470.588235294120750
       223   -10000.000000000000000
       224    -9411.764705882360431
       225   -10000.000000000000000
       226    -9411.764705882360431
       227   -10000.000000000000000
       228    -9411.764705882360431
       229   -10000.000000000000000
       230    -9411.764705882360431
       231   -10000.000000000000000
       232    -9411.764705882360431
       233   -10000.000000000000000
       234    -9411.764705882360431
       235   -10000.000000000000000
       236    -9411.764705882360431
       237   -10000.000000000000000
       238    -9411.764705882360431
       239   -10000.000000000000000
       240    -9411.764705882360431
       241   -10000.000000000000000
       242    -9411.764705882360431
       243   -10000.000000000000000
       244    -9411.764705882360431
       245    -8823.529411764699034
       246    -8823.529411764699034
       247    -8823.529411764699034
       248    -8823.529411764709948
       249    -8823.529411764699034
       250    -8823.529411764699034
       251    -8823.529411764709948
       252    -8823.529411764699034
       253    -8823.529411764709948
       254    -8823.529411764709948
       255    -8823.529411764709948
       256    -8235.294117647059466
       257    -8235.294117647070379
       258    -8235.294117647059466
       259    -8235.294117647059466
       260    -8235.294117647059466
       261    -8235.294117647059466
       262    -8235.294117647059466
       263    -8235.294117647059466
       264    -8235.294117647059466
       265    -8235.294117647050371
       266    -8235.294117647059466
       267    -7647.058823529410802
       268    -7647.058823529410802
       269    -7647.058823529410802
       270    -7647.058823529410802
       271    -7647.058823529410802
       272    -7647.058823529410802
       273    -7647.058823529410802
       274    -7647.058823529410802
       275    -7647.058823529410802
       276    -7647.058823529410802
       277    -7647.058823529410802
       278    -7058.823529411769414
       279    -7058.823529411760319
       280    -7058.823529411769414
       281    -7058.823529411769414
       282    -7058.823529411769414
       283    -7058.823529411769414
       284    -7058.823529411769414
       285    -7058.823529411769414
       286    -7058.823529411760319
       287    -7058.823529411760319
       288    -6470.588235294120750
       289    -6470.588235294120750
       290    -6470.588235294120750
       291    -6470.588235294120750
       292    -6470.588235294120750
       293    -6470.588235294120750
       294    -6470.588235294120750
       295    -6470.588235294120750
       296    -6470.588235294120750
       297   -10000.000000000000000
       298    -9411.764705882360431
       299   -10000.000000000000000
       300    -9411.764705882349517
       301   -10000.000000000000000
       302    -9411.764705882360431
       303   -10000.000000000000000
       304    -9411.764705882349517
       305   -10000.000000000000000
       306    -9411.764705882360431
       307   -10000.000000000000000
       308    -9411.764705882360431
       309   -10000.000000000000000
       310    -9411.764705882360431
       311   -10000.000000000000000
       312    -9411.764705882360431
       313   -10000.000000000000000
       314    -9411.764705882360431
       315   -10000.000000000000000
       316    -9411.764705882360431
       317   -10000.000000000000000
       318    -9411.764705882349517
       319    -8823.529411764709948
       320    -8823.529411764709948
       321    -8823.529411764709948
       322    -8823.529411764709948
       323    -8823.529411764699034
       324    -8823.529411764709948
       325    -8823.529411764709948
       326    -8823.529411764709948
       327    -8823.529411764699034
       328    -8823.529411764709948
       329    -8823.529411764709948
       330    -8235.294117647059466
       331    -8235.294117647059466
       332    -8235.294117647059466
       333    -8235.294117647059466
       334    -8235.294117647059466
       335    -8235.294117647059466
       336    -8235.294117647059466
       337    -8235.294117647059466
       338    -8235.294117647059466
       339    -8235.294117647059466
       340    -8235.294117647059466
       341    -7647.058823529410802
       342    -7647.058823529410802
       343    -7647.058823529410802
       344    -7647.058823529410802
       345    -7647.058823529410802
       346    -7647.058823529410802
       347    -7647.058823529410802
       348    -7647.058823529410802
       349    -7647.058823529410802
       350    -7647.058823529410802
       351    -7647.058823529410802
       352    -7058.823529411760319
       353    -7058.823529411760319
       354    -7058.823529411760319
       355    -7058.823529411760319
       356    -7058.823529411760319
       357    -7058.823529411769414
       358    -7058.823529411760319
       359    -7058.823529411760319
       360    -7058.823529411760319
       361    -7058.823529411769414
       362    -6470.588235294120750
       363    -6470.588235294120750
       364    -6470.588235294120750
       365    -6470.588235294120750
       366    -6470.588235294120750
       367    -6470.588235294120750
       368    -6470.588235294120750
       369    -6470.588235294120750
       370    -6470.588235294120750
       371    -6470.588235294120750
       372   -10000.000000000000000
       373    -9411.764705882349517
       374   -10000.000000000000000
       375    -9411.764705882349517
       376   -10000.000000000000000
       377    -9411.764705882360431
       378   -10000.000000000000000
       379    -9411.764705882349517
       380   -10000.000000000000000
       381    -9411.764705882360431
       382   -10000.000000000000000
       383    -9411.764705882360431
       384   -10000.000000000000000
       385    -9411.764705882349517
       386   -10000.000000000000000
       387    -9411.764705882349517
       388   -10000.000000000000000
       389    -9411.764705882349517
       390   -10000.000000000000000
       391    -9411.764705882349517
       392   -10000.000000000000000
       393    -9411.764705882349517
       394    -8823.529411764699034
       395    -8823.529411764709948
       396    -8823.529411764699034
       397    -8823.529411764709948
       398    -8823.529411764709948
       399    -8823.529411764709948
       400    -8823.529411764709948
       401    -8823.529411764709948
       402    -8823.529411764699034
       403    -8823.529411764699034
       404    -8823.529411764709948
       405    -8235.294117647059466
       406    -8235.294117647059466
       407    -8235.294117647059466
       408    -8235.294117647059466
       409    -8235.294117647059466
       410    -8235.294117647059466
       411    -8235.294117647059466
       412    -8235.294117647059466
       413    -8235.294117647059466
       414    -8235.294117647059466
       415    -8235.294117647059466
       416    -7647.058823529410802
       417    -7647.058823529410802
       418    -7647.058823529410802
       419    -7647.058823529410802
       420    -7647.058823529410802
       421    -7647.058823529410802
       422    -7647.058823529410802
       423    -7647.058823529410802
       424    -7647.058823529410802
       425    -7647.058823529410802
       426    -7647.058823529410802
       427    -7058.823529411769414
       428    -7058.823529411760319
       429    -7058.823529411769414
       430    -7058.823529411760319
       431    -7058.823529411769414
       432    -7058.823529411769414
       433    -7058.823529411760319
       434    -7058.823529411760319
       435    -7058.823529411760319
       436    -7058.823529411760319
       437    -7058.823529411760319
       438    -6470.588235294120750
       439    -6470.588235294120750
       440    -6470.588235294120750
       441    -6470.588235294120750
       442    -6470.588235294120750
       443    -6470.588235294120750
       444    -6470.588235294120750
       445    -6470.588235294120750
       446    -6470.588235294120750
       447    -6470.588235294120750
       448    -5882.352941176470267
       449    -5882.352941176470267
       450    -5882.352941176470267
       451    -5882.352941176470267
       452    -5882.352941176470267
       453    -5882.352941176470267
       454    -5882.352941176470267
       455   -10000.000000000000000
       456    -9411.764705882349517
       457   -10000.000000000000000
       458    -9411.764705882349517
       459   -10000.000000000000000
       460    -9411.764705882360431
       461   -10000.000000000000000
       462    -9411.764705882349517
       463   -10000.000000000000000
       464    -9411.764705882360431
       465   -10000.000000000000000
       466    -9411.764705882360431
       467   -10000.000000000000000
       468    -9411.764705882360431
       469   -10000.000000000000000
       470    -9411.764705882349517
       471   -10000.000000000000000
       472    -9411.764705882360431
       473   -10000.000000000000000
       474    -9411.764705882360431
       475   -10000.000000000000000
       476    -9411.764705882360431
       477    -8823.529411764699034
       478    -8823.529411764709948
       479    -8823.529411764709948
       480    -8823.529411764709948
       481    -8823.529411764709948
       482    -8823.529411764709948
       483    -8823.529411764709948
       484    -8823.529411764709948
       485    -8823.529411764709948
       486    -8823.529411764709948
       487    -8823.529411764709948
       488    -8235.294117647059466
       489    -8235.294117647059466
       490    -8235.294117647059466
       491    -8235.294117647059466
       492    -8235.294117647050371
       493    -8235.294117647059466
       494    -8235.294117647059466
       495    -8235.294117647059466
       496    -8235.294117647059466
       497    -8235.294117647059466
       498    -8235.294117647059466
       499    -7647.058823529410802
       500    -7647.058823529410802
       501    -7647.058823529410802
       502    -7647.058823529410802
       503    -7647.058823529410802
       504    -7647.058823529410802
       505    -7647.058823529410802
       506    -7647.058823529410802
       507    -7647.058823529410802
       508    -7647.058823529410802
       509    -7647.058823529410802
       510    -7058.823529411769414
       511    -7058.823529411760319
       512    -7058.823529411769414
       513    -7058.823529411769414
       514    -7058.823529411769414
       515    -7058.823529411769414
       516    -7058.823529411769414
       517    -7058.823529411760319
       518    -7058.823529411769414
       519    -7058.823529411769414
       520    -7058.823529411760319
       521    -6470.588235294120750
       522    -6470.588235294120750
       523    -6470.588235294120750
       524    -6470.588235294120750
       525    -6470.588235294120750
       526    -6470.588235294120750
       527    -6470.588235294120750
       528    -6470.588235294120750
       529    -6470.588235294120750
       530    -6470.588235294120750
       531    -5882.352941176470267
       532    -5882.352941176470267
       533    -5882.352941176470267
       534    -5882.352941176470267
       535    -5882.352941176470267
       536    -5882.352941176470267
       537    -5882.352941176470267
       538    -5882.352941176470267
       539   -10000.000000000000000
       540    -9411.764705882349517
       541   -10000.000000000000000
       542    -9411.764705882360431
       543   -10000.000000000000000
       544    -9411.764705882360431
       545   -10000.000000000000000
       546    -9411.764705882360431
       547   -10000.000000000000000
       548    -9411.764705882360431
       549   -10000.000000000000000
       550    -9411.764705882349517
       551   -10000.000000000000000
       552    -9411.764705882360431
       553   -10000.000000000000000
       554    -9411.764705882360431
       555   -10000.000000000000000
       556    -9411.764705882360431
       557   -10000.000000000000000
       558    -9411.764705882360431
       559   -10000.000000000000000
       560    -9411.764705882349517
       561    -8823.529411764709948
       562    -8823.529411764709948
       563    -8823.529411764709948
       564    -8823.529411764709948
       565    -8823.529411764709948
       566    -8823.529411764709948
       567    -8823.529411764709948
       568    -8823.529411764709948
       569    -8823.529411764709948
       570    -8823.529411764709948
       571    -8823.529411764709948
       572    -8235.294117647059466
       573    -8235.294117647059466
       574    -8235.294117647059466
       575    -8235.294117647050371
       576    -8235.294117647059466
       577    -8235.294117647059466
       578    -8235.294117647050371
       579    -8235.294117647059466
       580    -8235.294117647059466
       581    -8235.294117647059466
       582    -8235.294117647059466
       583    -7647.058823529410802
       584    -7647.058823529410802
       585    -7647.058823529410802
       586    -7647.058823529410802
       587    -7647.058823529410802
       588    -7647.058823529410802
       589    -7647.058823529410802
       590    -7647.058823529410802
       591    -7647.058823529410802
       592    -7647.058823529410802
       593    -7647.058823529410802
       594    -7058.823529411760319
       595    -7058.823529411760319
       596    -7058.823529411769414
       597    -7058.823529411760319
       598    -7058.823529411760319
       599    -7058.823529411760319
       600    -7058.823529411760319
       601    -7058.823529411769414
       602    -7058.823529411769414
       603    -7058.823529411760319
       604    -6470.588235294120750
       605    -6470.588235294109836
       606    -6470.588235294120750
       607    -6470.588235294120750
       608    -6470.588235294120750
       609    -6470.588235294120750
       610    -6470.588235294120750
       611    -6470.588235294120750
       612    -6470.588235294120750
       613    -6470.588235294120750
       614    -5882.352941176470267
       615    -5882.352941176470267
       616    -5882.352941176470267
       617    -5882.352941176470267
       618    -5882.352941176470267
       619    -5882.352941176470267
       620    -5882.352941176470267
       621    -5882.352941176470267
       622   -10000.000000000000000
       623    -9411.764705882349517
       624   -10000.000000000000000
       625    -9411.764705882360431
       626   -10000.000000000000000
       627    -9411.764705882360431
       628   -10000.000000000000000
       629    -9411.764705882360431
       630   -10000.000000000000000
       631    -9411.764705882349517
       632   -10000.000000000000000
       633    -9411.764705882349517
       634   -10000.000000000000000
       635    -9411.764705882360431
       636   -10000.000000000000000
       637    -9411.764705882349517
       638   -10000.000000000000000
       639    -9411.764705882360431
       640   -10000.000000000000000
       641    -9411.764705882349517
       642    -8823.529411764699034
       643    -8823.529411764709948
       644    -8823.529411764709948
       645    -8823.529411764709948
       646    -8823.529411764709948
       647    -8823.529411764709948
       648    -8823.529411764709948
       649    -8823.529411764709948
       650    -8823.529411764709948
       651    -8823.529411764709948
       652    -8235.294117647059466
       653    -8235.294117647059466
       654    -8235.294117647059466
       655    -8235.294117647059466
       656    -8235.294117647059466
       657    -8235.294117647050371
       658    -8235.294117647059466
       659    -8235.294117647059466
       660    -8235.294117647059466
       661    -8235.294117647059466
       662    -7647.058823529410802
       663    -7647.058823529410802
       664    -7647.058823529410802
       665    -7647.058823529410802
       666    -7647.058823529410802
       667    -7647.058823529410802
       668    -7647.058823529410802
       669    -7647.058823529410802
       670    -7647.058823529410802
       671    -7647.058823529410802
       672    -7058.823529411769414
       673    -7058.823529411769414
       674    -7058.823529411760319
       675    -7058.823529411769414
       676    -7058.823529411760319
       677    -7058.823529411760319
       678    -7058.823529411769414
       679    -7058.823529411760319
       680    -7058.823529411760319
       681    -6470.588235294120750
       682    -6470.588235294120750
       683    -6470.588235294120750
       684    -6470.588235294120750
       685    -6470.588235294120750
       686    -6470.588235294120750
       687    -6470.588235294120750
       688    -6470.588235294120750
       689    -6470.588235294120750
       690   -10000.000000000000000
       691    -9411.764705882360431
       692   -10000.000000000000000
       693    -9411.764705882349517
       694   -10000.000000000000000
       695    -9411.764705882360431
       696   -10000.000000000000000
       697    -9411.764705882349517
       698   -10000.000000000000000
       699    -9411.764705882360431
       700   -10000.000000000000000
       701    -9411.764705882349517
       702   -10000.000000000000000
       703    -9411.764705882360431
       704   -10000.000000000000000
       705    -9411.764705882349517
       706   -10000.000000000000000
       707    -9411.764705882349517
       708    -8823.529411764709948
       709    -8823.529411764709948
       710    -8823.529411764709948
       711    -8823.529411764709948
       712    -8823.529411764709948
       713    -8823.529411764709948
       714    -8823.529411764709948
       715    -8823.529411764709948
       716    -8823.529411764709948
       717    -8235.294117647059466
       718    -8235.294117647059466
       719    -8235.294117647059466
       720    -8235.294117647059466
       721    -8235.294117647059466
       722    -8235.294117647059466
       723    -8235.294117647059466
       724    -8235.294117647050371
       725    -8235.294117647059466
       726    -7647.058823529410802
       727    -7647.058823529410802
       728    -7647.058823529410802
       729    -7647.058823529410802
       730    -7647.058823529410802
       731    -7647.058823529410802
       732    -7647.058823529410802
       733    -7647.058823529410802
       734    -7647.058823529410802
       735    -7058.823529411760319
       736    -7058.823529411760319
       737    -7058.823529411760319
       738    -7058.823529411760319
       739    -7058.823529411760319
       740    -7058.823529411769414
       741    -7058.823529411760319
       742    -7058.823529411760319
