         747
         1    -5294.117647058819784
         2    -5294.117647058819784
         3    -5294.117647058819784
         4    -5294.117647058819784
         5    -5294.117647058819784
         6    -5294.117647058819784
         7    -5294.117647058819784
         8    -5294.117647058819784
         9    -5294.117647058819784
        10    -4705.882352941180216
        11    -4705.882352941170211
        12    -4705.882352941180216
        13    -4705.882352941180216
        14    -4705.882352941180216
        15    -4705.882352941180216
        16    -4705.882352941180216
        17    -4705.882352941180216
        18    -4705.882352941180216
        19    -4705.882352941180216
        20    -4705.882352941180216
        21    -4705.882352941180216
        22    -4705.882352941180216
        23    -4705.882352941180216
        24    -4705.882352941180216
        25    -4705.882352941180216
        26    -4705.882352941180216
        27    -4705.882352941180216
        28    -4705.882352941180216
        29    -4705.882352941180216
        30    -4705.882352941180216
        31    -4705.882352941180216
        32    -4705.882352941180216
        33    -4705.882352941180216
        34    -4705.882352941180216
        35    -4705.882352941180216
        36    -4705.882352941180216
        37    -4117.647058823529733
        38    -4117.647058823529733
        39    -4117.647058823529733
        40    -4117.647058823529733
        41    -4117.647058823529733
        42    -4117.647058823529733
        43    -4117.647058823529733
        44    -4117.647058823529733
        45    -4117.647058823529733
        46    -4117.647058823529733
        47    -4117.647058823529733
        48    -4117.647058823529733
        49    -4117.647058823529733
        50    -4117.647058823529733
        51    -4117.647058823529733
        52    -4117.647058823529733
        53    -4117.647058823529733
        54    -4117.647058823529733
        55    -4117.647058823529733
        56    -4117.647058823529733
        57    -4117.647058823529733
        58    -4117.647058823529733
        59    -4117.647058823529733
        60    -4117.647058823529733
        61    -4117.647058823529733
        62    -4117.647058823529733
        63    -4117.647058823529733
        64    -4117.647058823529733
        65    -4117.647058823529733
        66    -4117.647058823529733
        67    -3529.411764705880159
        68    -3529.411764705880159
        69    -3529.411764705880159
        70    -3529.411764705880159
        71    -3529.411764705880159
        72    -3529.411764705880159
        73    -3529.411764705880159
        74    -3529.411764705880159
        75    -3529.411764705880159
        76    -3529.411764705880159
        77    -3529.411764705880159
        78    -3529.411764705880159
        79    -3529.411764705880159
        80    -3529.411764705880159
        81    -3529.411764705880159
        82    -3529.411764705880159
        83    -3529.411764705880159
        84    -3529.411764705880159
        85    -3529.411764705880159
        86    -3529.411764705880159
        87    -3529.411764705880159
        88    -3529.411764705880159
        89    -3529.411764705880159
        90    -3529.411764705880159
        91    -3529.411764705880159
        92    -3529.411764705880159
        93    -3529.411764705880159
        94    -3529.411764705880159
        95    -3529.411764705880159
        96    -3529.411764705880159
        97    -2941.176470588240136
        98    -2941.176470588240136
        99    -2941.176470588230131
       100    -2941.176470588230131
       101    -2941.176470588240136
       102    -2941.176470588240136
       103    -2941.176470588230131
       104    -2941.176470588230131
       105    -2941.176470588240136
       106    -2941.176470588230131
       107    -2941.176470588230131
       108    -2941.176470588230131
       109    -2941.176470588240136
       110    -2941.176470588240136
       111    -2941.176470588240136
       112    -2941.176470588240136
       113    -2941.176470588240136
       114    -2941.176470588240136
       115    -2941.176470588240136
       116    -2941.176470588240136
       117    -2941.176470588240136
       118    -2941.176470588240136
       119    -2941.176470588240136
       120    -2941.176470588240136
       121    -2941.176470588240136
       122    -2941.176470588230131
       123    -2941.176470588240136
       124    -2941.176470588230131
       125    -2941.176470588230131
       126    -2941.176470588240136
       127    -2352.941176470590108
       128    -2352.941176470590108
       129    -2352.941176470590108
       130    -2352.941176470590108
       131    -2352.941176470590108
       132    -2352.941176470590108
       133    -2352.941176470590108
       134    -2352.941176470590108
       135    -2352.941176470590108
       136    -2352.941176470590108
       137    -2352.941176470590108
       138    -2352.941176470590108
       139    -2352.941176470590108
       140    -2352.941176470590108
       141    -2352.941176470590108
       142    -2352.941176470590108
       143    -2352.941176470590108
       144    -2352.941176470590108
       145    -2352.941176470590108
       146    -2352.941176470590108
       147    -2352.941176470590108
       148    -2352.941176470590108
       149    -2352.941176470590108
       150    -2352.941176470590108
       151    -2352.941176470590108
       152    -2352.941176470590108
       153    -2352.941176470590108
       154    -1764.705882352940080
       155    -1764.705882352940080
       156    -1764.705882352940080
       157    -1764.705882352940080
       158    -1764.705882352940080
       159    -1764.705882352940080
       160    -1764.705882352940080
       161    -1764.705882352940080
       162    -1764.705882352940080
       163    -1764.705882352940080
       164    -1764.705882352940080
       165    -1764.705882352940080
       166    -1764.705882352940080
       167    -1764.705882352940080
       168    -1764.705882352940080
       169    -1764.705882352940080
       170    -1764.705882352940080
       171    -1764.705882352940080
       172    -1764.705882352940080
       173    -1764.705882352940080
       174    -1764.705882352940080
       175    -1764.705882352940080
       176    -1764.705882352940080
       177    -1764.705882352940080
       178    -1764.705882352940080
       179    -1764.705882352940080
       180    -1764.705882352940080
       181    -1176.470588235290052
       182    -1176.470588235290052
       183    -1176.470588235290052
       184    -1176.470588235290052
       185    -1176.470588235290052
       186    -1176.470588235290052
       187    -1176.470588235290052
       188    -1176.470588235290052
       189    -1176.470588235290052
       190    -1176.470588235290052
       191    -1176.470588235290052
       192    -1176.470588235290052
       193    -1176.470588235290052
       194    -1176.470588235290052
       195    -1176.470588235290052
       196    -1176.470588235290052
       197    -1176.470588235290052
       198    -1176.470588235290052
       199    -1176.470588235290052
       200    -1176.470588235290052
       201    -1176.470588235290052
       202    -1176.470588235290052
       203    -1176.470588235290052
       204    -1176.470588235290052
       205     -588.235294117646959
       206     -588.235294117646959
       207     -588.235294117646959
       208     -588.235294117646959
       209     -588.235294117646959
       210     -588.235294117646959
       211     -588.235294117646959
       212     -588.235294117646959
       213     -588.235294117646959
       214     -588.235294117646959
       215     -588.235294117646959
       216     -588.235294117646959
       217     -588.235294117646959
       218     -588.235294117646959
       219     -588.235294117646959
       220     -588.235294117646959
       221    -5294.117647058819784
       222    -5294.117647058819784
       223    -5294.117647058819784
       224    -5294.117647058819784
       225    -5294.117647058819784
       226    -5294.117647058819784
       227    -5294.117647058819784
       228    -5294.117647058819784
       229    -5294.117647058819784
       230    -4705.882352941180216
       231    -4705.882352941180216
       232    -4705.882352941180216
       233    -4705.882352941180216
       234    -4705.882352941180216
       235    -4705.882352941180216
       236    -4705.882352941180216
       237    -4705.882352941180216
       238    -4705.882352941180216
       239    -4705.882352941180216
       240    -4705.882352941180216
       241    -4705.882352941180216
       242    -4705.882352941180216
       243    -4705.882352941180216
       244    -4705.882352941180216
       245    -4705.882352941180216
       246    -4705.882352941180216
       247    -4705.882352941180216
       248    -4705.882352941180216
       249    -4705.882352941180216
       250    -4705.882352941180216
       251    -4705.882352941180216
       252    -4705.882352941180216
       253    -4705.882352941180216
       254    -4705.882352941180216
       255    -4705.882352941180216
       256    -4705.882352941180216
       257    -4117.647058823529733
       258    -4117.647058823529733
       259    -4117.647058823529733
       260    -4117.647058823529733
       261    -4117.647058823529733
       262    -4117.647058823529733
       263    -4117.647058823529733
       264    -4117.647058823529733
       265    -4117.647058823529733
       266    -4117.647058823529733
       267    -4117.647058823529733
       268    -4117.647058823529733
       269    -4117.647058823529733
       270    -4117.647058823529733
       271    -4117.647058823529733
       272    -4117.647058823529733
       273    -4117.647058823529733
       274    -4117.647058823529733
       275    -4117.647058823529733
       276    -4117.647058823529733
       277    -4117.647058823529733
       278    -4117.647058823529733
       279    -4117.647058823529733
       280    -4117.647058823529733
       281    -4117.647058823529733
       282    -4117.647058823529733
       283    -4117.647058823529733
       284    -4117.647058823529733
       285    -4117.647058823529733
       286    -4117.647058823529733
       287    -3529.411764705880159
       288    -3529.411764705880159
       289    -3529.411764705880159
       290    -3529.411764705880159
       291    -3529.411764705880159
       292    -3529.411764705880159
       293    -3529.411764705880159
       294    -3529.411764705880159
       295    -3529.411764705880159
       296    -3529.411764705880159
       297    -3529.411764705880159
       298    -3529.411764705880159
       299    -3529.411764705880159
       300    -3529.411764705880159
       301    -3529.411764705880159
       302    -3529.411764705880159
       303    -3529.411764705880159
       304    -3529.411764705880159
       305    -3529.411764705880159
       306    -3529.411764705880159
       307    -3529.411764705880159
       308    -3529.411764705880159
       309    -3529.411764705880159
       310    -3529.411764705880159
       311    -3529.411764705880159
       312    -3529.411764705880159
       313    -3529.411764705880159
       314    -3529.411764705880159
       315    -3529.411764705880159
       316    -3529.411764705880159
       317    -2941.176470588240136
       318    -2941.176470588230131
       319    -2941.176470588230131
       320    -2941.176470588230131
       321    -2941.176470588240136
       322    -2941.176470588240136
       323    -2941.176470588230131
       324    -2941.176470588240136
       325    -2941.176470588240136
       326    -2941.176470588240136
       327    -2941.176470588230131
       328    -2941.176470588240136
       329    -2941.176470588240136
       330    -2941.176470588230131
       331    -2941.176470588240136
       332    -2941.176470588240136
       333    -2941.176470588240136
       334    -2941.176470588230131
       335    -2941.176470588240136
       336    -2941.176470588240136
       337    -2941.176470588240136
       338    -2941.176470588240136
       339    -2941.176470588240136
       340    -2941.176470588240136
       341    -2941.176470588240136
       342    -2941.176470588230131
       343    -2941.176470588230131
       344    -2941.176470588230131
       345    -2941.176470588240136
       346    -2941.176470588240136
       347    -2352.941176470590108
       348    -2352.941176470590108
       349    -2352.941176470590108
       350    -2352.941176470590108
       351    -2352.941176470590108
       352    -2352.941176470590108
       353    -2352.941176470590108
       354    -2352.941176470590108
       355    -2352.941176470590108
       356    -2352.941176470590108
       357    -2352.941176470590108
       358    -2352.941176470590108
       359    -2352.941176470590108
       360    -2352.941176470590108
       361    -2352.941176470590108
       362    -2352.941176470590108
       363    -2352.941176470590108
       364    -2352.941176470590108
       365    -2352.941176470590108
       366    -2352.941176470590108
       367    -2352.941176470590108
       368    -2352.941176470590108
       369    -2352.941176470590108
       370    -2352.941176470590108
       371    -2352.941176470590108
       372    -2352.941176470590108
       373    -2352.941176470590108
       374    -2352.941176470590108
       375    -1764.705882352940080
       376    -1764.705882352940080
       377    -1764.705882352940080
       378    -1764.705882352940080
       379    -1764.705882352940080
       380    -1764.705882352940080
       381    -1764.705882352940080
       382    -1764.705882352940080
       383    -1764.705882352940080
       384    -1764.705882352940080
       385    -1764.705882352940080
       386    -1764.705882352940080
       387    -1764.705882352940080
       388    -1764.705882352940080
       389    -1764.705882352940080
       390    -1764.705882352940080
       391    -1764.705882352940080
       392    -1764.705882352940080
       393    -1764.705882352940080
       394    -1764.705882352940080
       395    -1764.705882352940080
       396    -1764.705882352940080
       397    -1764.705882352940080
       398    -1764.705882352940080
       399    -1764.705882352940080
       400    -1764.705882352940080
       401    -1764.705882352940080
       402    -1176.470588235290052
       403    -1176.470588235290052
       404    -1176.470588235290052
       405    -1176.470588235290052
       406    -1176.470588235290052
       407    -1176.470588235290052
       408    -1176.470588235290052
       409    -1176.470588235290052
       410    -1176.470588235290052
       411    -1176.470588235290052
       412    -1176.470588235290052
       413    -1176.470588235290052
       414    -1176.470588235290052
       415    -1176.470588235290052
       416    -1176.470588235290052
       417    -1176.470588235290052
       418    -1176.470588235290052
       419    -1176.470588235290052
       420    -1176.470588235290052
       421    -1176.470588235290052
       422    -1176.470588235290052
       423    -1176.470588235290052
       424    -1176.470588235290052
       425    -1176.470588235290052
       426     -588.235294117646959
       427     -588.235294117646959
       428     -588.235294117646959
       429     -588.235294117646959
       430     -588.235294117646959
       431     -588.235294117646959
       432     -588.235294117646959
       433     -588.235294117646959
       434     -588.235294117646959
       435     -588.235294117646959
       436     -588.235294117646959
       437     -588.235294117646959
       438     -588.235294117646959
       439     -588.235294117646959
       440     -588.235294117646959
       441     -588.235294117646959
       442     -588.235294117646959
       443     -588.235294117646959
       444     -588.235294117646959
       445     -588.235294117646959
       446     -588.235294117646959
       447     -588.235294117646959
       448     -588.235294117646959
       449    -4705.882352941180216
       450    -4705.882352941180216
       451    -4705.882352941180216
       452    -4705.882352941180216
       453    -4705.882352941180216
       454    -4705.882352941180216
       455    -4117.647058823529733
       456    -4117.647058823529733
       457    -4117.647058823529733
       458    -4117.647058823529733
       459    -4117.647058823529733
       460    -4117.647058823529733
       461    -4117.647058823529733
       462    -4117.647058823529733
       463    -3529.411764705880159
       464    -3529.411764705880159
       465    -3529.411764705880159
       466    -3529.411764705880159
       467    -3529.411764705880159
       468    -3529.411764705880159
       469    -3529.411764705880159
       470    -3529.411764705880159
       471    -3529.411764705880159
       472    -3529.411764705880159
       473    -2941.176470588240136
       474    -2941.176470588230131
       475    -2941.176470588240136
       476    -2941.176470588240136
       477    -2941.176470588240136
       478    -2941.176470588230131
       479    -2941.176470588240136
       480    -2941.176470588240136
       481    -2941.176470588240136
       482    -2941.176470588230131
       483    -2352.941176470590108
       484    -2352.941176470590108
       485    -2352.941176470590108
       486    -2352.941176470590108
       487    -2352.941176470590108
       488    -2352.941176470590108
       489    -2352.941176470590108
       490    -2352.941176470590108
       491    -2352.941176470590108
       492    -2352.941176470590108
       493    -1764.705882352940080
       494    -1764.705882352940080
       495    -1764.705882352940080
       496    -1764.705882352940080
       497    -1764.705882352940080
       498    -1764.705882352940080
       499    -1764.705882352940080
       500    -1764.705882352940080
       501    -1176.470588235290052
       502    -1176.470588235290052
       503    -1176.470588235290052
       504    -1176.470588235290052
       505    -1176.470588235290052
       506    -1176.470588235290052
       507     -588.235294117646959
       508     -588.235294117646959
       509     -588.235294117646959
       510     -588.235294117646959
       511    -4705.882352941180216
       512    -4705.882352941180216
       513    -4705.882352941180216
       514    -4117.647058823529733
       515    -4117.647058823529733
       516    -4117.647058823529733
       517    -4117.647058823529733
       518    -3529.411764705880159
       519    -3529.411764705880159
       520    -3529.411764705880159
       521    -3529.411764705880159
       522    -3529.411764705880159
       523    -2941.176470588240136
       524    -2941.176470588240136
       525    -2941.176470588240136
       526    -2941.176470588240136
       527    -2941.176470588240136
       528    -2352.941176470590108
       529    -2352.941176470590108
       530    -2352.941176470590108
       531    -2352.941176470590108
       532    -2352.941176470590108
       533    -1764.705882352940080
       534    -1764.705882352940080
       535    -1764.705882352940080
       536    -1764.705882352940080
       537    -1176.470588235290052
       538    -1176.470588235290052
       539    -1176.470588235290052
       540     -588.235294117646959
       541     -588.235294117646959
       542    -4705.882352941180216
       543    -4705.882352941180216
       544    -4705.882352941180216
       545    -4117.647058823529733
       546    -4117.647058823529733
       547    -4117.647058823529733
       548    -4117.647058823529733
       549    -3529.411764705880159
       550    -3529.411764705880159
       551    -3529.411764705880159
       552    -3529.411764705880159
       553    -3529.411764705880159
       554    -2941.176470588230131
       555    -2941.176470588240136
       556    -2941.176470588230131
       557    -2941.176470588240136
       558    -2941.176470588240136
       559    -2352.941176470590108
       560    -2352.941176470590108
       561    -2352.941176470590108
       562    -2352.941176470590108
       563    -2352.941176470590108
       564    -1764.705882352940080
       565    -1764.705882352940080
       566    -1764.705882352940080
       567    -1764.705882352940080
       568    -1176.470588235290052
       569    -1176.470588235290052
       570    -1176.470588235290052
       571     -588.235294117646959
       572     -588.235294117646959
       573    -4705.882352941180216
       574    -4705.882352941180216
       575    -4705.882352941180216
       576    -4705.882352941180216
       577    -4117.647058823529733
       578    -4117.647058823529733
       579    -4117.647058823529733
       580    -4117.647058823529733
       581    -3529.411764705880159
       582    -3529.411764705880159
       583    -3529.411764705880159
       584    -3529.411764705880159
       585    -3529.411764705880159
       586    -2941.176470588230131
       587    -2941.176470588240136
       588    -2941.176470588230131
       589    -2941.176470588230131
       590    -2941.176470588230131
       591    -2352.941176470590108
       592    -2352.941176470590108
       593    -2352.941176470590108
       594    -2352.941176470590108
       595    -2352.941176470590108
       596    -1764.705882352940080
       597    -1764.705882352940080
       598    -1764.705882352940080
       599    -1764.705882352940080
       600    -1176.470588235290052
       601    -1176.470588235290052
       602    -1176.470588235290052
       603     -588.235294117646959
       604     -588.235294117646959
       605    -5294.117647058819784
       606    -5294.117647058819784
       607    -5294.117647058819784
       608    -4705.882352941180216
       609    -4705.882352941180216
       610    -4705.882352941180216
       611    -4705.882352941180216
       612    -4117.647058823529733
       613    -4117.647058823529733
       614    -4117.647058823529733
       615    -4117.647058823529733
       616    -4117.647058823529733
       617    -3529.411764705880159
       618    -3529.411764705880159
       619    -3529.411764705880159
       620    -3529.411764705880159
       621    -3529.411764705880159
       622    -2941.176470588230131
       623    -2941.176470588240136
       624    -2941.176470588240136
       625    -2941.176470588240136
       626    -2941.176470588240136
       627    -2352.941176470590108
       628    -2352.941176470590108
       629    -2352.941176470590108
       630    -2352.941176470590108
       631    -2352.941176470590108
       632    -1764.705882352940080
       633    -1764.705882352940080
       634    -1764.705882352940080
       635    -1764.705882352940080
       636    -1176.470588235290052
       637    -1176.470588235290052
       638    -1176.470588235290052
       639     -588.235294117646959
       640     -588.235294117646959
       641    -5294.117647058819784
       642    -5294.117647058819784
       643    -5294.117647058819784
       644    -4705.882352941180216
       645    -4705.882352941180216
       646    -4705.882352941180216
       647    -4705.882352941180216
       648    -4117.647058823529733
       649    -4117.647058823529733
       650    -4117.647058823529733
       651    -4117.647058823529733
       652    -4117.647058823529733
       653    -3529.411764705880159
       654    -3529.411764705880159
       655    -3529.411764705880159
       656    -3529.411764705880159
       657    -3529.411764705880159
       658    -2941.176470588230131
       659    -2941.176470588230131
       660    -2941.176470588230131
       661    -2941.176470588230131
       662    -2941.176470588230131
       663    -2352.941176470590108
       664    -2352.941176470590108
       665    -2352.941176470590108
       666    -2352.941176470590108
       667    -2352.941176470590108
       668    -1764.705882352940080
       669    -1764.705882352940080
       670    -1764.705882352940080
       671    -1764.705882352940080
       672    -1176.470588235290052
       673    -1176.470588235290052
       674    -1176.470588235290052
       675     -588.235294117646959
       676     -588.235294117646959
       677    -5294.117647058819784
       678    -5294.117647058819784
       679    -5294.117647058819784
       680    -4705.882352941180216
       681    -4705.882352941180216
       682    -4705.882352941180216
       683    -4705.882352941180216
       684    -4117.647058823529733
       685    -4117.647058823529733
       686    -4117.647058823529733
       687    -4117.647058823529733
       688    -4117.647058823529733
       689    -3529.411764705880159
       690    -3529.411764705880159
       691    -3529.411764705880159
       692    -3529.411764705880159
       693    -3529.411764705880159
       694    -2941.176470588240136
       695    -2941.176470588240136
       696    -2941.176470588240136
       697    -2941.176470588240136
       698    -2941.176470588240136
       699    -2352.941176470590108
       700    -2352.941176470590108
       701    -2352.941176470590108
       702    -2352.941176470590108
       703    -2352.941176470590108
       704    -1764.705882352940080
       705    -1764.705882352940080
       706    -1764.705882352940080
       707    -1764.705882352940080
       708    -1176.470588235290052
       709    -1176.470588235290052
       710    -1176.470588235290052
       711     -588.235294117646959
       712     -588.235294117646959
       713    -4705.882352941180216
       714    -4705.882352941180216
       715    -4705.882352941180216
       716    -4117.647058823529733
       717    -4117.647058823529733
       718    -4117.647058823529733
       719    -4117.647058823529733
       720    -3529.411764705880159
       721    -3529.411764705880159
       722    -3529.411764705880159
       723    -3529.411764705880159
       724    -2941.176470588230131
       725    -2941.176470588240136
       726    -2941.176470588230131
       727    -2941.176470588230131
       728    -2352.941176470590108
       729    -2352.941176470590108
       730    -2352.941176470590108
       731    -2352.941176470590108
       732    -1764.705882352940080
       733    -1764.705882352940080
       734    -1764.705882352940080
       735    -1764.705882352940080
       736    -4117.647058823529733
       737    -4117.647058823529733
       738    -4117.647058823529733
       739    -3529.411764705880159
       740    -3529.411764705880159
       741    -3529.411764705880159
       742    -2941.176470588240136
       743    -2941.176470588230131
       744    -2941.176470588230131
       745    -2352.941176470590108
       746    -2352.941176470590108
       747    -2352.941176470590108
