         737
         1    -5000.000000000000000
         2    -5000.000000000000000
         3    -5000.000000000000000
         4    -5000.000000000000000
         5    -4423.076923076920139
         6    -4423.076923076920139
         7    -4423.076923076920139
         8    -4423.076923076920139
         9    -5000.000000000000000
        10    -5000.000000000000000
        11    -4423.076923076920139
        12    -4423.076923076920139
        13    -5000.000000000000000
        14    -5000.000000000000000
        15    -4423.076923076920139
        16    -4423.076923076920139
        17    -5000.000000000000000
        18    -5000.000000000000000
        19    -4423.076923076920139
        20    -4423.076923076920139
        21    -5000.000000000000000
        22    -5000.000000000000000
        23    -4423.076923076920139
        24    -4423.076923076920139
        25    -5000.000000000000000
        26    -5000.000000000000000
        27    -4423.076923076920139
        28    -4423.076923076920139
        29    -5000.000000000000000
        30    -5000.000000000000000
        31    -4423.076923076920139
        32    -4423.076923076920139
        33    -5000.000000000000000
        34    -5000.000000000000000
        35    -4423.076923076920139
        36    -4423.076923076920139
        37    -5000.000000000000000
        38    -4423.076923076920139
        39    -5000.000000000000000
        40    -4423.076923076920139
        41    -5000.000000000000000
        42    -4423.076923076920139
        43    -5000.000000000000000
        44    -4423.076923076920139
        45    -5000.000000000000000
        46    -4423.076923076920139
        47    -5000.000000000000000
        48    -4423.076923076929234
        49    -5000.000000000000000
        50    -5000.000000000000000
        51    -4423.076923076920139
        52    -4423.076923076920139
        53    -5000.000000000000000
        54    -4423.076923076920139
        55    -5000.000000000000000
        56    -4423.076923076920139
        57    -5000.000000000000000
        58    -4423.076923076920139
        59    -5000.000000000000000
        60    -4423.076923076920139
        61    -5000.000000000000000
        62    -4423.076923076920139
        63    -5000.000000000000000
        64    -4423.076923076920139
        65    -5000.000000000000000
        66    -5000.000000000000000
        67    -4423.076923076920139
        68    -4423.076923076920139
        69    -5000.000000000000000
        70    -4423.076923076929234
        71    -5000.000000000000000
        72    -4423.076923076920139
        73    -5000.000000000000000
        74    -4423.076923076920139
        75    -5000.000000000000000
        76    -4423.076923076920139
        77    -5000.000000000000000
        78    -4423.076923076920139
        79    -5000.000000000000000
        80    -4423.076923076920139
        81    -5000.000000000000000
        82    -5000.000000000000000
        83    -4423.076923076920139
        84    -4423.076923076920139
        85    -5000.000000000000000
        86    -4423.076923076920139
        87    -5000.000000000000000
        88    -4423.076923076920139
        89    -5000.000000000000000
        90    -4423.076923076929234
        91    -5000.000000000000000
        92    -4423.076923076920139
        93    -5000.000000000000000
        94    -4423.076923076929234
        95    -5000.000000000000000
        96    -4423.076923076929234
        97    -5000.000000000000000
        98    -5000.000000000000000
        99    -4423.076923076920139
       100    -4423.076923076920139
       101    -5000.000000000000000
       102    -4423.076923076920139
       103    -5000.000000000000000
       104    -4423.076923076920139
       105    -5000.000000000000000
       106    -4423.076923076920139
       107    -5000.000000000000000
       108    -4423.076923076920139
       109    -5000.000000000000000
       110    -4423.076923076929234
       111    -5000.000000000000000
       112    -5000.000000000000000
       113    -4423.076923076920139
       114    -4423.076923076920139
       115    -5000.000000000000000
       116    -4423.076923076920139
       117    -5000.000000000000000
       118    -4423.076923076920139
       119    -5000.000000000000000
       120    -4423.076923076920139
       121    -5000.000000000000000
       122    -4423.076923076920139
       123    -5000.000000000000000
       124    -4423.076923076920139
       125    -3846.153846153849827
       126    -3846.153846153839822
       127    -3846.153846153849827
       128    -3846.153846153849827
       129    -3846.153846153849827
       130    -3846.153846153849827
       131    -3846.153846153849827
       132    -3846.153846153849827
       133    -3846.153846153849827
       134    -3846.153846153849827
       135    -3846.153846153849827
       136    -3846.153846153849827
       137    -3846.153846153849827
       138    -3846.153846153849827
       139    -3846.153846153849827
       140    -3846.153846153849827
       141    -3846.153846153839822
       142    -3846.153846153849827
       143    -3846.153846153839822
       144    -3846.153846153849827
       145    -3846.153846153839822
       146    -3846.153846153849827
       147    -3846.153846153849827
       148    -3846.153846153839822
       149    -3846.153846153839822
       150    -3846.153846153849827
       151    -3846.153846153839822
       152    -3846.153846153849827
       153    -3846.153846153849827
       154    -3846.153846153839822
       155    -3846.153846153839822
       156    -3846.153846153849827
       157    -3846.153846153849827
       158    -3846.153846153849827
       159    -3846.153846153839822
       160    -3846.153846153849827
       161    -3846.153846153839822
       162    -3846.153846153849827
       163    -3846.153846153849827
       164    -3846.153846153839822
       165    -3846.153846153849827
       166    -3846.153846153849827
       167    -3846.153846153849827
       168    -3846.153846153849827
       169    -3846.153846153849827
       170    -3846.153846153849827
       171    -3846.153846153849827
       172    -3846.153846153849827
       173    -3846.153846153849827
       174    -3846.153846153849827
       175    -3846.153846153849827
       176    -3846.153846153849827
       177    -3846.153846153849827
       178    -3846.153846153849827
       179    -3846.153846153849827
       180    -3846.153846153849827
       181    -3846.153846153849827
       182    -3846.153846153849827
       183    -3846.153846153849827
       184    -3846.153846153849827
       185    -3846.153846153849827
       186    -3846.153846153849827
       187    -3269.230769230769965
       188    -3269.230769230769965
       189    -3269.230769230769965
       190    -3269.230769230769965
       191    -3269.230769230769965
       192    -3269.230769230769965
       193    -3269.230769230769965
       194    -3269.230769230769965
       195    -3269.230769230769965
       196    -3269.230769230769965
       197    -3269.230769230769965
       198    -3269.230769230769965
       199    -3269.230769230769965
       200    -3269.230769230769965
       201    -3269.230769230769965
       202    -3269.230769230769965
       203    -3269.230769230769965
       204    -3269.230769230769965
       205    -3269.230769230769965
       206    -3269.230769230769965
       207    -3269.230769230769965
       208    -3269.230769230769965
       209    -3269.230769230769965
       210    -3269.230769230769965
       211    -3269.230769230769965
       212    -3269.230769230769965
       213    -3269.230769230769965
       214    -3269.230769230769965
       215    -3269.230769230769965
       216    -3269.230769230769965
       217    -3269.230769230769965
       218    -3269.230769230769965
       219    -3269.230769230769965
       220    -3269.230769230769965
       221    -3269.230769230769965
       222    -3269.230769230769965
       223    -3269.230769230769965
       224    -3269.230769230769965
       225    -3269.230769230769965
       226    -3269.230769230769965
       227    -3269.230769230769965
       228    -3269.230769230769965
       229    -3269.230769230769965
       230    -3269.230769230769965
       231    -3269.230769230769965
       232    -3269.230769230769965
       233    -3269.230769230769965
       234    -3269.230769230769965
       235    -3269.230769230769965
       236    -3269.230769230769965
       237    -3269.230769230769965
       238    -3269.230769230769965
       239    -3269.230769230769965
       240    -3269.230769230769965
       241    -3269.230769230769965
       242    -3269.230769230769965
       243    -3269.230769230769965
       244    -3269.230769230769965
       245    -3269.230769230769965
       246    -3269.230769230769965
       247    -3269.230769230769965
       248    -3269.230769230769965
       249    -2692.307692307689649
       250    -2692.307692307689649
       251    -2692.307692307689649
       252    -2692.307692307689649
       253    -2692.307692307689649
       254    -2692.307692307689649
       255    -2692.307692307689649
       256    -2692.307692307689649
       257    -2692.307692307689649
       258    -2692.307692307689649
       259    -2692.307692307689649
       260    -2692.307692307689649
       261    -2692.307692307689649
       262    -2692.307692307689649
       263    -2692.307692307689649
       264    -2692.307692307689649
       265    -2692.307692307689649
       266    -2692.307692307689649
       267    -2692.307692307689649
       268    -2692.307692307689649
       269    -2692.307692307689649
       270    -2692.307692307689649
       271    -2692.307692307689649
       272    -2692.307692307689649
       273    -2692.307692307689649
       274    -2692.307692307689649
       275    -2692.307692307689649
       276    -2692.307692307689649
       277    -2692.307692307689649
       278    -2692.307692307689649
       279    -2692.307692307689649
       280    -2692.307692307689649
       281    -2692.307692307689649
       282    -2692.307692307689649
       283    -2692.307692307689649
       284    -2692.307692307689649
       285    -2692.307692307700108
       286    -2692.307692307689649
       287    -2692.307692307689649
       288    -2692.307692307689649
       289    -2692.307692307689649
       290    -2692.307692307689649
       291    -2692.307692307689649
       292    -2692.307692307689649
       293    -2692.307692307689649
       294    -2692.307692307689649
       295    -2692.307692307689649
       296    -2692.307692307689649
       297    -2692.307692307689649
       298    -2692.307692307689649
       299    -2692.307692307689649
       300    -2692.307692307689649
       301    -2692.307692307689649
       302    -2692.307692307689649
       303    -2692.307692307689649
       304    -2692.307692307689649
       305    -2692.307692307689649
       306    -2692.307692307689649
       307    -2692.307692307689649
       308    -2692.307692307689649
       309    -2692.307692307689649
       310    -2115.384615384610242
       311    -2115.384615384610242
       312    -2115.384615384610242
       313    -2115.384615384610242
       314    -2115.384615384610242
       315    -2115.384615384610242
       316    -2115.384615384610242
       317    -2115.384615384610242
       318    -2115.384615384610242
       319    -2115.384615384610242
       320    -2115.384615384610242
       321    -2115.384615384610242
       322    -2115.384615384610242
       323    -2115.384615384610242
       324    -2115.384615384610242
       325    -2115.384615384610242
       326    -2115.384615384619792
       327    -2115.384615384610242
       328    -2115.384615384610242
       329    -2115.384615384610242
       330    -2115.384615384610242
       331    -2115.384615384610242
       332    -2115.384615384619792
       333    -2115.384615384610242
       334    -2115.384615384610242
       335    -2115.384615384619792
       336    -2115.384615384610242
       337    -2115.384615384610242
       338    -2115.384615384610242
       339    -2115.384615384610242
       340    -2115.384615384619792
       341    -2115.384615384619792
       342    -2115.384615384610242
       343    -2115.384615384610242
       344    -2115.384615384610242
       345    -2115.384615384610242
       346    -2115.384615384610242
       347    -2115.384615384610242
       348    -2115.384615384610242
       349    -2115.384615384610242
       350    -2115.384615384610242
       351    -2115.384615384619792
       352    -2115.384615384610242
       353    -2115.384615384610242
       354    -2115.384615384610242
       355    -2115.384615384610242
       356    -2115.384615384610242
       357    -2115.384615384610242
       358    -2115.384615384610242
       359    -2115.384615384610242
       360    -2115.384615384619792
       361    -2115.384615384619792
       362    -2115.384615384619792
       363    -2115.384615384610242
       364    -2115.384615384610242
       365    -2115.384615384619792
       366    -1538.461538461540158
       367    -1538.461538461540158
       368    -1538.461538461540158
       369    -1538.461538461540158
       370    -1538.461538461540158
       371    -1538.461538461540158
       372    -1538.461538461540158
       373    -1538.461538461540158
       374    -1538.461538461540158
       375    -1538.461538461540158
       376    -1538.461538461540158
       377    -1538.461538461540158
       378    -1538.461538461540158
       379    -1538.461538461540158
       380    -1538.461538461540158
       381    -1538.461538461540158
       382    -1538.461538461540158
       383    -1538.461538461540158
       384    -1538.461538461540158
       385    -1538.461538461540158
       386    -1538.461538461540158
       387    -1538.461538461540158
       388    -1538.461538461540158
       389    -1538.461538461540158
       390    -1538.461538461540158
       391    -1538.461538461540158
       392    -1538.461538461540158
       393    -1538.461538461540158
       394    -1538.461538461540158
       395    -1538.461538461540158
       396    -1538.461538461540158
       397    -1538.461538461540158
       398    -1538.461538461540158
       399    -1538.461538461540158
       400    -1538.461538461540158
       401    -1538.461538461540158
       402    -1538.461538461540158
       403    -1538.461538461540158
       404    -1538.461538461540158
       405    -1538.461538461540158
       406    -1538.461538461540158
       407    -1538.461538461540158
       408    -1538.461538461540158
       409    -1538.461538461540158
       410    -1538.461538461540158
       411    -1538.461538461540158
       412    -1538.461538461540158
       413    -1538.461538461540158
       414    -1538.461538461540158
       415    -1538.461538461540158
       416    -1538.461538461540158
       417    -1538.461538461540158
       418    -1538.461538461540158
       419    -1538.461538461540158
       420    -1538.461538461540158
       421     -961.538461538460979
       422     -961.538461538460979
       423     -961.538461538460979
       424     -961.538461538460979
       425     -961.538461538460979
       426     -961.538461538460979
       427     -961.538461538460979
       428     -961.538461538460979
       429     -961.538461538460979
       430     -961.538461538460979
       431     -961.538461538460979
       432     -961.538461538460979
       433     -961.538461538460979
       434     -961.538461538462002
       435     -961.538461538459956
       436     -961.538461538460979
       437     -961.538461538460979
       438     -961.538461538460979
       439     -961.538461538460979
       440     -961.538461538462002
       441     -961.538461538460979
       442     -961.538461538460979
       443     -961.538461538460979
       444     -961.538461538460979
       445     -961.538461538459956
       446     -961.538461538460979
       447     -961.538461538460979
       448     -961.538461538460979
       449     -961.538461538460979
       450     -961.538461538460979
       451     -961.538461538462002
       452     -961.538461538460979
       453     -961.538461538462002
       454     -961.538461538462002
       455     -961.538461538460979
       456     -961.538461538462002
       457     -961.538461538462002
       458     -961.538461538462002
       459     -961.538461538460979
       460     -961.538461538462002
       461     -961.538461538460979
       462     -961.538461538462002
       463     -961.538461538462002
       464     -961.538461538460979
       465     -961.538461538462002
       466     -961.538461538460979
       467     -961.538461538462002
       468     -961.538461538460979
       469     -961.538461538462002
       470     -961.538461538462002
       471     -961.538461538460979
       472     -961.538461538462002
       473     -961.538461538462002
       474     -961.538461538462002
       475     -384.615384615384016
       476     -384.615384615384016
       477     -384.615384615385040
       478     -384.615384615384016
       479     -384.615384615384016
       480     -384.615384615384016
       481     -384.615384615384016
       482     -384.615384615384016
       483     -384.615384615384016
       484     -384.615384615384016
       485     -384.615384615384016
       486     -384.615384615384016
       487     -384.615384615385040
       488     -384.615384615385040
       489     -384.615384615384016
       490     -384.615384615384016
       491     -384.615384615384016
       492     -384.615384615383050
       493     -384.615384615383050
       494     -384.615384615384016
       495     -384.615384615384016
       496     -384.615384615385040
       497     -384.615384615384016
       498     -384.615384615384016
       499     -384.615384615384016
       500     -384.615384615384016
       501     -384.615384615385040
       502     -384.615384615385040
       503     -384.615384615384016
       504     -384.615384615384016
       505     -384.615384615385040
       506     -384.615384615384016
       507     -384.615384615384016
       508     -384.615384615384016
       509     -384.615384615385040
       510     -384.615384615385040
       511     -384.615384615384016
       512     -384.615384615385040
       513     -384.615384615384016
       514     -384.615384615385040
       515     -384.615384615385040
       516     -384.615384615385040
       517     -384.615384615384016
       518     -384.615384615384016
       519     -384.615384615384016
       520     -384.615384615384016
       521     -384.615384615384016
       522     -384.615384615385040
       523     -384.615384615384016
       524     -384.615384615384016
       525     -384.615384615384016
       526     -384.615384615384016
       527     -384.615384615385040
       528      192.307692307693003
       529      192.307692307693003
       530      192.307692307693003
       531      192.307692307693003
       532      192.307692307692008
       533      192.307692307693003
       534      192.307692307693003
       535      192.307692307693003
       536      192.307692307693003
       537      192.307692307693003
       538      192.307692307693003
       539      192.307692307693003
       540      192.307692307693003
       541      192.307692307692008
       542      192.307692307692008
       543      192.307692307692008
       544      192.307692307693003
       545      192.307692307693003
       546      192.307692307693003
       547      192.307692307692008
       548      192.307692307692008
       549      192.307692307692008
       550      192.307692307693003
       551      192.307692307693003
       552      192.307692307693003
       553      192.307692307693003
       554      192.307692307693003
       555      192.307692307693003
       556      192.307692307693003
       557      192.307692307693998
       558      192.307692307693003
       559      192.307692307693003
       560      192.307692307692008
       561      192.307692307692008
       562      192.307692307692008
       563      192.307692307692008
       564      192.307692307692008
       565      192.307692307692008
       566      192.307692307693003
       567      192.307692307692008
       568      192.307692307692008
       569      192.307692307692008
       570      192.307692307693003
       571      192.307692307692008
       572      192.307692307692008
       573    -5000.000000000000000
       574    -5000.000000000000000
       575    -4423.076923076920139
       576    -4423.076923076920139
       577    -5000.000000000000000
       578    -5000.000000000000000
       579    -4423.076923076920139
       580    -4423.076923076920139
       581    -5000.000000000000000
       582    -5000.000000000000000
       583    -4423.076923076920139
       584    -4423.076923076920139
       585    -5000.000000000000000
       586    -4423.076923076920139
       587    -5000.000000000000000
       588    -4423.076923076920139
       589    -5000.000000000000000
       590    -4423.076923076920139
       591    -5000.000000000000000
       592    -4423.076923076920139
       593    -5000.000000000000000
       594    -4423.076923076920139
       595    -5000.000000000000000
       596    -4423.076923076920139
       597    -5000.000000000000000
       598    -4423.076923076920139
       599    -5000.000000000000000
       600    -4423.076923076920139
       601    -5000.000000000000000
       602    -4423.076923076920139
       603    -5000.000000000000000
       604    -4423.076923076920139
       605    -5000.000000000000000
       606    -4423.076923076920139
       607    -5000.000000000000000
       608    -4423.076923076920139
       609    -5000.000000000000000
       610    -4423.076923076920139
       611    -5000.000000000000000
       612    -4423.076923076920139
       613    -5000.000000000000000
       614    -4423.076923076920139
       615    -5000.000000000000000
       616    -4423.076923076920139
       617    -5000.000000000000000
       618    -4423.076923076929234
       619    -3846.153846153849827
       620    -3846.153846153849827
       621    -3846.153846153849827
       622    -3846.153846153849827
       623    -3846.153846153849827
       624    -3846.153846153849827
       625    -3846.153846153849827
       626    -3846.153846153849827
       627    -3846.153846153849827
       628    -3846.153846153849827
       629    -3846.153846153839822
       630    -3846.153846153849827
       631    -3846.153846153849827
       632    -3846.153846153849827
       633    -3846.153846153849827
       634    -3846.153846153849827
       635    -3846.153846153849827
       636    -3846.153846153849827
       637    -3846.153846153839822
       638    -3846.153846153849827
       639    -3846.153846153849827
       640    -3846.153846153849827
       641    -3846.153846153849827
       642    -3269.230769230769965
       643    -3269.230769230769965
       644    -3269.230769230769965
       645    -3269.230769230769965
       646    -3269.230769230769965
       647    -3269.230769230769965
       648    -3269.230769230769965
       649    -3269.230769230769965
       650    -3269.230769230769965
       651    -3269.230769230769965
       652    -3269.230769230769965
       653    -3269.230769230769965
       654    -3269.230769230769965
       655    -3269.230769230769965
       656    -3269.230769230769965
       657    -3269.230769230769965
       658    -3269.230769230769965
       659    -3269.230769230769965
       660    -3269.230769230769965
       661    -3269.230769230769965
       662    -3269.230769230769965
       663    -3269.230769230769965
       664    -3269.230769230769965
       665    -2692.307692307689649
       666    -2692.307692307689649
       667    -2692.307692307689649
       668    -2692.307692307689649
       669    -2692.307692307689649
       670    -2692.307692307689649
       671    -2692.307692307689649
       672    -2692.307692307689649
       673    -2692.307692307689649
       674    -2692.307692307689649
       675    -2692.307692307689649
       676    -2692.307692307689649
       677    -2692.307692307689649
       678    -2692.307692307689649
       679    -2692.307692307689649
       680    -2692.307692307689649
       681    -2692.307692307689649
       682    -2692.307692307689649
       683    -2692.307692307689649
       684    -2692.307692307689649
       685    -2692.307692307689649
       686    -2115.384615384610242
       687    -2115.384615384610242
       688    -2115.384615384610242
       689    -2115.384615384610242
       690    -2115.384615384610242
       691    -2115.384615384610242
       692    -2115.384615384619792
       693    -2115.384615384619792
       694    -2115.384615384619792
       695    -2115.384615384610242
       696    -2115.384615384610242
       697    -2115.384615384619792
       698    -2115.384615384610242
       699    -2115.384615384619792
       700    -2115.384615384610242
       701    -2115.384615384619792
       702    -2115.384615384610242
       703    -2115.384615384610242
       704    -2115.384615384610242
       705    -2115.384615384619792
       706    -2115.384615384619792
       707    -1538.461538461540158
       708    -1538.461538461540158
       709    -1538.461538461540158
       710    -1538.461538461540158
       711    -1538.461538461540158
       712    -1538.461538461540158
       713    -1538.461538461540158
       714    -1538.461538461540158
       715    -1538.461538461540158
       716    -1538.461538461540158
       717    -1538.461538461540158
       718    -1538.461538461540158
       719    -1538.461538461540158
       720    -1538.461538461540158
       721     -961.538461538460979
       722     -961.538461538460979
       723     -961.538461538460979
       724     -961.538461538460979
       725     -961.538461538460979
       726     -961.538461538462002
       727     -384.615384615384016
       728     -384.615384615385040
       729     -384.615384615383050
       730     -384.615384615384016
       731     -384.615384615384016
       732     -384.615384615385040
       733      192.307692307693003
       734      192.307692307692008
       735      192.307692307692008
       736      192.307692307693003
       737      192.307692307693003
