         778
         1    -1764.705882352940080
         2    -1764.705882352940080
         3    -1764.705882352940080
         4    -1176.470588235290052
         5    -1176.470588235290052
         6    -1176.470588235290052
         7    -2352.941176470590108
         8    -2352.941176470590108
         9    -2352.941176470590108
        10    -1764.705882352940080
        11    -1764.705882352940080
        12    -1764.705882352940080
        13    -1176.470588235290052
        14    -1176.470588235290052
        15    -1176.470588235290052
        16     -588.235294117646959
        17     -588.235294117646959
        18     -588.235294117646959
        19    -2941.176470588230131
        20    -2941.176470588240136
        21    -2941.176470588240136
        22    -2352.941176470590108
        23    -2352.941176470590108
        24    -2352.941176470590108
        25    -1764.705882352940080
        26    -1764.705882352940080
        27    -1764.705882352940080
        28    -1176.470588235290052
        29    -1176.470588235290052
        30    -1176.470588235290052
        31     -588.235294117646959
        32     -588.235294117646959
        33     -588.235294117646959
        34        0.000000000000000
        35        0.000000000000000
        36        0.000000000000000
        37    -3529.411764705880159
        38    -3529.411764705880159
        39    -3529.411764705880159
        40    -2941.176470588230131
        41    -2941.176470588230131
        42    -2941.176470588240136
        43    -2352.941176470590108
        44    -2352.941176470590108
        45    -2352.941176470590108
        46    -1764.705882352940080
        47    -1764.705882352940080
        48    -1764.705882352940080
        49    -1176.470588235290052
        50    -1176.470588235290052
        51    -1176.470588235290052
        52     -588.235294117646959
        53     -588.235294117646959
        54     -588.235294117646959
        55        0.000000000000000
        56        0.000000000000000
        57        0.000000000000000
        58    -4117.647058823529733
        59    -4117.647058823529733
        60    -4117.647058823529733
        61    -3529.411764705880159
        62    -3529.411764705880159
        63    -3529.411764705880159
        64    -2941.176470588230131
        65    -2941.176470588240136
        66    -2941.176470588240136
        67    -2352.941176470590108
        68    -2352.941176470590108
        69    -2352.941176470590108
        70    -1764.705882352940080
        71    -1764.705882352940080
        72    -1764.705882352940080
        73    -1176.470588235290052
        74    -1176.470588235290052
        75    -1176.470588235290052
        76     -588.235294117646959
        77     -588.235294117646959
        78     -588.235294117646959
        79        0.000000000000000
        80        0.000000000000000
        81        0.000000000000000
        82     1176.470588235290052
        83     1176.470588235290052
        84     1176.470588235290052
        85      588.235294117646959
        86      588.235294117646959
        87      588.235294117646959
        88      588.235294117646959
        89      588.235294117646959
        90      588.235294117646959
        91    -1764.705882352940080
        92    -1764.705882352940080
        93    -1764.705882352940080
        94    -1176.470588235290052
        95    -1176.470588235290052
        96    -1176.470588235290052
        97     -588.235294117646959
        98     -588.235294117646959
        99    -2352.941176470590108
       100    -2352.941176470590108
       101    -2352.941176470590108
       102    -1764.705882352940080
       103    -1764.705882352940080
       104    -1764.705882352940080
       105    -1176.470588235290052
       106    -1176.470588235290052
       107    -1176.470588235290052
       108     -588.235294117646959
       109     -588.235294117646959
       110     -588.235294117646959
       111    -2941.176470588240136
       112    -2941.176470588240136
       113    -2941.176470588240136
       114    -2352.941176470590108
       115    -2352.941176470590108
       116    -2352.941176470590108
       117    -1764.705882352940080
       118    -1764.705882352940080
       119    -1764.705882352940080
       120    -1176.470588235290052
       121    -1176.470588235290052
       122    -1176.470588235290052
       123     -588.235294117646959
       124     -588.235294117646959
       125     -588.235294117646959
       126        0.000000000000000
       127        0.000000000000000
       128        0.000000000000000
       129    -3529.411764705880159
       130    -3529.411764705880159
       131    -3529.411764705880159
       132    -2941.176470588230131
       133    -2941.176470588230131
       134    -2941.176470588240136
       135    -2352.941176470590108
       136    -2352.941176470590108
       137    -2352.941176470590108
       138    -1764.705882352940080
       139    -1764.705882352940080
       140    -1764.705882352940080
       141    -1176.470588235290052
       142    -1176.470588235290052
       143    -1176.470588235290052
       144     -588.235294117646959
       145     -588.235294117646959
       146     -588.235294117646959
       147        0.000000000000000
       148        0.000000000000000
       149        0.000000000000000
       150    -4117.647058823529733
       151    -4117.647058823529733
       152    -4117.647058823529733
       153    -3529.411764705880159
       154    -3529.411764705880159
       155    -3529.411764705880159
       156    -2941.176470588240136
       157    -2941.176470588240136
       158    -2941.176470588240136
       159    -2352.941176470590108
       160    -2352.941176470590108
       161    -2352.941176470590108
       162    -1764.705882352940080
       163    -1764.705882352940080
       164    -1764.705882352940080
       165    -1176.470588235290052
       166    -1176.470588235290052
       167    -1176.470588235290052
       168     -588.235294117646959
       169     -588.235294117646959
       170     -588.235294117646959
       171        0.000000000000000
       172        0.000000000000000
       173        0.000000000000000
       174     1176.470588235290052
       175     1176.470588235290052
       176     1176.470588235290052
       177      588.235294117646959
       178      588.235294117646959
       179      588.235294117646959
       180      588.235294117646959
       181      588.235294117646959
       182      588.235294117646959
       183    -1764.705882352940080
       184    -1176.470588235290052
       185     -588.235294117646959
       186        0.000000000000000
       187    -2352.941176470590108
       188    -2352.941176470590108
       189    -1764.705882352940080
       190    -1764.705882352940080
       191    -1176.470588235290052
       192    -1176.470588235290052
       193     -588.235294117646959
       194     -588.235294117646959
       195        0.000000000000000
       196        0.000000000000000
       197    -2941.176470588230131
       198    -2941.176470588240136
       199    -2941.176470588230131
       200    -2352.941176470590108
       201    -2352.941176470590108
       202    -2352.941176470590108
       203    -1764.705882352940080
       204    -1764.705882352940080
       205    -1764.705882352940080
       206    -1176.470588235290052
       207    -1176.470588235290052
       208    -1176.470588235290052
       209     -588.235294117646959
       210     -588.235294117646959
       211     -588.235294117646959
       212        0.000000000000000
       213        0.000000000000000
       214        0.000000000000000
       215    -3529.411764705880159
       216    -3529.411764705880159
       217    -2941.176470588230131
       218    -2941.176470588240136
       219    -2941.176470588230131
       220    -2352.941176470590108
       221    -2352.941176470590108
       222    -2352.941176470590108
       223    -2352.941176470590108
       224    -1764.705882352940080
       225    -1764.705882352940080
       226    -1764.705882352940080
       227    -1764.705882352940080
       228    -1176.470588235290052
       229    -1176.470588235290052
       230    -1176.470588235290052
       231    -1176.470588235290052
       232     -588.235294117646959
       233     -588.235294117646959
       234     -588.235294117646959
       235     -588.235294117646959
       236        0.000000000000000
       237        0.000000000000000
       238        0.000000000000000
       239    -4117.647058823529733
       240    -3529.411764705880159
       241    -3529.411764705880159
       242    -2941.176470588230131
       243    -2941.176470588230131
       244    -2941.176470588230131
       245    -2352.941176470590108
       246    -2352.941176470590108
       247    -2352.941176470590108
       248    -2352.941176470590108
       249    -1764.705882352940080
       250    -1764.705882352940080
       251    -1764.705882352940080
       252    -1764.705882352940080
       253    -1764.705882352940080
       254    -1176.470588235290052
       255    -1176.470588235290052
       256    -1176.470588235290052
       257    -1176.470588235290052
       258    -1176.470588235290052
       259     -588.235294117646959
       260     -588.235294117646959
       261     -588.235294117646959
       262     -588.235294117646959
       263        0.000000000000000
       264        0.000000000000000
       265        0.000000000000000
       266        0.000000000000000
       267    -4117.647058823529733
       268    -3529.411764705880159
       269    -3529.411764705880159
       270    -2941.176470588230131
       271    -2941.176470588240136
       272    -2941.176470588240136
       273    -2352.941176470590108
       274    -2352.941176470590108
       275    -2352.941176470590108
       276    -2352.941176470590108
       277    -1764.705882352940080
       278    -1764.705882352940080
       279    -1764.705882352940080
       280    -1764.705882352940080
       281    -1764.705882352940080
       282    -1176.470588235290052
       283    -1176.470588235290052
       284    -1176.470588235290052
       285    -1176.470588235290052
       286    -1176.470588235290052
       287     -588.235294117646959
       288     -588.235294117646959
       289     -588.235294117646959
       290     -588.235294117646959
       291     -588.235294117646959
       292        0.000000000000000
       293        0.000000000000000
       294        0.000000000000000
       295        0.000000000000000
       296     1176.470588235290052
       297     1176.470588235290052
       298     1176.470588235290052
       299     1176.470588235290052
       300      588.235294117646959
       301      588.235294117646959
       302      588.235294117646959
       303      588.235294117646959
       304      588.235294117646959
       305      588.235294117646959
       306      588.235294117646959
       307      588.235294117646959
       308      588.235294117646959
       309      588.235294117646959
       310        0.000000000000000
       311     -588.235294117646959
       312     -588.235294117646959
       313        0.000000000000000
       314    -1176.470588235290052
       315    -1176.470588235290052
       316    -1764.705882352940080
       317    -1764.705882352940080
       318    -2352.941176470590108
       319    -2352.941176470590108
       320    -2941.176470588240136
       321    -2941.176470588230131
       322    -3529.411764705880159
       323    -3529.411764705880159
       324    -4117.647058823529733
       325    -4117.647058823529733
       326     -588.235294117646959
       327        0.000000000000000
       328    -1176.470588235290052
       329    -1764.705882352940080
       330    -2352.941176470590108
       331    -2941.176470588240136
       332    -3529.411764705880159
       333    -4117.647058823529733
       334        0.000000000000000
       335     -588.235294117646959
       336     -588.235294117646959
       337        0.000000000000000
       338    -1176.470588235290052
       339    -1176.470588235290052
       340    -1764.705882352940080
       341    -1764.705882352940080
       342    -2352.941176470590108
       343    -2352.941176470590108
       344    -2941.176470588230131
       345    -2941.176470588230131
       346    -3529.411764705880159
       347    -3529.411764705880159
       348    -4117.647058823529733
       349    -4117.647058823529733
       350     -588.235294117646959
       351        0.000000000000000
       352    -1176.470588235290052
       353    -1764.705882352940080
       354    -2352.941176470590108
       355    -2941.176470588230131
       356    -3529.411764705880159
       357    -4117.647058823529733
       358        0.000000000000000
       359     -588.235294117646959
       360     -588.235294117646959
       361        0.000000000000000
       362    -1176.470588235290052
       363    -1176.470588235290052
       364    -1764.705882352940080
       365    -1764.705882352940080
       366    -2352.941176470590108
       367    -2352.941176470590108
       368    -2941.176470588240136
       369    -2941.176470588230131
       370    -3529.411764705880159
       371    -3529.411764705880159
       372     -588.235294117646959
       373        0.000000000000000
       374    -1176.470588235290052
       375    -1764.705882352940080
       376    -2352.941176470590108
       377    -2941.176470588240136
       378    -3529.411764705880159
       379        0.000000000000000
       380     -588.235294117646959
       381     -588.235294117646959
       382        0.000000000000000
       383    -1176.470588235290052
       384    -1176.470588235290052
       385    -1764.705882352940080
       386    -1764.705882352940080
       387    -2352.941176470590108
       388    -2352.941176470590108
       389    -2941.176470588240136
       390    -2941.176470588240136
       391    -3529.411764705880159
       392    -3529.411764705880159
       393     -588.235294117646959
       394        0.000000000000000
       395    -1176.470588235290052
       396    -1764.705882352940080
       397    -2352.941176470590108
       398    -2941.176470588240136
       399    -3529.411764705880159
       400        0.000000000000000
       401     -588.235294117646959
       402     -588.235294117646959
       403        0.000000000000000
       404    -1176.470588235290052
       405    -1176.470588235290052
       406    -1764.705882352940080
       407    -1764.705882352940080
       408    -2352.941176470590108
       409    -2352.941176470590108
       410    -2941.176470588230131
       411    -2941.176470588230131
       412     -588.235294117646959
       413        0.000000000000000
       414    -1176.470588235290052
       415    -1764.705882352940080
       416    -2352.941176470590108
       417    -2941.176470588240136
       418     1764.705882352940080
       419     1764.705882352940080
       420     1176.470588235290052
       421     1176.470588235290052
       422      588.235294117646959
       423      588.235294117646959
       424     1764.705882352940080
       425     1176.470588235290052
       426      588.235294117646959
       427     1764.705882352940080
       428     1764.705882352940080
       429     1176.470588235290052
       430     1176.470588235290052
       431      588.235294117646959
       432      588.235294117646959
       433     1764.705882352940080
       434     1176.470588235290052
       435      588.235294117646959
       436     1176.470588235290052
       437     1176.470588235290052
       438      588.235294117646959
       439      588.235294117646959
       440     1176.470588235290052
       441      588.235294117646959
       442      588.235294117646959
       443      588.235294117646959
       444      588.235294117646959
       445        0.000000000000000
       446     -588.235294117646959
       447     -588.235294117646959
       448        0.000000000000000
       449    -1176.470588235290052
       450    -1176.470588235290052
       451    -1764.705882352940080
       452    -1764.705882352940080
       453    -2352.941176470590108
       454    -2352.941176470590108
       455    -2941.176470588240136
       456    -2941.176470588240136
       457    -3529.411764705880159
       458    -3529.411764705880159
       459    -4117.647058823529733
       460    -4117.647058823529733
       461     -588.235294117646959
       462        0.000000000000000
       463    -1176.470588235290052
       464    -1764.705882352940080
       465    -2352.941176470590108
       466    -2941.176470588240136
       467    -3529.411764705880159
       468    -4117.647058823529733
       469        0.000000000000000
       470     -588.235294117646959
       471     -588.235294117646959
       472        0.000000000000000
       473    -1176.470588235290052
       474    -1176.470588235290052
       475    -1764.705882352940080
       476    -1764.705882352940080
       477    -2352.941176470590108
       478    -2352.941176470590108
       479    -2941.176470588230131
       480    -2941.176470588240136
       481    -3529.411764705880159
       482    -3529.411764705880159
       483    -4117.647058823529733
       484    -4117.647058823529733
       485     -588.235294117646959
       486        0.000000000000000
       487    -1176.470588235290052
       488    -1764.705882352940080
       489    -2352.941176470590108
       490    -2941.176470588230131
       491    -3529.411764705880159
       492    -4117.647058823529733
       493        0.000000000000000
       494     -588.235294117646959
       495     -588.235294117646959
       496        0.000000000000000
       497    -1176.470588235290052
       498    -1176.470588235290052
       499    -1764.705882352940080
       500    -1764.705882352940080
       501    -2352.941176470590108
       502    -2352.941176470590108
       503    -2941.176470588240136
       504    -2941.176470588240136
       505    -3529.411764705880159
       506    -3529.411764705880159
       507     -588.235294117646959
       508        0.000000000000000
       509    -1176.470588235290052
       510    -1764.705882352940080
       511    -2352.941176470590108
       512    -2941.176470588240136
       513    -3529.411764705880159
       514        0.000000000000000
       515     -588.235294117646959
       516     -588.235294117646959
       517        0.000000000000000
       518    -1176.470588235290052
       519    -1176.470588235290052
       520    -1764.705882352940080
       521    -1764.705882352940080
       522    -2352.941176470590108
       523    -2352.941176470590108
       524    -2941.176470588240136
       525    -2941.176470588240136
       526    -3529.411764705880159
       527    -3529.411764705880159
       528     -588.235294117646959
       529        0.000000000000000
       530    -1176.470588235290052
       531    -1764.705882352940080
       532    -2352.941176470590108
       533    -2941.176470588240136
       534    -3529.411764705880159
       535        0.000000000000000
       536     -588.235294117646959
       537     -588.235294117646959
       538        0.000000000000000
       539    -1176.470588235290052
       540    -1176.470588235290052
       541    -1764.705882352940080
       542    -1764.705882352940080
       543    -2352.941176470590108
       544    -2352.941176470590108
       545    -2941.176470588230131
       546    -2941.176470588230131
       547     -588.235294117646959
       548        0.000000000000000
       549    -1176.470588235290052
       550    -1764.705882352940080
       551    -2352.941176470590108
       552    -2941.176470588230131
       553     1764.705882352940080
       554     1764.705882352940080
       555     1176.470588235290052
       556     1176.470588235290052
       557      588.235294117646959
       558      588.235294117646959
       559     1764.705882352940080
       560     1176.470588235290052
       561      588.235294117646959
       562     1764.705882352940080
       563     1764.705882352940080
       564     1176.470588235290052
       565     1176.470588235290052
       566      588.235294117646959
       567      588.235294117646959
       568     1764.705882352940080
       569     1176.470588235290052
       570      588.235294117646959
       571     1176.470588235290052
       572     1176.470588235290052
       573      588.235294117646959
       574      588.235294117646959
       575     1176.470588235290052
       576      588.235294117646959
       577      588.235294117646959
       578      588.235294117646959
       579      588.235294117646959
       580    -1764.705882352940080
       581    -1176.470588235290052
       582    -1176.470588235290052
       583     -588.235294117646959
       584     -588.235294117646959
       585     -588.235294117646959
       586        0.000000000000000
       587        0.000000000000000
       588        0.000000000000000
       589    -2352.941176470590108
       590    -2352.941176470590108
       591    -1764.705882352940080
       592    -1764.705882352940080
       593    -1764.705882352940080
       594    -1176.470588235290052
       595    -1176.470588235290052
       596    -1176.470588235290052
       597    -1176.470588235290052
       598     -588.235294117646959
       599     -588.235294117646959
       600     -588.235294117646959
       601     -588.235294117646959
       602     -588.235294117646959
       603        0.000000000000000
       604        0.000000000000000
       605        0.000000000000000
       606        0.000000000000000
       607        0.000000000000000
       608    -2941.176470588240136
       609    -2941.176470588230131
       610    -2941.176470588230131
       611    -2352.941176470590108
       612    -2352.941176470590108
       613    -2352.941176470590108
       614    -2352.941176470590108
       615    -1764.705882352940080
       616    -1764.705882352940080
       617    -1764.705882352940080
       618    -1764.705882352940080
       619    -1764.705882352940080
       620    -1176.470588235290052
       621    -1176.470588235290052
       622    -1176.470588235290052
       623    -1176.470588235290052
       624    -1176.470588235290052
       625     -588.235294117646959
       626     -588.235294117646959
       627     -588.235294117646959
       628     -588.235294117646959
       629     -588.235294117646959
       630        0.000000000000000
       631        0.000000000000000
       632        0.000000000000000
       633        0.000000000000000
       634        0.000000000000000
       635    -3529.411764705880159
       636    -3529.411764705880159
       637    -3529.411764705880159
       638    -3529.411764705880159
       639    -2941.176470588230131
       640    -2941.176470588230131
       641    -2941.176470588230131
       642    -2941.176470588230131
       643    -2941.176470588240136
       644    -2352.941176470590108
       645    -2352.941176470590108
       646    -2352.941176470590108
       647    -2352.941176470590108
       648    -2352.941176470590108
       649    -1764.705882352940080
       650    -1764.705882352940080
       651    -1764.705882352940080
       652    -1764.705882352940080
       653    -1764.705882352940080
       654    -1176.470588235290052
       655    -1176.470588235290052
       656    -1176.470588235290052
       657    -1176.470588235290052
       658    -1176.470588235290052
       659     -588.235294117646959
       660     -588.235294117646959
       661     -588.235294117646959
       662     -588.235294117646959
       663     -588.235294117646959
       664        0.000000000000000
       665        0.000000000000000
       666        0.000000000000000
       667        0.000000000000000
       668        0.000000000000000
       669    -4117.647058823529733
       670    -4117.647058823529733
       671    -3529.411764705880159
       672    -3529.411764705880159
       673    -3529.411764705880159
       674    -3529.411764705880159
       675    -2941.176470588230131
       676    -2941.176470588240136
       677    -2941.176470588230131
       678    -2941.176470588230131
       679    -2941.176470588230131
       680    -2352.941176470590108
       681    -2352.941176470590108
       682    -2352.941176470590108
       683    -2352.941176470590108
       684    -2352.941176470590108
       685    -1764.705882352940080
       686    -1764.705882352940080
       687    -1764.705882352940080
       688    -1764.705882352940080
       689    -1764.705882352940080
       690    -1176.470588235290052
       691    -1176.470588235290052
       692    -1176.470588235290052
       693    -1176.470588235290052
       694    -1176.470588235290052
       695     -588.235294117646959
       696     -588.235294117646959
       697     -588.235294117646959
       698     -588.235294117646959
       699     -588.235294117646959
       700        0.000000000000000
       701        0.000000000000000
       702        0.000000000000000
       703        0.000000000000000
       704        0.000000000000000
       705    -4117.647058823529733
       706    -4117.647058823529733
       707    -3529.411764705880159
       708    -3529.411764705880159
       709    -3529.411764705880159
       710    -3529.411764705880159
       711    -2941.176470588230131
       712    -2941.176470588240136
       713    -2941.176470588230131
       714    -2941.176470588230131
       715    -2941.176470588240136
       716    -2352.941176470590108
       717    -2352.941176470590108
       718    -2352.941176470590108
       719    -2352.941176470590108
       720    -2352.941176470590108
       721    -1764.705882352940080
       722    -1764.705882352940080
       723    -1764.705882352940080
       724    -1764.705882352940080
       725    -1764.705882352940080
       726    -1176.470588235290052
       727    -1176.470588235290052
       728    -1176.470588235290052
       729    -1176.470588235290052
       730    -1176.470588235290052
       731     -588.235294117646959
       732     -588.235294117646959
       733     -588.235294117646959
       734     -588.235294117646959
       735     -588.235294117646959
       736        0.000000000000000
       737        0.000000000000000
       738        0.000000000000000
       739        0.000000000000000
       740        0.000000000000000
       741     1764.705882352940080
       742     1764.705882352940080
       743     1764.705882352940080
       744     1764.705882352940080
       745     1764.705882352940080
       746     1764.705882352940080
       747     1176.470588235290052
       748     1176.470588235290052
       749     1176.470588235290052
       750     1176.470588235290052
       751     1176.470588235290052
       752     1176.470588235290052
       753     1176.470588235290052
       754     1176.470588235290052
       755     1176.470588235290052
       756     1176.470588235290052
       757     1176.470588235290052
       758     1176.470588235290052
       759      588.235294117646959
       760      588.235294117646959
       761      588.235294117646959
       762      588.235294117646959
       763      588.235294117646959
       764      588.235294117646959
       765      588.235294117646959
       766      588.235294117646959
       767      588.235294117646959
       768      588.235294117646959
       769      588.235294117646959
       770      588.235294117646959
       771      588.235294117646959
       772      588.235294117646959
       773      588.235294117646959
       774      588.235294117646959
       775      588.235294117646959
       776      588.235294117646959
       777      588.235294117646959
       778      588.235294117646959
