         747
         1     6307.692307692310351
         2     6307.692307692310351
         3     6307.692307692310351
         4     6307.692307692310351
         5     6307.692307692310351
         6     6307.692307692310351
         7     6307.692307692310351
         8     6307.692307692310351
         9     6307.692307692310351
        10     6307.692307692310351
        11     6307.692307692310351
        12     6307.692307692310351
        13     6307.692307692310351
        14     6307.692307692310351
        15     6307.692307692310351
        16     5692.307692307689649
        17     5692.307692307689649
        18     5692.307692307689649
        19     5692.307692307689649
        20     5692.307692307689649
        21     5692.307692307689649
        22     5692.307692307689649
        23     5692.307692307689649
        24     5692.307692307689649
        25     5692.307692307689649
        26     5692.307692307689649
        27     5692.307692307689649
        28     5692.307692307689649
        29     5692.307692307689649
        30     5692.307692307689649
        31     5692.307692307689649
        32     5692.307692307689649
        33     5692.307692307689649
        34     5076.923076923079861
        35     5076.923076923079861
        36     5076.923076923079861
        37     5076.923076923079861
        38     5076.923076923079861
        39     5076.923076923079861
        40     5076.923076923079861
        41     5076.923076923079861
        42     5076.923076923079861
        43     5076.923076923079861
        44     5076.923076923079861
        45     5076.923076923079861
        46     5076.923076923079861
        47     5076.923076923079861
        48     5076.923076923070766
        49     5076.923076923079861
        50     5076.923076923079861
        51     5076.923076923079861
        52     4461.538461538460069
        53     4461.538461538460069
        54     4461.538461538460069
        55     4461.538461538460069
        56     4461.538461538460069
        57     4461.538461538460069
        58     4461.538461538460069
        59     4461.538461538460069
        60     4461.538461538460069
        61     4461.538461538460069
        62     4461.538461538460069
        63     4461.538461538460069
        64     4461.538461538460069
        65     4461.538461538460069
        66     4461.538461538460069
        67     4461.538461538460069
        68     4461.538461538460069
        69     4461.538461538460069
        70     3846.153846153849827
        71     3846.153846153849827
        72     3846.153846153849827
        73     3846.153846153849827
        74     3846.153846153849827
        75     3846.153846153849827
        76     3846.153846153849827
        77     3846.153846153849827
        78     3846.153846153849827
        79     3846.153846153849827
        80     3846.153846153849827
        81     3846.153846153849827
        82     3846.153846153849827
        83     3846.153846153849827
        84     3846.153846153849827
        85     3846.153846153849827
        86     3846.153846153849827
        87     3846.153846153849827
        88     3846.153846153849827
        89     3846.153846153849827
        90     3846.153846153849827
        91     3230.769230769230035
        92     3230.769230769230035
        93     3230.769230769230035
        94     3230.769230769230035
        95     3230.769230769230035
        96     3230.769230769230035
        97     3230.769230769230035
        98     3230.769230769230035
        99     3230.769230769230035
       100     3230.769230769230035
       101     3230.769230769230035
       102     3230.769230769230035
       103     3230.769230769230035
       104     3230.769230769230035
       105     3230.769230769230035
       106     3230.769230769230035
       107     3230.769230769230035
       108     3230.769230769230035
       109     3230.769230769230035
       110     3230.769230769230035
       111     3230.769230769230035
       112     3230.769230769230035
       113     3230.769230769230035
       114     3230.769230769230035
       115     2615.384615384619792
       116     2615.384615384619792
       117     2615.384615384619792
       118     2615.384615384619792
       119     2615.384615384619792
       120     2615.384615384619792
       121     2615.384615384610242
       122     2615.384615384619792
       123     2615.384615384610242
       124     2615.384615384619792
       125     2615.384615384619792
       126     2615.384615384619792
       127     2615.384615384610242
       128     2615.384615384610242
       129     2615.384615384610242
       130     2615.384615384619792
       131     2615.384615384610242
       132     2615.384615384619792
       133     2615.384615384619792
       134     2615.384615384619792
       135     2615.384615384610242
       136     2615.384615384619792
       137     2615.384615384610242
       138     2615.384615384610242
       139     2000.000000000000000
       140     2000.000000000000000
       141     2000.000000000000000
       142     2000.000000000000000
       143     2000.000000000000000
       144     2000.000000000000000
       145     2000.000000000000000
       146     2000.000000000000000
       147     2000.000000000000000
       148     2000.000000000000000
       149     2000.000000000000000
       150     2000.000000000000000
       151     2000.000000000000000
       152     2000.000000000000000
       153     2000.000000000000000
       154     2000.000000000000000
       155     2000.000000000000000
       156     2000.000000000000000
       157     2000.000000000000000
       158     2000.000000000000000
       159     2000.000000000000000
       160     2000.000000000000000
       161     2000.000000000000000
       162     2000.000000000000000
       163     6307.692307692310351
       164     6307.692307692310351
       165     6307.692307692310351
       166     6307.692307692310351
       167     6307.692307692310351
       168     6307.692307692310351
       169     6307.692307692310351
       170     6307.692307692310351
       171     6307.692307692310351
       172     6307.692307692300346
       173     6307.692307692310351
       174     6307.692307692310351
       175     6307.692307692310351
       176     6307.692307692310351
       177     6307.692307692310351
       178     5692.307692307689649
       179     5692.307692307689649
       180     5692.307692307689649
       181     5692.307692307689649
       182     5692.307692307699654
       183     5692.307692307699654
       184     5692.307692307689649
       185     5692.307692307689649
       186     5692.307692307689649
       187     5692.307692307699654
       188     5692.307692307689649
       189     5692.307692307699654
       190     5692.307692307689649
       191     5692.307692307689649
       192     5692.307692307699654
       193     5692.307692307699654
       194     5692.307692307689649
       195     5692.307692307689649
       196     5076.923076923079861
       197     5076.923076923079861
       198     5076.923076923070766
       199     5076.923076923079861
       200     5076.923076923079861
       201     5076.923076923070766
       202     5076.923076923070766
       203     5076.923076923079861
       204     5076.923076923070766
       205     5076.923076923070766
       206     5076.923076923079861
       207     5076.923076923079861
       208     5076.923076923079861
       209     5076.923076923079861
       210     5076.923076923079861
       211     5076.923076923079861
       212     5076.923076923079861
       213     5076.923076923079861
       214     4461.538461538460069
       215     4461.538461538460069
       216     4461.538461538460069
       217     4461.538461538460069
       218     4461.538461538460069
       219     4461.538461538460069
       220     4461.538461538460069
       221     4461.538461538460069
       222     4461.538461538460069
       223     4461.538461538460069
       224     4461.538461538460069
       225     4461.538461538460069
       226     4461.538461538460069
       227     4461.538461538460069
       228     4461.538461538460069
       229     4461.538461538460069
       230     4461.538461538460069
       231     4461.538461538460069
       232     3846.153846153849827
       233     3846.153846153849827
       234     3846.153846153849827
       235     3846.153846153849827
       236     3846.153846153849827
       237     3846.153846153849827
       238     3846.153846153849827
       239     3846.153846153849827
       240     3846.153846153849827
       241     3846.153846153849827
       242     3846.153846153849827
       243     3846.153846153849827
       244     3846.153846153849827
       245     3846.153846153849827
       246     3846.153846153849827
       247     3846.153846153849827
       248     3846.153846153849827
       249     3846.153846153849827
       250     3846.153846153849827
       251     3846.153846153849827
       252     3846.153846153849827
       253     3230.769230769230035
       254     3230.769230769230035
       255     3230.769230769230035
       256     3230.769230769230035
       257     3230.769230769230035
       258     3230.769230769230035
       259     3230.769230769230035
       260     3230.769230769230035
       261     3230.769230769230035
       262     3230.769230769230035
       263     3230.769230769230035
       264     3230.769230769230035
       265     3230.769230769230035
       266     3230.769230769230035
       267     3230.769230769230035
       268     3230.769230769230035
       269     3230.769230769230035
       270     3230.769230769230035
       271     3230.769230769230035
       272     3230.769230769230035
       273     3230.769230769230035
       274     3230.769230769230035
       275     3230.769230769230035
       276     3230.769230769230035
       277     2615.384615384619792
       278     2615.384615384610242
       279     2615.384615384619792
       280     2615.384615384619792
       281     2615.384615384619792
       282     2615.384615384619792
       283     2615.384615384610242
       284     2615.384615384619792
       285     2615.384615384619792
       286     2615.384615384610242
       287     2615.384615384619792
       288     2615.384615384619792
       289     2615.384615384610242
       290     2615.384615384610242
       291     2615.384615384610242
       292     2615.384615384610242
       293     2615.384615384610242
       294     2615.384615384619792
       295     2615.384615384619792
       296     2615.384615384619792
       297     2615.384615384619792
       298     2615.384615384610242
       299     2615.384615384610242
       300     2615.384615384610242
       301     2000.000000000000000
       302     2000.000000000000000
       303     2000.000000000000000
       304     2000.000000000000000
       305     2000.000000000000000
       306     2000.000000000000000
       307     2000.000000000000000
       308     2000.000000000000000
       309     2000.000000000000000
       310     2000.000000000000000
       311     2000.000000000000000
       312     2000.000000000000000
       313     2000.000000000000000
       314     2000.000000000000000
       315     2000.000000000000000
       316     2000.000000000000000
       317     2000.000000000000000
       318     2000.000000000000000
       319     2000.000000000000000
       320     2000.000000000000000
       321     2000.000000000000000
       322     2000.000000000000000
       323     2000.000000000000000
       324     2000.000000000000000
       325     5076.923076923079861
       326     5076.923076923079861
       327     5692.307692307689649
       328     5692.307692307689649
       329     6307.692307692310351
       330     6307.692307692310351
       331     5076.923076923079861
       332     5692.307692307689649
       333     6307.692307692310351
       334     5076.923076923079861
       335     5692.307692307689649
       336     6307.692307692310351
       337     2000.000000000000000
       338     2615.384615384619792
       339     2615.384615384619792
       340     2000.000000000000000
       341     3230.769230769230035
       342     3230.769230769230035
       343     3846.153846153849827
       344     3846.153846153849827
       345     4461.538461538460069
       346     4461.538461538460069
       347     5076.923076923079861
       348     5076.923076923070766
       349     5692.307692307689649
       350     5692.307692307689649
       351     6307.692307692310351
       352     6307.692307692310351
       353     2615.384615384610242
       354     2000.000000000000000
       355     3230.769230769230035
       356     3846.153846153849827
       357     4461.538461538460069
       358     5076.923076923079861
       359     5692.307692307689649
       360     6307.692307692310351
       361     2615.384615384610242
       362     2000.000000000000000
       363     3230.769230769230035
       364     3846.153846153849827
       365     4461.538461538460069
       366     5076.923076923070766
       367     5692.307692307689649
       368     6307.692307692310351
       369     2615.384615384610242
       370     2000.000000000000000
       371     3230.769230769230035
       372     3846.153846153849827
       373     4461.538461538460069
       374     5076.923076923079861
       375     5692.307692307689649
       376     6307.692307692310351
       377     2615.384615384610242
       378     2000.000000000000000
       379     3230.769230769230035
       380     3846.153846153849827
       381     4461.538461538460069
       382     5076.923076923079861
       383     5692.307692307689649
       384     2615.384615384610242
       385     3230.769230769230035
       386     3846.153846153849827
       387     2000.000000000000000
       388     2615.384615384619792
       389     2615.384615384619792
       390     2000.000000000000000
       391     3230.769230769230035
       392     3230.769230769230035
       393     3846.153846153849827
       394     3846.153846153849827
       395     4461.538461538460069
       396     4461.538461538470074
       397     5076.923076923079861
       398     5076.923076923079861
       399     5692.307692307689649
       400     5692.307692307689649
       401     6307.692307692310351
       402     6307.692307692310351
       403     2615.384615384619792
       404     2000.000000000000000
       405     3230.769230769230035
       406     3846.153846153849827
       407     4461.538461538460069
       408     5076.923076923070766
       409     5692.307692307689649
       410     6307.692307692300346
       411     2615.384615384619792
       412     2000.000000000000000
       413     3230.769230769230035
       414     3846.153846153849827
       415     4461.538461538460069
       416     5076.923076923079861
       417     5692.307692307689649
       418     6307.692307692310351
       419     2615.384615384610242
       420     2000.000000000000000
       421     3230.769230769230035
       422     3846.153846153849827
       423     4461.538461538460069
       424     5076.923076923079861
       425     5692.307692307689649
       426     6307.692307692300346
       427     2615.384615384610242
       428     2000.000000000000000
       429     3230.769230769230035
       430     3846.153846153849827
       431     4461.538461538460069
       432     5076.923076923079861
       433     5692.307692307689649
       434     2615.384615384619792
       435     2000.000000000000000
       436     3230.769230769230035
       437     3846.153846153849827
       438     2615.384615384610242
       439     3230.769230769230035
       440     2000.000000000000000
       441     2615.384615384619792
       442     2615.384615384619792
       443     2000.000000000000000
       444     3230.769230769230035
       445     3230.769230769230035
       446     3846.153846153849827
       447     3846.153846153849827
       448     4461.538461538460069
       449     4461.538461538460069
       450     5076.923076923070766
       451     5076.923076923070766
       452     5692.307692307689649
       453     5692.307692307699654
       454     6307.692307692310351
       455     6307.692307692310351
       456     2615.384615384619792
       457     2000.000000000000000
       458     3230.769230769230035
       459     3846.153846153849827
       460     4461.538461538460069
       461     5076.923076923070766
       462     5692.307692307689649
       463     6307.692307692310351
       464     2615.384615384619792
       465     2000.000000000000000
       466     3230.769230769230035
       467     3846.153846153849827
       468     4461.538461538460069
       469     5076.923076923070766
       470     5692.307692307699654
       471     6307.692307692310351
       472     2615.384615384610242
       473     2000.000000000000000
       474     3230.769230769230035
       475     3846.153846153849827
       476     4461.538461538460069
       477     5076.923076923070766
       478     5692.307692307689649
       479     6307.692307692300346
       480     2615.384615384619792
       481     2000.000000000000000
       482     3230.769230769230035
       483     3846.153846153849827
       484     4461.538461538460069
       485     5076.923076923070766
       486     5692.307692307699654
       487     2615.384615384619792
       488     2000.000000000000000
       489     3230.769230769230035
       490     3846.153846153849827
       491     2615.384615384610242
       492     2000.000000000000000
       493     3230.769230769230035
       494     2000.000000000000000
       495     2615.384615384619792
       496     2615.384615384619792
       497     2000.000000000000000
       498     3230.769230769230035
       499     3230.769230769230035
       500     3846.153846153849827
       501     3846.153846153849827
       502     4461.538461538460069
       503     4461.538461538460069
       504     5076.923076923079861
       505     5076.923076923079861
       506     5692.307692307689649
       507     5692.307692307689649
       508     6307.692307692310351
       509     6307.692307692310351
       510     2615.384615384619792
       511     2000.000000000000000
       512     3230.769230769230035
       513     3846.153846153849827
       514     4461.538461538460069
       515     5076.923076923079861
       516     5692.307692307689649
       517     6307.692307692310351
       518     2615.384615384610242
       519     2000.000000000000000
       520     3230.769230769230035
       521     3846.153846153849827
       522     4461.538461538460069
       523     5076.923076923079861
       524     5692.307692307699654
       525     6307.692307692310351
       526     2615.384615384610242
       527     2000.000000000000000
       528     3230.769230769230035
       529     3846.153846153849827
       530     4461.538461538460069
       531     5076.923076923079861
       532     5692.307692307689649
       533     6307.692307692310351
       534     2615.384615384610242
       535     2000.000000000000000
       536     3230.769230769230035
       537     3846.153846153849827
       538     4461.538461538460069
       539     5076.923076923070766
       540     5692.307692307689649
       541     2615.384615384619792
       542     2000.000000000000000
       543     3230.769230769230035
       544     3846.153846153849827
       545     2615.384615384610242
       546     2000.000000000000000
       547     3230.769230769230035
       548     1428.571428571430033
       549     1428.571428571430033
       550     1428.571428571430033
       551     1428.571428571430033
       552     1428.571428571430033
       553     1428.571428571430033
       554     1428.571428571430033
       555     1428.571428571430033
       556     1428.571428571430033
       557     1428.571428571430033
       558     1428.571428571430033
       559     1428.571428571430033
       560     1428.571428571430033
       561     1428.571428571430033
       562     1428.571428571430033
       563     1428.571428571430033
       564     1428.571428571430033
       565     1428.571428571430033
       566     1428.571428571430033
       567     1428.571428571430033
       568     1428.571428571430033
       569     1428.571428571430033
       570     1428.571428571430033
       571     1428.571428571430033
       572      857.142857142856997
       573      857.142857142856997
       574      857.142857142856997
       575      857.142857142855974
       576      857.142857142858020
       577      857.142857142856997
       578      857.142857142856997
       579      857.142857142856997
       580      857.142857142856997
       581      857.142857142856997
       582      857.142857142856997
       583      857.142857142856997
       584      857.142857142856997
       585      857.142857142856997
       586      857.142857142856997
       587      857.142857142856997
       588      857.142857142856997
       589      857.142857142856997
       590      857.142857142856997
       591      857.142857142856997
       592      857.142857142856997
       593      285.714285714285950
       594      285.714285714285950
       595      285.714285714284983
       596      285.714285714284983
       597      285.714285714285950
       598      285.714285714285950
       599      285.714285714285950
       600      285.714285714285950
       601      285.714285714285950
       602      285.714285714285950
       603      285.714285714285950
       604      285.714285714285950
       605      285.714285714285950
       606      285.714285714284983
       607      285.714285714285950
       608      285.714285714285950
       609      285.714285714285950
       610      285.714285714285950
       611     1428.571428571430033
       612     1428.571428571430033
       613     1428.571428571430033
       614     1428.571428571430033
       615     1428.571428571430033
       616     1428.571428571430033
       617     1428.571428571430033
       618     1428.571428571430033
       619     1428.571428571430033
       620     1428.571428571430033
       621     1428.571428571430033
       622     1428.571428571430033
       623     1428.571428571430033
       624     1428.571428571430033
       625     1428.571428571430033
       626     1428.571428571430033
       627     1428.571428571430033
       628     1428.571428571430033
       629     1428.571428571430033
       630     1428.571428571430033
       631     1428.571428571430033
       632     1428.571428571430033
       633     1428.571428571430033
       634     1428.571428571430033
       635      857.142857142856997
       636      857.142857142856997
       637      857.142857142856997
       638      857.142857142856997
       639      857.142857142858020
       640      857.142857142856997
       641      857.142857142856997
       642      857.142857142855974
       643      857.142857142856997
       644      857.142857142856997
       645      857.142857142856997
       646      857.142857142856997
       647      857.142857142856997
       648      857.142857142856997
       649      857.142857142856997
       650      857.142857142856997
       651      857.142857142856997
       652      857.142857142855974
       653      857.142857142856997
       654      857.142857142856997
       655      857.142857142856997
       656      285.714285714285950
       657      285.714285714284983
       658      285.714285714284983
       659      285.714285714284983
       660      285.714285714285950
       661      285.714285714284983
       662      285.714285714285950
       663      285.714285714284983
       664      285.714285714285950
       665      285.714285714285950
       666      285.714285714285950
       667      285.714285714285950
       668      285.714285714285950
       669      285.714285714285950
       670      285.714285714285950
       671      285.714285714285950
       672      285.714285714285950
       673      285.714285714285950
       674      857.142857142856997
       675      857.142857142856997
       676     1428.571428571430033
       677     1428.571428571430033
       678      857.142857142855974
       679     1428.571428571430033
       680      857.142857142856997
       681     1428.571428571430033
       682      857.142857142858020
       683     1428.571428571430033
       684      857.142857142856997
       685     1428.571428571430033
       686      285.714285714285950
       687      285.714285714285950
       688      857.142857142856997
       689      857.142857142856997
       690     1428.571428571430033
       691     1428.571428571430033
       692      285.714285714285950
       693      857.142857142856997
       694     1428.571428571430033
       695      285.714285714285950
       696      857.142857142856997
       697     1428.571428571430033
       698      285.714285714284983
       699      857.142857142858020
       700     1428.571428571430033
       701      285.714285714285950
       702      857.142857142856997
       703     1428.571428571430033
       704      857.142857142856997
       705     1428.571428571430033
       706      285.714285714285950
       707      285.714285714285950
       708      857.142857142856997
       709      857.142857142856997
       710     1428.571428571430033
       711     1428.571428571430033
       712      285.714285714285950
       713      857.142857142856997
       714     1428.571428571430033
       715      285.714285714285950
       716      857.142857142856997
       717     1428.571428571430033
       718      285.714285714285950
       719      857.142857142858020
       720     1428.571428571430033
       721      285.714285714285950
       722      857.142857142856997
       723     1428.571428571430033
       724      857.142857142856997
       725     1428.571428571430033
       726     1428.571428571430033
       727      285.714285714284983
       728      285.714285714285950
       729      857.142857142856997
       730      857.142857142856997
       731     1428.571428571430033
       732     1428.571428571430033
       733      285.714285714285950
       734      857.142857142856997
       735     1428.571428571430033
       736      285.714285714284983
       737      857.142857142855974
       738     1428.571428571430033
       739      285.714285714284983
       740      857.142857142858020
       741     1428.571428571430033
       742      285.714285714284983
       743      857.142857142856997
       744     1428.571428571430033
       745      857.142857142856997
       746     1428.571428571430033
       747     1428.571428571430033
