         748
         1    -5000.000000000000000
         2    -4423.076923076920139
         3    -5000.000000000000000
         4    -5000.000000000000000
         5    -4423.076923076920139
         6    -4423.076923076920139
         7    -3846.153846153849827
         8    -3846.153846153849827
         9    -3846.153846153849827
        10    -3269.230769230769965
        11    -3269.230769230769965
        12    -3269.230769230769965
        13    -2692.307692307689649
        14    -2692.307692307689649
        15    -2692.307692307689649
        16    -2115.384615384610242
        17    -2115.384615384619792
        18    -2115.384615384619792
        19    -1538.461538461540158
        20    -1538.461538461540158
        21    -1538.461538461540158
        22     -961.538461538462002
        23     -961.538461538462002
        24     -961.538461538462002
        25     -384.615384615385040
        26     -384.615384615385040
        27     -961.538461538462002
        28     -961.538461538462002
        29    -1538.461538461540158
        30    -1538.461538461540158
        31    -2115.384615384619792
        32    -2115.384615384619792
        33    -2692.307692307689649
        34    -2692.307692307689649
        35    -3269.230769230769965
        36    -3269.230769230769965
        37    -3846.153846153849827
        38    -3846.153846153839822
        39    -4423.076923076920139
        40    -4423.076923076929234
        41    -5000.000000000000000
        42    -5000.000000000000000
        43     -961.538461538462002
        44    -1538.461538461540158
        45    -2115.384615384619792
        46    -2692.307692307689649
        47    -3269.230769230769965
        48    -3846.153846153849827
        49    -4423.076923076929234
        50    -5000.000000000000000
        51     -384.615384615384016
        52     -961.538461538462002
        53    -1538.461538461540158
        54    -2115.384615384619792
        55    -2692.307692307689649
        56    -3269.230769230769965
        57    -3846.153846153849827
        58    -4423.076923076920139
        59    -5000.000000000000000
        60     -384.615384615384016
        61     -961.538461538460979
        62    -1538.461538461540158
        63    -2115.384615384619792
        64    -2692.307692307689649
        65    -3269.230769230769965
        66    -3846.153846153839822
        67    -4423.076923076929234
        68    -5000.000000000000000
        69     -384.615384615385040
        70     -384.615384615385040
        71     -961.538461538460979
        72     -961.538461538462002
        73    -1538.461538461540158
        74    -1538.461538461540158
        75    -2115.384615384619792
        76    -2115.384615384619792
        77    -2692.307692307689649
        78    -2692.307692307689649
        79    -3269.230769230769965
        80    -3269.230769230769965
        81    -3846.153846153849827
        82    -3846.153846153839822
        83    -4423.076923076920139
        84    -4423.076923076920139
        85    -5000.000000000000000
        86    -5000.000000000000000
        87     -384.615384615385040
        88     -961.538461538462002
        89    -1538.461538461540158
        90    -2115.384615384619792
        91    -2692.307692307689649
        92    -3269.230769230769965
        93    -3846.153846153839822
        94    -4423.076923076929234
        95    -5000.000000000000000
        96     -384.615384615385040
        97     -961.538461538460979
        98    -1538.461538461540158
        99    -2115.384615384619792
       100    -2692.307692307689649
       101    -3269.230769230769965
       102    -3846.153846153839822
       103    -4423.076923076920139
       104    -5000.000000000000000
       105     -384.615384615385040
       106     -961.538461538460979
       107    -1538.461538461540158
       108    -2115.384615384619792
       109    -2692.307692307689649
       110    -3269.230769230769965
       111    -3846.153846153839822
       112    -4423.076923076920139
       113    -5000.000000000000000
       114     -384.615384615385040
       115     -961.538461538462002
       116    -1538.461538461540158
       117    -2115.384615384619792
       118    -2692.307692307689649
       119    -3269.230769230769965
       120    -3846.153846153849827
       121    -4423.076923076920139
       122    -5000.000000000000000
       123     -384.615384615385040
       124     -384.615384615385040
       125     -961.538461538460979
       126     -961.538461538462002
       127    -1538.461538461540158
       128    -1538.461538461540158
       129    -2115.384615384619792
       130    -2115.384615384619792
       131    -2692.307692307689649
       132    -2692.307692307689649
       133    -3269.230769230769965
       134    -3269.230769230769965
       135    -3846.153846153849827
       136    -3846.153846153849827
       137    -4423.076923076920139
       138    -4423.076923076920139
       139    -5000.000000000000000
       140    -5000.000000000000000
       141     -384.615384615384016
       142     -961.538461538462002
       143    -1538.461538461540158
       144    -2115.384615384619792
       145    -2692.307692307689649
       146    -3269.230769230769965
       147    -3846.153846153849827
       148    -4423.076923076929234
       149    -5000.000000000000000
       150     -384.615384615385040
       151     -961.538461538460979
       152    -1538.461538461540158
       153    -2115.384615384619792
       154    -2692.307692307689649
       155    -3269.230769230769965
       156    -3846.153846153849827
       157    -4423.076923076920139
       158    -5000.000000000000000
       159     -384.615384615385040
       160     -961.538461538460979
       161    -1538.461538461540158
       162    -2115.384615384619792
       163    -2692.307692307689649
       164    -3269.230769230769965
       165    -3846.153846153849827
       166    -4423.076923076920139
       167    -5000.000000000000000
       168     -384.615384615385040
       169     -961.538461538460979
       170    -1538.461538461540158
       171    -2115.384615384619792
       172    -2692.307692307689649
       173    -3269.230769230769965
       174    -3846.153846153849827
       175    -4423.076923076920139
       176    -5000.000000000000000
       177      192.307692307691013
       178     -384.615384615385040
       179     -384.615384615385040
       180     -961.538461538462002
       181     -961.538461538462002
       182    -1538.461538461540158
       183    -1538.461538461540158
       184    -2115.384615384610242
       185    -2115.384615384610242
       186    -2692.307692307689649
       187    -2692.307692307689649
       188    -3269.230769230769965
       189    -3269.230769230769965
       190    -3846.153846153849827
       191    -3846.153846153839822
       192    -4423.076923076920139
       193    -4423.076923076920139
       194    -5000.000000000000000
       195    -5000.000000000000000
       196     -384.615384615384016
       197     -961.538461538462002
       198    -1538.461538461540158
       199    -2115.384615384619792
       200    -2692.307692307689649
       201    -3269.230769230769965
       202    -3846.153846153849827
       203    -4423.076923076929234
       204    -5000.000000000000000
       205     -384.615384615385040
       206     -961.538461538462002
       207    -1538.461538461540158
       208    -2115.384615384619792
       209    -2692.307692307689649
       210    -3269.230769230769965
       211    -3846.153846153849827
       212    -4423.076923076929234
       213    -5000.000000000000000
       214     -384.615384615385040
       215     -961.538461538462002
       216    -1538.461538461540158
       217    -2115.384615384610242
       218    -2692.307692307689649
       219    -3269.230769230769965
       220    -3846.153846153839822
       221    -4423.076923076929234
       222    -5000.000000000000000
       223     -384.615384615385040
       224     -961.538461538462002
       225    -1538.461538461540158
       226    -2115.384615384610242
       227    -2692.307692307689649
       228    -3269.230769230769965
       229    -3846.153846153849827
       230    -4423.076923076920139
       231    -5000.000000000000000
       232      192.307692307692008
       233      192.307692307691013
       234     -384.615384615385040
       235     -384.615384615385040
       236     -961.538461538460979
       237     -961.538461538462002
       238    -1538.461538461540158
       239    -1538.461538461540158
       240    -2115.384615384619792
       241    -2115.384615384619792
       242    -2692.307692307689649
       243    -2692.307692307689649
       244    -3269.230769230769965
       245    -3269.230769230769965
       246    -3846.153846153849827
       247    -3846.153846153849827
       248    -4423.076923076920139
       249    -4423.076923076920139
       250    -5000.000000000000000
       251    -5000.000000000000000
       252     -384.615384615384016
       253     -961.538461538462002
       254    -1538.461538461540158
       255    -2115.384615384619792
       256    -2692.307692307689649
       257    -3269.230769230769965
       258    -3846.153846153849827
       259    -4423.076923076920139
       260    -5000.000000000000000
       261     -384.615384615385040
       262     -961.538461538462002
       263    -1538.461538461540158
       264    -2115.384615384619792
       265    -2692.307692307689649
       266    -3269.230769230769965
       267    -3846.153846153849827
       268    -4423.076923076920139
       269    -5000.000000000000000
       270     -384.615384615385040
       271     -961.538461538462002
       272    -1538.461538461540158
       273    -2115.384615384610242
       274    -2692.307692307689649
       275    -3269.230769230769965
       276    -3846.153846153849827
       277    -4423.076923076920139
       278    -5000.000000000000000
       279     -384.615384615385040
       280     -961.538461538462002
       281    -1538.461538461540158
       282    -2115.384615384619792
       283    -2692.307692307689649
       284    -3269.230769230769965
       285    -3846.153846153849827
       286    -4423.076923076920139
       287    -5000.000000000000000
       288      769.230769230768033
       289      192.307692307692008
       290      192.307692307692008
       291     -384.615384615385040
       292     -384.615384615385040
       293     -961.538461538462002
       294     -961.538461538462002
       295    -1538.461538461540158
       296    -1538.461538461540158
       297    -2115.384615384619792
       298    -2115.384615384619792
       299    -2692.307692307689649
       300    -2692.307692307689649
       301    -3269.230769230769965
       302    -3269.230769230769965
       303    -3846.153846153839822
       304    -3846.153846153839822
       305    -4423.076923076920139
       306    -4423.076923076920139
       307    -5000.000000000000000
       308    -5000.000000000000000
       309     -384.615384615385040
       310     -961.538461538463025
       311    -1538.461538461540158
       312    -2115.384615384619792
       313    -2692.307692307689649
       314    -3269.230769230769965
       315    -3846.153846153839822
       316    -4423.076923076929234
       317    -5000.000000000000000
       318     -384.615384615385040
       319     -961.538461538462002
       320    -1538.461538461540158
       321    -2115.384615384619792
       322    -2692.307692307689649
       323    -3269.230769230769965
       324    -3846.153846153839822
       325    -4423.076923076929234
       326    -5000.000000000000000
       327     -384.615384615384016
       328     -961.538461538462002
       329    -1538.461538461540158
       330    -2115.384615384619792
       331    -2692.307692307689649
       332    -3269.230769230769965
       333    -3846.153846153839822
       334    -4423.076923076929234
       335    -5000.000000000000000
       336      769.230769230768033
       337      192.307692307692008
       338      192.307692307691013
       339     -384.615384615385040
       340     -384.615384615385040
       341     -961.538461538462002
       342     -961.538461538462002
       343    -1538.461538461540158
       344    -1538.461538461540158
       345    -2115.384615384619792
       346    -2115.384615384619792
       347    -2692.307692307689649
       348    -2692.307692307689649
       349    -3269.230769230769965
       350    -3269.230769230769965
       351    -3846.153846153849827
       352    -3846.153846153849827
       353    -4423.076923076920139
       354    -4423.076923076920139
       355    -5000.000000000000000
       356    -5000.000000000000000
       357     -384.615384615384016
       358     -961.538461538463025
       359    -1538.461538461540158
       360    -2115.384615384619792
       361    -2692.307692307689649
       362    -3269.230769230769965
       363    -3846.153846153849827
       364    -4423.076923076929234
       365    -5000.000000000000000
       366     -384.615384615384016
       367     -961.538461538462002
       368    -1538.461538461540158
       369    -2115.384615384619792
       370    -2692.307692307689649
       371    -3269.230769230769965
       372    -3846.153846153849827
       373    -4423.076923076920139
       374    -5000.000000000000000
       375      192.307692307692008
       376      192.307692307691013
       377     -384.615384615385040
       378     -384.615384615385040
       379     -961.538461538460979
       380     -961.538461538462002
       381    -1538.461538461540158
       382    -1538.461538461540158
       383    -2115.384615384619792
       384    -2115.384615384619792
       385    -2692.307692307689649
       386    -2692.307692307689649
       387    -3269.230769230769965
       388    -3269.230769230769965
       389    -3846.153846153839822
       390    -3846.153846153839822
       391    -4423.076923076929234
       392    -4423.076923076929234
       393    -5000.000000000000000
       394    -5000.000000000000000
       395     -384.615384615385040
       396     -961.538461538462002
       397    -1538.461538461540158
       398    -2115.384615384619792
       399    -2692.307692307689649
       400    -3269.230769230769965
       401    -3846.153846153839822
       402    -4423.076923076929234
       403    -5000.000000000000000
       404    -5000.000000000000000
       405    -4423.076923076920139
       406    -5000.000000000000000
       407    -4423.076923076920139
       408    -5000.000000000000000
       409    -4423.076923076920139
       410    -5000.000000000000000
       411    -4423.076923076929234
       412    -5000.000000000000000
       413    -4423.076923076920139
       414    -5000.000000000000000
       415    -4423.076923076929234
       416    -5000.000000000000000
       417    -4423.076923076929234
       418    -3846.153846153839822
       419    -3846.153846153849827
       420    -3846.153846153839822
       421    -3846.153846153839822
       422    -3846.153846153849827
       423    -3846.153846153849827
       424    -3846.153846153849827
       425    -3269.230769230769965
       426    -3269.230769230769965
       427    -3269.230769230769965
       428    -3269.230769230769965
       429    -3269.230769230769965
       430    -3269.230769230769965
       431    -3269.230769230769965
       432    -2692.307692307689649
       433    -2692.307692307689649
       434    -2692.307692307689649
       435    -2692.307692307689649
       436    -2692.307692307689649
       437    -2692.307692307689649
       438    -2692.307692307689649
       439    -2115.384615384610242
       440    -2115.384615384610242
       441    -2115.384615384610242
       442    -2115.384615384619792
       443    -2115.384615384619792
       444    -2115.384615384619792
       445    -2115.384615384619792
       446    -1538.461538461540158
       447    -1538.461538461540158
       448    -1538.461538461540158
       449    -1538.461538461540158
       450    -1538.461538461540158
       451    -1538.461538461540158
       452    -1538.461538461540158
       453     -961.538461538462002
       454     -961.538461538462002
       455     -961.538461538462002
       456     -961.538461538462002
       457     -961.538461538462002
       458     -961.538461538462002
       459     -961.538461538462002
       460     -384.615384615385040
       461     -384.615384615385040
       462     -384.615384615385040
       463     -384.615384615385040
       464    -5000.000000000000000
       465    -4423.076923076929234
       466    -5000.000000000000000
       467    -4423.076923076929234
       468    -3846.153846153849827
       469    -3846.153846153849827
       470    -3269.230769230769965
       471    -3269.230769230769965
       472    -2692.307692307689649
       473    -2692.307692307689649
       474    -2115.384615384619792
       475    -2115.384615384619792
       476    -1538.461538461540158
       477    -1538.461538461540158
       478     -961.538461538462002
       479     -961.538461538462002
       480    -5000.000000000000000
       481    -4423.076923076929234
       482    -5000.000000000000000
       483    -4423.076923076929234
       484    -5000.000000000000000
       485    -4423.076923076920139
       486    -3846.153846153839822
       487    -3846.153846153839822
       488    -3846.153846153839822
       489    -3269.230769230769965
       490    -3269.230769230769965
       491    -3269.230769230769965
       492    -2692.307692307689649
       493    -2692.307692307689649
       494    -2692.307692307689649
       495    -2115.384615384619792
       496    -2115.384615384619792
       497    -2115.384615384619792
       498    -1538.461538461540158
       499    -1538.461538461540158
       500    -1538.461538461540158
       501    -1538.461538461540158
       502     -961.538461538462002
       503     -961.538461538463025
       504     -961.538461538462002
       505     -961.538461538462002
       506     -384.615384615385040
       507     -384.615384615385040
       508     -384.615384615385040
       509    -5000.000000000000000
       510    -4423.076923076920139
       511    -5000.000000000000000
       512    -4423.076923076920139
       513    -5000.000000000000000
       514    -4423.076923076920139
       515    -5000.000000000000000
       516    -4423.076923076920139
       517    -3846.153846153849827
       518    -3846.153846153849827
       519    -3846.153846153849827
       520    -3846.153846153839822
       521    -3269.230769230769965
       522    -3269.230769230769965
       523    -3269.230769230769965
       524    -3269.230769230769965
       525    -2692.307692307689649
       526    -2692.307692307689649
       527    -2692.307692307689649
       528    -2692.307692307689649
       529    -2115.384615384619792
       530    -2115.384615384619792
       531    -2115.384615384619792
       532    -2115.384615384619792
       533    -1538.461538461540158
       534    -1538.461538461540158
       535    -1538.461538461540158
       536    -1538.461538461540158
       537     -961.538461538462002
       538     -961.538461538462002
       539     -961.538461538462002
       540     -961.538461538462002
       541     -384.615384615385040
       542     -384.615384615385040
       543     -384.615384615384016
       544      192.307692307692008
       545      192.307692307692008
       546    -5000.000000000000000
       547    -4423.076923076929234
       548    -5000.000000000000000
       549    -4423.076923076929234
       550    -5000.000000000000000
       551    -4423.076923076929234
       552    -5000.000000000000000
       553    -4423.076923076929234
       554    -3846.153846153839822
       555    -3846.153846153839822
       556    -3846.153846153839822
       557    -3846.153846153839822
       558    -3269.230769230769965
       559    -3269.230769230769965
       560    -3269.230769230769965
       561    -3269.230769230769965
       562    -2692.307692307689649
       563    -2692.307692307689649
       564    -2692.307692307689649
       565    -2692.307692307689649
       566    -2115.384615384610242
       567    -2115.384615384619792
       568    -2115.384615384610242
       569    -2115.384615384610242
       570    -1538.461538461540158
       571    -1538.461538461540158
       572    -1538.461538461540158
       573    -1538.461538461540158
       574     -961.538461538462002
       575     -961.538461538462002
       576     -961.538461538462002
       577     -961.538461538462002
       578     -384.615384615385040
       579     -384.615384615385040
       580     -384.615384615385040
       581     -384.615384615385040
       582      192.307692307692008
       583      192.307692307692008
       584      192.307692307692008
       585    -5000.000000000000000
       586    -4423.076923076929234
       587    -5000.000000000000000
       588    -4423.076923076920139
       589    -5000.000000000000000
       590    -4423.076923076920139
       591    -5000.000000000000000
       592    -4423.076923076920139
       593    -3846.153846153849827
       594    -3846.153846153849827
       595    -3846.153846153839822
       596    -3846.153846153849827
       597    -3269.230769230769965
       598    -3269.230769230769965
       599    -3269.230769230769965
       600    -3269.230769230769965
       601    -2692.307692307689649
       602    -2692.307692307689649
       603    -2692.307692307689649
       604    -2692.307692307689649
       605    -2115.384615384619792
       606    -2115.384615384619792
       607    -2115.384615384619792
       608    -2115.384615384619792
       609    -1538.461538461540158
       610    -1538.461538461540158
       611    -1538.461538461540158
       612    -1538.461538461540158
       613     -961.538461538462002
       614     -961.538461538462002
       615     -961.538461538462002
       616     -961.538461538462002
       617     -384.615384615384016
       618     -384.615384615385040
       619     -384.615384615385040
       620     -384.615384615384016
       621      192.307692307692008
       622      192.307692307692008
       623      192.307692307692008
       624      769.230769230769056
       625      769.230769230768033
       626    -5000.000000000000000
       627    -4423.076923076929234
       628    -5000.000000000000000
       629    -4423.076923076929234
       630    -5000.000000000000000
       631    -4423.076923076929234
       632    -5000.000000000000000
       633    -4423.076923076929234
       634    -3846.153846153839822
       635    -3846.153846153839822
       636    -3846.153846153839822
       637    -3846.153846153839822
       638    -3269.230769230769965
       639    -3269.230769230769965
       640    -3269.230769230769965
       641    -3269.230769230769965
       642    -2692.307692307689649
       643    -2692.307692307689649
       644    -2692.307692307689649
       645    -2692.307692307689649
       646    -2115.384615384619792
       647    -2115.384615384619792
       648    -2115.384615384619792
       649    -2115.384615384619792
       650    -1538.461538461540158
       651    -1538.461538461540158
       652    -1538.461538461540158
       653    -1538.461538461540158
       654     -961.538461538462002
       655     -961.538461538463025
       656     -961.538461538463025
       657     -961.538461538463025
       658     -384.615384615385040
       659     -384.615384615385040
       660     -384.615384615385040
       661     -384.615384615385040
       662      192.307692307692008
       663      192.307692307692008
       664      192.307692307692008
       665      769.230769230769056
       666      769.230769230768033
       667    -5000.000000000000000
       668    -4423.076923076929234
       669    -5000.000000000000000
       670    -4423.076923076929234
       671    -5000.000000000000000
       672    -4423.076923076929234
       673    -5000.000000000000000
       674    -4423.076923076929234
       675    -3846.153846153839822
       676    -3846.153846153849827
       677    -3846.153846153849827
       678    -3846.153846153849827
       679    -3269.230769230769965
       680    -3269.230769230769965
       681    -3269.230769230769965
       682    -3269.230769230769965
       683    -2692.307692307689649
       684    -2692.307692307689649
       685    -2692.307692307689649
       686    -2692.307692307689649
       687    -2115.384615384619792
       688    -2115.384615384619792
       689    -2115.384615384619792
       690    -2115.384615384619792
       691    -1538.461538461540158
       692    -1538.461538461540158
       693    -1538.461538461540158
       694    -1538.461538461540158
       695     -961.538461538462002
       696     -961.538461538462002
       697     -961.538461538463025
       698     -961.538461538462002
       699     -384.615384615384016
       700     -384.615384615384016
       701     -384.615384615385040
       702     -384.615384615384016
       703      192.307692307692008
       704      192.307692307692008
       705      192.307692307692008
       706      192.307692307692008
       707      769.230769230769056
       708      769.230769230768033
       709    -5000.000000000000000
       710    -4423.076923076929234
       711    -5000.000000000000000
       712    -4423.076923076929234
       713    -5000.000000000000000
       714    -4423.076923076929234
       715    -5000.000000000000000
       716    -4423.076923076929234
       717    -3846.153846153839822
       718    -3846.153846153839822
       719    -3846.153846153839822
       720    -3846.153846153839822
       721    -3269.230769230769965
       722    -3269.230769230769965
       723    -3269.230769230769965
       724    -3269.230769230769965
       725    -2692.307692307689649
       726    -2692.307692307689649
       727    -2692.307692307689649
       728    -2692.307692307689649
       729    -2115.384615384619792
       730    -2115.384615384610242
       731    -2115.384615384610242
       732    -2115.384615384619792
       733    -1538.461538461540158
       734    -1538.461538461540158
       735    -1538.461538461540158
       736    -1538.461538461540158
       737     -961.538461538462002
       738     -961.538461538462002
       739     -961.538461538462002
       740     -961.538461538460979
       741     -384.615384615385040
       742     -384.615384615385040
       743     -384.615384615385040
       744     -384.615384615385040
       745      192.307692307692008
       746      192.307692307692008
       747      192.307692307692008
       748      192.307692307692008
