         727
         1     4461.538461538460069
         2     4461.538461538460069
         3     4461.538461538460069
         4     4461.538461538460069
         5     4461.538461538460069
         6     4461.538461538460069
         7     4461.538461538460069
         8     4461.538461538460069
         9     4461.538461538460069
        10     4461.538461538460069
        11     4461.538461538460069
        12     4461.538461538460069
        13     4461.538461538460069
        14     4461.538461538460069
        15     4461.538461538460069
        16     4461.538461538460069
        17     4461.538461538460069
        18     4461.538461538460069
        19     5076.923076923070766
        20     5076.923076923079861
        21     5076.923076923079861
        22     5076.923076923079861
        23     5076.923076923079861
        24     5076.923076923079861
        25     5076.923076923079861
        26     5076.923076923079861
        27     5076.923076923079861
        28     5076.923076923079861
        29     5076.923076923079861
        30     5076.923076923079861
        31     5076.923076923079861
        32     5076.923076923079861
        33     5076.923076923079861
        34     5076.923076923079861
        35     5076.923076923079861
        36     5076.923076923079861
        37     5692.307692307689649
        38     5692.307692307689649
        39     5692.307692307689649
        40     5692.307692307689649
        41     5692.307692307689649
        42     5692.307692307689649
        43     5692.307692307689649
        44     5692.307692307689649
        45     5692.307692307689649
        46     5692.307692307689649
        47     5692.307692307689649
        48     5692.307692307689649
        49     5692.307692307689649
        50     5692.307692307689649
        51     5692.307692307689649
        52     5692.307692307689649
        53     5692.307692307689649
        54     5692.307692307689649
        55     6307.692307692310351
        56     6307.692307692310351
        57     6307.692307692310351
        58     6307.692307692310351
        59     6307.692307692310351
        60     6307.692307692310351
        61     6307.692307692310351
        62     6307.692307692310351
        63     6307.692307692310351
        64     6307.692307692310351
        65     6307.692307692310351
        66     6307.692307692310351
        67     6307.692307692310351
        68     6307.692307692310351
        69     6307.692307692310351
        70     6307.692307692310351
        71     6307.692307692310351
        72     6307.692307692310351
        73     6923.076923076920139
        74     6923.076923076929234
        75     6923.076923076920139
        76     6923.076923076929234
        77     6923.076923076920139
        78     6923.076923076920139
        79     6923.076923076920139
        80     6923.076923076920139
        81     6923.076923076929234
        82     6923.076923076929234
        83     6923.076923076920139
        84     6923.076923076920139
        85     6923.076923076920139
        86     6923.076923076920139
        87     6923.076923076920139
        88     6923.076923076920139
        89     6923.076923076920139
        90     6923.076923076920139
        91     7538.461538461539931
        92     7538.461538461539931
        93     7538.461538461539931
        94     7538.461538461539931
        95     7538.461538461539931
        96     7538.461538461539931
        97     7538.461538461539931
        98     7538.461538461539931
        99     7538.461538461539931
       100     7538.461538461539931
       101     7538.461538461539931
       102     7538.461538461539931
       103     7538.461538461539931
       104     7538.461538461539931
       105     7538.461538461539931
       106     7538.461538461539931
       107     7538.461538461539931
       108     7538.461538461539931
       109     8153.846153846149718
       110     8153.846153846149718
       111     8153.846153846149718
       112     8153.846153846149718
       113     8153.846153846149718
       114     8153.846153846149718
       115     8153.846153846149718
       116     8153.846153846160632
       117     8153.846153846149718
       118     8153.846153846149718
       119     8153.846153846160632
       120     8153.846153846160632
       121     8153.846153846149718
       122     8153.846153846149718
       123     8153.846153846160632
       124     8153.846153846149718
       125     8153.846153846149718
       126     8153.846153846149718
       127     8769.230769230769511
       128     8769.230769230769511
       129     8769.230769230769511
       130     8769.230769230769511
       131     8769.230769230769511
       132     8769.230769230769511
       133     8769.230769230769511
       134     8769.230769230769511
       135     8769.230769230769511
       136     8769.230769230769511
       137     8769.230769230769511
       138     8769.230769230769511
       139     8769.230769230769511
       140     8769.230769230769511
       141     8769.230769230769511
       142     8769.230769230769511
       143     8769.230769230769511
       144     8769.230769230769511
       145     9384.615384615379298
       146     9384.615384615379298
       147     9384.615384615390212
       148     9384.615384615390212
       149     9384.615384615379298
       150     9384.615384615379298
       151     9384.615384615379298
       152     9384.615384615379298
       153     9384.615384615379298
       154     9384.615384615379298
       155     9384.615384615390212
       156     9384.615384615379298
       157     9384.615384615390212
       158     9384.615384615390212
       159     9384.615384615390212
       160     9384.615384615379298
       161     9384.615384615390212
       162     9384.615384615379298
       163    10000.000000000000000
       164    10000.000000000000000
       165    10000.000000000000000
       166    10000.000000000000000
       167    10000.000000000000000
       168    10000.000000000000000
       169    10000.000000000000000
       170    10000.000000000000000
       171    10000.000000000000000
       172    10000.000000000000000
       173    10000.000000000000000
       174    10000.000000000000000
       175    10000.000000000000000
       176    10000.000000000000000
       177    10000.000000000000000
       178    10000.000000000000000
       179    10000.000000000000000
       180    10000.000000000000000
       181     4461.538461538460069
       182     4461.538461538460069
       183     4461.538461538460069
       184     4461.538461538460069
       185     4461.538461538460069
       186     4461.538461538460069
       187     4461.538461538460069
       188     4461.538461538460069
       189     4461.538461538460069
       190     5076.923076923079861
       191     5076.923076923079861
       192     5076.923076923079861
       193     5076.923076923070766
       194     5076.923076923079861
       195     5076.923076923079861
       196     5076.923076923070766
       197     5076.923076923079861
       198     5076.923076923079861
       199     5692.307692307689649
       200     5692.307692307689649
       201     5692.307692307689649
       202     5692.307692307689649
       203     5692.307692307689649
       204     5692.307692307689649
       205     5692.307692307689649
       206     5692.307692307689649
       207     5692.307692307689649
       208     6307.692307692310351
       209     6307.692307692310351
       210     6307.692307692310351
       211     6307.692307692310351
       212     6307.692307692310351
       213     6307.692307692310351
       214     6307.692307692310351
       215     6307.692307692310351
       216     6307.692307692310351
       217     6923.076923076920139
       218     6923.076923076929234
       219     6923.076923076920139
       220     6923.076923076920139
       221     6923.076923076929234
       222     6923.076923076920139
       223     6923.076923076929234
       224     6923.076923076920139
       225     6923.076923076929234
       226     7538.461538461539931
       227     7538.461538461539931
       228     7538.461538461539931
       229     7538.461538461539931
       230     7538.461538461539931
       231     7538.461538461539931
       232     7538.461538461539931
       233     7538.461538461539931
       234     7538.461538461539931
       235     8153.846153846149718
       236     8153.846153846149718
       237     8153.846153846149718
       238     8153.846153846149718
       239     8153.846153846149718
       240     8153.846153846160632
       241     8153.846153846149718
       242     8153.846153846149718
       243     8153.846153846149718
       244     8769.230769230758597
       245     8769.230769230769511
       246     8769.230769230769511
       247     8769.230769230758597
       248     8769.230769230769511
       249     8769.230769230769511
       250     8769.230769230769511
       251     8769.230769230769511
       252     8769.230769230769511
       253     9384.615384615390212
       254     9384.615384615390212
       255     9384.615384615390212
       256     9384.615384615379298
       257     9384.615384615379298
       258     9384.615384615390212
       259     9384.615384615379298
       260     9384.615384615390212
       261     9384.615384615390212
       262    10000.000000000000000
       263    10000.000000000000000
       264    10000.000000000000000
       265    10000.000000000000000
       266    10000.000000000000000
       267    10000.000000000000000
       268    10000.000000000000000
       269    10000.000000000000000
       270    10000.000000000000000
       271     4461.538461538460069
       272     4461.538461538460069
       273     4461.538461538460069
       274     4461.538461538460069
       275     4461.538461538460069
       276     4461.538461538460069
       277     4461.538461538460069
       278     4461.538461538460069
       279     5076.923076923079861
       280     5076.923076923079861
       281     5076.923076923079861
       282     5076.923076923079861
       283     5076.923076923079861
       284     5076.923076923079861
       285     5076.923076923079861
       286     5076.923076923079861
       287     5076.923076923079861
       288     5692.307692307689649
       289     5692.307692307689649
       290     5692.307692307689649
       291     5692.307692307689649
       292     5692.307692307689649
       293     5692.307692307689649
       294     5692.307692307689649
       295     5692.307692307689649
       296     5692.307692307689649
       297     6307.692307692310351
       298     6307.692307692310351
       299     6307.692307692310351
       300     6307.692307692310351
       301     6307.692307692310351
       302     6307.692307692310351
       303     6307.692307692310351
       304     6307.692307692310351
       305     6307.692307692310351
       306     6923.076923076929234
       307     6923.076923076920139
       308     6923.076923076920139
       309     6923.076923076920139
       310     6923.076923076929234
       311     6923.076923076920139
       312     6923.076923076929234
       313     6923.076923076920139
       314     6923.076923076929234
       315     7538.461538461539931
       316     7538.461538461539931
       317     7538.461538461539931
       318     7538.461538461539931
       319     7538.461538461539931
       320     7538.461538461539931
       321     7538.461538461539931
       322     7538.461538461539931
       323     7538.461538461539931
       324     8153.846153846149718
       325     8153.846153846149718
       326     8153.846153846149718
       327     8153.846153846149718
       328     8153.846153846149718
       329     8153.846153846160632
       330     8153.846153846149718
       331     8153.846153846160632
       332     8153.846153846149718
       333     8769.230769230769511
       334     8769.230769230769511
       335     8769.230769230769511
       336     8769.230769230758597
       337     8769.230769230769511
       338     8769.230769230769511
       339     8769.230769230769511
       340     8769.230769230769511
       341     8769.230769230769511
       342     9384.615384615379298
       343     9384.615384615390212
       344     9384.615384615390212
       345     9384.615384615379298
       346     9384.615384615379298
       347     9384.615384615390212
       348     9384.615384615390212
       349     9384.615384615390212
       350     9384.615384615390212
       351    10000.000000000000000
       352    10000.000000000000000
       353    10000.000000000000000
       354    10000.000000000000000
       355    10000.000000000000000
       356    10000.000000000000000
       357    10000.000000000000000
       358    10000.000000000000000
       359    10000.000000000000000
       360     4461.538461538460069
       361     4461.538461538460069
       362     4461.538461538460069
       363     4461.538461538460069
       364     4461.538461538460069
       365     4461.538461538460069
       366     4461.538461538460069
       367     4461.538461538460069
       368     5076.923076923070766
       369     5076.923076923070766
       370     5076.923076923079861
       371     5076.923076923070766
       372     5076.923076923070766
       373     5076.923076923070766
       374     5076.923076923070766
       375     5076.923076923070766
       376     5692.307692307689649
       377     5692.307692307689649
       378     5692.307692307689649
       379     5692.307692307689649
       380     5692.307692307689649
       381     5692.307692307689649
       382     5692.307692307689649
       383     5692.307692307689649
       384     5692.307692307689649
       385     6307.692307692310351
       386     6307.692307692310351
       387     6307.692307692310351
       388     6307.692307692310351
       389     6307.692307692310351
       390     6307.692307692310351
       391     6307.692307692310351
       392     6307.692307692310351
       393     6307.692307692310351
       394     6923.076923076920139
       395     6923.076923076929234
       396     6923.076923076920139
       397     6923.076923076920139
       398     6923.076923076929234
       399     6923.076923076920139
       400     6923.076923076920139
       401     6923.076923076920139
       402     6923.076923076920139
       403     7538.461538461539931
       404     7538.461538461539931
       405     7538.461538461539931
       406     7538.461538461539931
       407     7538.461538461539931
       408     7538.461538461539931
       409     7538.461538461539931
       410     7538.461538461539931
       411     7538.461538461539931
       412     8153.846153846149718
       413     8153.846153846149718
       414     8153.846153846160632
       415     8153.846153846149718
       416     8153.846153846160632
       417     8153.846153846149718
       418     8153.846153846160632
       419     8153.846153846149718
       420     8153.846153846149718
       421     8769.230769230758597
       422     8769.230769230769511
       423     8769.230769230769511
       424     8769.230769230769511
       425     8769.230769230780425
       426     8769.230769230769511
       427     8769.230769230769511
       428     8769.230769230769511
       429     8769.230769230769511
       430     9384.615384615379298
       431     9384.615384615390212
       432     9384.615384615390212
       433     9384.615384615379298
       434     9384.615384615390212
       435     9384.615384615390212
       436     9384.615384615390212
       437     9384.615384615390212
       438     9384.615384615390212
       439    10000.000000000000000
       440    10000.000000000000000
       441    10000.000000000000000
       442    10000.000000000000000
       443    10000.000000000000000
       444    10000.000000000000000
       445    10000.000000000000000
       446    10000.000000000000000
       447    10000.000000000000000
       448     4461.538461538460069
       449     4461.538461538460069
       450     4461.538461538460069
       451     4461.538461538460069
       452     4461.538461538460069
       453     4461.538461538460069
       454     4461.538461538460069
       455     5076.923076923079861
       456     5076.923076923079861
       457     5076.923076923079861
       458     5076.923076923070766
       459     5076.923076923079861
       460     5076.923076923079861
       461     5076.923076923079861
       462     5076.923076923079861
       463     5692.307692307689649
       464     5692.307692307689649
       465     5692.307692307689649
       466     5692.307692307689649
       467     5692.307692307689649
       468     5692.307692307699654
       469     5692.307692307689649
       470     5692.307692307689649
       471     6307.692307692310351
       472     6307.692307692310351
       473     6307.692307692310351
       474     6307.692307692310351
       475     6307.692307692310351
       476     6307.692307692310351
       477     6307.692307692310351
       478     6307.692307692310351
       479     6307.692307692310351
       480     6923.076923076920139
       481     6923.076923076920139
       482     6923.076923076920139
       483     6923.076923076920139
       484     6923.076923076920139
       485     6923.076923076920139
       486     6923.076923076920139
       487     6923.076923076920139
       488     6923.076923076920139
       489     7538.461538461539931
       490     7538.461538461539931
       491     7538.461538461539931
       492     7538.461538461539931
       493     7538.461538461539931
       494     7538.461538461539931
       495     7538.461538461539931
       496     7538.461538461539931
       497     7538.461538461539931
       498     8153.846153846149718
       499     8153.846153846149718
       500     8153.846153846160632
       501     8153.846153846149718
       502     8153.846153846149718
       503     8153.846153846160632
       504     8153.846153846149718
       505     8153.846153846149718
       506     8153.846153846149718
       507     8769.230769230769511
       508     8769.230769230769511
       509     8769.230769230769511
       510     8769.230769230769511
       511     8769.230769230769511
       512     8769.230769230769511
       513     8769.230769230769511
       514     8769.230769230769511
       515     8769.230769230769511
       516     9384.615384615379298
       517     9384.615384615390212
       518     9384.615384615379298
       519     9384.615384615379298
       520     9384.615384615379298
       521     9384.615384615390212
       522     9384.615384615390212
       523     9384.615384615379298
       524     9384.615384615390212
       525    10000.000000000000000
       526    10000.000000000000000
       527    10000.000000000000000
       528    10000.000000000000000
       529    10000.000000000000000
       530    10000.000000000000000
       531    10000.000000000000000
       532    10000.000000000000000
       533    10000.000000000000000
       534     4461.538461538460069
       535     4461.538461538460069
       536     4461.538461538460069
       537     4461.538461538460069
       538     4461.538461538460069
       539     4461.538461538460069
       540     5076.923076923079861
       541     5076.923076923079861
       542     5076.923076923079861
       543     5076.923076923079861
       544     5076.923076923079861
       545     5076.923076923079861
       546     5076.923076923079861
       547     5692.307692307689649
       548     5692.307692307699654
       549     5692.307692307689649
       550     5692.307692307699654
       551     5692.307692307689649
       552     5692.307692307699654
       553     5692.307692307689649
       554     5692.307692307689649
       555     6307.692307692310351
       556     6307.692307692310351
       557     6307.692307692310351
       558     6307.692307692310351
       559     6307.692307692310351
       560     6307.692307692310351
       561     6307.692307692310351
       562     6307.692307692310351
       563     6923.076923076920139
       564     6923.076923076920139
       565     6923.076923076929234
       566     6923.076923076920139
       567     6923.076923076929234
       568     6923.076923076920139
       569     6923.076923076929234
       570     6923.076923076920139
       571     6923.076923076929234
       572     7538.461538461539931
       573     7538.461538461539931
       574     7538.461538461539931
       575     7538.461538461539931
       576     7538.461538461539931
       577     7538.461538461539931
       578     7538.461538461529926
       579     7538.461538461529926
       580     7538.461538461539931
       581     8153.846153846149718
       582     8153.846153846149718
       583     8153.846153846149718
       584     8153.846153846149718
       585     8153.846153846149718
       586     8153.846153846160632
       587     8153.846153846149718
       588     8153.846153846149718
       589     8153.846153846149718
       590     8769.230769230769511
       591     8769.230769230769511
       592     8769.230769230769511
       593     8769.230769230769511
       594     8769.230769230769511
       595     8769.230769230769511
       596     8769.230769230769511
       597     8769.230769230769511
       598     8769.230769230769511
       599     9384.615384615379298
       600     9384.615384615390212
       601     9384.615384615390212
       602     9384.615384615379298
       603     9384.615384615379298
       604     9384.615384615390212
       605     9384.615384615390212
       606     9384.615384615390212
       607     9384.615384615390212
       608    10000.000000000000000
       609    10000.000000000000000
       610    10000.000000000000000
       611    10000.000000000000000
       612    10000.000000000000000
       613    10000.000000000000000
       614    10000.000000000000000
       615    10000.000000000000000
       616    10000.000000000000000
       617     5076.923076923079861
       618     5076.923076923079861
       619     5076.923076923079861
       620     5076.923076923079861
       621     5076.923076923079861
       622     5076.923076923079861
       623     5076.923076923079861
       624     5692.307692307689649
       625     5692.307692307689649
       626     5692.307692307689649
       627     5692.307692307689649
       628     5692.307692307689649
       629     5692.307692307689649
       630     5692.307692307689649
       631     6307.692307692310351
       632     6307.692307692310351
       633     6307.692307692310351
       634     6307.692307692310351
       635     6307.692307692310351
       636     6307.692307692310351
       637     6307.692307692310351
       638     6307.692307692310351
       639     6923.076923076929234
       640     6923.076923076929234
       641     6923.076923076920139
       642     6923.076923076929234
       643     6923.076923076920139
       644     6923.076923076920139
       645     6923.076923076920139
       646     6923.076923076920139
       647     7538.461538461539931
       648     7538.461538461539931
       649     7538.461538461539931
       650     7538.461538461539931
       651     7538.461538461539931
       652     7538.461538461539931
       653     7538.461538461529926
       654     7538.461538461539931
       655     7538.461538461539931
       656     8153.846153846149718
       657     8153.846153846149718
       658     8153.846153846149718
       659     8153.846153846160632
       660     8153.846153846160632
       661     8153.846153846160632
       662     8153.846153846149718
       663     8153.846153846149718
       664     8153.846153846149718
       665     8769.230769230758597
       666     8769.230769230769511
       667     8769.230769230769511
       668     8769.230769230769511
       669     8769.230769230769511
       670     8769.230769230769511
       671     8769.230769230769511
       672     8769.230769230769511
       673     8769.230769230769511
       674     9384.615384615379298
       675     9384.615384615390212
       676     9384.615384615390212
       677     9384.615384615390212
       678     9384.615384615390212
       679     9384.615384615390212
       680     9384.615384615390212
       681     9384.615384615390212
       682     9384.615384615390212
       683    10000.000000000000000
       684    10000.000000000000000
       685    10000.000000000000000
       686    10000.000000000000000
       687    10000.000000000000000
       688    10000.000000000000000
       689    10000.000000000000000
       690    10000.000000000000000
       691    10000.000000000000000
       692     6307.692307692310351
       693     6307.692307692310351
       694     6307.692307692310351
       695     6923.076923076929234
       696     6923.076923076920139
       697     6923.076923076920139
       698     6923.076923076929234
       699     7538.461538461539931
       700     7538.461538461539931
       701     7538.461538461529926
       702     7538.461538461539931
       703     7538.461538461539931
       704     8153.846153846149718
       705     8153.846153846149718
       706     8153.846153846149718
       707     8153.846153846149718
       708     8153.846153846160632
       709     8153.846153846149718
       710     8769.230769230769511
       711     8769.230769230769511
       712     8769.230769230769511
       713     8769.230769230769511
       714     8769.230769230769511
       715     8769.230769230769511
       716     9384.615384615390212
       717     9384.615384615390212
       718     9384.615384615379298
       719     9384.615384615390212
       720     9384.615384615390212
       721     9384.615384615390212
       722    10000.000000000000000
       723    10000.000000000000000
       724    10000.000000000000000
       725    10000.000000000000000
       726    10000.000000000000000
       727    10000.000000000000000
