         508
           1         100         102         110         108         101
         103         111         109
           2         102         104         112         110         103
         105         113         111
           3         106         108         118         116         107
         109         119         117
           4         108         110         120         118         109
         111         121         119
           5         110         112         122         120         111
         113         123         121
           6         112         114         124         122         113
         115         125         123
           7           1         116         126           3           2
         117         127           4
           8         116         118         128         126         117
         119         129         127
           9         118         120         130         128         119
         121         131         129
          10         120         122         132         130         121
         123         133         131
          11         122         124         134         132         123
         125         135         133
          12           3         126         136           5           4
         127         137           6
          13         126         128         138         136         127
         129         139         137
          14         128         130         140         138         129
         131         141         139
          15         130         132         142         140         131
         133         143         141
          16         132         134         144         142         133
         135         145         143
          17           5         136         146           7           6
         137         147           8
          18         136         138         148         146         137
         139         149         147
          19         138         140         150         148         139
         141         151         149
          20         140         142         152         150         141
         143         153         151
          21         142         144         154         152         143
         145         155         153
          22           7         146         156           9           8
         147         157          10
          23         146         148         158         156         147
         149         159         157
          24         148         150         160         158         149
         151         161         159
          25         150         152         162         160         151
         153         163         161
          26         152         154         164         162         153
         155         165         163
          27           9         156         166          11          10
         157         167          12
          28         156         158         168         166         157
         159         169         167
          29         158         160         170         168         159
         161         171         169
          30         160         162         172         170         161
         163         173         171
          31         162         164         174         172         163
         165         175         173
          32          11         166         176          13          12
         167         177          14
          33         166         168         178         176         167
         169         179         177
          34         168         170         180         178         169
         171         181         179
          35         170         172         182         180         171
         173         183         181
          36         172         174         184         182         173
         175         185         183
          37          13         176         186          15          14
         177         187          16
          38         176         178         188         186         177
         179         189         187
          39         178         180         190         188         179
         181         191         189
          40         180         182         192         190         181
         183         193         191
          41         182         184         194         192         183
         185         195         193
          42          15         186         196          17          16
         187         197          18
          43         186         188         198         196         187
         189         199         197
          44         188         190         200         198         189
         191         201         199
          45         190         192         202         200         191
         193         203         201
          46         192         194         204         202         193
         195         205         203
          47          17         196         206          19          18
         197         207          20
          48         196         198         208         206         197
         199         209         207
          49         198         200         210         208         199
         201         211         209
          50         200         202         212         210         201
         203         213         211
          51         202         204         214         212         203
         205         215         213
          52         101         103         111         109         216
         217         221         220
          53         103         105         113         111         217
         218         222         221
          54         107         109         119         117         219
         220         225         224
          55         109         111         121         119         220
         221         226         225
          56         111         113         123         121         221
         222         227         226
          57         113         115         125         123         222
         223         228         227
          58           2         117         127           4          21
         224         230          22
          59         117         119         129         127         224
         225         231         230
          60         119         121         131         129         225
         226         232         231
          61         121         123         133         131         226
         227         233         232
          62         123         125         135         133         227
         228         234         233
          63           4         127         137           6          22
         230         236          23
          64         127         129         139         137         230
         231         237         236
          65         129         131         141         139         231
         232         238         237
          66         131         133         143         141         232
         233         239         238
          67         133         135         145         143         233
         234         240         239
          68           6         137         147           8          23
         236         241          24
          69         137         139         149         147         236
         237         242         241
          70         139         141         151         149         237
         238         243         242
          71         141         143         153         151         238
         239         244         243
          72         143         145         155         153         239
         240         245         244
          73           8         147         157          10          24
         241         246          25
          74         147         149         159         157         241
         242         247         246
          75         149         151         161         159         242
         243         248         247
          76         151         153         163         161         243
         244         249         248
          77         153         155         165         163         244
         245         250         249
          78          10         157         167          12          25
         246         251          26
          79         157         159         169         167         246
         247         252         251
          80         159         161         171         169         247
         248         253         252
          81         161         163         173         171         248
         249         254         253
          82         163         165         175         173         249
         250         255         254
          83          12         167         177          14          26
         251         256          27
          84         167         169         179         177         251
         252         257         256
          85         169         171         181         179         252
         253         258         257
          86         171         173         183         181         253
         254         259         258
          87         173         175         185         183         254
         255         260         259
          88          14         177         187          16          27
         256         261          28
          89         177         179         189         187         256
         257         262         261
          90         179         181         191         189         257
         258         263         262
          91         181         183         193         191         258
         259         264         263
          92         183         185         195         193         259
         260         265         264
          93          16         187         197          18          28
         261         266          29
          94         187         189         199         197         261
         262         267         266
          95         189         191         201         199         262
         263         268         267
          96         191         193         203         201         263
         264         269         268
          97         193         195         205         203         264
         265         270         269
          98          18         197         207          20          29
         266         271          30
          99         197         199         209         207         266
         267         272         271
         100         199         201         211         209         267
         268         273         272
         101         201         203         213         211         268
         269         274         273
         102         203         205         215         213         269
         270         275         274
         103         216         217         221         220         276
         277         281         280
         104         217         218         222         221         277
         278         282         281
         105         219         220         225         224         279
         280         285         284
         106         220         221         226         225         280
         281         286         285
         107         221         222         227         226         281
         282         287         286
         108         222         223         228         227         282
         283         288         287
         109          21         224         230          22          31
         284         290          32
         110         224         225         231         230         284
         285         291         290
         111         225         226         232         231         285
         286         292         291
         112         226         227         233         232         286
         287         293         292
         113         227         228         234         233         287
         288         294         293
         114         228         229         235         234         288
         289         295         294
         115          22         230         236          23          32
         290         296          33
         116         230         231         237         236         290
         291         297         296
         117         231         232         238         237         291
         292         298         297
         118         232         233         239         238         292
         293         299         298
         119         233         234         240         239         293
         294         300         299
         120          23         236         241          24          33
         296         302          34
         121         236         237         242         241         296
         297         303         302
         122         237         238         243         242         297
         298         304         303
         123         238         239         244         243         298
         299         305         304
         124         239         240         245         244         299
         300         306         305
         125          24         241         246          25          34
         302         307          35
         126         241         242         247         246         302
         303         308         307
         127         242         243         248         247         303
         304         309         308
         128         243         244         249         248         304
         305         310         309
         129         244         245         250         249         305
         306         311         310
         130          25         246         251          26          35
         307         312          36
         131         246         247         252         251         307
         308         313         312
         132         247         248         253         252         308
         309         314         313
         133         248         249         254         253         309
         310         315         314
         134         249         250         255         254         310
         311         316         315
         135          26         251         256          27          36
         312         317          37
         136         251         252         257         256         312
         313         318         317
         137         252         253         258         257         313
         314         319         318
         138         253         254         259         258         314
         315         320         319
         139         254         255         260         259         315
         316         321         320
         140          27         256         261          28          37
         317         322          38
         141         256         257         262         261         317
         318         323         322
         142         257         258         263         262         318
         319         324         323
         143         258         259         264         263         319
         320         325         324
         144         259         260         265         264         320
         321         326         325
         145          28         261         266          29          38
         322         327          39
         146         261         262         267         266         322
         323         328         327
         147         262         263         268         267         323
         324         329         328
         148         263         264         269         268         324
         325         330         329
         149         264         265         270         269         325
         326         331         330
         150          29         266         271          30          39
         327         332          40
         151         266         267         272         271         327
         328         333         332
         152         267         268         273         272         328
         329         334         333
         153         268         269         274         273         329
         330         335         334
         154         269         270         275         274         330
         331         336         335
         155         276         277         281         280         337
         338         342         341
         156         277         278         282         281         338
         339         343         342
         157         279         280         285         284         340
         341         346         345
         158         280         281         286         285         341
         342         347         346
         159         281         282         287         286         342
         343         348         347
         160         282         283         288         287         343
         344         349         348
         161          31         284         290          32          41
         345         351          42
         162         284         285         291         290         345
         346         352         351
         163         285         286         292         291         346
         347         353         352
         164         286         287         293         292         347
         348         354         353
         165         287         288         294         293         348
         349         355         354
         166         288         289         295         294         349
         350         356         355
         167          32         290         296          33          42
         351         357          43
         168         290         291         297         296         351
         352         358         357
         169         291         292         298         297         352
         353         359         358
         170         292         293         299         298         353
         354         360         359
         171         293         294         300         299         354
         355         361         360
         172         294         295         301         300         355
         356         362         361
         173          33         296         302          34          43
         357         363          44
         174         296         297         303         302         357
         358         364         363
         175         297         298         304         303         358
         359         365         364
         176         298         299         305         304         359
         360         366         365
         177         299         300         306         305         360
         361         367         366
         178          34         302         307          35          44
         363         369          45
         179         302         303         308         307         363
         364         370         369
         180         303         304         309         308         364
         365         371         370
         181         304         305         310         309         365
         366         372         371
         182         305         306         311         310         366
         367         373         372
         183          35         307         312          36          45
         369         374          46
         184         307         308         313         312         369
         370         375         374
         185         308         309         314         313         370
         371         376         375
         186         309         310         315         314         371
         372         377         376
         187         310         311         316         315         372
         373         378         377
         188          36         312         317          37          46
         374         379          47
         189         312         313         318         317         374
         375         380         379
         190         313         314         319         318         375
         376         381         380
         191         314         315         320         319         376
         377         382         381
         192         315         316         321         320         377
         378         383         382
         193          37         317         322          38          47
         379         384          48
         194         317         318         323         322         379
         380         385         384
         195         318         319         324         323         380
         381         386         385
         196         319         320         325         324         381
         382         387         386
         197         320         321         326         325         382
         383         388         387
         198          38         322         327          39          48
         384         389          49
         199         322         323         328         327         384
         385         390         389
         200         323         324         329         328         385
         386         391         390
         201         324         325         330         329         386
         387         392         391
         202         325         326         331         330         387
         388         393         392
         203          39         327         332          40          49
         389         394          50
         204         327         328         333         332         389
         390         395         394
         205         328         329         334         333         390
         391         396         395
         206         329         330         335         334         391
         392         397         396
         207         330         331         336         335         392
         393         398         397
         208         337         338         342         341         399
         400         404         403
         209         338         339         343         342         400
         401         405         404
         210         340         341         346         345         402
         403         408         407
         211         341         342         347         346         403
         404         409         408
         212         342         343         348         347         404
         405         410         409
         213         343         344         349         348         405
         406         411         410
         214          41         345         351          42          51
         407         413          52
         215         345         346         352         351         407
         408         414         413
         216         346         347         353         352         408
         409         415         414
         217         347         348         354         353         409
         410         416         415
         218         348         349         355         354         410
         411         417         416
         219         349         350         356         355         411
         412         418         417
         220          42         351         357          43          52
         413         420          53
         221         351         352         358         357         413
         414         421         420
         222         352         353         359         358         414
         415         422         421
         223         353         354         360         359         415
         416         423         422
         224         354         355         361         360         416
         417         424         423
         225         355         356         362         361         417
         418         425         424
         226          43         357         363          44          53
         420         427          54
         227         357         358         364         363         420
         421         428         427
         228         358         359         365         364         421
         422         429         428
         229         359         360         366         365         422
         423         430         429
         230         360         361         367         366         423
         424         431         430
         231         361         362         368         367         424
         425         432         431
         232          44         363         369          45          54
         427         433          55
         233         363         364         370         369         427
         428         434         433
         234         364         365         371         370         428
         429         435         434
         235         365         366         372         371         429
         430         436         435
         236         366         367         373         372         430
         431         437         436
         237          45         369         374          46          55
         433         439          56
         238         369         370         375         374         433
         434         440         439
         239         370         371         376         375         434
         435         441         440
         240         371         372         377         376         435
         436         442         441
         241         372         373         378         377         436
         437         443         442
         242          46         374         379          47          56
         439         444          57
         243         374         375         380         379         439
         440         445         444
         244         375         376         381         380         440
         441         446         445
         245         376         377         382         381         441
         442         447         446
         246         377         378         383         382         442
         443         448         447
         247          47         379         384          48          57
         444         449          58
         248         379         380         385         384         444
         445         450         449
         249         380         381         386         385         445
         446         451         450
         250         381         382         387         386         446
         447         452         451
         251         382         383         388         387         447
         448         453         452
         252          48         384         389          49          58
         449         454          59
         253         384         385         390         389         449
         450         455         454
         254         385         386         391         390         450
         451         456         455
         255         386         387         392         391         451
         452         457         456
         256         387         388         393         392         452
         453         458         457
         257          49         389         394          50          59
         454         459          60
         258         389         390         395         394         454
         455         460         459
         259         390         391         396         395         455
         456         461         460
         260         391         392         397         396         456
         457         462         461
         261         392         393         398         397         457
         458         463         462
         262         399         400         404         403         464
         465         469         468
         263         400         401         405         404         465
         466         470         469
         264         402         403         408         407         467
         468         473         472
         265         403         404         409         408         468
         469         474         473
         266         404         405         410         409         469
         470         475         474
         267         405         406         411         410         470
         471         476         475
         268          51         407         413          52          61
         472         478          62
         269         407         408         414         413         472
         473         479         478
         270         408         409         415         414         473
         474         480         479
         271         409         410         416         415         474
         475         481         480
         272         410         411         417         416         475
         476         482         481
         273         411         412         418         417         476
         477         483         482
         274          52         413         420          53          62
         478         485          63
         275         413         414         421         420         478
         479         486         485
         276         414         415         422         421         479
         480         487         486
         277         415         416         423         422         480
         481         488         487
         278         416         417         424         423         481
         482         489         488
         279         417         418         425         424         482
         483         490         489
         280         418         419         426         425         483
         484         491         490
         281          53         420         427          54          63
         485         492          64
         282         420         421         428         427         485
         486         493         492
         283         421         422         429         428         486
         487         494         493
         284         422         423         430         429         487
         488         495         494
         285         423         424         431         430         488
         489         496         495
         286         424         425         432         431         489
         490         497         496
         287          54         427         433          55          64
         492         499          65
         288         427         428         434         433         492
         493         500         499
         289         428         429         435         434         493
         494         501         500
         290         429         430         436         435         494
         495         502         501
         291         430         431         437         436         495
         496         503         502
         292         431         432         438         437         496
         497         504         503
         293          55         433         439          56          65
         499         505          66
         294         433         434         440         439         499
         500         506         505
         295         434         435         441         440         500
         501         507         506
         296         435         436         442         441         501
         502         508         507
         297         436         437         443         442         502
         503         509         508
         298          56         439         444          57          66
         505         511          67
         299         439         440         445         444         505
         506         512         511
         300         440         441         446         445         506
         507         513         512
         301         441         442         447         446         507
         508         514         513
         302         442         443         448         447         508
         509         515         514
         303          57         444         449          58          67
         511         516          68
         304         444         445         450         449         511
         512         517         516
         305         445         446         451         450         512
         513         518         517
         306         446         447         452         451         513
         514         519         518
         307         447         448         453         452         514
         515         520         519
         308          58         449         454          59          68
         516         521          69
         309         449         450         455         454         516
         517         522         521
         310         450         451         456         455         517
         518         523         522
         311         451         452         457         456         518
         519         524         523
         312         452         453         458         457         519
         520         525         524
         313          59         454         459          60          69
         521         526          70
         314         454         455         460         459         521
         522         527         526
         315         455         456         461         460         522
         523         528         527
         316         456         457         462         461         523
         524         529         528
         317         457         458         463         462         524
         525         530         529
         318         464         465         469         468         531
         532         536         535
         319         465         466         470         469         532
         533         537         536
         320         467         468         473         472         534
         535         540         539
         321         468         469         474         473         535
         536         541         540
         322         469         470         475         474         536
         537         542         541
         323         470         471         476         475         537
         538         543         542
         324          61         472         478          62          71
         539         545          72
         325         472         473         479         478         539
         540         546         545
         326         473         474         480         479         540
         541         547         546
         327         474         475         481         480         541
         542         548         547
         328         475         476         482         481         542
         543         549         548
         329         476         477         483         482         543
         544         550         549
         330          62         478         485          63          72
         545         552          73
         331         478         479         486         485         545
         546         553         552
         332         479         480         487         486         546
         547         554         553
         333         480         481         488         487         547
         548         555         554
         334         481         482         489         488         548
         549         556         555
         335         482         483         490         489         549
         550         557         556
         336         483         484         491         490         550
         551         558         557
         337          63         485         492          64          73
         552         559          74
         338         485         486         493         492         552
         553         560         559
         339         486         487         494         493         553
         554         561         560
         340         487         488         495         494         554
         555         562         561
         341         488         489         496         495         555
         556         563         562
         342         489         490         497         496         556
         557         564         563
         343         490         491         498         497         557
         558         565         564
         344          64         492         499          65          74
         559         566          75
         345         492         493         500         499         559
         560         567         566
         346         493         494         501         500         560
         561         568         567
         347         494         495         502         501         561
         562         569         568
         348         495         496         503         502         562
         563         570         569
         349         496         497         504         503         563
         564         571         570
         350          65         499         505          66          75
         566         572          76
         351         499         500         506         505         566
         567         573         572
         352         500         501         507         506         567
         568         574         573
         353         501         502         508         507         568
         569         575         574
         354         502         503         509         508         569
         570         576         575
         355         503         504         510         509         570
         571         577         576
         356          66         505         511          67          76
         572         578          77
         357         505         506         512         511         572
         573         579         578
         358         506         507         513         512         573
         574         580         579
         359         507         508         514         513         574
         575         581         580
         360         508         509         515         514         575
         576         582         581
         361          67         511         516          68          77
         578         584          78
         362         511         512         517         516         578
         579         585         584
         363         512         513         518         517         579
         580         586         585
         364         513         514         519         518         580
         581         587         586
         365         514         515         520         519         581
         582         588         587
         366          68         516         521          69          78
         584         589          79
         367         516         517         522         521         584
         585         590         589
         368         517         518         523         522         585
         586         591         590
         369         518         519         524         523         586
         587         592         591
         370         519         520         525         524         587
         588         593         592
         371          69         521         526          70          79
         589         594          80
         372         521         522         527         526         589
         590         595         594
         373         522         523         528         527         590
         591         596         595
         374         523         524         529         528         591
         592         597         596
         375         524         525         530         529         592
         593         598         597
         376         531         532         536         535         599
         600         604         603
         377         532         533         537         536         600
         601         605         604
         378         534         535         540         539         602
         603         608         607
         379         535         536         541         540         603
         604         609         608
         380         536         537         542         541         604
         605         610         609
         381         537         538         543         542         605
         606         611         610
         382          71         539         545          72          81
         607         613          82
         383         539         540         546         545         607
         608         614         613
         384         540         541         547         546         608
         609         615         614
         385         541         542         548         547         609
         610         616         615
         386         542         543         549         548         610
         611         617         616
         387         543         544         550         549         611
         612         618         617
         388          72         545         552          73          82
         613         620          83
         389         545         546         553         552         613
         614         621         620
         390         546         547         554         553         614
         615         622         621
         391         547         548         555         554         615
         616         623         622
         392         548         549         556         555         616
         617         624         623
         393         549         550         557         556         617
         618         625         624
         394         550         551         558         557         618
         619         626         625
         395          73         552         559          74          83
         620         627          84
         396         552         553         560         559         620
         621         628         627
         397         553         554         561         560         621
         622         629         628
         398         554         555         562         561         622
         623         630         629
         399         555         556         563         562         623
         624         631         630
         400         556         557         564         563         624
         625         632         631
         401         557         558         565         564         625
         626         633         632
         402          74         559         566          75          84
         627         634          85
         403         559         560         567         566         627
         628         635         634
         404         560         561         568         567         628
         629         636         635
         405         561         562         569         568         629
         630         637         636
         406         562         563         570         569         630
         631         638         637
         407         563         564         571         570         631
         632         639         638
         408          75         566         572          76          85
         634         640          86
         409         566         567         573         572         634
         635         641         640
         410         567         568         574         573         635
         636         642         641
         411         568         569         575         574         636
         637         643         642
         412         569         570         576         575         637
         638         644         643
         413         570         571         577         576         638
         639         645         644
         414          76         572         578          77          86
         640         646          87
         415         572         573         579         578         640
         641         647         646
         416         573         574         580         579         641
         642         648         647
         417         574         575         581         580         642
         643         649         648
         418         575         576         582         581         643
         644         650         649
         419         576         577         583         582         644
         645         651         650
         420          77         578         584          78          87
         646         652          88
         421         578         579         585         584         646
         647         653         652
         422         579         580         586         585         647
         648         654         653
         423         580         581         587         586         648
         649         655         654
         424         581         582         588         587         649
         650         656         655
         425          78         584         589          79          88
         652         657          89
         426         584         585         590         589         652
         653         658         657
         427         585         586         591         590         653
         654         659         658
         428         586         587         592         591         654
         655         660         659
         429         587         588         593         592         655
         656         661         660
         430          79         589         594          80          89
         657         662          90
         431         589         590         595         594         657
         658         663         662
         432         590         591         596         595         658
         659         664         663
         433         591         592         597         596         659
         660         665         664
         434         592         593         598         597         660
         661         666         665
         435         603         604         609         608         667
         668         673         672
         436         604         605         610         609         668
         669         674         673
         437         605         606         611         610         669
         670         675         674
         438         607         608         614         613         671
         672         678         677
         439         608         609         615         614         672
         673         679         678
         440         609         610         616         615         673
         674         680         679
         441         610         611         617         616         674
         675         681         680
         442         611         612         618         617         675
         676         682         681
         443          82         613         620          83          91
         677         683          92
         444         613         614         621         620         677
         678         684         683
         445         614         615         622         621         678
         679         685         684
         446         615         616         623         622         679
         680         686         685
         447         616         617         624         623         680
         681         687         686
         448         617         618         625         624         681
         682         688         687
         449          83         620         627          84          92
         683         689          93
         450         620         621         628         627         683
         684         690         689
         451         621         622         629         628         684
         685         691         690
         452         622         623         630         629         685
         686         692         691
         453         623         624         631         630         686
         687         693         692
         454         624         625         632         631         687
         688         694         693
         455          84         627         634          85          93
         689         695          94
         456         627         628         635         634         689
         690         696         695
         457         628         629         636         635         690
         691         697         696
         458         629         630         637         636         691
         692         698         697
         459         630         631         638         637         692
         693         699         698
         460          85         634         640          86          94
         695         700          95
         461         634         635         641         640         695
         696         701         700
         462         635         636         642         641         696
         697         702         701
         463         636         637         643         642         697
         698         703         702
         464         637         638         644         643         698
         699         704         703
         465          86         640         646          87          95
         700         705          96
         466         640         641         647         646         700
         701         706         705
         467         641         642         648         647         701
         702         707         706
         468         642         643         649         648         702
         703         708         707
         469         643         644         650         649         703
         704         709         708
         470          87         646         652          88          96
         705         710          97
         471         646         647         653         652         705
         706         711         710
         472         647         648         654         653         706
         707         712         711
         473         648         649         655         654         707
         708         713         712
         474         649         650         656         655         708
         709         714         713
         475          88         652         657          89          97
         710         715          98
         476         652         653         658         657         710
         711         716         715
         477         653         654         659         658         711
         712         717         716
         478         654         655         660         659         712
         713         718         717
         479         655         656         661         660         713
         714         719         718
         480          89         657         662          90          98
         715         720          99
         481         657         658         663         662         715
         716         721         720
         482         658         659         664         663         716
         717         722         721
         483         659         660         665         664         717
         718         723         722
         484         660         661         666         665         718
         719         724         723
         485         669         670         675         674         725
         726         730         729
         486         672         673         679         678         727
         728         734         733
         487         673         674         680         679         728
         729         735         734
         488         674         675         681         680         729
         730         736         735
         489         675         676         682         681         730
         731         737         736
         490         677         678         684         683         732
         733         739         738
         491         678         679         685         684         733
         734         740         739
         492         679         680         686         685         734
         735         741         740
         493         680         681         687         686         735
         736         742         741
         494         684         685         691         690         739
         740         744         743
         495         685         686         692         691         740
         741         745         744
         496         686         687         693         692         741
         742         746         745
         497         690         691         697         696         743
         744         748         747
         498         691         692         698         697         744
         745         749         748
         499         696         697         702         701         747
         748         751         750
         500         697         698         703         702         748
         749         752         751
         501         701         702         707         706         750
         751         754         753
         502         702         703         708         707         751
         752         755         754
         503         706         707         712         711         753
         754         757         756
         504         707         708         713         712         754
         755         758         757
         505         711         712         717         716         756
         757         760         759
         506         712         713         718         717         757
         758         761         760
         507         716         717         722         721         759
         760         763         762
         508         717         718         723         722         760
         761         764         763
