         743
         1    10000.000000000000000
         2    10000.000000000000000
         3     9411.764705882349517
         4     9411.764705882349517
         5    10000.000000000000000
         6     9411.764705882349517
         7    10000.000000000000000
         8     9411.764705882360431
         9    10000.000000000000000
        10     9411.764705882360431
        11    10000.000000000000000
        12     9411.764705882349517
        13    10000.000000000000000
        14     9411.764705882349517
        15     8823.529411764709948
        16     8823.529411764709948
        17     8823.529411764709948
        18     8823.529411764699034
        19     8823.529411764709948
        20     8823.529411764709948
        21     8823.529411764709948
        22     8235.294117647059466
        23     8235.294117647059466
        24     8235.294117647059466
        25     8235.294117647059466
        26     8235.294117647059466
        27     8235.294117647059466
        28     8235.294117647050371
        29     7647.058823529410802
        30     7647.058823529419897
        31     7647.058823529410802
        32     7647.058823529410802
        33     7647.058823529410802
        34     7647.058823529410802
        35     7647.058823529410802
        36     7058.823529411760319
        37     7058.823529411769414
        38     7058.823529411760319
        39     7058.823529411760319
        40     7058.823529411760319
        41     7058.823529411760319
        42     7058.823529411769414
        43     6470.588235294120750
        44     6470.588235294120750
        45     6470.588235294120750
        46     6470.588235294120750
        47     6470.588235294120750
        48     6470.588235294120750
        49     6470.588235294120750
        50     6470.588235294120750
        51     5882.352941176470267
        52     5882.352941176470267
        53     5882.352941176470267
        54     5882.352941176470267
        55     5882.352941176470267
        56     5882.352941176470267
        57     5882.352941176470267
        58     5882.352941176470267
        59     5882.352941176470267
        60     5294.117647058819784
        61     5294.117647058819784
        62     5294.117647058819784
        63     5294.117647058819784
        64     5294.117647058819784
        65     5294.117647058819784
        66     5294.117647058829789
        67     5294.117647058819784
        68     5294.117647058819784
        69     4705.882352941180216
        70     4705.882352941180216
        71     4705.882352941180216
        72     4705.882352941180216
        73     4705.882352941180216
        74     4705.882352941180216
        75     4705.882352941180216
        76     4705.882352941180216
        77     4705.882352941180216
        78     5294.117647058819784
        79     5294.117647058819784
        80     5882.352941176470267
        81     5882.352941176470267
        82     6470.588235294120750
        83     6470.588235294120750
        84     7058.823529411769414
        85     7058.823529411769414
        86     7647.058823529410802
        87     7647.058823529410802
        88     8235.294117647059466
        89     8235.294117647059466
        90     8823.529411764709948
        91     8823.529411764709948
        92     9411.764705882349517
        93     9411.764705882349517
        94    10000.000000000000000
        95    10000.000000000000000
        96     5294.117647058819784
        97     5882.352941176470267
        98     6470.588235294120750
        99     7058.823529411769414
       100     7647.058823529410802
       101     8235.294117647059466
       102     8823.529411764709948
       103     9411.764705882349517
       104    10000.000000000000000
       105     5294.117647058819784
       106     5882.352941176470267
       107     6470.588235294120750
       108     7058.823529411760319
       109     7647.058823529410802
       110     8235.294117647059466
       111     8823.529411764709948
       112     9411.764705882360431
       113    10000.000000000000000
       114     5294.117647058819784
       115     5882.352941176470267
       116     6470.588235294120750
       117     7058.823529411769414
       118     7647.058823529410802
       119     8235.294117647059466
       120     8823.529411764709948
       121     9411.764705882349517
       122    10000.000000000000000
       123     5294.117647058819784
       124     5882.352941176470267
       125     6470.588235294120750
       126     7058.823529411769414
       127     7647.058823529410802
       128     8235.294117647050371
       129     8823.529411764709948
       130     9411.764705882360431
       131    10000.000000000000000
       132     5294.117647058819784
       133     5882.352941176470267
       134     6470.588235294120750
       135     7058.823529411760319
       136     7647.058823529410802
       137     8235.294117647050371
       138     8823.529411764709948
       139     9411.764705882349517
       140    10000.000000000000000
       141     5294.117647058819784
       142     5882.352941176470267
       143     6470.588235294120750
       144     7058.823529411769414
       145     7647.058823529419897
       146     8235.294117647059466
       147     8823.529411764709948
       148     9411.764705882349517
       149    10000.000000000000000
       150     5294.117647058819784
       151     5882.352941176470267
       152     6470.588235294120750
       153     4705.882352941180216
       154     4705.882352941180216
       155     5294.117647058819784
       156     5294.117647058819784
       157     5882.352941176470267
       158     5882.352941176470267
       159     6470.588235294120750
       160     6470.588235294120750
       161     7058.823529411760319
       162     7058.823529411769414
       163     7647.058823529410802
       164     7647.058823529410802
       165     8235.294117647059466
       166     8235.294117647070379
       167     8823.529411764709948
       168     8823.529411764699034
       169     9411.764705882360431
       170     9411.764705882360431
       171    10000.000000000000000
       172    10000.000000000000000
       173     4705.882352941180216
       174     5294.117647058819784
       175     5882.352941176470267
       176     6470.588235294120750
       177     7058.823529411760319
       178     7647.058823529410802
       179     8235.294117647059466
       180     8823.529411764709948
       181     9411.764705882360431
       182    10000.000000000000000
       183     4705.882352941180216
       184     5294.117647058819784
       185     5882.352941176470267
       186     6470.588235294120750
       187     7058.823529411760319
       188     7647.058823529410802
       189     8235.294117647059466
       190     8823.529411764709948
       191     9411.764705882360431
       192    10000.000000000000000
       193     4705.882352941180216
       194     5294.117647058819784
       195     5882.352941176470267
       196     6470.588235294120750
       197     7058.823529411760319
       198     7647.058823529410802
       199     8235.294117647059466
       200     8823.529411764709948
       201     9411.764705882360431
       202    10000.000000000000000
       203     4705.882352941180216
       204     5294.117647058819784
       205     5882.352941176470267
       206     6470.588235294120750
       207     7058.823529411760319
       208     7647.058823529410802
       209     8235.294117647059466
       210     8823.529411764709948
       211     9411.764705882349517
       212    10000.000000000000000
       213     4705.882352941180216
       214     5294.117647058829789
       215     5882.352941176470267
       216     6470.588235294120750
       217     7058.823529411769414
       218     7647.058823529410802
       219     8235.294117647050371
       220     8823.529411764699034
       221     9411.764705882349517
       222    10000.000000000000000
       223     4705.882352941180216
       224     5294.117647058819784
       225     5882.352941176470267
       226     6470.588235294120750
       227     7058.823529411760319
       228     7647.058823529410802
       229     8235.294117647059466
       230     8823.529411764709948
       231     9411.764705882349517
       232    10000.000000000000000
       233     5294.117647058819784
       234     5882.352941176470267
       235     6470.588235294120750
       236     7058.823529411760319
       237     7647.058823529410802
       238     8235.294117647059466
       239     8823.529411764709948
       240     9411.764705882349517
       241    10000.000000000000000
       242     5882.352941176470267
       243     6470.588235294120750
       244     7058.823529411769414
       245     4117.647058823529733
       246     4117.647058823529733
       247     4705.882352941180216
       248     4705.882352941180216
       249     5294.117647058819784
       250     5294.117647058819784
       251     5882.352941176470267
       252     5882.352941176470267
       253     6470.588235294120750
       254     6470.588235294120750
       255     7058.823529411760319
       256     7058.823529411769414
       257     7647.058823529410802
       258     7647.058823529410802
       259     8235.294117647059466
       260     8235.294117647059466
       261     8823.529411764709948
       262     8823.529411764709948
       263     9411.764705882349517
       264     9411.764705882360431
       265    10000.000000000000000
       266    10000.000000000000000
       267     4117.647058823529733
       268     4705.882352941180216
       269     5294.117647058819784
       270     5882.352941176470267
       271     6470.588235294120750
       272     7058.823529411760319
       273     7647.058823529410802
       274     8235.294117647059466
       275     8823.529411764709948
       276     9411.764705882360431
       277    10000.000000000000000
       278     4117.647058823529733
       279     4705.882352941180216
       280     5294.117647058819784
       281     5882.352941176470267
       282     6470.588235294120750
       283     7058.823529411769414
       284     7647.058823529410802
       285     8235.294117647059466
       286     8823.529411764709948
       287     9411.764705882360431
       288    10000.000000000000000
       289     4117.647058823529733
       290     4705.882352941180216
       291     5294.117647058819784
       292     5882.352941176470267
       293     6470.588235294120750
       294     7058.823529411760319
       295     7647.058823529410802
       296     8235.294117647059466
       297     8823.529411764709948
       298     9411.764705882360431
       299    10000.000000000000000
       300     4117.647058823529733
       301     4705.882352941180216
       302     5294.117647058819784
       303     5882.352941176470267
       304     6470.588235294120750
       305     7058.823529411760319
       306     7647.058823529410802
       307     8235.294117647059466
       308     8823.529411764709948
       309     9411.764705882360431
       310    10000.000000000000000
       311     4117.647058823529733
       312     4705.882352941180216
       313     5294.117647058819784
       314     5882.352941176470267
       315     6470.588235294120750
       316     7058.823529411769414
       317     7647.058823529410802
       318     8235.294117647059466
       319     8823.529411764699034
       320     9411.764705882349517
       321    10000.000000000000000
       322     4117.647058823529733
       323     4705.882352941180216
       324     5294.117647058819784
       325     5882.352941176470267
       326     6470.588235294120750
       327     7058.823529411760319
       328     7647.058823529410802
       329     8235.294117647070379
       330     8823.529411764709948
       331     9411.764705882360431
       332    10000.000000000000000
       333     5294.117647058819784
       334     5882.352941176470267
       335     6470.588235294120750
       336     7058.823529411760319
       337     7647.058823529410802
       338     8235.294117647070379
       339     8823.529411764709948
       340     9411.764705882360431
       341    10000.000000000000000
       342     5882.352941176470267
       343     6470.588235294120750
       344     7058.823529411760319
       345     4117.647058823529733
       346     4117.647058823529733
       347     4705.882352941180216
       348     4705.882352941180216
       349     5294.117647058819784
       350     5294.117647058819784
       351     5882.352941176470267
       352     5882.352941176470267
       353     6470.588235294120750
       354     6470.588235294120750
       355     7058.823529411760319
       356     7058.823529411769414
       357     7647.058823529410802
       358     7647.058823529419897
       359     8235.294117647059466
       360     8235.294117647059466
       361     8823.529411764709948
       362     8823.529411764709948
       363     9411.764705882349517
       364     9411.764705882349517
       365    10000.000000000000000
       366    10000.000000000000000
       367     4117.647058823529733
       368     4705.882352941180216
       369     5294.117647058819784
       370     5882.352941176470267
       371     6470.588235294120750
       372     7058.823529411760319
       373     7647.058823529410802
       374     8235.294117647070379
       375     8823.529411764709948
       376     9411.764705882349517
       377    10000.000000000000000
       378     4117.647058823529733
       379     4705.882352941170211
       380     5294.117647058819784
       381     5882.352941176470267
       382     6470.588235294120750
       383     7058.823529411769414
       384     7647.058823529410802
       385     8235.294117647059466
       386     8823.529411764709948
       387     9411.764705882349517
       388    10000.000000000000000
       389     4117.647058823529733
       390     4705.882352941180216
       391     5294.117647058819784
       392     5882.352941176470267
       393     6470.588235294120750
       394     7058.823529411769414
       395     7647.058823529419897
       396     8235.294117647059466
       397     8823.529411764709948
       398     9411.764705882360431
       399    10000.000000000000000
       400     4117.647058823529733
       401     4705.882352941180216
       402     5294.117647058819784
       403     5882.352941176470267
       404     6470.588235294120750
       405     7058.823529411760319
       406     7647.058823529410802
       407     8235.294117647059466
       408     8823.529411764709948
       409     9411.764705882349517
       410    10000.000000000000000
       411     4117.647058823529733
       412     4705.882352941180216
       413     5294.117647058829789
       414     5882.352941176470267
       415     6470.588235294120750
       416     7058.823529411769414
       417     7647.058823529419897
       418     8235.294117647050371
       419     8823.529411764709948
       420     9411.764705882349517
       421    10000.000000000000000
       422     4117.647058823529733
       423     4705.882352941180216
       424     5294.117647058819784
       425     5882.352941176470267
       426     6470.588235294120750
       427     7058.823529411760319
       428     7647.058823529419897
       429     8235.294117647059466
       430     8823.529411764709948
       431     9411.764705882349517
       432    10000.000000000000000
       433     4705.882352941170211
       434     5294.117647058819784
       435     5882.352941176470267
       436     6470.588235294120750
       437     7058.823529411760319
       438     7647.058823529410802
       439     8235.294117647059466
       440     8823.529411764709948
       441     9411.764705882349517
       442    10000.000000000000000
       443     5882.352941176470267
       444     6470.588235294120750
       445     7058.823529411760319
       446     4117.647058823529733
       447     4117.647058823529733
       448     4705.882352941180216
       449     4705.882352941180216
       450     5294.117647058819784
       451     5294.117647058819784
       452     5882.352941176470267
       453     5882.352941176470267
       454     6470.588235294120750
       455     6470.588235294120750
       456     7058.823529411769414
       457     7058.823529411769414
       458     7647.058823529410802
       459     7647.058823529419897
       460     8235.294117647059466
       461     8235.294117647059466
       462     8823.529411764709948
       463     8823.529411764709948
       464     9411.764705882360431
       465     9411.764705882360431
       466    10000.000000000000000
       467    10000.000000000000000
       468     4117.647058823529733
       469     4705.882352941180216
       470     5294.117647058819784
       471     5882.352941176470267
       472     6470.588235294120750
       473     7058.823529411760319
       474     7647.058823529410802
       475     8235.294117647070379
       476     8823.529411764709948
       477     9411.764705882360431
       478    10000.000000000000000
       479     4117.647058823529733
       480     4705.882352941180216
       481     5294.117647058819784
       482     5882.352941176470267
       483     6470.588235294120750
       484     7058.823529411769414
       485     7647.058823529410802
       486     8235.294117647059466
       487     8823.529411764699034
       488     9411.764705882360431
       489    10000.000000000000000
       490     4117.647058823529733
       491     4705.882352941180216
       492     5294.117647058819784
       493     5882.352941176470267
       494     6470.588235294120750
       495     7058.823529411769414
       496     7647.058823529419897
       497     8235.294117647059466
       498     8823.529411764709948
       499     9411.764705882360431
       500    10000.000000000000000
       501     4117.647058823529733
       502     4705.882352941170211
       503     5294.117647058819784
       504     5882.352941176470267
       505     6470.588235294120750
       506     7058.823529411769414
       507     7647.058823529410802
       508     8235.294117647059466
       509     8823.529411764699034
       510     9411.764705882360431
       511    10000.000000000000000
       512     4117.647058823529733
       513     4705.882352941180216
       514     5294.117647058819784
       515     5882.352941176470267
       516     6470.588235294120750
       517     7058.823529411769414
       518     7647.058823529410802
       519     8235.294117647059466
       520     8823.529411764699034
       521     9411.764705882349517
       522    10000.000000000000000
       523     4117.647058823529733
       524     4705.882352941180216
       525     5294.117647058819784
       526     5882.352941176470267
       527     6470.588235294120750
       528     7058.823529411769414
       529     7647.058823529410802
       530     8235.294117647059466
       531     8823.529411764709948
       532     9411.764705882349517
       533    10000.000000000000000
       534     4705.882352941180216
       535     5294.117647058819784
       536     5882.352941176470267
       537     6470.588235294120750
       538     7058.823529411769414
       539     7647.058823529410802
       540     8235.294117647059466
       541     8823.529411764709948
       542     9411.764705882349517
       543    10000.000000000000000
       544     5294.117647058819784
       545     5882.352941176470267
       546     6470.588235294120750
       547     7058.823529411769414
       548     4117.647058823529733
       549     4117.647058823529733
       550     4705.882352941180216
       551     4705.882352941180216
       552     5294.117647058819784
       553     5294.117647058819784
       554     5882.352941176470267
       555     5882.352941176470267
       556     6470.588235294120750
       557     6470.588235294120750
       558     7058.823529411760319
       559     7058.823529411769414
       560     7647.058823529410802
       561     7647.058823529419897
       562     8235.294117647059466
       563     8235.294117647070379
       564     8823.529411764709948
       565     8823.529411764709948
       566     9411.764705882360431
       567     9411.764705882349517
       568    10000.000000000000000
       569    10000.000000000000000
       570     4117.647058823529733
       571     4705.882352941180216
       572     5294.117647058819784
       573     5882.352941176470267
       574     6470.588235294120750
       575     7058.823529411760319
       576     7647.058823529410802
       577     8235.294117647059466
       578     8823.529411764709948
       579     9411.764705882349517
       580    10000.000000000000000
       581     4117.647058823529733
       582     4705.882352941180216
       583     5294.117647058819784
       584     5882.352941176470267
       585     6470.588235294120750
       586     7058.823529411760319
       587     7647.058823529410802
       588     8235.294117647059466
       589     8823.529411764699034
       590     9411.764705882360431
       591    10000.000000000000000
       592     4117.647058823529733
       593     4705.882352941180216
       594     5294.117647058819784
       595     5882.352941176470267
       596     6470.588235294120750
       597     7058.823529411769414
       598     7647.058823529410802
       599     8235.294117647059466
       600     8823.529411764709948
       601     9411.764705882360431
       602    10000.000000000000000
       603     4117.647058823529733
       604     4705.882352941180216
       605     5294.117647058819784
       606     5882.352941176470267
       607     6470.588235294120750
       608     7058.823529411769414
       609     7647.058823529410802
       610     8235.294117647059466
       611     8823.529411764709948
       612     9411.764705882349517
       613    10000.000000000000000
       614     4117.647058823529733
       615     4705.882352941180216
       616     5294.117647058829789
       617     5882.352941176470267
       618     6470.588235294120750
       619     7058.823529411769414
       620     7647.058823529410802
       621     8235.294117647050371
       622     8823.529411764709948
       623     9411.764705882360431
       624    10000.000000000000000
       625     4117.647058823529733
       626     4705.882352941180216
       627     5294.117647058819784
       628     5882.352941176470267
       629     6470.588235294120750
       630     7058.823529411760319
       631     7647.058823529410802
       632     8235.294117647059466
       633     8823.529411764699034
       634     9411.764705882360431
       635    10000.000000000000000
       636     4705.882352941180216
       637     5294.117647058819784
       638     5882.352941176470267
       639     6470.588235294120750
       640     7058.823529411760319
       641     7647.058823529410802
       642     8235.294117647059466
       643     8823.529411764699034
       644     9411.764705882349517
       645    10000.000000000000000
       646     5294.117647058819784
       647     5882.352941176470267
       648     6470.588235294120750
       649     4117.647058823529733
       650     4117.647058823529733
       651     4705.882352941180216
       652     4705.882352941180216
       653     5294.117647058819784
       654     5294.117647058819784
       655     5882.352941176470267
       656     5882.352941176470267
       657     6470.588235294120750
       658     6470.588235294120750
       659     7058.823529411760319
       660     7058.823529411769414
       661     7647.058823529410802
       662     7647.058823529419897
       663     8235.294117647059466
       664     8235.294117647059466
       665     8823.529411764709948
       666     8823.529411764709948
       667     9411.764705882349517
       668     9411.764705882349517
       669    10000.000000000000000
       670    10000.000000000000000
       671     4117.647058823529733
       672     4705.882352941180216
       673     5294.117647058819784
       674     5882.352941176470267
       675     6470.588235294120750
       676     7058.823529411760319
       677     7647.058823529410802
       678     8235.294117647070379
       679     8823.529411764709948
       680     9411.764705882349517
       681    10000.000000000000000
       682     4117.647058823529733
       683     4705.882352941180216
       684     5294.117647058819784
       685     5882.352941176470267
       686     6470.588235294120750
       687     7058.823529411760319
       688     7647.058823529410802
       689     8235.294117647059466
       690     8823.529411764709948
       691     9411.764705882349517
       692    10000.000000000000000
       693     4117.647058823529733
       694     4705.882352941180216
       695     5294.117647058819784
       696     5882.352941176470267
       697     6470.588235294120750
       698     7058.823529411760319
       699     7647.058823529419897
       700     8235.294117647070379
       701     8823.529411764709948
       702     9411.764705882360431
       703    10000.000000000000000
       704     4117.647058823529733
       705     4705.882352941180216
       706     5294.117647058819784
       707     5882.352941176470267
       708     6470.588235294120750
       709     7058.823529411769414
       710     7647.058823529410802
       711     8235.294117647059466
       712     8823.529411764709948
       713     9411.764705882360431
       714    10000.000000000000000
       715     4117.647058823529733
       716     4705.882352941180216
       717     5294.117647058829789
       718     5882.352941176470267
       719     6470.588235294120750
       720     7058.823529411769414
       721     7647.058823529410802
       722     8235.294117647050371
       723     8823.529411764709948
       724     9411.764705882349517
       725    10000.000000000000000
       726     4117.647058823529733
       727     4705.882352941180216
       728     5294.117647058819784
       729     5882.352941176470267
       730     6470.588235294120750
       731     7058.823529411760319
       732     7647.058823529419897
       733     8235.294117647070379
       734     8823.529411764709948
       735     9411.764705882349517
       736    10000.000000000000000
       737     4705.882352941180216
       738     5294.117647058819784
       739     5882.352941176470267
       740     6470.588235294120750
       741     7058.823529411769414
       742     5294.117647058819784
       743     5882.352941176470267
