         761
         1    -5000.000000000000000
         2    -5000.000000000000000
         3    -5000.000000000000000
         4    -5000.000000000000000
         5    -4423.076923076920139
         6    -4423.076923076920139
         7    -4423.076923076920139
         8    -4423.076923076920139
         9    -5000.000000000000000
        10    -5000.000000000000000
        11    -4423.076923076920139
        12    -4423.076923076920139
        13    -5000.000000000000000
        14    -5000.000000000000000
        15    -4423.076923076920139
        16    -4423.076923076920139
        17    -5000.000000000000000
        18    -5000.000000000000000
        19    -4423.076923076920139
        20    -4423.076923076920139
        21    -5000.000000000000000
        22    -5000.000000000000000
        23    -4423.076923076920139
        24    -4423.076923076920139
        25    -5000.000000000000000
        26    -4423.076923076920139
        27    -5000.000000000000000
        28    -4423.076923076920139
        29    -5000.000000000000000
        30    -4423.076923076920139
        31    -5000.000000000000000
        32    -5000.000000000000000
        33    -4423.076923076920139
        34    -4423.076923076920139
        35    -5000.000000000000000
        36    -4423.076923076920139
        37    -5000.000000000000000
        38    -4423.076923076920139
        39    -5000.000000000000000
        40    -4423.076923076920139
        41    -5000.000000000000000
        42    -5000.000000000000000
        43    -4423.076923076920139
        44    -4423.076923076920139
        45    -5000.000000000000000
        46    -4423.076923076920139
        47    -5000.000000000000000
        48    -4423.076923076920139
        49    -5000.000000000000000
        50    -5000.000000000000000
        51    -4423.076923076920139
        52    -4423.076923076920139
        53    -5000.000000000000000
        54    -4423.076923076920139
        55    -5000.000000000000000
        56    -5000.000000000000000
        57    -4423.076923076920139
        58    -4423.076923076920139
        59    -5000.000000000000000
        60    -4423.076923076920139
        61    -3846.153846153849827
        62    -3846.153846153849827
        63    -3846.153846153849827
        64    -3846.153846153849827
        65    -3846.153846153849827
        66    -3846.153846153849827
        67    -3846.153846153849827
        68    -3846.153846153849827
        69    -3846.153846153849827
        70    -3846.153846153849827
        71    -3846.153846153849827
        72    -3846.153846153849827
        73    -3846.153846153849827
        74    -3846.153846153849827
        75    -3846.153846153849827
        76    -3846.153846153849827
        77    -3846.153846153849827
        78    -3846.153846153849827
        79    -3846.153846153849827
        80    -3846.153846153839822
        81    -3846.153846153849827
        82    -3846.153846153849827
        83    -3846.153846153849827
        84    -3846.153846153849827
        85    -3846.153846153849827
        86    -3846.153846153849827
        87    -3846.153846153849827
        88    -3846.153846153849827
        89    -3846.153846153849827
        90    -3846.153846153849827
        91    -3846.153846153849827
        92    -3269.230769230769965
        93    -3269.230769230769965
        94    -3269.230769230769965
        95    -3269.230769230769965
        96    -3269.230769230769965
        97    -3269.230769230769965
        98    -3269.230769230769965
        99    -3269.230769230769965
       100    -3269.230769230769965
       101    -3269.230769230769965
       102    -3269.230769230769965
       103    -3269.230769230769965
       104    -3269.230769230769965
       105    -3269.230769230769965
       106    -3269.230769230769965
       107    -3269.230769230769965
       108    -3269.230769230769965
       109    -3269.230769230769965
       110    -3269.230769230769965
       111    -3269.230769230769965
       112    -3269.230769230769965
       113    -3269.230769230769965
       114    -3269.230769230769965
       115    -3269.230769230769965
       116    -3269.230769230769965
       117    -3269.230769230769965
       118    -3269.230769230769965
       119    -3269.230769230769965
       120    -3269.230769230769965
       121    -3269.230769230769965
       122    -3269.230769230769965
       123    -3269.230769230769965
       124    -3269.230769230769965
       125    -3269.230769230769965
       126    -3269.230769230769965
       127    -2692.307692307689649
       128    -2692.307692307689649
       129    -2692.307692307689649
       130    -2692.307692307689649
       131    -2692.307692307689649
       132    -2692.307692307689649
       133    -2692.307692307689649
       134    -2692.307692307689649
       135    -2692.307692307689649
       136    -2692.307692307689649
       137    -2692.307692307689649
       138    -2692.307692307689649
       139    -2692.307692307689649
       140    -2692.307692307689649
       141    -2692.307692307689649
       142    -2692.307692307689649
       143    -2692.307692307689649
       144    -2692.307692307689649
       145    -2692.307692307689649
       146    -2692.307692307689649
       147    -2692.307692307689649
       148    -2692.307692307689649
       149    -2692.307692307689649
       150    -2692.307692307689649
       151    -2692.307692307689649
       152    -2692.307692307689649
       153    -2692.307692307689649
       154    -2692.307692307689649
       155    -2692.307692307689649
       156    -2692.307692307689649
       157    -2692.307692307689649
       158    -2692.307692307689649
       159    -2692.307692307689649
       160    -2692.307692307689649
       161    -2692.307692307689649
       162    -2692.307692307689649
       163    -2692.307692307689649
       164    -2115.384615384610242
       165    -2115.384615384619792
       166    -2115.384615384619792
       167    -2115.384615384610242
       168    -2115.384615384610242
       169    -2115.384615384610242
       170    -2115.384615384619792
       171    -2115.384615384619792
       172    -2115.384615384610242
       173    -2115.384615384610242
       174    -2115.384615384610242
       175    -2115.384615384610242
       176    -2115.384615384619792
       177    -2115.384615384619792
       178    -2115.384615384619792
       179    -2115.384615384619792
       180    -2115.384615384619792
       181    -2115.384615384619792
       182    -2115.384615384619792
       183    -2115.384615384619792
       184    -2115.384615384619792
       185    -2115.384615384610242
       186    -2115.384615384610242
       187    -2115.384615384610242
       188    -2115.384615384610242
       189    -2115.384615384610242
       190    -2115.384615384610242
       191    -2115.384615384619792
       192    -2115.384615384610242
       193    -2115.384615384619792
       194    -2115.384615384619792
       195    -2115.384615384619792
       196    -2115.384615384619792
       197    -2115.384615384619792
       198    -2115.384615384619792
       199    -2115.384615384610242
       200    -2115.384615384619792
       201    -2115.384615384610242
       202    -2115.384615384610242
       203    -2115.384615384619792
       204    -2115.384615384610242
       205    -2115.384615384610242
       206    -2115.384615384619792
       207    -2115.384615384619792
       208    -2115.384615384610242
       209    -2115.384615384610242
       210    -2115.384615384610242
       211    -2115.384615384619792
       212    -1538.461538461540158
       213    -1538.461538461540158
       214    -1538.461538461540158
       215    -1538.461538461540158
       216    -1538.461538461540158
       217    -1538.461538461540158
       218    -1538.461538461540158
       219    -1538.461538461540158
       220    -1538.461538461540158
       221    -1538.461538461540158
       222    -1538.461538461540158
       223    -1538.461538461540158
       224    -1538.461538461540158
       225    -1538.461538461540158
       226    -1538.461538461540158
       227    -1538.461538461540158
       228    -1538.461538461540158
       229    -1538.461538461540158
       230    -1538.461538461540158
       231    -1538.461538461540158
       232    -1538.461538461540158
       233    -1538.461538461540158
       234    -1538.461538461540158
       235    -1538.461538461540158
       236    -1538.461538461540158
       237    -1538.461538461540158
       238    -1538.461538461540158
       239    -1538.461538461540158
       240    -1538.461538461540158
       241    -1538.461538461540158
       242    -1538.461538461540158
       243    -1538.461538461540158
       244    -1538.461538461540158
       245    -1538.461538461540158
       246    -1538.461538461540158
       247    -1538.461538461540158
       248    -1538.461538461540158
       249    -1538.461538461540158
       250    -1538.461538461540158
       251    -1538.461538461540158
       252    -1538.461538461540158
       253    -1538.461538461540158
       254    -1538.461538461540158
       255    -1538.461538461540158
       256    -1538.461538461540158
       257    -1538.461538461540158
       258    -1538.461538461540158
       259    -1538.461538461540158
       260    -1538.461538461540158
       261    -1538.461538461540158
       262    -1538.461538461540158
       263    -1538.461538461540158
       264    -1538.461538461540158
       265    -1538.461538461540158
       266    -1538.461538461540158
       267    -1538.461538461540158
       268     -961.538461538460979
       269     -961.538461538462002
       270     -961.538461538462002
       271     -961.538461538462002
       272     -961.538461538460979
       273     -961.538461538462002
       274     -961.538461538462002
       275     -961.538461538462002
       276     -961.538461538460979
       277     -961.538461538460979
       278     -961.538461538460979
       279     -961.538461538460979
       280     -961.538461538460979
       281     -961.538461538460979
       282     -961.538461538462002
       283     -961.538461538462002
       284     -961.538461538460979
       285     -961.538461538462002
       286     -961.538461538460979
       287     -961.538461538460979
       288     -961.538461538460979
       289     -961.538461538463025
       290     -961.538461538462002
       291     -961.538461538462002
       292     -961.538461538463025
       293     -961.538461538462002
       294     -961.538461538462002
       295     -961.538461538460979
       296     -961.538461538462002
       297     -961.538461538462002
       298     -961.538461538460979
       299     -961.538461538462002
       300     -961.538461538460979
       301     -961.538461538460979
       302     -961.538461538460979
       303     -961.538461538462002
       304     -961.538461538462002
       305     -961.538461538462002
       306     -961.538461538462002
       307     -961.538461538462002
       308     -961.538461538462002
       309     -961.538461538462002
       310     -961.538461538462002
       311     -961.538461538462002
       312     -961.538461538462002
       313     -961.538461538462002
       314     -961.538461538462002
       315     -961.538461538460979
       316     -961.538461538463025
       317     -961.538461538462002
       318     -961.538461538462002
       319     -961.538461538463025
       320     -961.538461538462002
       321     -961.538461538463025
       322     -961.538461538462002
       323     -961.538461538462002
       324     -961.538461538463025
       325     -384.615384615384016
       326     -384.615384615384016
       327     -384.615384615384016
       328     -384.615384615384016
       329     -384.615384615384016
       330     -384.615384615385040
       331     -384.615384615384016
       332     -384.615384615384016
       333     -384.615384615384016
       334     -384.615384615384016
       335     -384.615384615384016
       336     -384.615384615385040
       337     -384.615384615384016
       338     -384.615384615385040
       339     -384.615384615384016
       340     -384.615384615384016
       341     -384.615384615384016
       342     -384.615384615384016
       343     -384.615384615384016
       344     -384.615384615384016
       345     -384.615384615383050
       346     -384.615384615384016
       347     -384.615384615384016
       348     -384.615384615385040
       349     -384.615384615384016
       350     -384.615384615384016
       351     -384.615384615385040
       352     -384.615384615384016
       353     -384.615384615384016
       354     -384.615384615384016
       355     -384.615384615385040
       356     -384.615384615385040
       357     -384.615384615384016
       358     -384.615384615385040
       359     -384.615384615384016
       360     -384.615384615384016
       361     -384.615384615384016
       362     -384.615384615385040
       363     -384.615384615385040
       364     -384.615384615385040
       365     -384.615384615385040
       366     -384.615384615385040
       367     -384.615384615384016
       368     -384.615384615385040
       369     -384.615384615385040
       370     -384.615384615384016
       371     -384.615384615384016
       372     -384.615384615385040
       373     -384.615384615385040
       374     -384.615384615385040
       375     -384.615384615385040
       376     -384.615384615384016
       377     -384.615384615384016
       378     -384.615384615385040
       379     -384.615384615385040
       380     -384.615384615385040
       381     -384.615384615385040
       382      192.307692307693003
       383      192.307692307692008
       384      192.307692307692008
       385      192.307692307692008
       386      192.307692307693003
       387      192.307692307693003
       388      192.307692307693003
       389      192.307692307693003
       390      192.307692307693003
       391      192.307692307693003
       392      192.307692307693003
       393      192.307692307693003
       394      192.307692307693003
       395      192.307692307692008
       396      192.307692307692008
       397      192.307692307693003
       398      192.307692307693003
       399      192.307692307693003
       400      192.307692307693003
       401      192.307692307693003
       402      192.307692307692008
       403      192.307692307693003
       404      192.307692307693003
       405      192.307692307693003
       406      192.307692307693003
       407      192.307692307693003
       408      192.307692307693003
       409      192.307692307693003
       410      192.307692307692008
       411      192.307692307692008
       412      192.307692307693003
       413      192.307692307693003
       414      192.307692307693003
       415      192.307692307693003
       416      192.307692307693003
       417      192.307692307692008
       418      192.307692307692008
       419      192.307692307693003
       420      192.307692307693003
       421      192.307692307693003
       422      192.307692307692008
       423      192.307692307693003
       424      192.307692307692008
       425      192.307692307693003
       426      192.307692307693003
       427      192.307692307693003
       428      192.307692307693003
       429      192.307692307692008
       430      192.307692307692008
       431      192.307692307693003
       432      192.307692307693003
       433      192.307692307693003
       434      192.307692307693003
       435      769.230769230769056
       436      769.230769230769056
       437      769.230769230769056
       438      769.230769230769056
       439      769.230769230770079
       440      769.230769230769056
       441      769.230769230769056
       442      769.230769230769056
       443      769.230769230769056
       444      769.230769230769056
       445      769.230769230770079
       446      769.230769230770079
       447      769.230769230769056
       448      769.230769230769056
       449      769.230769230769056
       450      769.230769230768033
       451      769.230769230769056
       452      769.230769230769056
       453      769.230769230769056
       454      769.230769230769056
       455      769.230769230769056
       456      769.230769230769056
       457      769.230769230769056
       458      769.230769230770079
       459      769.230769230769056
       460      769.230769230769056
       461      769.230769230769056
       462      769.230769230769056
       463      769.230769230769056
       464      769.230769230770079
       465      769.230769230769056
       466      769.230769230769056
       467      769.230769230770079
       468      769.230769230769056
       469      769.230769230770079
       470      769.230769230770079
       471      769.230769230769056
       472      769.230769230769056
       473      769.230769230769056
       474      769.230769230769056
       475      769.230769230769056
       476      769.230769230770079
       477     -384.615384615384016
       478     -384.615384615385040
       479     -961.538461538462002
       480     -961.538461538462002
       481    -1538.461538461540158
       482    -1538.461538461540158
       483    -2115.384615384610242
       484    -2115.384615384619792
       485    -2692.307692307689649
       486    -2692.307692307689649
       487    -3269.230769230769965
       488    -3269.230769230769965
       489    -3846.153846153849827
       490    -3846.153846153849827
       491    -4423.076923076920139
       492    -4423.076923076920139
       493    -5000.000000000000000
       494    -5000.000000000000000
       495     -384.615384615384016
       496     -961.538461538462002
       497    -1538.461538461540158
       498    -2115.384615384619792
       499    -2692.307692307689649
       500    -3269.230769230769965
       501    -3846.153846153849827
       502    -4423.076923076920139
       503    -5000.000000000000000
       504     -961.538461538462002
       505    -1538.461538461540158
       506    -2115.384615384619792
       507    -2692.307692307689649
       508    -3269.230769230769965
       509    -3846.153846153849827
       510    -4423.076923076920139
       511    -5000.000000000000000
       512     -961.538461538462002
       513    -1538.461538461540158
       514    -2115.384615384610242
       515    -2692.307692307689649
       516    -3269.230769230769965
       517    -3846.153846153849827
       518    -4423.076923076920139
       519    -5000.000000000000000
       520     -961.538461538460979
       521    -1538.461538461540158
       522    -2115.384615384619792
       523    -2692.307692307689649
       524    -3269.230769230769965
       525    -3846.153846153849827
       526    -4423.076923076920139
       527    -5000.000000000000000
       528     -384.615384615385040
       529     -384.615384615385040
       530     -961.538461538460979
       531     -961.538461538462002
       532    -1538.461538461540158
       533    -1538.461538461540158
       534    -2115.384615384610242
       535    -2115.384615384619792
       536    -2692.307692307689649
       537    -2692.307692307689649
       538    -3269.230769230769965
       539    -3269.230769230769965
       540    -3846.153846153849827
       541    -3846.153846153849827
       542    -4423.076923076920139
       543    -4423.076923076920139
       544    -5000.000000000000000
       545    -5000.000000000000000
       546     -384.615384615384016
       547     -961.538461538460979
       548    -1538.461538461540158
       549    -2115.384615384610242
       550    -2692.307692307689649
       551    -3269.230769230769965
       552    -3846.153846153849827
       553    -4423.076923076920139
       554    -5000.000000000000000
       555     -384.615384615384016
       556     -961.538461538462002
       557    -1538.461538461540158
       558    -2115.384615384619792
       559    -2692.307692307689649
       560    -3269.230769230769965
       561    -3846.153846153849827
       562    -4423.076923076920139
       563    -5000.000000000000000
       564     -384.615384615385040
       565     -961.538461538460979
       566    -1538.461538461540158
       567    -2115.384615384610242
       568    -2692.307692307689649
       569    -3269.230769230769965
       570    -3846.153846153849827
       571    -4423.076923076920139
       572    -5000.000000000000000
       573     -384.615384615385040
       574     -961.538461538460979
       575    -1538.461538461540158
       576    -2115.384615384619792
       577    -2692.307692307689649
       578    -3269.230769230769965
       579    -3846.153846153849827
       580    -4423.076923076920139
       581    -5000.000000000000000
       582     -384.615384615385040
       583     -961.538461538460979
       584    -1538.461538461540158
       585    -2115.384615384610242
       586    -2692.307692307689649
       587    -3269.230769230769965
       588    -3846.153846153849827
       589    -4423.076923076920139
       590    -5000.000000000000000
       591      192.307692307693003
       592      192.307692307693003
       593     -384.615384615384016
       594     -384.615384615384016
       595     -961.538461538460979
       596     -961.538461538462002
       597    -1538.461538461540158
       598    -1538.461538461540158
       599    -2115.384615384610242
       600    -2115.384615384610242
       601    -2692.307692307689649
       602    -2692.307692307689649
       603    -3269.230769230769965
       604    -3269.230769230769965
       605    -3846.153846153849827
       606    -3846.153846153849827
       607    -4423.076923076920139
       608    -4423.076923076920139
       609    -5000.000000000000000
       610    -5000.000000000000000
       611      192.307692307693003
       612     -384.615384615384016
       613     -961.538461538460979
       614    -1538.461538461540158
       615    -2115.384615384610242
       616    -2692.307692307689649
       617    -3269.230769230769965
       618    -3846.153846153849827
       619    -4423.076923076920139
       620    -5000.000000000000000
       621      192.307692307693003
       622     -384.615384615384016
       623     -961.538461538462002
       624    -1538.461538461540158
       625    -2115.384615384610242
       626    -2692.307692307689649
       627    -3269.230769230769965
       628    -3846.153846153839822
       629    -4423.076923076920139
       630    -5000.000000000000000
       631      192.307692307693003
       632     -384.615384615385040
       633     -961.538461538460979
       634    -1538.461538461540158
       635    -2115.384615384610242
       636    -2692.307692307689649
       637    -3269.230769230769965
       638    -3846.153846153849827
       639    -4423.076923076920139
       640    -5000.000000000000000
       641      192.307692307693003
       642     -384.615384615384016
       643     -961.538461538462002
       644    -1538.461538461540158
       645    -2115.384615384619792
       646    -2692.307692307689649
       647    -3269.230769230769965
       648    -3846.153846153849827
       649    -4423.076923076920139
       650    -5000.000000000000000
       651      192.307692307693003
       652     -384.615384615385040
       653     -961.538461538462002
       654    -1538.461538461540158
       655    -2115.384615384610242
       656    -2692.307692307689649
       657    -3269.230769230769965
       658    -3846.153846153849827
       659    -4423.076923076920139
       660    -5000.000000000000000
       661      192.307692307693003
       662     -384.615384615384016
       663     -961.538461538462002
       664    -1538.461538461540158
       665    -2115.384615384610242
       666    -2692.307692307689649
       667    -3269.230769230769965
       668    -3846.153846153849827
       669    -4423.076923076920139
       670    -5000.000000000000000
       671      769.230769230769056
       672      769.230769230768033
       673      192.307692307693003
       674      192.307692307693003
       675     -384.615384615384016
       676     -384.615384615384016
       677     -961.538461538460979
       678     -961.538461538462002
       679    -1538.461538461540158
       680    -1538.461538461540158
       681    -2115.384615384610242
       682    -2115.384615384610242
       683    -2692.307692307689649
       684    -2692.307692307689649
       685    -3269.230769230769965
       686    -3269.230769230769965
       687    -3846.153846153849827
       688    -3846.153846153849827
       689    -4423.076923076920139
       690    -4423.076923076920139
       691    -5000.000000000000000
       692    -5000.000000000000000
       693      769.230769230769056
       694      192.307692307692008
       695     -384.615384615384016
       696     -961.538461538462002
       697    -1538.461538461540158
       698    -2115.384615384610242
       699    -2692.307692307689649
       700    -3269.230769230769965
       701    -3846.153846153849827
       702    -4423.076923076920139
       703    -5000.000000000000000
       704      769.230769230769056
       705      192.307692307693003
       706     -384.615384615384016
       707     -961.538461538462002
       708    -1538.461538461540158
       709    -2115.384615384610242
       710    -2692.307692307689649
       711    -3269.230769230769965
       712    -3846.153846153849827
       713    -4423.076923076920139
       714    -5000.000000000000000
       715      769.230769230768033
       716      192.307692307693003
       717     -384.615384615385040
       718     -961.538461538460979
       719    -1538.461538461540158
       720    -2115.384615384610242
       721    -2692.307692307689649
       722    -3269.230769230769965
       723    -3846.153846153849827
       724    -4423.076923076920139
       725    -5000.000000000000000
       726      769.230769230769056
       727      192.307692307693003
       728     -384.615384615385040
       729     -961.538461538460979
       730    -1538.461538461540158
       731    -2115.384615384610242
       732    -2692.307692307689649
       733    -3269.230769230769965
       734    -3846.153846153849827
       735    -4423.076923076920139
       736    -5000.000000000000000
       737      769.230769230769056
       738      192.307692307693003
       739     -384.615384615385040
       740     -961.538461538462002
       741    -1538.461538461540158
       742    -2115.384615384610242
       743    -2692.307692307689649
       744    -3269.230769230769965
       745    -3846.153846153849827
       746    -4423.076923076920139
       747    -5000.000000000000000
       748      192.307692307693003
       749     -384.615384615385040
       750     -961.538461538462002
       751    -1538.461538461540158
       752    -2115.384615384610242
       753    -2692.307692307689649
       754    -3269.230769230769965
       755    -3846.153846153849827
       756    -4423.076923076920139
       757    -5000.000000000000000
       758     -384.615384615385040
       759     -961.538461538460979
       760    -1538.461538461540158
       761    -2115.384615384610242
