         748
         1     5882.352941176470267
         2     5882.352941176470267
         3     5882.352941176470267
         4     5882.352941176470267
         5     5882.352941176470267
         6     5882.352941176470267
         7     5882.352941176470267
         8     5882.352941176470267
         9     5882.352941176480272
        10     5882.352941176470267
        11     5882.352941176470267
        12     5882.352941176470267
        13     5882.352941176470267
        14     5882.352941176470267
        15     5882.352941176470267
        16     5882.352941176470267
        17     5882.352941176470267
        18     5882.352941176470267
        19     5882.352941176470267
        20     5882.352941176470267
        21     5882.352941176470267
        22     5882.352941176470267
        23     5882.352941176470267
        24     5882.352941176470267
        25     5882.352941176470267
        26     5882.352941176470267
        27     5882.352941176470267
        28     5882.352941176470267
        29     5882.352941176470267
        30     5882.352941176470267
        31     5882.352941176470267
        32     5882.352941176470267
        33     5882.352941176470267
        34     5882.352941176470267
        35     5882.352941176470267
        36     5882.352941176470267
        37     5882.352941176470267
        38     5882.352941176470267
        39     5882.352941176470267
        40     5882.352941176470267
        41     5882.352941176470267
        42     5882.352941176470267
        43     5882.352941176470267
        44     5882.352941176470267
        45     5882.352941176470267
        46     5882.352941176470267
        47     5882.352941176470267
        48     5882.352941176470267
        49     5294.117647058819784
        50     5294.117647058819784
        51     5294.117647058819784
        52     5294.117647058819784
        53     5294.117647058819784
        54     5294.117647058819784
        55     5294.117647058819784
        56     5294.117647058819784
        57     5294.117647058819784
        58     5294.117647058819784
        59     5294.117647058819784
        60     5294.117647058819784
        61     5294.117647058819784
        62     5294.117647058819784
        63     5294.117647058819784
        64     5294.117647058819784
        65     5294.117647058819784
        66     5294.117647058819784
        67     5294.117647058819784
        68     5294.117647058819784
        69     5294.117647058819784
        70     5294.117647058819784
        71     5294.117647058819784
        72     5294.117647058819784
        73     5294.117647058819784
        74     5294.117647058819784
        75     5294.117647058819784
        76     5294.117647058819784
        77     5294.117647058819784
        78     5294.117647058819784
        79     5294.117647058819784
        80     5294.117647058819784
        81     5294.117647058819784
        82     5294.117647058819784
        83     5294.117647058819784
        84     5294.117647058819784
        85     5294.117647058819784
        86     5294.117647058819784
        87     5294.117647058819784
        88     5294.117647058819784
        89     5294.117647058819784
        90     5294.117647058819784
        91     5294.117647058819784
        92     5294.117647058819784
        93     5294.117647058819784
        94     5294.117647058819784
        95     5294.117647058819784
        96     5294.117647058819784
        97     5294.117647058829789
        98     5294.117647058819784
        99     5294.117647058819784
       100     5294.117647058819784
       101     5294.117647058819784
       102     5294.117647058819784
       103     5294.117647058819784
       104     5294.117647058819784
       105     5294.117647058819784
       106     5294.117647058819784
       107     5294.117647058819784
       108     5294.117647058819784
       109     5294.117647058819784
       110     5294.117647058819784
       111     5294.117647058819784
       112     5294.117647058819784
       113     5294.117647058819784
       114     5294.117647058819784
       115     5294.117647058819784
       116     5294.117647058819784
       117     5294.117647058819784
       118     5294.117647058819784
       119     5294.117647058819784
       120     5294.117647058819784
       121     5294.117647058819784
       122     5294.117647058819784
       123     5294.117647058819784
       124     5294.117647058819784
       125     5294.117647058819784
       126     5294.117647058819784
       127     5294.117647058819784
       128     5294.117647058819784
       129     5294.117647058819784
       130     5294.117647058819784
       131     5294.117647058819784
       132     5294.117647058819784
       133     5294.117647058819784
       134     5294.117647058819784
       135     4705.882352941180216
       136     4705.882352941180216
       137     4705.882352941180216
       138     4705.882352941180216
       139     4705.882352941180216
       140     4705.882352941180216
       141     4705.882352941180216
       142     4705.882352941180216
       143     4705.882352941180216
       144     4705.882352941180216
       145     4705.882352941180216
       146     4705.882352941180216
       147     4705.882352941180216
       148     4705.882352941180216
       149     4705.882352941180216
       150     4705.882352941180216
       151     4705.882352941180216
       152     4705.882352941180216
       153     4705.882352941170211
       154     4705.882352941180216
       155     4705.882352941180216
       156     4705.882352941180216
       157     4705.882352941180216
       158     4705.882352941180216
       159     4705.882352941180216
       160     4705.882352941180216
       161     4705.882352941180216
       162     4705.882352941180216
       163     4705.882352941180216
       164     4705.882352941180216
       165     4705.882352941180216
       166     4705.882352941180216
       167     4705.882352941180216
       168     4705.882352941180216
       169     4705.882352941180216
       170     4705.882352941180216
       171     4705.882352941180216
       172     4705.882352941180216
       173     4705.882352941180216
       174     4705.882352941180216
       175     4705.882352941180216
       176     4705.882352941180216
       177     4705.882352941180216
       178     4705.882352941180216
       179     4705.882352941180216
       180     4705.882352941180216
       181     4705.882352941180216
       182     4705.882352941180216
       183     4705.882352941180216
       184     4705.882352941180216
       185     4705.882352941180216
       186     4705.882352941180216
       187     4705.882352941180216
       188     4705.882352941180216
       189     4705.882352941180216
       190     4705.882352941180216
       191     4705.882352941180216
       192     4705.882352941180216
       193     4705.882352941180216
       194     4705.882352941180216
       195     4705.882352941180216
       196     4705.882352941180216
       197     4705.882352941180216
       198     4705.882352941180216
       199     4705.882352941180216
       200     4705.882352941180216
       201     4705.882352941180216
       202     4705.882352941180216
       203     4705.882352941180216
       204     4705.882352941180216
       205     4705.882352941180216
       206     4705.882352941180216
       207     4705.882352941180216
       208     4705.882352941180216
       209     4705.882352941180216
       210     4705.882352941180216
       211     4705.882352941180216
       212     4705.882352941180216
       213     4705.882352941180216
       214     4705.882352941180216
       215     4705.882352941180216
       216     4705.882352941180216
       217     4705.882352941180216
       218     4705.882352941180216
       219     4705.882352941170211
       220     4705.882352941180216
       221     4705.882352941180216
       222     4705.882352941180216
       223     4705.882352941180216
       224     4705.882352941180216
       225     4705.882352941180216
       226     4705.882352941180216
       227     4705.882352941180216
       228     4705.882352941180216
       229     4705.882352941180216
       230     4705.882352941180216
       231     4117.647058823529733
       232     4117.647058823529733
       233     4117.647058823529733
       234     4117.647058823529733
       235     4117.647058823529733
       236     4117.647058823529733
       237     4117.647058823529733
       238     4117.647058823529733
       239     4117.647058823529733
       240     4117.647058823529733
       241     4117.647058823529733
       242     4117.647058823529733
       243     4117.647058823529733
       244     4117.647058823529733
       245     4117.647058823529733
       246     4117.647058823529733
       247     4117.647058823529733
       248     4117.647058823529733
       249     4117.647058823529733
       250     4117.647058823529733
       251     4117.647058823529733
       252     4117.647058823529733
       253     4117.647058823529733
       254     4117.647058823529733
       255     4117.647058823529733
       256     4117.647058823529733
       257     4117.647058823529733
       258     4117.647058823529733
       259     4117.647058823529733
       260     4117.647058823529733
       261     4117.647058823529733
       262     4117.647058823529733
       263     4117.647058823529733
       264     4117.647058823529733
       265     4117.647058823529733
       266     4117.647058823529733
       267     4117.647058823529733
       268     4117.647058823529733
       269     4117.647058823529733
       270     4117.647058823529733
       271     4117.647058823529733
       272     4117.647058823529733
       273     4117.647058823529733
       274     4117.647058823529733
       275     4117.647058823529733
       276     4117.647058823529733
       277     4117.647058823529733
       278     4117.647058823529733
       279     4117.647058823529733
       280     4117.647058823529733
       281     4117.647058823529733
       282     4117.647058823529733
       283     4117.647058823529733
       284     4117.647058823529733
       285     4117.647058823529733
       286     4117.647058823529733
       287     4117.647058823529733
       288     4117.647058823529733
       289     4117.647058823529733
       290     4117.647058823529733
       291     4117.647058823529733
       292     4117.647058823529733
       293     4117.647058823529733
       294     4117.647058823529733
       295     4117.647058823529733
       296     4117.647058823529733
       297     4117.647058823529733
       298     4117.647058823529733
       299     4117.647058823529733
       300     4117.647058823529733
       301     4117.647058823529733
       302     4117.647058823529733
       303     4117.647058823529733
       304     4117.647058823529733
       305     4117.647058823529733
       306     4117.647058823529733
       307     4117.647058823529733
       308     4117.647058823529733
       309     4117.647058823529733
       310     4117.647058823529733
       311     4117.647058823529733
       312     4117.647058823529733
       313     4117.647058823529733
       314     4117.647058823529733
       315     4117.647058823529733
       316     4117.647058823529733
       317     4117.647058823529733
       318     4117.647058823529733
       319     4117.647058823529733
       320     4117.647058823529733
       321     4117.647058823529733
       322     4117.647058823529733
       323     4117.647058823529733
       324     4117.647058823529733
       325     4117.647058823529733
       326     4117.647058823529733
       327     4117.647058823529733
       328     4117.647058823529733
       329     3529.411764705880159
       330     3529.411764705880159
       331     3529.411764705880159
       332     3529.411764705880159
       333     3529.411764705880159
       334     3529.411764705880159
       335     3529.411764705880159
       336     3529.411764705880159
       337     3529.411764705880159
       338     3529.411764705880159
       339     3529.411764705880159
       340     3529.411764705880159
       341     3529.411764705880159
       342     3529.411764705880159
       343     3529.411764705880159
       344     3529.411764705880159
       345     3529.411764705880159
       346     3529.411764705880159
       347     3529.411764705880159
       348     3529.411764705880159
       349     3529.411764705880159
       350     3529.411764705880159
       351     3529.411764705880159
       352     3529.411764705880159
       353     3529.411764705880159
       354     3529.411764705880159
       355     3529.411764705880159
       356     3529.411764705880159
       357     3529.411764705880159
       358     3529.411764705880159
       359     3529.411764705880159
       360     3529.411764705880159
       361     3529.411764705880159
       362     3529.411764705880159
       363     3529.411764705880159
       364     3529.411764705880159
       365     3529.411764705880159
       366     3529.411764705880159
       367     3529.411764705880159
       368     3529.411764705880159
       369     3529.411764705880159
       370     3529.411764705880159
       371     3529.411764705880159
       372     3529.411764705880159
       373     3529.411764705880159
       374     3529.411764705880159
       375     3529.411764705880159
       376     3529.411764705880159
       377     3529.411764705880159
       378     3529.411764705880159
       379     3529.411764705880159
       380     3529.411764705880159
       381     3529.411764705880159
       382     3529.411764705880159
       383     3529.411764705880159
       384     3529.411764705880159
       385     3529.411764705880159
       386     3529.411764705880159
       387     3529.411764705880159
       388     3529.411764705880159
       389     3529.411764705880159
       390     3529.411764705880159
       391     3529.411764705880159
       392     3529.411764705880159
       393     3529.411764705880159
       394     3529.411764705880159
       395     3529.411764705880159
       396     3529.411764705880159
       397     3529.411764705880159
       398     3529.411764705880159
       399     3529.411764705880159
       400     3529.411764705880159
       401     3529.411764705880159
       402     3529.411764705880159
       403     3529.411764705880159
       404     3529.411764705880159
       405     3529.411764705880159
       406     3529.411764705880159
       407     3529.411764705880159
       408     3529.411764705880159
       409     3529.411764705880159
       410     3529.411764705880159
       411     3529.411764705880159
       412     3529.411764705880159
       413     3529.411764705880159
       414     3529.411764705880159
       415     3529.411764705880159
       416     3529.411764705880159
       417     3529.411764705880159
       418     3529.411764705880159
       419     2941.176470588230131
       420     2941.176470588240136
       421     2941.176470588240136
       422     2941.176470588230131
       423     2941.176470588240136
       424     2941.176470588230131
       425     2941.176470588230131
       426     2941.176470588230131
       427     2941.176470588240136
       428     2941.176470588240136
       429     2941.176470588240136
       430     2941.176470588240136
       431     2941.176470588240136
       432     2941.176470588240136
       433     2941.176470588240136
       434     2941.176470588230131
       435     2941.176470588240136
       436     2941.176470588240136
       437     2941.176470588240136
       438     2941.176470588240136
       439     2941.176470588240136
       440     2941.176470588230131
       441     2941.176470588230131
       442     2941.176470588240136
       443     2941.176470588230131
       444     2941.176470588240136
       445     2941.176470588240136
       446     2941.176470588240136
       447     2941.176470588240136
       448     2941.176470588240136
       449     2941.176470588230131
       450     2941.176470588230131
       451     2941.176470588240136
       452     2941.176470588240136
       453     2941.176470588230131
       454     2941.176470588240136
       455     2941.176470588240136
       456     2941.176470588240136
       457     2941.176470588240136
       458     2941.176470588230131
       459     2941.176470588240136
       460     2941.176470588240136
       461     2941.176470588240136
       462     2941.176470588230131
       463     2941.176470588240136
       464     2941.176470588230131
       465     2941.176470588240136
       466     2941.176470588240136
       467     2941.176470588230131
       468     2941.176470588240136
       469     2941.176470588230131
       470     2941.176470588230131
       471     2941.176470588230131
       472     2941.176470588240136
       473     2941.176470588230131
       474     2941.176470588240136
       475     2941.176470588240136
       476     2941.176470588230131
       477     2941.176470588230131
       478     2941.176470588230131
       479     2941.176470588230131
       480     2941.176470588240136
       481     2941.176470588240136
       482     2941.176470588240136
       483     2941.176470588240136
       484     2941.176470588230131
       485     2941.176470588230131
       486     2941.176470588230131
       487     2941.176470588230131
       488     2941.176470588230131
       489     2941.176470588230131
       490     2941.176470588240136
       491     2941.176470588240136
       492     2941.176470588240136
       493     2941.176470588240136
       494     2941.176470588240136
       495     2941.176470588240136
       496     2941.176470588240136
       497     2941.176470588240136
       498     2941.176470588230131
       499     2941.176470588240136
       500     2352.941176470590108
       501     2352.941176470590108
       502     2352.941176470590108
       503     2352.941176470590108
       504     2352.941176470590108
       505     2352.941176470590108
       506     2352.941176470590108
       507     2352.941176470590108
       508     2352.941176470590108
       509     2352.941176470590108
       510     2352.941176470590108
       511     2352.941176470590108
       512     2352.941176470590108
       513     2352.941176470590108
       514     2352.941176470590108
       515     2352.941176470590108
       516     2352.941176470590108
       517     2352.941176470590108
       518     2352.941176470590108
       519     2352.941176470590108
       520     2352.941176470590108
       521     2352.941176470590108
       522     2352.941176470590108
       523     2352.941176470590108
       524     2352.941176470590108
       525     2352.941176470590108
       526     2352.941176470590108
       527     2352.941176470590108
       528     2352.941176470590108
       529     2352.941176470590108
       530     2352.941176470590108
       531     2352.941176470590108
       532     2352.941176470590108
       533     2352.941176470590108
       534     2352.941176470590108
       535     2352.941176470590108
       536     2352.941176470590108
       537     2352.941176470590108
       538     2352.941176470590108
       539     2352.941176470590108
       540     2352.941176470590108
       541     2352.941176470590108
       542     2352.941176470590108
       543     2352.941176470590108
       544     2352.941176470590108
       545     2352.941176470590108
       546     2352.941176470590108
       547     2352.941176470590108
       548     2352.941176470590108
       549     2352.941176470590108
       550     2352.941176470590108
       551     2352.941176470590108
       552     2352.941176470590108
       553     2352.941176470590108
       554     2352.941176470590108
       555     2352.941176470590108
       556     2352.941176470590108
       557     2352.941176470590108
       558     2352.941176470590108
       559     2352.941176470590108
       560     2352.941176470590108
       561     2352.941176470590108
       562     2352.941176470590108
       563     2352.941176470590108
       564     2352.941176470590108
       565     2352.941176470590108
       566     2352.941176470590108
       567     2352.941176470590108
       568     2352.941176470590108
       569     2352.941176470590108
       570     2352.941176470590108
       571     2352.941176470590108
       572     2352.941176470590108
       573     2352.941176470590108
       574     2352.941176470590108
       575     2352.941176470590108
       576     2352.941176470590108
       577     2352.941176470590108
       578     2352.941176470590108
       579     2352.941176470590108
       580     2352.941176470590108
       581     1764.705882352940080
       582     1764.705882352940080
       583     1764.705882352940080
       584     1764.705882352940080
       585     1764.705882352940080
       586     1764.705882352940080
       587     1764.705882352940080
       588     1764.705882352940080
       589     1764.705882352940080
       590     1764.705882352940080
       591     1764.705882352940080
       592     1764.705882352940080
       593     1764.705882352940080
       594     1764.705882352940080
       595     1764.705882352940080
       596     1764.705882352940080
       597     1764.705882352940080
       598     1764.705882352940080
       599     1764.705882352940080
       600     1764.705882352940080
       601     1764.705882352940080
       602     1764.705882352940080
       603     1764.705882352940080
       604     1764.705882352940080
       605     1764.705882352940080
       606     1764.705882352940080
       607     1764.705882352940080
       608     1764.705882352940080
       609     1764.705882352940080
       610     1764.705882352940080
       611     1764.705882352940080
       612     1764.705882352940080
       613     1764.705882352940080
       614     1764.705882352940080
       615     1764.705882352940080
       616     1764.705882352940080
       617     1764.705882352940080
       618     1764.705882352940080
       619     1764.705882352940080
       620     1764.705882352940080
       621     1764.705882352940080
       622     1764.705882352940080
       623     1764.705882352940080
       624     1764.705882352940080
       625     1764.705882352940080
       626     1764.705882352940080
       627     1764.705882352940080
       628     1764.705882352940080
       629     1764.705882352940080
       630     1764.705882352940080
       631     1764.705882352940080
       632     1764.705882352940080
       633     1764.705882352940080
       634     1764.705882352940080
       635     1764.705882352940080
       636     1764.705882352940080
       637     1764.705882352940080
       638     1764.705882352940080
       639     1764.705882352940080
       640     1764.705882352940080
       641     1764.705882352940080
       642     1764.705882352940080
       643     1764.705882352940080
       644     1764.705882352940080
       645     1176.470588235290052
       646     1176.470588235290052
       647     1176.470588235290052
       648     1176.470588235290052
       649     1176.470588235290052
       650     1176.470588235290052
       651     1176.470588235290052
       652     1176.470588235290052
       653     1176.470588235290052
       654     1176.470588235290052
       655     1176.470588235290052
       656     1176.470588235290052
       657     1176.470588235290052
       658     1176.470588235290052
       659     1176.470588235290052
       660     1176.470588235290052
       661     1176.470588235290052
       662     1176.470588235290052
       663     1176.470588235290052
       664     1176.470588235290052
       665     1176.470588235290052
       666     1176.470588235290052
       667     1176.470588235290052
       668     1176.470588235290052
       669     1176.470588235290052
       670     1176.470588235290052
       671     1176.470588235290052
       672     1176.470588235290052
       673     1176.470588235290052
       674     1176.470588235290052
       675     1176.470588235290052
       676     1176.470588235290052
       677     1176.470588235290052
       678     1176.470588235290052
       679     1176.470588235290052
       680     1176.470588235290052
       681     1176.470588235290052
       682     1176.470588235290052
       683     1176.470588235290052
       684     1176.470588235290052
       685     1176.470588235290052
       686     1176.470588235290052
       687     1176.470588235290052
       688     1176.470588235290052
       689     1176.470588235290052
       690     1176.470588235290052
       691     1176.470588235290052
       692     1176.470588235290052
       693     1176.470588235290052
       694     1176.470588235290052
       695     1176.470588235290052
       696     1176.470588235290052
       697     1176.470588235290052
       698     1176.470588235290052
       699     1176.470588235290052
       700     1176.470588235290052
       701      588.235294117646959
       702      588.235294117646959
       703      588.235294117646959
       704      588.235294117646959
       705      588.235294117646959
       706      588.235294117646959
       707      588.235294117646959
       708      588.235294117646959
       709      588.235294117646959
       710      588.235294117646959
       711      588.235294117646959
       712      588.235294117646959
       713      588.235294117646959
       714      588.235294117646959
       715      588.235294117646959
       716      588.235294117646959
       717      588.235294117646959
       718      588.235294117646959
       719      588.235294117646959
       720      588.235294117646959
       721      588.235294117646959
       722      588.235294117646959
       723      588.235294117646959
       724      588.235294117646959
       725      588.235294117646959
       726      588.235294117646959
       727      588.235294117646959
       728      588.235294117646959
       729      588.235294117646959
       730      588.235294117646959
       731      588.235294117646959
       732      588.235294117646959
       733      588.235294117646959
       734      588.235294117646959
       735      588.235294117646959
       736      588.235294117646959
       737      588.235294117646959
       738      588.235294117646959
       739      588.235294117646959
       740      588.235294117646959
       741      588.235294117646959
       742      588.235294117646959
       743      588.235294117646959
       744      588.235294117646959
       745      588.235294117646959
       746      588.235294117646959
       747      588.235294117646959
       748      588.235294117646959
