         764
         1     2500.000000000000000
         2     2500.000000000000000
         3     2500.000000000000000
         4     2500.000000000000000
         5     2500.000000000000000
         6     2500.000000000000000
         7     2500.000000000000000
         8     2500.000000000000000
         9     2500.000000000000000
        10     2500.000000000000000
        11     2500.000000000000000
        12     2500.000000000000000
        13     2500.000000000000000
        14     2500.000000000000000
        15     2500.000000000000000
        16     2500.000000000000000
        17     2500.000000000000000
        18     2500.000000000000000
        19     2500.000000000000000
        20     2500.000000000000000
        21     2500.000000000000000
        22     2500.000000000000000
        23     2500.000000000000000
        24     2500.000000000000000
        25     2500.000000000000000
        26     2500.000000000000000
        27     2500.000000000000000
        28     2500.000000000000000
        29     2500.000000000000000
        30     2500.000000000000000
        31     2500.000000000000000
        32     2500.000000000000000
        33     2500.000000000000000
        34     2500.000000000000000
        35     2500.000000000000000
        36     2500.000000000000000
        37     2500.000000000000000
        38     2500.000000000000000
        39     2500.000000000000000
        40     2500.000000000000000
        41     2500.000000000000000
        42     2500.000000000000000
        43     2500.000000000000000
        44     2500.000000000000000
        45     2500.000000000000000
        46     2500.000000000000000
        47     2500.000000000000000
        48     2500.000000000000000
        49     2500.000000000000000
        50     2500.000000000000000
        51     2500.000000000000000
        52     2500.000000000000000
        53     2500.000000000000000
        54     2500.000000000000000
        55     2500.000000000000000
        56     2500.000000000000000
        57     2500.000000000000000
        58     2500.000000000000000
        59     2500.000000000000000
        60     2500.000000000000000
        61     2500.000000000000000
        62     2500.000000000000000
        63     2500.000000000000000
        64     2500.000000000000000
        65     2500.000000000000000
        66     2500.000000000000000
        67     2500.000000000000000
        68     2500.000000000000000
        69     2500.000000000000000
        70     2500.000000000000000
        71     2500.000000000000000
        72     2500.000000000000000
        73     2500.000000000000000
        74     2500.000000000000000
        75     2500.000000000000000
        76     2500.000000000000000
        77     2500.000000000000000
        78     2500.000000000000000
        79     2500.000000000000000
        80     2500.000000000000000
        81     2500.000000000000000
        82     2500.000000000000000
        83     2500.000000000000000
        84     2500.000000000000000
        85     2500.000000000000000
        86     2500.000000000000000
        87     2500.000000000000000
        88     2500.000000000000000
        89     2500.000000000000000
        90     2500.000000000000000
        91     2500.000000000000000
        92     2500.000000000000000
        93     2500.000000000000000
        94     2500.000000000000000
        95     2500.000000000000000
        96     2500.000000000000000
        97     2500.000000000000000
        98     2500.000000000000000
        99     2500.000000000000000
       100     1346.153846153850054
       101     1346.153846153850054
       102      769.230769230769056
       103      769.230769230768033
       104      192.307692307692008
       105      192.307692307692008
       106     1923.076923076919911
       107     1923.076923076919911
       108     1346.153846153850054
       109     1346.153846153850054
       110      769.230769230768033
       111      769.230769230768033
       112      192.307692307691013
       113      192.307692307692008
       114     -384.615384615385040
       115     -384.615384615385040
       116     1923.076923076919911
       117     1923.076923076919911
       118     1346.153846153850054
       119     1346.153846153850054
       120      769.230769230769056
       121      769.230769230769056
       122      192.307692307692008
       123      192.307692307692008
       124     -384.615384615385040
       125     -384.615384615384016
       126     1923.076923076919911
       127     1923.076923076919911
       128     1346.153846153850054
       129     1346.153846153850054
       130      769.230769230769056
       131      769.230769230769056
       132      192.307692307692008
       133      192.307692307692008
       134     -384.615384615384016
       135     -384.615384615385040
       136     1923.076923076919911
       137     1923.076923076919911
       138     1346.153846153850054
       139     1346.153846153850054
       140      769.230769230769056
       141      769.230769230769056
       142      192.307692307692008
       143      192.307692307692008
       144     -384.615384615385040
       145     -384.615384615385040
       146     1923.076923076919911
       147     1923.076923076919911
       148     1346.153846153850054
       149     1346.153846153850054
       150      769.230769230769056
       151      769.230769230769056
       152      192.307692307692008
       153      192.307692307692008
       154     -384.615384615384016
       155     -384.615384615384016
       156     1923.076923076919911
       157     1923.076923076919911
       158     1346.153846153850054
       159     1346.153846153850054
       160      769.230769230769056
       161      769.230769230769056
       162      192.307692307692008
       163      192.307692307692008
       164     -384.615384615385040
       165     -384.615384615385040
       166     1923.076923076919911
       167     1923.076923076919911
       168     1346.153846153850054
       169     1346.153846153850054
       170      769.230769230769056
       171      769.230769230769056
       172      192.307692307692008
       173      192.307692307693003
       174     -384.615384615384016
       175     -384.615384615384016
       176     1923.076923076919911
       177     1923.076923076919911
       178     1346.153846153850054
       179     1346.153846153850054
       180      769.230769230769056
       181      769.230769230769056
       182      192.307692307692008
       183      192.307692307692008
       184     -384.615384615384016
       185     -384.615384615384016
       186     1923.076923076919911
       187     1923.076923076919911
       188     1346.153846153850054
       189     1346.153846153850054
       190      769.230769230769056
       191      769.230769230769056
       192      192.307692307692008
       193      192.307692307693003
       194     -384.615384615384016
       195     -384.615384615384016
       196     1923.076923076919911
       197     1923.076923076919911
       198     1346.153846153850054
       199     1346.153846153850054
       200      769.230769230770079
       201      769.230769230770079
       202      192.307692307692008
       203      192.307692307692008
       204     -384.615384615384016
       205     -384.615384615384016
       206     1923.076923076919911
       207     1923.076923076919911
       208     1346.153846153850054
       209     1346.153846153850054
       210      769.230769230769056
       211      769.230769230769056
       212      192.307692307693003
       213      192.307692307693003
       214     -384.615384615384016
       215     -384.615384615384016
       216     1346.153846153850054
       217      769.230769230768033
       218      192.307692307692008
       219     1923.076923076919911
       220     1346.153846153850054
       221      769.230769230768033
       222      192.307692307691013
       223     -384.615384615385040
       224     1923.076923076919911
       225     1346.153846153850054
       226      769.230769230769056
       227      192.307692307692008
       228     -384.615384615385040
       229     -961.538461538460979
       230     1923.076923076919911
       231     1346.153846153850054
       232      769.230769230769056
       233      192.307692307692008
       234     -384.615384615384016
       235     -961.538461538462002
       236     1923.076923076919911
       237     1346.153846153850054
       238      769.230769230769056
       239      192.307692307692008
       240     -384.615384615384016
       241     1923.076923076919911
       242     1346.153846153850054
       243      769.230769230769056
       244      192.307692307692008
       245     -384.615384615385040
       246     1923.076923076919911
       247     1346.153846153850054
       248      769.230769230769056
       249      192.307692307692008
       250     -384.615384615385040
       251     1923.076923076919911
       252     1346.153846153850054
       253      769.230769230769056
       254      192.307692307692008
       255     -384.615384615384016
       256     1923.076923076919911
       257     1346.153846153850054
       258      769.230769230769056
       259      192.307692307692008
       260     -384.615384615384016
       261     1923.076923076919911
       262     1346.153846153850054
       263      769.230769230769056
       264      192.307692307692008
       265     -384.615384615384016
       266     1923.076923076919911
       267     1346.153846153850054
       268      769.230769230769056
       269      192.307692307693003
       270     -384.615384615384016
       271     1923.076923076919911
       272     1346.153846153850054
       273      769.230769230769056
       274      192.307692307692008
       275     -384.615384615384016
       276     1346.153846153850054
       277      769.230769230769056
       278      192.307692307691013
       279     1923.076923076919911
       280     1346.153846153840050
       281      769.230769230769056
       282      192.307692307691013
       283     -384.615384615385040
       284     1923.076923076919911
       285     1346.153846153850054
       286      769.230769230769056
       287      192.307692307692008
       288     -384.615384615385040
       289     -961.538461538460979
       290     1923.076923076919911
       291     1346.153846153850054
       292      769.230769230769056
       293      192.307692307692008
       294     -384.615384615385040
       295     -961.538461538462002
       296     1923.076923076919911
       297     1346.153846153850054
       298      769.230769230769056
       299      192.307692307692008
       300     -384.615384615385040
       301     -961.538461538462002
       302     1923.076923076919911
       303     1346.153846153850054
       304      769.230769230769056
       305      192.307692307692008
       306     -384.615384615384016
       307     1923.076923076919911
       308     1346.153846153850054
       309      769.230769230769056
       310      192.307692307692008
       311     -384.615384615385040
       312     1923.076923076919911
       313     1346.153846153850054
       314      769.230769230769056
       315      192.307692307692008
       316     -384.615384615384016
       317     1923.076923076919911
       318     1346.153846153850054
       319      769.230769230769056
       320      192.307692307692008
       321     -384.615384615384016
       322     1923.076923076919911
       323     1346.153846153850054
       324      769.230769230769056
       325      192.307692307692008
       326     -384.615384615384016
       327     1923.076923076919911
       328     1346.153846153850054
       329      769.230769230769056
       330      192.307692307692008
       331     -384.615384615384016
       332     1923.076923076919911
       333     1346.153846153850054
       334      769.230769230769056
       335      192.307692307692008
       336     -384.615384615384016
       337     1346.153846153850054
       338      769.230769230768033
       339      192.307692307692008
       340     1923.076923076919911
       341     1346.153846153850054
       342      769.230769230768033
       343      192.307692307692008
       344     -384.615384615385040
       345     1923.076923076919911
       346     1346.153846153850054
       347      769.230769230769056
       348      192.307692307692008
       349     -384.615384615385040
       350     -961.538461538462002
       351     1923.076923076919911
       352     1346.153846153850054
       353      769.230769230769056
       354      192.307692307692008
       355     -384.615384615385040
       356     -961.538461538462002
       357     1923.076923076919911
       358     1346.153846153850054
       359      769.230769230769056
       360      192.307692307692008
       361     -384.615384615385040
       362     -961.538461538460979
       363     1923.076923076919911
       364     1346.153846153850054
       365      769.230769230769056
       366      192.307692307692008
       367     -384.615384615385040
       368     -961.538461538460979
       369     1923.076923076919911
       370     1346.153846153850054
       371      769.230769230769056
       372      192.307692307692008
       373     -384.615384615385040
       374     1923.076923076919911
       375     1346.153846153850054
       376      769.230769230769056
       377      192.307692307693003
       378     -384.615384615384016
       379     1923.076923076919911
       380     1346.153846153850054
       381      769.230769230769056
       382      192.307692307693003
       383     -384.615384615384016
       384     1923.076923076919911
       385     1346.153846153850054
       386      769.230769230769056
       387      192.307692307693003
       388     -384.615384615385040
       389     1923.076923076919911
       390     1346.153846153850054
       391      769.230769230769056
       392      192.307692307693003
       393     -384.615384615385040
       394     1923.076923076919911
       395     1346.153846153850054
       396      769.230769230769056
       397      192.307692307693003
       398     -384.615384615384016
       399     1346.153846153850054
       400      769.230769230769056
       401      192.307692307692008
       402     1923.076923076919911
       403     1346.153846153850054
       404      769.230769230769056
       405      192.307692307691013
       406     -384.615384615385040
       407     1923.076923076919911
       408     1346.153846153850054
       409      769.230769230768033
       410      192.307692307691013
       411     -384.615384615385040
       412     -961.538461538460979
       413     1923.076923076919911
       414     1346.153846153850054
       415      769.230769230769056
       416      192.307692307691013
       417     -384.615384615385040
       418     -961.538461538462002
       419    -1538.461538461540158
       420     1923.076923076919911
       421     1346.153846153850054
       422      769.230769230769056
       423      192.307692307692008
       424     -384.615384615385040
       425     -961.538461538462002
       426    -1538.461538461540158
       427     1923.076923076919911
       428     1346.153846153850054
       429      769.230769230769056
       430      192.307692307692008
       431     -384.615384615385040
       432     -961.538461538462002
       433     1923.076923076919911
       434     1346.153846153850054
       435      769.230769230769056
       436      192.307692307692008
       437     -384.615384615385040
       438     -961.538461538462002
       439     1923.076923076919911
       440     1346.153846153850054
       441      769.230769230769056
       442      192.307692307692008
       443     -384.615384615385040
       444     1923.076923076919911
       445     1346.153846153850054
       446      769.230769230769056
       447      192.307692307692008
       448     -384.615384615384016
       449     1923.076923076919911
       450     1346.153846153850054
       451      769.230769230769056
       452      192.307692307692008
       453     -384.615384615384016
       454     1923.076923076919911
       455     1346.153846153850054
       456      769.230769230770079
       457      192.307692307693003
       458     -384.615384615385040
       459     1923.076923076919911
       460     1346.153846153850054
       461      769.230769230769056
       462      192.307692307692008
       463     -384.615384615384016
       464     1346.153846153850054
       465      769.230769230769056
       466      192.307692307691013
       467     1923.076923076919911
       468     1346.153846153850054
       469      769.230769230768033
       470      192.307692307691013
       471     -384.615384615385040
       472     1923.076923076919911
       473     1346.153846153850054
       474      769.230769230769056
       475      192.307692307692008
       476     -384.615384615385040
       477     -961.538461538460979
       478     1923.076923076919911
       479     1346.153846153850054
       480      769.230769230769056
       481      192.307692307691013
       482     -384.615384615385040
       483     -961.538461538460979
       484    -1538.461538461540158
       485     1923.076923076919911
       486     1346.153846153850054
       487      769.230769230769056
       488      192.307692307692008
       489     -384.615384615385040
       490     -961.538461538462002
       491    -1538.461538461540158
       492     1923.076923076919911
       493     1346.153846153850054
       494      769.230769230768033
       495      192.307692307692008
       496     -384.615384615384016
       497     -961.538461538460979
       498    -1538.461538461540158
       499     1923.076923076919911
       500     1346.153846153850054
       501      769.230769230769056
       502      192.307692307692008
       503     -384.615384615385040
       504     -961.538461538460979
       505     1923.076923076919911
       506     1346.153846153850054
       507      769.230769230769056
       508      192.307692307692008
       509     -384.615384615384016
       510     -961.538461538462002
       511     1923.076923076919911
       512     1346.153846153850054
       513      769.230769230769056
       514      192.307692307692008
       515     -384.615384615384016
       516     1923.076923076919911
       517     1346.153846153850054
       518      769.230769230769056
       519      192.307692307692008
       520     -384.615384615384016
       521     1923.076923076919911
       522     1346.153846153850054
       523      769.230769230769056
       524      192.307692307692008
       525     -384.615384615384016
       526     1923.076923076919911
       527     1346.153846153850054
       528      769.230769230769056
       529      192.307692307692008
       530     -384.615384615384016
       531     1346.153846153850054
       532      769.230769230769056
       533      192.307692307691013
       534     1923.076923076919911
       535     1346.153846153850054
       536      769.230769230768033
       537      192.307692307691013
       538     -384.615384615385040
       539     1923.076923076919911
       540     1346.153846153850054
       541      769.230769230769056
       542      192.307692307692008
       543     -384.615384615385040
       544     -961.538461538460979
       545     1923.076923076919911
       546     1346.153846153850054
       547      769.230769230769056
       548      192.307692307692008
       549     -384.615384615384016
       550     -961.538461538462002
       551    -1538.461538461540158
       552     1923.076923076919911
       553     1346.153846153850054
       554      769.230769230769056
       555      192.307692307691013
       556     -384.615384615385040
       557     -961.538461538462002
       558    -1538.461538461540158
       559     1923.076923076919911
       560     1346.153846153850054
       561      769.230769230768033
       562      192.307692307692008
       563     -384.615384615384016
       564     -961.538461538462002
       565    -1538.461538461540158
       566     1923.076923076919911
       567     1346.153846153850054
       568      769.230769230769056
       569      192.307692307691013
       570     -384.615384615385040
       571     -961.538461538462002
       572     1923.076923076919911
       573     1346.153846153850054
       574      769.230769230769056
       575      192.307692307692008
       576     -384.615384615385040
       577     -961.538461538462002
       578     1923.076923076919911
       579     1346.153846153850054
       580      769.230769230769056
       581      192.307692307692008
       582     -384.615384615384016
       583     -961.538461538462002
       584     1923.076923076919911
       585     1346.153846153850054
       586      769.230769230768033
       587      192.307692307692008
       588     -384.615384615384016
       589     1923.076923076919911
       590     1346.153846153850054
       591      769.230769230769056
       592      192.307692307692008
       593     -384.615384615384016
       594     1923.076923076919911
       595     1346.153846153850054
       596      769.230769230769056
       597      192.307692307692008
       598     -384.615384615384016
       599     1346.153846153850054
       600      769.230769230769056
       601      192.307692307691013
       602     1923.076923076919911
       603     1346.153846153850054
       604      769.230769230769056
       605      192.307692307691013
       606     -384.615384615385040
       607     1923.076923076919911
       608     1346.153846153850054
       609      769.230769230769056
       610      192.307692307692008
       611     -384.615384615385040
       612     -961.538461538460979
       613     1923.076923076919911
       614     1346.153846153850054
       615      769.230769230769056
       616      192.307692307691013
       617     -384.615384615385040
       618     -961.538461538462002
       619    -1538.461538461540158
       620     1923.076923076919911
       621     1346.153846153850054
       622      769.230769230769056
       623      192.307692307692008
       624     -384.615384615385040
       625     -961.538461538462002
       626    -1538.461538461540158
       627     1923.076923076919911
       628     1346.153846153850054
       629      769.230769230769056
       630      192.307692307692008
       631     -384.615384615385040
       632     -961.538461538462002
       633    -1538.461538461540158
       634     1923.076923076919911
       635     1346.153846153850054
       636      769.230769230769056
       637      192.307692307691013
       638     -384.615384615385040
       639     -961.538461538462002
       640     1923.076923076919911
       641     1346.153846153850054
       642      769.230769230769056
       643      192.307692307692008
       644     -384.615384615385040
       645     -961.538461538462002
       646     1923.076923076919911
       647     1346.153846153850054
       648      769.230769230768033
       649      192.307692307692008
       650     -384.615384615384016
       651     -961.538461538462002
       652     1923.076923076919911
       653     1346.153846153850054
       654      769.230769230769056
       655      192.307692307692008
       656     -384.615384615384016
       657     1923.076923076919911
       658     1346.153846153850054
       659      769.230769230769056
       660      192.307692307692008
       661     -384.615384615385040
       662     1923.076923076919911
       663     1346.153846153850054
       664      769.230769230769056
       665      192.307692307692008
       666     -384.615384615384016
       667     1346.153846153840050
       668      769.230769230768033
       669      192.307692307691013
       670     -384.615384615384016
       671     1923.076923076919911
       672     1346.153846153850054
       673      769.230769230769056
       674      192.307692307692008
       675     -384.615384615384016
       676     -961.538461538460979
       677     1923.076923076919911
       678     1346.153846153850054
       679      769.230769230769056
       680      192.307692307692008
       681     -384.615384615385040
       682     -961.538461538462002
       683     1923.076923076919911
       684     1346.153846153850054
       685      769.230769230769056
       686      192.307692307692008
       687     -384.615384615384016
       688     -961.538461538460979
       689     1923.076923076919911
       690     1346.153846153850054
       691      769.230769230768033
       692      192.307692307692008
       693     -384.615384615384016
       694     -961.538461538462002
       695     1923.076923076919911
       696     1346.153846153850054
       697      769.230769230769056
       698      192.307692307692008
       699     -384.615384615385040
       700     1923.076923076919911
       701     1346.153846153850054
       702      769.230769230769056
       703      192.307692307692008
       704     -384.615384615385040
       705     1923.076923076919911
       706     1346.153846153850054
       707      769.230769230769056
       708      192.307692307692008
       709     -384.615384615384016
       710     1923.076923076919911
       711     1346.153846153850054
       712      769.230769230769056
       713      192.307692307692008
       714     -384.615384615384016
       715     1923.076923076919911
       716     1346.153846153850054
       717      769.230769230769056
       718      192.307692307692008
       719     -384.615384615384016
       720     1923.076923076919911
       721     1346.153846153850054
       722      769.230769230769056
       723      192.307692307692008
       724     -384.615384615384016
       725      192.307692307691013
       726     -384.615384615385040
       727     1346.153846153850054
       728      769.230769230769056
       729      192.307692307691013
       730     -384.615384615385040
       731     -961.538461538460979
       732     1923.076923076919911
       733     1346.153846153850054
       734      769.230769230769056
       735      192.307692307692008
       736     -384.615384615385040
       737     -961.538461538462002
       738     1923.076923076919911
       739     1346.153846153850054
       740      769.230769230769056
       741      192.307692307691013
       742     -384.615384615385040
       743     1346.153846153850054
       744      769.230769230768033
       745      192.307692307692008
       746     -384.615384615384016
       747     1346.153846153850054
       748      769.230769230768033
       749      192.307692307691013
       750     1346.153846153850054
       751      769.230769230769056
       752      192.307692307692008
       753     1346.153846153850054
       754      769.230769230769056
       755      192.307692307692008
       756     1346.153846153850054
       757      769.230769230769056
       758      192.307692307692008
       759     1346.153846153850054
       760      769.230769230769056
       761      192.307692307692008
       762     1346.153846153850054
       763      769.230769230769056
       764      192.307692307692008
