         755
         1    -1176.470588235290052
         2    -1176.470588235290052
         3    -1176.470588235290052
         4    -1176.470588235290052
         5    -1176.470588235290052
         6    -1176.470588235290052
         7    -1176.470588235290052
         8    -1176.470588235290052
         9    -1176.470588235290052
        10    -1176.470588235290052
        11    -1176.470588235290052
        12    -1176.470588235290052
        13     -588.235294117646959
        14     -588.235294117646959
        15     -588.235294117646959
        16     -588.235294117646959
        17     -588.235294117646959
        18     -588.235294117646959
        19     -588.235294117646959
        20     -588.235294117646959
        21     -588.235294117646959
        22     -588.235294117646959
        23     -588.235294117646959
        24     -588.235294117646959
        25     -588.235294117646959
        26     -588.235294117646959
        27     -588.235294117646959
        28     -588.235294117646959
        29     -588.235294117646959
        30     -588.235294117646959
        31     -588.235294117646959
        32     -588.235294117646959
        33     -588.235294117646959
        34     -588.235294117646959
        35     -588.235294117646959
        36     -588.235294117646959
        37     -588.235294117646959
        38     -588.235294117646959
        39     -588.235294117646959
        40        0.000000000000000
        41        0.000000000000000
        42        0.000000000000000
        43        0.000000000000000
        44        0.000000000000000
        45        0.000000000000000
        46        0.000000000000000
        47        0.000000000000000
        48        0.000000000000000
        49        0.000000000000000
        50        0.000000000000000
        51        0.000000000000000
        52        0.000000000000000
        53        0.000000000000000
        54        0.000000000000000
        55        0.000000000000000
        56        0.000000000000000
        57        0.000000000000000
        58        0.000000000000000
        59        0.000000000000000
        60        0.000000000000000
        61        0.000000000000000
        62        0.000000000000000
        63        0.000000000000000
        64        0.000000000000000
        65        0.000000000000000
        66        0.000000000000000
        67        0.000000000000000
        68        0.000000000000000
        69        0.000000000000000
        70      588.235294117646959
        71      588.235294117646959
        72      588.235294117646959
        73      588.235294117646959
        74      588.235294117646959
        75      588.235294117646959
        76      588.235294117646959
        77      588.235294117646959
        78      588.235294117646959
        79      588.235294117646959
        80      588.235294117646959
        81      588.235294117646959
        82      588.235294117646959
        83      588.235294117646959
        84      588.235294117646959
        85      588.235294117646959
        86      588.235294117646959
        87      588.235294117646959
        88      588.235294117646959
        89      588.235294117646959
        90      588.235294117646959
        91      588.235294117646959
        92      588.235294117646959
        93      588.235294117646959
        94      588.235294117646959
        95      588.235294117646959
        96      588.235294117646959
        97      588.235294117646959
        98      588.235294117646959
        99      588.235294117646959
       100     1176.470588235290052
       101     1176.470588235290052
       102     1176.470588235290052
       103     1176.470588235290052
       104     1176.470588235290052
       105     1176.470588235290052
       106     1176.470588235290052
       107     1176.470588235290052
       108     1176.470588235290052
       109     1176.470588235290052
       110     1176.470588235290052
       111     1176.470588235290052
       112     1176.470588235290052
       113     1176.470588235290052
       114     1176.470588235290052
       115     1176.470588235290052
       116     1176.470588235290052
       117     1176.470588235290052
       118     1176.470588235290052
       119     1176.470588235290052
       120     1176.470588235290052
       121     1176.470588235290052
       122     1176.470588235290052
       123     1176.470588235290052
       124     1176.470588235290052
       125     1176.470588235290052
       126     1176.470588235290052
       127     1764.705882352940080
       128     1764.705882352940080
       129     1764.705882352940080
       130     1764.705882352940080
       131     1764.705882352940080
       132     1764.705882352940080
       133     1764.705882352940080
       134     1764.705882352940080
       135     1764.705882352940080
       136     1764.705882352940080
       137     1764.705882352940080
       138     1764.705882352940080
       139     1764.705882352940080
       140     1764.705882352940080
       141     1764.705882352940080
       142     1764.705882352940080
       143     1764.705882352940080
       144     1764.705882352940080
       145     1764.705882352940080
       146     1764.705882352940080
       147     1764.705882352940080
       148     1764.705882352940080
       149     1764.705882352940080
       150     1764.705882352940080
       151     2352.941176470590108
       152     2352.941176470590108
       153     2352.941176470590108
       154     2352.941176470590108
       155     2352.941176470590108
       156     2352.941176470590108
       157     2352.941176470590108
       158     2352.941176470590108
       159     2352.941176470590108
       160     2352.941176470590108
       161     2352.941176470590108
       162     2352.941176470590108
       163     2352.941176470590108
       164     2352.941176470590108
       165     2352.941176470590108
       166     2352.941176470590108
       167     2352.941176470590108
       168     2352.941176470590108
       169     2352.941176470590108
       170     2352.941176470590108
       171     2352.941176470590108
       172     2352.941176470590108
       173     2352.941176470590108
       174     2352.941176470590108
       175     2941.176470588240136
       176     2941.176470588240136
       177     2941.176470588240136
       178     2941.176470588240136
       179     2941.176470588230131
       180     2941.176470588230131
       181     2941.176470588240136
       182     2941.176470588230131
       183     2941.176470588240136
       184     2941.176470588240136
       185     2941.176470588240136
       186     2941.176470588240136
       187     2941.176470588240136
       188     2941.176470588240136
       189     2941.176470588240136
       190     2941.176470588240136
       191     2941.176470588240136
       192     2941.176470588240136
       193     2941.176470588240136
       194     2941.176470588240136
       195     2941.176470588240136
       196     3529.411764705880159
       197     3529.411764705880159
       198     3529.411764705880159
       199     3529.411764705880159
       200     3529.411764705880159
       201     3529.411764705880159
       202     3529.411764705880159
       203     3529.411764705880159
       204     3529.411764705880159
       205     3529.411764705880159
       206     3529.411764705880159
       207     3529.411764705880159
       208     3529.411764705880159
       209     3529.411764705880159
       210     3529.411764705880159
       211     3529.411764705880159
       212     3529.411764705880159
       213     3529.411764705880159
       214     3529.411764705880159
       215     3529.411764705880159
       216     3529.411764705880159
       217     4117.647058823529733
       218     4117.647058823529733
       219     4117.647058823529733
       220     4117.647058823529733
       221     4117.647058823529733
       222     4117.647058823529733
       223     4117.647058823529733
       224     4117.647058823529733
       225     4117.647058823529733
       226     4117.647058823529733
       227     4117.647058823529733
       228     4117.647058823529733
       229     4117.647058823529733
       230     4117.647058823529733
       231     4117.647058823529733
       232     4117.647058823529733
       233     4117.647058823529733
       234     4117.647058823529733
       235     4117.647058823529733
       236     4117.647058823529733
       237     4117.647058823529733
       238     4705.882352941180216
       239     4705.882352941180216
       240     4705.882352941180216
       241     4705.882352941180216
       242     4705.882352941180216
       243     4705.882352941180216
       244     4705.882352941180216
       245     4705.882352941180216
       246     4705.882352941180216
       247     4705.882352941180216
       248     4705.882352941180216
       249     4705.882352941180216
       250     4705.882352941180216
       251     4705.882352941180216
       252     4705.882352941180216
       253     4705.882352941180216
       254     4705.882352941180216
       255     4705.882352941180216
       256     4705.882352941180216
       257     4705.882352941180216
       258     4705.882352941180216
       259     5294.117647058819784
       260     5294.117647058819784
       261     5294.117647058819784
       262     5294.117647058819784
       263     5294.117647058819784
       264     5294.117647058819784
       265     5294.117647058819784
       266     5294.117647058819784
       267     5294.117647058819784
       268     5294.117647058819784
       269     5294.117647058819784
       270     5294.117647058819784
       271     5294.117647058819784
       272     5294.117647058819784
       273     5294.117647058819784
       274     5294.117647058819784
       275     5294.117647058819784
       276     5294.117647058819784
       277     5294.117647058819784
       278     5294.117647058819784
       279     5294.117647058819784
       280    -1176.470588235290052
       281    -1176.470588235290052
       282    -1176.470588235290052
       283    -1176.470588235290052
       284    -1176.470588235290052
       285     -588.235294117646959
       286     -588.235294117646959
       287     -588.235294117646959
       288     -588.235294117646959
       289     -588.235294117646959
       290     -588.235294117646959
       291     -588.235294117646959
       292     -588.235294117646959
       293     -588.235294117646959
       294     -588.235294117646959
       295     -588.235294117646959
       296     -588.235294117646959
       297     -588.235294117646959
       298     -588.235294117646959
       299     -588.235294117646959
       300     -588.235294117646959
       301     -588.235294117646959
       302     -588.235294117646959
       303     -588.235294117646959
       304     -588.235294117646959
       305     -588.235294117646959
       306     -588.235294117646959
       307     -588.235294117646959
       308     -588.235294117646959
       309     -588.235294117646959
       310     -588.235294117646959
       311        0.000000000000000
       312        0.000000000000000
       313        0.000000000000000
       314        0.000000000000000
       315        0.000000000000000
       316        0.000000000000000
       317        0.000000000000000
       318        0.000000000000000
       319        0.000000000000000
       320        0.000000000000000
       321        0.000000000000000
       322        0.000000000000000
       323        0.000000000000000
       324        0.000000000000000
       325        0.000000000000000
       326        0.000000000000000
       327        0.000000000000000
       328        0.000000000000000
       329        0.000000000000000
       330        0.000000000000000
       331        0.000000000000000
       332        0.000000000000000
       333        0.000000000000000
       334        0.000000000000000
       335        0.000000000000000
       336        0.000000000000000
       337        0.000000000000000
       338        0.000000000000000
       339      588.235294117646959
       340      588.235294117646959
       341      588.235294117646959
       342      588.235294117646959
       343      588.235294117646959
       344      588.235294117646959
       345      588.235294117646959
       346      588.235294117646959
       347      588.235294117646959
       348      588.235294117646959
       349      588.235294117646959
       350      588.235294117646959
       351      588.235294117646959
       352      588.235294117646959
       353      588.235294117646959
       354      588.235294117646959
       355      588.235294117646959
       356      588.235294117646959
       357      588.235294117646959
       358      588.235294117646959
       359      588.235294117646959
       360      588.235294117646959
       361      588.235294117646959
       362      588.235294117646959
       363      588.235294117646959
       364      588.235294117646959
       365      588.235294117646959
       366      588.235294117646959
       367     1176.470588235290052
       368     1176.470588235290052
       369     1176.470588235290052
       370     1176.470588235290052
       371     1176.470588235290052
       372     1176.470588235290052
       373     1176.470588235290052
       374     1176.470588235290052
       375     1176.470588235290052
       376     1176.470588235290052
       377     1176.470588235290052
       378     1176.470588235290052
       379     1176.470588235290052
       380     1176.470588235290052
       381     1176.470588235290052
       382     1176.470588235290052
       383     1176.470588235290052
       384     1176.470588235290052
       385     1176.470588235290052
       386     1176.470588235290052
       387     1176.470588235290052
       388     1176.470588235290052
       389     1176.470588235290052
       390     1176.470588235290052
       391     1176.470588235290052
       392     1176.470588235290052
       393     1176.470588235290052
       394     1764.705882352940080
       395     1764.705882352940080
       396     1764.705882352940080
       397     1764.705882352940080
       398     1764.705882352940080
       399     1764.705882352940080
       400     1764.705882352940080
       401     1764.705882352940080
       402     1764.705882352940080
       403     1764.705882352940080
       404     1764.705882352940080
       405     1764.705882352940080
       406     1764.705882352940080
       407     1764.705882352940080
       408     1764.705882352940080
       409     1764.705882352940080
       410     1764.705882352940080
       411     1764.705882352940080
       412     1764.705882352940080
       413     1764.705882352940080
       414     1764.705882352940080
       415     1764.705882352940080
       416     1764.705882352940080
       417     1764.705882352940080
       418     2352.941176470590108
       419     2352.941176470590108
       420     2352.941176470590108
       421     2352.941176470590108
       422     2352.941176470590108
       423     2352.941176470590108
       424     2352.941176470590108
       425     2352.941176470590108
       426     2352.941176470590108
       427     2352.941176470590108
       428     2352.941176470590108
       429     2352.941176470590108
       430     2352.941176470590108
       431     2352.941176470590108
       432     2352.941176470590108
       433     2352.941176470590108
       434     2352.941176470590108
       435     2352.941176470590108
       436     2352.941176470590108
       437     2352.941176470590108
       438     2352.941176470590108
       439     2352.941176470590108
       440     2352.941176470590108
       441     2352.941176470590108
       442     2941.176470588240136
       443     2941.176470588240136
       444     2941.176470588240136
       445     2941.176470588240136
       446     2941.176470588230131
       447     2941.176470588230131
       448     2941.176470588240136
       449     2941.176470588230131
       450     2941.176470588240136
       451     2941.176470588230131
       452     2941.176470588240136
       453     2941.176470588240136
       454     2941.176470588240136
       455     2941.176470588240136
       456     2941.176470588230131
       457     2941.176470588240136
       458     2941.176470588230131
       459     2941.176470588230131
       460     2941.176470588240136
       461     2941.176470588240136
       462     2941.176470588240136
       463     3529.411764705880159
       464     3529.411764705880159
       465     3529.411764705880159
       466     3529.411764705880159
       467     3529.411764705880159
       468     3529.411764705880159
       469     3529.411764705880159
       470     3529.411764705880159
       471     3529.411764705880159
       472     3529.411764705880159
       473     3529.411764705880159
       474     3529.411764705880159
       475     3529.411764705880159
       476     3529.411764705880159
       477     3529.411764705880159
       478     3529.411764705880159
       479     3529.411764705880159
       480     3529.411764705880159
       481     3529.411764705880159
       482     3529.411764705880159
       483     3529.411764705880159
       484     4117.647058823529733
       485     4117.647058823529733
       486     4117.647058823529733
       487     4117.647058823529733
       488     4117.647058823529733
       489     4117.647058823529733
       490     4117.647058823529733
       491     4117.647058823529733
       492     4117.647058823529733
       493     4117.647058823529733
       494     4117.647058823529733
       495     4117.647058823529733
       496     4117.647058823529733
       497     4117.647058823529733
       498     4117.647058823529733
       499     4117.647058823529733
       500     4117.647058823529733
       501     4117.647058823529733
       502     4117.647058823529733
       503     4117.647058823529733
       504     4117.647058823529733
       505     4705.882352941180216
       506     4705.882352941180216
       507     4705.882352941180216
       508     4705.882352941180216
       509     4705.882352941180216
       510     4705.882352941180216
       511     4705.882352941180216
       512     4705.882352941180216
       513     4705.882352941180216
       514     4705.882352941180216
       515     4705.882352941180216
       516     4705.882352941180216
       517     4705.882352941180216
       518     4705.882352941180216
       519     4705.882352941180216
       520     4705.882352941180216
       521     4705.882352941180216
       522     4705.882352941180216
       523     4705.882352941180216
       524     4705.882352941180216
       525     4705.882352941180216
       526     5294.117647058819784
       527     5294.117647058819784
       528     5294.117647058819784
       529     5294.117647058819784
       530     5294.117647058819784
       531     5294.117647058819784
       532     5294.117647058819784
       533     5294.117647058819784
       534     5294.117647058819784
       535     5294.117647058829789
       536     5294.117647058819784
       537     5294.117647058819784
       538     5294.117647058819784
       539     5294.117647058829789
       540     5294.117647058819784
       541     5294.117647058819784
       542     5294.117647058819784
       543     5294.117647058819784
       544     5294.117647058819784
       545     5294.117647058819784
       546     5294.117647058819784
       547     5882.352941176470267
       548     5882.352941176470267
       549     -588.235294117646959
       550     -588.235294117646959
       551        0.000000000000000
       552        0.000000000000000
       553     -588.235294117646959
       554        0.000000000000000
       555     -588.235294117646959
       556        0.000000000000000
       557     -588.235294117646959
       558        0.000000000000000
       559     -588.235294117646959
       560        0.000000000000000
       561     -588.235294117646959
       562        0.000000000000000
       563     -588.235294117646959
       564        0.000000000000000
       565        0.000000000000000
       566     2352.941176470590108
       567     2352.941176470590108
       568     2941.176470588240136
       569     2941.176470588240136
       570     1764.705882352940080
       571     1764.705882352940080
       572     2352.941176470590108
       573     2352.941176470590108
       574     2941.176470588240136
       575     2941.176470588230131
       576     3529.411764705880159
       577     3529.411764705880159
       578     4117.647058823529733
       579     4117.647058823529733
       580     4705.882352941180216
       581     4705.882352941180216
       582     5294.117647058819784
       583     5294.117647058819784
       584     5882.352941176470267
       585     5882.352941176470267
       586     1176.470588235290052
       587     1176.470588235290052
       588     1764.705882352940080
       589     1764.705882352940080
       590     2352.941176470590108
       591     2352.941176470590108
       592     2941.176470588240136
       593     2941.176470588240136
       594     3529.411764705880159
       595     3529.411764705880159
       596     4117.647058823529733
       597     4117.647058823529733
       598     4705.882352941180216
       599     4705.882352941180216
       600     5294.117647058819784
       601     5294.117647058819784
       602     5882.352941176470267
       603     5882.352941176470267
       604      588.235294117646959
       605      588.235294117646959
       606     1176.470588235290052
       607     1176.470588235290052
       608     1764.705882352940080
       609     1764.705882352940080
       610     2352.941176470590108
       611     2352.941176470590108
       612     2941.176470588240136
       613     2941.176470588240136
       614     3529.411764705880159
       615     3529.411764705880159
       616     4117.647058823529733
       617     4117.647058823529733
       618     4705.882352941180216
       619     4705.882352941180216
       620     5294.117647058819784
       621     5294.117647058819784
       622     5882.352941176470267
       623     5882.352941176470267
       624     2352.941176470590108
       625     2941.176470588240136
       626     1764.705882352940080
       627     2352.941176470590108
       628     2941.176470588240136
       629     3529.411764705880159
       630     4117.647058823529733
       631     4705.882352941180216
       632     5294.117647058819784
       633     5882.352941176470267
       634     1176.470588235290052
       635     1764.705882352940080
       636     2352.941176470590108
       637     2941.176470588240136
       638     3529.411764705880159
       639     4117.647058823529733
       640     4705.882352941180216
       641     5294.117647058819784
       642     5882.352941176460263
       643      588.235294117646959
       644     1176.470588235290052
       645     1764.705882352940080
       646     2352.941176470590108
       647     2941.176470588240136
       648     3529.411764705880159
       649     4117.647058823529733
       650     4705.882352941180216
       651     5294.117647058829789
       652     5882.352941176470267
       653     2352.941176470590108
       654     2941.176470588240136
       655     1764.705882352940080
       656     2352.941176470590108
       657     2941.176470588230131
       658     3529.411764705880159
       659     4117.647058823529733
       660     4705.882352941180216
       661     5294.117647058819784
       662     5882.352941176470267
       663     1176.470588235290052
       664     1764.705882352940080
       665     2352.941176470590108
       666     2941.176470588240136
       667     3529.411764705880159
       668     4117.647058823529733
       669     4705.882352941180216
       670     5294.117647058819784
       671     5882.352941176470267
       672      588.235294117646959
       673     1176.470588235290052
       674     1764.705882352940080
       675     2352.941176470590108
       676     2941.176470588240136
       677     3529.411764705880159
       678     4117.647058823529733
       679     4705.882352941180216
       680     5294.117647058819784
       681     2352.941176470590108
       682     2941.176470588230131
       683     1764.705882352940080
       684     2352.941176470590108
       685     2941.176470588230131
       686     3529.411764705880159
       687     4117.647058823529733
       688     4705.882352941180216
       689     5294.117647058819784
       690     1176.470588235290052
       691     1764.705882352940080
       692     2352.941176470590108
       693     2941.176470588230131
       694     3529.411764705880159
       695     4117.647058823529733
       696     4705.882352941180216
       697     5294.117647058819784
       698      588.235294117646959
       699     1176.470588235290052
       700     1764.705882352940080
       701     2352.941176470590108
       702     2941.176470588230131
       703     3529.411764705880159
       704     4117.647058823529733
       705     4705.882352941180216
       706     5294.117647058819784
       707     2352.941176470590108
       708     2941.176470588240136
       709     1764.705882352940080
       710     2352.941176470590108
       711     2941.176470588240136
       712     3529.411764705880159
       713     4117.647058823529733
       714     4705.882352941180216
       715     5294.117647058819784
       716     1176.470588235290052
       717     1764.705882352940080
       718     2352.941176470590108
       719     2941.176470588240136
       720     3529.411764705880159
       721     4117.647058823529733
       722     4705.882352941180216
       723     5294.117647058819784
       724      588.235294117646959
       725     1176.470588235290052
       726     1764.705882352940080
       727     2352.941176470590108
       728     2941.176470588240136
       729     3529.411764705880159
       730     4117.647058823529733
       731     4705.882352941180216
       732     5294.117647058819784
       733     2352.941176470590108
       734     2941.176470588240136
       735     3529.411764705880159
       736     1176.470588235290052
       737     1764.705882352940080
       738     2352.941176470590108
       739     2941.176470588230131
       740     3529.411764705880159
       741     4117.647058823529733
       742     4705.882352941180216
       743      588.235294117646959
       744     1176.470588235290052
       745     1764.705882352940080
       746     2352.941176470590108
       747     2941.176470588240136
       748     3529.411764705880159
       749     4117.647058823529733
       750     4705.882352941180216
       751     5294.117647058819784
       752      588.235294117646959
       753     1176.470588235290052
       754     1764.705882352940080
       755      588.235294117646959
