2 .00000
134
170  3
242  3
 94  3
171  3
243  3
307  3
371  3
 95  3
172  3
244  3
308  3
372  3
421  3
463  3
498  3
 96  3
173  3
245  3
309  3
373  3
422  3
464  3
499  3
 97  3
174  3
246  3
310  3
374  3
423  3
465  3
500  3
 98  3
175  3
247  3
311  3
375  3
424  3
466  3
501  3
 31  3
 99  3
176  3
248  3
312  3
376  3
425  3
467  3
502  3
 32  3
100  3
177  3
249  3
313  3
377  3
426  3
468  3
503  3
 33  3
101  3
178  3
250  3
314  3
378  3
427  3
469  3
504  3
108  2
 39  2
322  2
258  2
187  2
116  2
 46  2
  6  2
385  2
330  2
266  2
196  2
124  2
 53  2
 12  2
434  2
392  2
338  2
274  2
205  2
133  2
 61  2
 17  2
476  2
441  2
399  2
346  2
282  2
214  2
142  2
 69  2
 21  2
483  2
448  2
406  2
354  2
290  2
223  2
151  2
 77  2
 24  2
490  2
455  2
413  2
362  2
298  2
232  2
160  2
 85  2
 27  2
497  2
462  2
420  2
370  2
306  2
241  2
169  2
 93  2
 30  2
504  2
469  2
427  2
378  2
314  2
250  2
178  2
101  2
 33  2
