         504
           1          10          12          13          11          33
          35          36          34
           2          12          14          15          13          35
          37          38          36
           3          14          16          17          15          37
          39          40          38
           4          16          18          19          17          39
          41          42          40
           5          18          20          21          19          41
          43          44          42
           6          20          22          23          21          43
          45          46          44
           7          11          13          25          24          34
          36          51          50
           8          13          15          26          25          36
          38          52          51
           9          15          17          27          26          38
          40          53          52
          10          17          19          28          27          40
          42          54          53
          11          19          21          29          28          42
          44          55          54
          12          21          23          30          29          44
          46          56          55
          13          31          33          34          32          60
          62          63          61
          14          33          35          36          34          62
          64          65          63
          15          35          37          38          36          64
          66          67          65
          16          37          39          40          38          66
          68          69          67
          17          39          41          42          40          68
          70          71          69
          18          41          43          44          42          70
          72          73          71
          19          43          45          46          44          72
          74          75          73
          20          45          47          48          46          74
          76          77          75
          21          32          34          50          49          61
          63          80          79
          22          34          36          51          50          63
          65          81          80
          23          36          38          52          51          65
          67          82          81
          24          38          40          53          52          67
          69          83          82
          25          40          42          54          53          69
          71          84          83
          26          42          44          55          54          71
          73          85          84
          27          44          46          56          55          73
          75          86          85
          28          46          48          57          56          75
          77          87          86
          29          58          60          61          59          88
          90          91          89
          30          60          62          63          61          90
          92          93          91
          31          62          64          65          63          92
          94          95          93
          32          64          66          67          65          94
          96          97          95
          33          66          68          69          67          96
          98          99          97
          34          68          70          71          69          98
         100         101          99
          35          70          72          73          71         100
         102         103         101
          36          72          74          75          73         102
         104         105         103
          37          74          76          77          75         104
         106         107         105
          38          76           1           2          77         106
           4           5         107
          39          59          61          79          78          89
          91         109         108
          40          61          63          80          79          91
          93         110         109
          41          63          65          81          80          93
          95         111         110
          42          65          67          82          81          95
          97         112         111
          43          67          69          83          82          97
          99         113         112
          44          69          71          84          83          99
         101         114         113
          45          71          73          85          84         101
         103         115         114
          46          73          75          86          85         103
         105         116         115
          47          75          77          87          86         105
         107         117         116
          48          77           2           3          87         107
           5           6         117
          49          88          90          91          89         118
         120         121         119
          50          90          92          93          91         120
         122         123         121
          51          92          94          95          93         122
         124         125         123
          52          94          96          97          95         124
         126         127         125
          53          96          98          99          97         126
         128         129         127
          54          98         100         101          99         128
         130         131         129
          55         100         102         103         101         130
         132         133         131
          56         102         104         105         103         132
         134         135         133
          57         104         106         107         105         134
         136         137         135
          58         106           4           5         107         136
           7           8         137
          59          89          91         109         108         119
         121         139         138
          60          91          93         110         109         121
         123         140         139
          61          93          95         111         110         123
         125         141         140
          62          95          97         112         111         125
         127         142         141
          63          97          99         113         112         127
         129         143         142
          64          99         101         114         113         129
         131         144         143
          65         101         103         115         114         131
         133         145         144
          66         103         105         116         115         133
         135         146         145
          67         105         107         117         116         135
         137         147         146
          68         107           5           6         117         137
           8           9         147
          69         120         122         123         121         149
         151         152         150
          70         122         124         125         123         151
         153         154         152
          71         124         126         127         125         153
         155         156         154
          72         126         128         129         127         155
         157         158         156
          73         128         130         131         129         157
         159         160         158
          74         130         132         133         131         159
         161         162         160
          75         132         134         135         133         161
         163         164         162
          76         134         136         137         135         163
         165         166         164
          77         121         123         140         139         150
         152         168         167
          78         123         125         141         140         152
         154         169         168
          79         125         127         142         141         154
         156         170         169
          80         127         129         143         142         156
         158         171         170
          81         129         131         144         143         158
         160         172         171
          82         131         133         145         144         160
         162         173         172
          83         133         135         146         145         162
         164         174         173
          84         135         137         147         146         164
         166         175         174
          85         185         187         188         186         208
         210         211         209
          86         187         189         190         188         210
         212         213         211
          87         189         191         192         190         212
         214         215         213
          88         191         193         194         192         214
         216         217         215
          89         193         195         196         194         216
         218         219         217
          90         195         197         198         196         218
         220         221         219
          91         186         188         200         199         209
         211         226         225
          92         188         190         201         200         211
         213         227         226
          93         190         192         202         201         213
         215         228         227
          94         192         194         203         202         215
         217         229         228
          95         194         196         204         203         217
         219         230         229
          96         196         198         205         204         219
         221         231         230
          97         199         200          12          10         225
         226          35          33
          98         200         201          14          12         226
         227          37          35
          99         201         202          16          14         227
         228          39          37
         100         202         203          18          16         228
         229          41          39
         101         203         204          20          18         229
         230          43          41
         102         204         205          22          20         230
         231          45          43
         103         206         208         209         207         235
         237         238         236
         104         208         210         211         209         237
         239         240         238
         105         210         212         213         211         239
         241         242         240
         106         212         214         215         213         241
         243         244         242
         107         214         216         217         215         243
         245         246         244
         108         216         218         219         217         245
         247         248         246
         109         218         220         221         219         247
         249         250         248
         110         220         222         223         221         249
         251         252         250
         111         207         209         225         224         236
         238         255         254
         112         209         211         226         225         238
         240         256         255
         113         211         213         227         226         240
         242         257         256
         114         213         215         228         227         242
         244         258         257
         115         215         217         229         228         244
         246         259         258
         116         217         219         230         229         246
         248         260         259
         117         219         221         231         230         248
         250         261         260
         118         221         223         232         231         250
         252         262         261
         119         224         225          33          31         254
         255          62          60
         120         225         226          35          33         255
         256          64          62
         121         226         227          37          35         256
         257          66          64
         122         227         228          39          37         257
         258          68          66
         123         228         229          41          39         258
         259          70          68
         124         229         230          43          41         259
         260          72          70
         125         230         231          45          43         260
         261          74          72
         126         231         232          47          45         261
         262          76          74
         127         233         235         236         234         264
         266         267         265
         128         235         237         238         236         266
         268         269         267
         129         237         239         240         238         268
         270         271         269
         130         239         241         242         240         270
         272         273         271
         131         241         243         244         242         272
         274         275         273
         132         243         245         246         244         274
         276         277         275
         133         245         247         248         246         276
         278         279         277
         134         247         249         250         248         278
         280         281         279
         135         249         251         252         250         280
         282         283         281
         136         251         176         177         252         282
         179         180         283
         137         234         236         254         253         265
         267         285         284
         138         236         238         255         254         267
         269         286         285
         139         238         240         256         255         269
         271         287         286
         140         240         242         257         256         271
         273         288         287
         141         242         244         258         257         273
         275         289         288
         142         244         246         259         258         275
         277         290         289
         143         246         248         260         259         277
         279         291         290
         144         248         250         261         260         279
         281         292         291
         145         250         252         262         261         281
         283         293         292
         146         252         177         178         262         283
         180         181         293
         147         253         254          60          58         284
         285          90          88
         148         254         255          62          60         285
         286          92          90
         149         255         256          64          62         286
         287          94          92
         150         256         257          66          64         287
         288          96          94
         151         257         258          68          66         288
         289          98          96
         152         258         259          70          68         289
         290         100          98
         153         259         260          72          70         290
         291         102         100
         154         260         261          74          72         291
         292         104         102
         155         261         262          76          74         292
         293         106         104
         156         262         178           1          76         293
         181           4         106
         157         264         266         267         265         295
         297         298         296
         158         266         268         269         267         297
         299         300         298
         159         268         270         271         269         299
         301         302         300
         160         270         272         273         271         301
         303         304         302
         161         272         274         275         273         303
         305         306         304
         162         274         276         277         275         305
         307         308         306
         163         276         278         279         277         307
         309         310         308
         164         278         280         281         279         309
         311         312         310
         165         280         282         283         281         311
         313         314         312
         166         282         179         180         283         313
         182         183         314
         167         265         267         285         284         296
         298         316         315
         168         267         269         286         285         298
         300         317         316
         169         269         271         287         286         300
         302         318         317
         170         271         273         288         287         302
         304         319         318
         171         273         275         289         288         304
         306         320         319
         172         275         277         290         289         306
         308         321         320
         173         277         279         291         290         308
         310         322         321
         174         279         281         292         291         310
         312         323         322
         175         281         283         293         292         312
         314         324         323
         176         283         180         181         293         314
         183         184         324
         177         284         285          90          88         315
         316         120         118
         178         285         286          92          90         316
         317         122         120
         179         286         287          94          92         317
         318         124         122
         180         287         288          96          94         318
         319         126         124
         181         288         289          98          96         319
         320         128         126
         182         289         290         100          98         320
         321         130         128
         183         290         291         102         100         321
         322         132         130
         184         291         292         104         102         322
         323         134         132
         185         292         293         106         104         323
         324         136         134
         186         293         181           4         106         324
         184           7         136
         187         295         297         298         296         325
         327         328         326
         188         297         299         300         298         327
         329         330         328
         189         299         301         302         300         329
         331         332         330
         190         301         303         304         302         331
         333         334         332
         191         303         305         306         304         333
         335         336         334
         192         305         307         308         306         335
         337         338         336
         193         307         309         310         308         337
         339         340         338
         194         309         311         312         310         339
         341         342         340
         195         311         313         314         312         341
         343         344         342
         196         296         298         316         315         326
         328         346         345
         197         298         300         317         316         328
         330         347         346
         198         300         302         318         317         330
         332         348         347
         199         302         304         319         318         332
         334         349         348
         200         304         306         320         319         334
         336         350         349
         201         306         308         321         320         336
         338         351         350
         202         308         310         322         321         338
         340         352         351
         203         310         312         323         322         340
         342         353         352
         204         312         314         324         323         342
         344         354         353
         205         315         316         120         118         345
         346         149         148
         206         316         317         122         120         346
         347         151         149
         207         317         318         124         122         347
         348         153         151
         208         318         319         126         124         348
         349         155         153
         209         319         320         128         126         349
         350         157         155
         210         320         321         130         128         350
         351         159         157
         211         321         322         132         130         351
         352         161         159
         212         322         323         134         132         352
         353         163         161
         213         323         324         136         134         353
         354         165         163
         214         367         368         371         370         381
         383         388         386
         215         368         369         372         371         383
         384         389         388
         216         370         371         374         373         386
         388         393         391
         217         371         372         375         374         388
         389         394         393
         218         373         374         263         294         391
         393         264         295
         219         377         376         381         382         402
         401         407         408
         220         376         378         383         381         401
         403         409         407
         221         378         379         384         383         403
         404         410         409
         222         379         380         385         384         404
         405         411         410
         223         382         381         386         387         408
         407         413         414
         224         381         383         388         386         407
         409         415         413
         225         383         384         389         388         409
         410         416         415
         226         384         385         390         389         410
         411         417         416
         227         387         386         391         392         414
         413         419         420
         228         386         388         393         391         413
         415         421         419
         229         388         389         394         393         415
         416         422         421
         230         389         390         395         394         416
         417         423         422
         231         392         391         295         325         420
         419         297         327
         232         391         393         264         295         419
         421         266         297
         233         393         394         233         264         421
         422         235         266
         234         397         396         401         402         431
         430         436         437
         235         396         398         403         401         430
         432         438         436
         236         398         399         404         403         432
         433         439         438
         237         399         400         405         404         433
         434         440         439
         238         402         401         407         408         437
         436         442         443
         239         401         403         409         407         436
         438         444         442
         240         403         404         410         409         438
         439         445         444
         241         404         405         411         410         439
         440         446         445
         242         405         406         412         411         440
         441         447         446
         243         408         407         413         414         443
         442         448         449
         244         407         409         415         413         442
         444         450         448
         245         409         410         416         415         444
         445         451         450
         246         410         411         417         416         445
         446         452         451
         247         411         412         418         417         446
         447         453         452
         248         414         413         419         420         449
         448         454         455
         249         413         415         421         419         448
         450         456         454
         250         415         416         422         421         450
         451         457         456
         251         416         417         423         422         451
         452         458         457
         252         417         418         424         423         452
         453         459         458
         253         420         419         297         327         455
         454         299         329
         254         419         421         266         297         454
         456         268         299
         255         421         422         235         266         456
         457         237         268
         256         422         423         206         235         457
         458         208         237
         257         426         425         430         431         463
         462         467         468
         258         425         427         432         430         462
         464         469         467
         259         427         428         433         432         464
         465         470         469
         260         428         429         434         433         465
         466         471         470
         261         431         430         436         437         468
         467         473         474
         262         430         432         438         436         467
         469         475         473
         263         432         433         439         438         469
         470         476         475
         264         433         434         440         439         470
         471         477         476
         265         434         435         441         440         471
         472         478         477
         266         437         436         442         443         474
         473         479         480
         267         436         438         444         442         473
         475         481         479
         268         438         439         445         444         475
         476         482         481
         269         439         440         446         445         476
         477         483         482
         270         440         441         447         446         477
         478         484         483
         271         443         442         448         449         480
         479         485         486
         272         442         444         450         448         479
         481         487         485
         273         444         445         451         450         481
         482         488         487
         274         445         446         452         451         482
         483         489         488
         275         446         447         453         452         483
         484         490         489
         276         449         448         454         455         486
         485         491         492
         277         448         450         456         454         485
         487         493         491
         278         450         451         457         456         487
         488         494         493
         279         451         452         458         457         488
         489         495         494
         280         452         453         459         458         489
         490         496         495
         281         455         454         299         329         492
         491         301         331
         282         454         456         268         299         491
         493         270         301
         283         456         457         237         268         493
         494         239         270
         284         457         458         208         237         494
         495         210         239
         285         458         459         185         208         495
         496         187         210
         286         460         461         465         464         497
         498         501         500
         287         462         464         469         467         499
         500         505         503
         288         464         465         470         469         500
         501         506         505
         289         465         466         471         470         501
         502         507         506
         290         468         467         473         474         504
         503         509         510
         291         467         469         475         473         503
         505         511         509
         292         469         470         476         475         505
         506         512         511
         293         470         471         477         476         506
         507         513         512
         294         471         472         478         477         507
         508         514         513
         295         474         473         479         480         510
         509         515         516
         296         473         475         481         479         509
         511         517         515
         297         475         476         482         481         511
         512         518         517
         298         476         477         483         482         512
         513         519         518
         299         477         478         484         483         513
         514         520         519
         300         480         479         485         486         516
         515         521         522
         301         479         481         487         485         515
         517         523         521
         302         481         482         488         487         517
         518         524         523
         303         482         483         489         488         518
         519         525         524
         304         483         484         490         489         519
         520         526         525
         305         486         485         491         492         522
         521         527         528
         306         485         487         493         491         521
         523         529         527
         307         487         488         494         493         523
         524         530         529
         308         488         489         495         494         524
         525         531         530
         309         489         490         496         495         525
         526         532         531
         310         492         491         301         331         528
         527         303         333
         311         491         493         270         301         527
         529         272         303
         312         493         494         239         270         529
         530         241         272
         313         494         495         210         239         530
         531         212         241
         314         495         496         187         210         531
         532         189         212
         315         499         500         505         503         533
         534         539         537
         316         500         501         506         505         534
         535         540         539
         317         501         502         507         506         535
         536         541         540
         318         504         503         509         510         538
         537         543         544
         319         503         505         511         509         537
         539         545         543
         320         505         506         512         511         539
         540         546         545
         321         506         507         513         512         540
         541         547         546
         322         507         508         514         513         541
         542         548         547
         323         510         509         515         516         544
         543         549         550
         324         509         511         517         515         543
         545         551         549
         325         511         512         518         517         545
         546         552         551
         326         512         513         519         518         546
         547         553         552
         327         513         514         520         519         547
         548         554         553
         328         516         515         521         522         550
         549         555         556
         329         515         517         523         521         549
         551         557         555
         330         517         518         524         523         551
         552         558         557
         331         518         519         525         524         552
         553         559         558
         332         519         520         526         525         553
         554         560         559
         333         522         521         527         528         556
         555         561         562
         334         521         523         529         527         555
         557         563         561
         335         523         524         530         529         557
         558         564         563
         336         524         525         531         530         558
         559         565         564
         337         525         526         532         531         559
         560         566         565
         338         528         527         303         333         562
         561         305         335
         339         527         529         272         303         561
         563         274         305
         340         529         530         241         272         563
         564         243         274
         341         530         531         212         241         564
         565         214         243
         342         531         532         189         212         565
         566         191         214
         343         534         535         540         539         567
         568         572         571
         344         538         537         543         544         570
         569         574         575
         345         537         539         545         543         569
         571         576         574
         346         539         540         546         545         571
         572         577         576
         347         540         541         547         546         572
         573         578         577
         348         544         543         549         550         575
         574         580         581
         349         543         545         551         549         574
         576         582         580
         350         545         546         552         551         576
         577         583         582
         351         546         547         553         552         577
         578         584         583
         352         547         548         554         553         578
         579         585         584
         353         550         549         555         556         581
         580         586         587
         354         549         551         557         555         580
         582         588         586
         355         551         552         558         557         582
         583         589         588
         356         552         553         559         558         583
         584         590         589
         357         553         554         560         559         584
         585         591         590
         358         556         555         561         562         587
         586         592         593
         359         555         557         563         561         586
         588         594         592
         360         557         558         564         563         588
         589         595         594
         361         558         559         565         564         589
         590         596         595
         362         559         560         566         565         590
         591         597         596
         363         562         561         305         335         593
         592         307         337
         364         561         563         274         305         592
         594         276         307
         365         563         564         243         274         594
         595         245         276
         366         564         565         214         243         595
         596         216         245
         367         565         566         191         214         596
         597         193         216
         368         567         568         572         571         598
         599         602         601
         369         569         571         576         574         600
         601         606         604
         370         571         572         577         576         601
         602         607         606
         371         572         573         578         577         602
         603         608         607
         372         575         574         580         581         605
         604         610         611
         373         574         576         582         580         604
         606         612         610
         374         576         577         583         582         606
         607         613         612
         375         577         578         584         583         607
         608         614         613
         376         578         579         585         584         608
         609         615         614
         377         581         580         586         587         611
         610         616         617
         378         580         582         588         586         610
         612         618         616
         379         582         583         589         588         612
         613         619         618
         380         583         584         590         589         613
         614         620         619
         381         584         585         591         590         614
         615         621         620
         382         587         586         592         593         617
         616         622         623
         383         586         588         594         592         616
         618         624         622
         384         588         589         595         594         618
         619         625         624
         385         589         590         596         595         619
         620         626         625
         386         590         591         597         596         620
         621         627         626
         387         593         592         307         337         623
         622         309         339
         388         592         594         276         307         622
         624         278         309
         389         594         595         245         276         624
         625         247         278
         390         595         596         216         245         625
         626         218         247
         391         596         597         193         216         626
         627         195         218
         392         600         601         606         604         628
         629         634         632
         393         601         602         607         606         629
         630         635         634
         394         602         603         608         607         630
         631         636         635
         395         605         604         610         611         633
         632         638         639
         396         604         606         612         610         632
         634         640         638
         397         606         607         613         612         634
         635         641         640
         398         607         608         614         613         635
         636         642         641
         399         608         609         615         614         636
         637         643         642
         400         611         610         616         617         639
         638         644         645
         401         610         612         618         616         638
         640         646         644
         402         612         613         619         618         640
         641         647         646
         403         613         614         620         619         641
         642         648         647
         404         614         615         621         620         642
         643         649         648
         405         617         616         622         623         645
         644         650         651
         406         616         618         624         622         644
         646         652         650
         407         618         619         625         624         646
         647         653         652
         408         619         620         626         625         647
         648         654         653
         409         620         621         627         626         648
         649         655         654
         410         623         622         309         339         651
         650         311         341
         411         622         624         278         309         650
         652         280         311
         412         624         625         247         278         652
         653         249         280
         413         625         626         218         247         653
         654         220         249
         414         626         627         195         218         654
         655         197         220
         415         629         630         635         634         656
         657         661         660
         416         633         632         638         639         659
         658         663         664
         417         632         634         640         638         658
         660         665         663
         418         634         635         641         640         660
         661         666         665
         419         635         636         642         641         661
         662         667         666
         420         639         638         644         645         664
         663         668         669
         421         638         640         646         644         663
         665         670         668
         422         640         641         647         646         665
         666         671         670
         423         641         642         648         647         666
         667         672         671
         424         645         644         650         651         669
         668         673         674
         425         644         646         652         650         668
         670         675         673
         426         646         647         653         652         670
         671         676         675
         427         647         648         654         653         671
         672         677         676
         428         651         650         311         341         674
         673         313         343
         429         650         652         280         311         673
         675         282         313
         430         652         653         249         280         675
         676         251         282
         431         653         654         220         249         676
         677         222         251
         432         658         660         665         663         355
         356         359         358
         433         660         661         666         665         356
         357         360         359
         434         663         665         670         668         358
         359         362         361
         435         665         666         671         670         359
         360         363         362
         436         668         670         675         673         361
         362         365         364
         437         670         671         676         675         362
         363         366         365
         438         673         675         282         313         364
         365         179         182
         439         675         676         251         282         365
         366         176         179
         440         163         678         679         164         161
         681         682         162
         441         164         679         680         174         162
         682         683         173
         442         161         681         682         162         159
         684         685         160
         443         162         682         683         173         160
         685         686         172
         444         159         684         685         160         157
         687         688         158
         445         160         685         686         172         158
         688         689         171
         446         157         687         688         158         155
         690         691         156
         447         158         688         689         171         156
         691         692         170
         448         155         690         691         156         153
         693         694         154
         449         156         691         692         170         154
         694         695         169
         450         153         693         694         154         151
         696         697         152
         451         154         694         695         169         152
         697         698         168
         452         151         696         697         152         149
         699         700         150
         453         152         697         698         168         150
         700         701         167
         454         341         702         703         342         339
         705         706         340
         455         342         703         704         353         340
         706         707         352
         456         353         704         678         163         352
         707         681         161
         457         339         705         706         340         337
         708         709         338
         458         340         706         707         352         338
         709         710         351
         459         352         707         681         161         351
         710         684         159
         460         337         708         709         338         335
         711         712         336
         461         338         709         710         351         336
         712         713         350
         462         351         710         684         159         350
         713         687         157
         463         335         711         712         336         333
         714         715         334
         464         336         712         713         350         334
         715         716         349
         465         350         713         687         157         349
         716         690         155
         466         333         714         715         334         331
         717         718         332
         467         334         715         716         349         332
         718         719         348
         468         349         716         690         155         348
         719         693         153
         469         331         717         718         332         329
         720         721         330
         470         332         718         719         348         330
         721         722         347
         471         348         719         693         153         347
         722         696         151
         472         329         720         721         330         327
         723         724         328
         473         330         721         722         347         328
         724         725         346
         474         347         722         696         151         346
         725         699         149
         475         726         727         734         733         504
         468         474         510
         476         727         728         735         734         468
         431         437         474
         477         728         729         736         735         431
         397         402         437
         478         730         731         739         738         605
         575         581         611
         479         731         732         740         739         575
         544         550         581
         480         732         733         741         740         544
         510         516         550
         481         733         734         742         741         510
         474         480         516
         482         734         735         743         742         474
         437         443         480
         483         735         736         744         743         437
         402         408         443
         484         737         738         746         745         639
         611         617         645
         485         738         739         747         746         611
         581         587         617
         486         739         740         748         747         581
         550         556         587
         487         740         741         749         748         550
         516         522         556
         488         741         742         750         749         516
         480         486         522
         489         742         743         751         750         480
         443         449         486
         490         743         744         752         751         443
         408         414         449
         491         745         746         754         753         645
         617         623         651
         492         746         747         755         754         617
         587         593         623
         493         747         748         756         755         587
         556         562         593
         494         748         749         757         756         556
         522         528         562
         495         749         750         758         757         522
         486         492         528
         496         750         751         759         758         486
         449         455         492
         497         751         752         760         759         449
         414         420         455
         498         753         754         705         702         651
         623         339         341
         499         754         755         708         705         623
         593         337         339
         500         755         756         711         708         593
         562         335         337
         501         756         757         714         711         562
         528         333         335
         502         757         758         717         714         528
         492         331         333
         503         758         759         720         717         492
         455         329         331
         504         759         760         723         720         455
         420         327         329
