         757
         1     4000.000000000000000
         2     4500.000000000000000
         3     4000.000000000000000
         4     4500.000000000000000
         5     4000.000000000000000
         6     4500.000000000000000
         7     4000.000000000000000
         8     4500.000000000000000
         9     5000.000000000000000
        10     5000.000000000000000
        11     5000.000000000000000
        12     5000.000000000000000
        13     4000.000000000000000
        14     4500.000000000000000
        15     4000.000000000000000
        16     4500.000000000000000
        17     4000.000000000000000
        18     4500.000000000000000
        19     4000.000000000000000
        20     4500.000000000000000
        21     4000.000000000000000
        22     4500.000000000000000
        23     4000.000000000000000
        24     4500.000000000000000
        25     5000.000000000000000
        26     5000.000000000000000
        27     5000.000000000000000
        28     5000.000000000000000
        29     5000.000000000000000
        30     5000.000000000000000
        31     4000.000000000000000
        32     4500.000000000000000
        33     4000.000000000000000
        34     4500.000000000000000
        35     4000.000000000000000
        36     4500.000000000000000
        37     4000.000000000000000
        38     4500.000000000000000
        39     4000.000000000000000
        40     4500.000000000000000
        41     4000.000000000000000
        42     4500.000000000000000
        43     5000.000000000000000
        44     5000.000000000000000
        45     5000.000000000000000
        46     5000.000000000000000
        47     5000.000000000000000
        48     5000.000000000000000
        49     4000.000000000000000
        50     4500.000000000000000
        51     4000.000000000000000
        52     4500.000000000000000
        53     4000.000000000000000
        54     4500.000000000000000
        55     4000.000000000000000
        56     4500.000000000000000
        57     4000.000000000000000
        58     4500.000000000000000
        59     4000.000000000000000
        60     4500.000000000000000
        61     4000.000000000000000
        62     4500.000000000000000
        63     5000.000000000000000
        64     5000.000000000000000
        65     5000.000000000000000
        66     5000.000000000000000
        67     5000.000000000000000
        68     5000.000000000000000
        69     5000.000000000000000
        70     4000.000000000000000
        71     4500.000000000000000
        72     4000.000000000000000
        73     4500.000000000000000
        74     4000.000000000000000
        75     4500.000000000000000
        76     4000.000000000000000
        77     4500.000000000000000
        78     4000.000000000000000
        79     4500.000000000000000
        80     4000.000000000000000
        81     4500.000000000000000
        82     4000.000000000000000
        83     4500.000000000000000
        84     5000.000000000000000
        85     5000.000000000000000
        86     5000.000000000000000
        87     5000.000000000000000
        88     5000.000000000000000
        89     5000.000000000000000
        90     5000.000000000000000
        91     4000.000000000000000
        92     4500.000000000000000
        93     4000.000000000000000
        94     4500.000000000000000
        95     4000.000000000000000
        96     4500.000000000000000
        97     4000.000000000000000
        98     4500.000000000000000
        99     4000.000000000000000
       100     4500.000000000000000
       101     4000.000000000000000
       102     4500.000000000000000
       103     4000.000000000000000
       104     4500.000000000000000
       105     5000.000000000000000
       106     5000.000000000000000
       107     5000.000000000000000
       108     5000.000000000000000
       109     5000.000000000000000
       110     5000.000000000000000
       111     5000.000000000000000
       112     4000.000000000000000
       113     4500.000000000000000
       114     4000.000000000000000
       115     4500.000000000000000
       116     4000.000000000000000
       117     4500.000000000000000
       118     4000.000000000000000
       119     4500.000000000000000
       120     4000.000000000000000
       121     4500.000000000000000
       122     4000.000000000000000
       123     4500.000000000000000
       124     4000.000000000000000
       125     4500.000000000000000
       126     5000.000000000000000
       127     5000.000000000000000
       128     5000.000000000000000
       129     5000.000000000000000
       130     5000.000000000000000
       131     5000.000000000000000
       132     5000.000000000000000
       133     4000.000000000000000
       134     4500.000000000000000
       135     4000.000000000000000
       136     4500.000000000000000
       137     4000.000000000000000
       138     4500.000000000000000
       139     4000.000000000000000
       140     4500.000000000000000
       141     4000.000000000000000
       142     4500.000000000000000
       143     4000.000000000000000
       144     4500.000000000000000
       145     4000.000000000000000
       146     4500.000000000000000
       147     5000.000000000000000
       148     5000.000000000000000
       149     5000.000000000000000
       150     5000.000000000000000
       151     5000.000000000000000
       152     5000.000000000000000
       153     5000.000000000000000
       154     4000.000000000000000
       155     4500.000000000000000
       156     4000.000000000000000
       157     4500.000000000000000
       158     4000.000000000000000
       159     4500.000000000000000
       160     4000.000000000000000
       161     4500.000000000000000
       162     4000.000000000000000
       163     4500.000000000000000
       164     4000.000000000000000
       165     4500.000000000000000
       166     4000.000000000000000
       167     4500.000000000000000
       168     5000.000000000000000
       169     5000.000000000000000
       170     5000.000000000000000
       171     5000.000000000000000
       172     5000.000000000000000
       173     5000.000000000000000
       174     5000.000000000000000
       175     4000.000000000000000
       176     4500.000000000000000
       177     4000.000000000000000
       178     4500.000000000000000
       179     4000.000000000000000
       180     4500.000000000000000
       181     4000.000000000000000
       182     4500.000000000000000
       183     4000.000000000000000
       184     4500.000000000000000
       185     5000.000000000000000
       186     5000.000000000000000
       187     5000.000000000000000
       188     5000.000000000000000
       189     5000.000000000000000
       190     4000.000000000000000
       191     4500.000000000000000
       192     4000.000000000000000
       193     4500.000000000000000
       194     4000.000000000000000
       195     4500.000000000000000
       196     5000.000000000000000
       197     5000.000000000000000
       198     5000.000000000000000
       199     2500.000000000000000
       200     3000.000000000000000
       201     2500.000000000000000
       202     3000.000000000000000
       203     2500.000000000000000
       204     3000.000000000000000
       205     2500.000000000000000
       206     3000.000000000000000
       207     2500.000000000000000
       208     3500.000000000000000
       209     3500.000000000000000
       210     3500.000000000000000
       211     3500.000000000000000
       212     2500.000000000000000
       213     3000.000000000000000
       214     2500.000000000000000
       215     3000.000000000000000
       216     2500.000000000000000
       217     3000.000000000000000
       218     2500.000000000000000
       219     3000.000000000000000
       220     2500.000000000000000
       221     3000.000000000000000
       222     2500.000000000000000
       223     3000.000000000000000
       224     3500.000000000000000
       225     3500.000000000000000
       226     3500.000000000000000
       227     3500.000000000000000
       228     3500.000000000000000
       229     3500.000000000000000
       230     2500.000000000000000
       231     3000.000000000000000
       232     2500.000000000000000
       233     3000.000000000000000
       234     2500.000000000000000
       235     3000.000000000000000
       236     2500.000000000000000
       237     3000.000000000000000
       238     2500.000000000000000
       239     3000.000000000000000
       240     2500.000000000000000
       241     3000.000000000000000
       242     2500.000000000000000
       243     3500.000000000000000
       244     3500.000000000000000
       245     3500.000000000000000
       246     3500.000000000000000
       247     3500.000000000000000
       248     3500.000000000000000
       249     2500.000000000000000
       250     3000.000000000000000
       251     2500.000000000000000
       252     3000.000000000000000
       253     2500.000000000000000
       254     3000.000000000000000
       255     2500.000000000000000
       256     3000.000000000000000
       257     2500.000000000000000
       258     3000.000000000000000
       259     2500.000000000000000
       260     3000.000000000000000
       261     2500.000000000000000
       262     3000.000000000000000
       263     3500.000000000000000
       264     3500.000000000000000
       265     3500.000000000000000
       266     3500.000000000000000
       267     3500.000000000000000
       268     3500.000000000000000
       269     3500.000000000000000
       270     2500.000000000000000
       271     3000.000000000000000
       272     2500.000000000000000
       273     3000.000000000000000
       274     2500.000000000000000
       275     3000.000000000000000
       276     2500.000000000000000
       277     3000.000000000000000
       278     2500.000000000000000
       279     3000.000000000000000
       280     2500.000000000000000
       281     3000.000000000000000
       282     2500.000000000000000
       283     3000.000000000000000
       284     3500.000000000000000
       285     3500.000000000000000
       286     3500.000000000000000
       287     3500.000000000000000
       288     3500.000000000000000
       289     3500.000000000000000
       290     3500.000000000000000
       291     2500.000000000000000
       292     3000.000000000000000
       293     2500.000000000000000
       294     3000.000000000000000
       295     2500.000000000000000
       296     3000.000000000000000
       297     2500.000000000000000
       298     3000.000000000000000
       299     2500.000000000000000
       300     3000.000000000000000
       301     2500.000000000000000
       302     3000.000000000000000
       303     2500.000000000000000
       304     3000.000000000000000
       305     3500.000000000000000
       306     3500.000000000000000
       307     3500.000000000000000
       308     3500.000000000000000
       309     3500.000000000000000
       310     3500.000000000000000
       311     3500.000000000000000
       312     2500.000000000000000
       313     3000.000000000000000
       314     2500.000000000000000
       315     3000.000000000000000
       316     2500.000000000000000
       317     3000.000000000000000
       318     2500.000000000000000
       319     3000.000000000000000
       320     2500.000000000000000
       321     3000.000000000000000
       322     2500.000000000000000
       323     3000.000000000000000
       324     2500.000000000000000
       325     3000.000000000000000
       326     3500.000000000000000
       327     3500.000000000000000
       328     3500.000000000000000
       329     3500.000000000000000
       330     3500.000000000000000
       331     3500.000000000000000
       332     3500.000000000000000
       333     2500.000000000000000
       334     3000.000000000000000
       335     2500.000000000000000
       336     3000.000000000000000
       337     2500.000000000000000
       338     3000.000000000000000
       339     2500.000000000000000
       340     3000.000000000000000
       341     2500.000000000000000
       342     3000.000000000000000
       343     2500.000000000000000
       344     3000.000000000000000
       345     2500.000000000000000
       346     3000.000000000000000
       347     3500.000000000000000
       348     3500.000000000000000
       349     3500.000000000000000
       350     3500.000000000000000
       351     3500.000000000000000
       352     3500.000000000000000
       353     3500.000000000000000
       354     2500.000000000000000
       355     3000.000000000000000
       356     2500.000000000000000
       357     3000.000000000000000
       358     2500.000000000000000
       359     3000.000000000000000
       360     2500.000000000000000
       361     3000.000000000000000
       362     2500.000000000000000
       363     3000.000000000000000
       364     2500.000000000000000
       365     3000.000000000000000
       366     2500.000000000000000
       367     3000.000000000000000
       368     3500.000000000000000
       369     3500.000000000000000
       370     3500.000000000000000
       371     3500.000000000000000
       372     3500.000000000000000
       373     3500.000000000000000
       374     3500.000000000000000
       375     2500.000000000000000
       376     3000.000000000000000
       377     2500.000000000000000
       378     3000.000000000000000
       379     2500.000000000000000
       380     3000.000000000000000
       381     2500.000000000000000
       382     3000.000000000000000
       383     2500.000000000000000
       384     3000.000000000000000
       385     2500.000000000000000
       386     3500.000000000000000
       387     3500.000000000000000
       388     3500.000000000000000
       389     3500.000000000000000
       390     3500.000000000000000
       391     2500.000000000000000
       392     3000.000000000000000
       393     2500.000000000000000
       394     3000.000000000000000
       395     2500.000000000000000
       396     3000.000000000000000
       397     2500.000000000000000
       398     3500.000000000000000
       399     3500.000000000000000
       400     3500.000000000000000
       401      192.307692307692008
       402      192.307692307692008
       403      192.307692307692008
       404      192.307692307692008
       405      769.230769230769056
       406      769.230769230769056
       407      769.230769230769056
       408      769.230769230769056
       409      769.230769230768033
       410     1346.153846153850054
       411     1346.153846153850054
       412     1346.153846153850054
       413     1346.153846153850054
       414     1346.153846153850054
       415     1923.076923076919911
       416     1923.076923076919911
       417     1923.076923076919911
       418     -384.615384615384016
       419     -384.615384615384016
       420     -384.615384615384016
       421     -384.615384615384016
       422      192.307692307692008
       423      192.307692307692008
       424      192.307692307692008
       425      192.307692307692008
       426      192.307692307692008
       427      192.307692307692008
       428      192.307692307692008
       429      192.307692307692008
       430      769.230769230769056
       431      769.230769230769056
       432      769.230769230769056
       433      769.230769230769056
       434      769.230769230769056
       435      769.230769230769056
       436      769.230769230769056
       437      769.230769230768033
       438     1346.153846153850054
       439     1346.153846153850054
       440     1346.153846153850054
       441     1346.153846153850054
       442     1346.153846153850054
       443     1346.153846153850054
       444     1346.153846153850054
       445     1346.153846153850054
       446     1346.153846153850054
       447     1923.076923076919911
       448     1923.076923076919911
       449     1923.076923076919911
       450     1923.076923076919911
       451     1923.076923076919911
       452     1923.076923076919911
       453     1923.076923076919911
       454     1923.076923076919911
       455     1923.076923076919911
       456     -961.538461538463025
       457     -961.538461538462002
       458     -961.538461538462002
       459     -384.615384615385040
       460     -384.615384615385040
       461     -384.615384615384016
       462     -384.615384615385040
       463     -384.615384615385040
       464     -384.615384615384016
       465     -384.615384615385040
       466      192.307692307692008
       467      192.307692307692008
       468      192.307692307692008
       469      192.307692307692008
       470      192.307692307692008
       471      192.307692307692008
       472      192.307692307692008
       473      192.307692307692008
       474      769.230769230769056
       475      769.230769230769056
       476      769.230769230769056
       477      769.230769230769056
       478      769.230769230769056
       479      769.230769230769056
       480      769.230769230769056
       481      769.230769230769056
       482      769.230769230768033
       483     1346.153846153850054
       484     1346.153846153850054
       485     1346.153846153850054
       486     1346.153846153850054
       487     1346.153846153850054
       488     1346.153846153850054
       489     1346.153846153850054
       490     1346.153846153850054
       491     1346.153846153850054
       492     1346.153846153850054
       493     1923.076923076919911
       494     1923.076923076919911
       495     1923.076923076919911
       496     1923.076923076919911
       497     1923.076923076919911
       498     1923.076923076919911
       499     1923.076923076919911
       500     1923.076923076919911
       501     1923.076923076919911
       502     1923.076923076919911
       503     1923.076923076919911
       504     -961.538461538462002
       505     -961.538461538462002
       506     -961.538461538462002
       507     -961.538461538462002
       508     -961.538461538462002
       509     -961.538461538462002
       510     -384.615384615384016
       511     -384.615384615385040
       512     -384.615384615384016
       513     -384.615384615385040
       514     -384.615384615385040
       515     -384.615384615385040
       516     -384.615384615384016
       517      192.307692307692008
       518      192.307692307692008
       519      192.307692307692008
       520      192.307692307692008
       521      192.307692307692008
       522      192.307692307692008
       523      192.307692307692008
       524      192.307692307692008
       525      192.307692307692008
       526      769.230769230769056
       527      769.230769230768033
       528      769.230769230769056
       529      769.230769230769056
       530      769.230769230769056
       531      769.230769230768033
       532      769.230769230768033
       533      769.230769230769056
       534      769.230769230768033
       535      769.230769230769056
       536     1346.153846153850054
       537     1346.153846153850054
       538     1346.153846153840050
       539     1346.153846153850054
       540     1346.153846153850054
       541     1346.153846153850054
       542     1346.153846153850054
       543     1346.153846153840050
       544     1346.153846153850054
       545     1346.153846153850054
       546     1346.153846153850054
       547     1923.076923076919911
       548     1923.076923076919911
       549     1923.076923076919911
       550     1923.076923076919911
       551     1923.076923076919911
       552     1923.076923076919911
       553     1923.076923076919911
       554     1923.076923076919911
       555     1923.076923076919911
       556     1923.076923076919911
       557     1923.076923076919911
       558     -961.538461538462002
       559     -961.538461538462002
       560     -961.538461538462002
       561     -961.538461538463025
       562     -961.538461538462002
       563     -961.538461538463025
       564     -384.615384615385040
       565     -384.615384615384016
       566     -384.615384615385040
       567     -384.615384615385040
       568     -384.615384615385040
       569     -384.615384615385040
       570     -384.615384615385040
       571     -384.615384615385040
       572      192.307692307692008
       573      192.307692307692008
       574      192.307692307692008
       575      192.307692307692008
       576      192.307692307692008
       577      192.307692307692008
       578      192.307692307692008
       579      192.307692307692008
       580      192.307692307692008
       581      192.307692307692008
       582      769.230769230769056
       583      769.230769230768033
       584      769.230769230768033
       585      769.230769230769056
       586      769.230769230769056
       587      769.230769230769056
       588      769.230769230768033
       589      769.230769230769056
       590      769.230769230769056
       591      769.230769230769056
       592      769.230769230768033
       593     1346.153846153850054
       594     1346.153846153850054
       595     1346.153846153840050
       596     1346.153846153850054
       597     1346.153846153850054
       598     1346.153846153850054
       599     1346.153846153850054
       600     1346.153846153850054
       601     1346.153846153850054
       602     1346.153846153850054
       603     1346.153846153850054
       604     1923.076923076919911
       605     1923.076923076919911
       606     1923.076923076919911
       607     1923.076923076919911
       608     1923.076923076919911
       609     1923.076923076919911
       610     1923.076923076919911
       611     1923.076923076919911
       612     1923.076923076919911
       613     1923.076923076919911
       614     1923.076923076919911
       615     -961.538461538460979
       616     -961.538461538460979
       617     -961.538461538462002
       618     -961.538461538460979
       619     -384.615384615385040
       620     -384.615384615385040
       621     -384.615384615385040
       622     -384.615384615385040
       623     -384.615384615385040
       624     -384.615384615385040
       625     -384.615384615385040
       626     -384.615384615385040
       627      192.307692307692008
       628      192.307692307692008
       629      192.307692307692008
       630      192.307692307692008
       631      192.307692307693003
       632      192.307692307692008
       633      192.307692307692008
       634      192.307692307693003
       635      192.307692307692008
       636      192.307692307692008
       637      192.307692307692008
       638      769.230769230769056
       639      769.230769230769056
       640      769.230769230768033
       641      769.230769230769056
       642      769.230769230768033
       643      769.230769230769056
       644      769.230769230768033
       645      769.230769230768033
       646      769.230769230768033
       647      769.230769230768033
       648      769.230769230768033
       649     1346.153846153850054
       650     1346.153846153850054
       651     1346.153846153840050
       652     1346.153846153850054
       653     1346.153846153850054
       654     1346.153846153850054
       655     1346.153846153850054
       656     1346.153846153850054
       657     1346.153846153850054
       658     1346.153846153850054
       659     1346.153846153850054
       660     1923.076923076919911
       661     1923.076923076919911
       662     1923.076923076919911
       663     1923.076923076919911
       664     1923.076923076919911
       665     1923.076923076919911
       666     1923.076923076919911
       667     1923.076923076919911
       668     1923.076923076919911
       669     1923.076923076919911
       670     1923.076923076919911
       671     -961.538461538462002
       672     -961.538461538462002
       673     -961.538461538462002
       674     -384.615384615385040
       675     -384.615384615385040
       676     -384.615384615385040
       677     -384.615384615385040
       678     -384.615384615385040
       679     -384.615384615385040
       680      192.307692307692008
       681      192.307692307692008
       682      192.307692307692008
       683      192.307692307692008
       684      192.307692307692008
       685      192.307692307692008
       686      192.307692307692008
       687      192.307692307692008
       688      192.307692307692008
       689      192.307692307692008
       690      769.230769230769056
       691      769.230769230769056
       692      769.230769230768033
       693      769.230769230769056
       694      769.230769230769056
       695      769.230769230769056
       696      769.230769230768033
       697      769.230769230768033
       698      769.230769230768033
       699      769.230769230768033
       700     1346.153846153850054
       701     1346.153846153850054
       702     1346.153846153850054
       703     1346.153846153850054
       704     1346.153846153850054
       705     1346.153846153850054
       706     1346.153846153850054
       707     1346.153846153850054
       708     1346.153846153850054
       709     1346.153846153850054
       710     1923.076923076919911
       711     1923.076923076919911
       712     1923.076923076919911
       713     1923.076923076919911
       714     1923.076923076919911
       715     1923.076923076919911
       716     1923.076923076919911
       717     1923.076923076919911
       718     1923.076923076919911
       719     1923.076923076919911
       720     -961.538461538462002
       721     -961.538461538460979
       722     -384.615384615386006
       723     -384.615384615386006
       724     -384.615384615386006
       725     -384.615384615386006
       726     -384.615384615386006
       727      192.307692307692008
       728      192.307692307692008
       729      192.307692307692008
       730      192.307692307691013
       731      192.307692307692008
       732      192.307692307692008
       733      192.307692307692008
       734      769.230769230769056
       735      769.230769230768033
       736      769.230769230769056
       737      769.230769230769056
       738      769.230769230769056
       739      769.230769230768033
       740      769.230769230769056
       741      769.230769230769056
       742     1346.153846153850054
       743     1346.153846153850054
       744     1346.153846153850054
       745     1346.153846153850054
       746     1346.153846153850054
       747     1346.153846153850054
       748     1346.153846153850054
       749     1346.153846153850054
       750     1923.076923076919911
       751     1923.076923076919911
       752     1923.076923076919911
       753     1923.076923076919911
       754     1923.076923076919911
       755     1923.076923076919911
       756     1923.076923076919911
       757     1923.076923076919911
