         500
           1          27          29          30          28          71
          73          74          72
           2          29          31          32          30          73
          75          76          74
           3          31          33          34          32          75
          77          78          76
           4          33          35          36          34          77
          79          80          78
           5          35          37          38          36          79
          81          82          80
           6          37          39          40          38          81
          83          84          82
           7          39          41          42          40          83
          85          86          84
           8          28          30          44          43          72
          74          89          88
           9          30          32          45          44          74
          76          90          89
          10          32          34          46          45          76
          78          91          90
          11          34          36          47          46          78
          80          92          91
          12          36          38          48          47          80
          82          93          92
          13          38          40          49          48          82
          84          94          93
          14          40          42          50          49          84
          86          95          94
          15          43          44          53          52          88
          89          98          97
          16          44          45          54          53          89
          90          99          98
          17          45          46          55          54          90
          91         100          99
          18          46          47          56          55          91
          92         101         100
          19          47          48          57          56          92
          93         102         101
          20          48          49          58          57          93
          94         103         102
          21          49          50          59          58          94
          95         104         103
          22          51          52          61          60          96
          97         106         105
          23          52          53          62          61          97
          98         107         106
          24          53          54          63          62          98
          99         108         107
          25          54          55          64          63          99
         100         109         108
          26          55          56          65          64         100
         101         110         109
          27          56          57          66          65         101
         102         111         110
          28          57          58          67          66         102
         103         112         111
          29          58          59          68          67         103
         104         113         112
          30          69          71          72          70         123
         125         126         124
          31          71          73          74          72         125
         127         128         126
          32          73          75          76          74         127
         129         130         128
          33          75          77          78          76         129
         131         132         130
          34          77          79          80          78         131
         133         134         132
          35          79          81          82          80         133
         135         136         134
          36          81          83          84          82         135
         137         138         136
          37          83          85          86          84         137
         139         140         138
          38          70          72          88          87         124
         126         142         141
          39          72          74          89          88         126
         128         143         142
          40          74          76          90          89         128
         130         144         143
          41          76          78          91          90         130
         132         145         144
          42          78          80          92          91         132
         134         146         145
          43          80          82          93          92         134
         136         147         146
          44          82          84          94          93         136
         138         148         147
          45          84          86          95          94         138
         140         149         148
          46          87          88          97          96         141
         142         151         150
          47          88          89          98          97         142
         143         152         151
          48          89          90          99          98         143
         144         153         152
          49          90          91         100          99         144
         145         154         153
          50          91          92         101         100         145
         146         155         154
          51          92          93         102         101         146
         147         156         155
          52          93          94         103         102         147
         148         157         156
          53          94          95         104         103         148
         149         158         157
          54          96          97         106         105         150
         151         160         159
          55          97          98         107         106         151
         152         161         160
          56          98          99         108         107         152
         153         162         161
          57          99         100         109         108         153
         154         163         162
          58         100         101         110         109         154
         155         164         163
          59         101         102         111         110         155
         156         165         164
          60         102         103         112         111         156
         157         166         165
          61         103         104         113         112         157
         158         167         166
          62         105         106         115         114         159
         160         169         168
          63         106         107         116         115         160
         161         170         169
          64         107         108         117         116         161
         162         171         170
          65         108         109         118         117         162
         163         172         171
          66         109         110         119         118         163
         164         173         172
          67         110         111         120         119         164
         165         174         173
          68         111         112         121         120         165
         166         175         174
          69         112         113         122         121         166
         167         176         175
          70         123         125         126         124         178
         180         181         179
          71         125         127         128         126         180
         182         183         181
          72         127         129         130         128         182
         184         185         183
          73         129         131         132         130         184
         186         187         185
          74         131         133         134         132         186
         188         189         187
          75         133         135         136         134         188
         190         191         189
          76         135         137         138         136         190
         192         193         191
          77         137         139         140         138         192
         194         195         193
          78         124         126         142         141         179
         181         197         196
          79         126         128         143         142         181
         183         198         197
          80         128         130         144         143         183
         185         199         198
          81         130         132         145         144         185
         187         200         199
          82         132         134         146         145         187
         189         201         200
          83         134         136         147         146         189
         191         202         201
          84         136         138         148         147         191
         193         203         202
          85         138         140         149         148         193
         195         204         203
          86         141         142         151         150         196
         197         206         205
          87         142         143         152         151         197
         198         207         206
          88         143         144         153         152         198
         199         208         207
          89         144         145         154         153         199
         200         209         208
          90         145         146         155         154         200
         201         210         209
          91         146         147         156         155         201
         202         211         210
          92         147         148         157         156         202
         203         212         211
          93         148         149         158         157         203
         204         213         212
          94         150         151         160         159         205
         206         215         214
          95         151         152         161         160         206
         207         216         215
          96         152         153         162         161         207
         208         217         216
          97         153         154         163         162         208
         209         218         217
          98         154         155         164         163         209
         210         219         218
          99         155         156         165         164         210
         211         220         219
         100         156         157         166         165         211
         212         221         220
         101         157         158         167         166         212
         213         222         221
         102         159         160         169         168         214
         215         224         223
         103         160         161         170         169         215
         216         225         224
         104         161         162         171         170         216
         217         226         225
         105         162         163         172         171         217
         218         227         226
         106         163         164         173         172         218
         219         228         227
         107         164         165         174         173         219
         220         229         228
         108         165         166         175         174         220
         221         230         229
         109         166         167         176         175         221
         222         231         230
         110         178         180         181         179         234
         236         237         235
         111         180         182         183         181         236
         238         239         237
         112         182         184         185         183         238
         240         241         239
         113         184         186         187         185         240
         242         243         241
         114         186         188         189         187         242
         244         245         243
         115         188         190         191         189         244
         246         247         245
         116         190         192         193         191         246
         248         249         247
         117         192         194         195         193         248
         250         251         249
         118         179         181         197         196         235
         237         253         252
         119         181         183         198         197         237
         239         254         253
         120         183         185         199         198         239
         241         255         254
         121         185         187         200         199         241
         243         256         255
         122         187         189         201         200         243
         245         257         256
         123         189         191         202         201         245
         247         258         257
         124         191         193         203         202         247
         249         259         258
         125         193         195         204         203         249
         251         260         259
         126         196         197         206         205         252
         253         262         261
         127         197         198         207         206         253
         254         263         262
         128         198         199         208         207         254
         255         264         263
         129         199         200         209         208         255
         256         265         264
         130         200         201         210         209         256
         257         266         265
         131         201         202         211         210         257
         258         267         266
         132         202         203         212         211         258
         259         268         267
         133         203         204         213         212         259
         260         269         268
         134         205         206         215         214         261
         262         271         270
         135         206         207         216         215         262
         263         272         271
         136         207         208         217         216         263
         264         273         272
         137         208         209         218         217         264
         265         274         273
         138         209         210         219         218         265
         266         275         274
         139         210         211         220         219         266
         267         276         275
         140         211         212         221         220         267
         268         277         276
         141         212         213         222         221         268
         269         278         277
         142         214         215         224         223         270
         271         280         279
         143         215         216         225         224         271
         272         281         280
         144         216         217         226         225         272
         273         282         281
         145         217         218         227         226         273
         274         283         282
         146         218         219         228         227         274
         275         284         283
         147         219         220         229         228         275
         276         285         284
         148         220         221         230         229         276
         277         286         285
         149         221         222         231         230         277
         278         287         286
         150         232         234         235         233         289
         291         292         290
         151         234         236         237         235         291
         293         294         292
         152         236         238         239         237         293
         295         296         294
         153         238         240         241         239         295
         297         298         296
         154         240         242         243         241         297
         299         300         298
         155         242         244         245         243         299
         301         302         300
         156         244         246         247         245         301
         303         304         302
         157         246         248         249         247         303
         305         306         304
         158         248         250         251         249         305
         307         308         306
         159         235         237         253         252         292
         294         310         309
         160         237         239         254         253         294
         296         311         310
         161         239         241         255         254         296
         298         312         311
         162         241         243         256         255         298
         300         313         312
         163         243         245         257         256         300
         302         314         313
         164         245         247         258         257         302
         304         315         314
         165         247         249         259         258         304
         306         316         315
         166         249         251         260         259         306
         308         317         316
         167         252         253         262         261         309
         310         319         318
         168         253         254         263         262         310
         311         320         319
         169         254         255         264         263         311
         312         321         320
         170         255         256         265         264         312
         313         322         321
         171         256         257         266         265         313
         314         323         322
         172         257         258         267         266         314
         315         324         323
         173         258         259         268         267         315
         316         325         324
         174         259         260         269         268         316
         317         326         325
         175         261         262         271         270         318
         319         328         327
         176         262         263         272         271         319
         320         329         328
         177         263         264         273         272         320
         321         330         329
         178         264         265         274         273         321
         322         331         330
         179         265         266         275         274         322
         323         332         331
         180         266         267         276         275         323
         324         333         332
         181         267         268         277         276         324
         325         334         333
         182         268         269         278         277         325
         326         335         334
         183         289         291         292         290         337
         339         340         338
         184         291         293         294         292         339
         341         342         340
         185         293         295         296         294         341
         343         344         342
         186         295         297         298         296         343
         345         346         344
         187         297         299         300         298         345
         347         348         346
         188         299         301         302         300         347
         349         350         348
         189         301         303         304         302         349
         351         352         350
         190         303         305         306         304         351
         353         354         352
         191         305         307         308         306         353
         355         356         354
         192         292         294         310         309         340
         342         358         357
         193         294         296         311         310         342
         344         359         358
         194         296         298         312         311         344
         346         360         359
         195         298         300         313         312         346
         348         361         360
         196         300         302         314         313         348
         350         362         361
         197         302         304         315         314         350
         352         363         362
         198         304         306         316         315         352
         354         364         363
         199         306         308         317         316         354
         356         365         364
         200         309         310         319         318         357
         358         367         366
         201         310         311         320         319         358
         359         368         367
         202         311         312         321         320         359
         360         369         368
         203         312         313         322         321         360
         361         370         369
         204         313         314         323         322         361
         362         371         370
         205         314         315         324         323         362
         363         372         371
         206         315         316         325         324         363
         364         373         372
         207         316         317         326         325         364
         365         374         373
         208         337         339         340         338         375
         377         378         376
         209         339         341         342         340         377
         379         380         378
         210         341         343         344         342         379
         381         382         380
         211         343         345         346         344         381
         383         384         382
         212         345         347         348         346         383
         385         386         384
         213         347         349         350         348         385
         387         388         386
         214         349         351         352         350         387
         389         390         388
         215         351         353         354         352         389
         391         392         390
         216         353         355         356         354         391
         393         394         392
         217         340         342         358         357         378
         380         396         395
         218         342         344         359         358         380
         382         397         396
         219         344         346         360         359         382
         384         398         397
         220         346         348         361         360         384
         386         399         398
         221         348         350         362         361         386
         388         400         399
         222         350         352         363         362         388
         390         401         400
         223         352         354         364         363         390
         392         402         401
         224         354         356         365         364         392
         394         403         402
         225         377         379         380         378          26
          24          23          25
         226         379         381         382         380          24
          21          20          23
         227         381         383         384         382          21
          18          17          20
         228         383         385         386         384          18
          15          14          17
         229         385         387         388         386          15
          12          11          14
         230         387         389         390         388          12
           9           8          11
         231         389         391         392         390           9
           6           5           8
         232         391         393         394         392           6
           4           3           5
         233         404         406         414         412         405
         407         415         413
         234         406         408         416         414         407
         409         417         415
         235         408           1           4         416         409
           2           6         417
         236         405         407         415         413         418
         419         423         422
         237         407         409         417         415         419
         420         424         423
         238         409           2           6         417         420
           7           9         424
         239         418         419         423         422         425
         426         430         429
         240         419         420         424         423         426
         427         431         430
         241         420           7           9         424         427
          10          12         431
         242         425         426         430         429         432
         433         437         436
         243         426         427         431         430         433
         434         438         437
         244         427          10          12         431         434
          13          15         438
         245         432         433         437         436         439
         440         444         443
         246         433         434         438         437         440
         441         445         444
         247         434          13          15         438         441
          16          18         445
         248         439         440         444         443         446
         447         451         450
         249         440         441         445         444         447
         448         452         451
         250         441          16          18         445         448
          19          21         452
         251         446         447         451         450         453
         454         458         457
         252         447         448         452         451         454
         455         459         458
         253         448          19          21         452         455
          22          24         459
         254         464         466         467         465         482
         484         485         483
         255         466          41          39         467         484
          85          83         485
         256         465         467         469         468         483
         485         488         487
         257         467          39          37         469         485
          83          81         488
         258         468         469         471         470         487
         488         491         490
         259         469          37          35         471         488
          81          79         491
         260         470         471         473         472         490
         491         494         493
         261         471          35          33         473         491
          79          77         494
         262         472         473         475         474         493
         494         497         496
         263         473          33          31         475         494
          77          75         497
         264         474         475         477         476         496
         497         501         500
         265         475          31          29         477         497
          75          73         501
         266         476         477         479         478         500
         501         505         504
         267         477          29          27         479         501
          73          71         505
         268         480         482         483         481         511
         513         514         512
         269         482         484         485         483         513
         515         516         514
         270         484          85          83         485         515
         139         137         516
         271         481         483         487         486         512
         514         519         518
         272         483         485         488         487         514
         516         520         519
         273         485          83          81         488         516
         137         135         520
         274         486         487         490         489         518
         519         523         522
         275         487         488         491         490         519
         520         524         523
         276         488          81          79         491         520
         135         133         524
         277         489         490         493         492         522
         523         527         526
         278         490         491         494         493         523
         524         528         527
         279         491          79          77         494         524
         133         131         528
         280         492         493         496         495         526
         527         531         530
         281         493         494         497         496         527
         528         532         531
         282         494          77          75         497         528
         131         129         532
         283         495         496         500         499         530
         531         535         534
         284         496         497         501         500         531
         532         536         535
         285         497          75          73         501         532
         129         127         536
         286         498         499         503         502         533
         534         538         537
         287         499         500         504         503         534
         535         539         538
         288         500         501         505         504         535
         536         540         539
         289         501          73          71         505         536
         127         125         540
         290         503         504         507         506         538
         539         542         541
         291         504         505         508         507         539
         540         543         542
         292         505          71          69         508         540
         125         123         543
         293         509         511         512         510         546
         548         549         547
         294         511         513         514         512         548
         550         551         549
         295         513         515         516         514         550
         552         553         551
         296         515         139         137         516         552
         194         192         553
         297         510         512         518         517         547
         549         555         554
         298         512         514         519         518         549
         551         556         555
         299         514         516         520         519         551
         553         557         556
         300         516         137         135         520         553
         192         190         557
         301         517         518         522         521         554
         555         559         558
         302         518         519         523         522         555
         556         560         559
         303         519         520         524         523         556
         557         561         560
         304         520         135         133         524         557
         190         188         561
         305         521         522         526         525         558
         559         563         562
         306         522         523         527         526         559
         560         564         563
         307         523         524         528         527         560
         561         565         564
         308         524         133         131         528         561
         188         186         565
         309         525         526         530         529         562
         563         567         566
         310         526         527         531         530         563
         564         568         567
         311         527         528         532         531         564
         565         569         568
         312         528         131         129         532         565
         186         184         569
         313         529         530         534         533         566
         567         571         570
         314         530         531         535         534         567
         568         572         571
         315         531         532         536         535         568
         569         573         572
         316         532         129         127         536         569
         184         182         573
         317         533         534         538         537         570
         571         575         574
         318         534         535         539         538         571
         572         576         575
         319         535         536         540         539         572
         573         577         576
         320         536         127         125         540         573
         182         180         577
         321         538         539         542         541         575
         576         580         579
         322         539         540         543         542         576
         577         581         580
         323         540         125         123         543         577
         180         178         581
         324         542         543         545         544         580
         581         584         583
         325         546         548         549         547         585
         587         588         586
         326         548         550         551         549         587
         589         590         588
         327         550         552         553         551         589
         591         592         590
         328         552         194         192         553         591
         250         248         592
         329         547         549         555         554         586
         588         594         593
         330         549         551         556         555         588
         590         595         594
         331         551         553         557         556         590
         592         596         595
         332         553         192         190         557         592
         248         246         596
         333         554         555         559         558         593
         594         598         597
         334         555         556         560         559         594
         595         599         598
         335         556         557         561         560         595
         596         600         599
         336         557         190         188         561         596
         246         244         600
         337         558         559         563         562         597
         598         602         601
         338         559         560         564         563         598
         599         603         602
         339         560         561         565         564         599
         600         604         603
         340         561         188         186         565         600
         244         242         604
         341         562         563         567         566         601
         602         606         605
         342         563         564         568         567         602
         603         607         606
         343         564         565         569         568         603
         604         608         607
         344         565         186         184         569         604
         242         240         608
         345         566         567         571         570         605
         606         610         609
         346         567         568         572         571         606
         607         611         610
         347         568         569         573         572         607
         608         612         611
         348         569         184         182         573         608
         240         238         612
         349         570         571         575         574         609
         610         614         613
         350         571         572         576         575         610
         611         615         614
         351         572         573         577         576         611
         612         616         615
         352         573         182         180         577         612
         238         236         616
         353         574         575         579         578         613
         614         618         617
         354         575         576         580         579         614
         615         619         618
         355         576         577         581         580         615
         616         620         619
         356         577         180         178         581         616
         236         234         620
         357         579         580         583         582         618
         619         622         621
         358         580         581         584         583         619
         620         623         622
         359         581         178         177         584         620
         234         232         623
         360         585         587         588         586         626
         628         629         627
         361         587         589         590         588         628
         630         631         629
         362         589         591         592         590         630
         632         633         631
         363         591         250         248         592         632
         307         305         633
         364         586         588         594         593         627
         629         635         634
         365         588         590         595         594         629
         631         636         635
         366         590         592         596         595         631
         633         637         636
         367         592         248         246         596         633
         305         303         637
         368         593         594         598         597         634
         635         639         638
         369         594         595         599         598         635
         636         640         639
         370         595         596         600         599         636
         637         641         640
         371         596         246         244         600         637
         303         301         641
         372         597         598         602         601         638
         639         643         642
         373         598         599         603         602         639
         640         644         643
         374         599         600         604         603         640
         641         645         644
         375         600         244         242         604         641
         301         299         645
         376         601         602         606         605         642
         643         647         646
         377         602         603         607         606         643
         644         648         647
         378         603         604         608         607         644
         645         649         648
         379         604         242         240         608         645
         299         297         649
         380         605         606         610         609         646
         647         651         650
         381         606         607         611         610         647
         648         652         651
         382         607         608         612         611         648
         649         653         652
         383         608         240         238         612         649
         297         295         653
         384         609         610         614         613         650
         651         655         654
         385         610         611         615         614         651
         652         656         655
         386         611         612         616         615         652
         653         657         656
         387         612         238         236         616         653
         295         293         657
         388         613         614         618         617         654
         655         659         658
         389         614         615         619         618         655
         656         660         659
         390         615         616         620         619         656
         657         661         660
         391         616         236         234         620         657
         293         291         661
         392         618         619         622         621         659
         660         663         662
         393         619         620         623         622         660
         661         664         663
         394         620         234         232         623         661
         291         289         664
         395         622         623         625         624         663
         664         666         665
         396         626         628         629         627         667
         669         670         668
         397         628         630         631         629         669
         671         672         670
         398         630         632         633         631         671
         673         674         672
         399         632         307         305         633         673
         355         353         674
         400         627         629         635         634         668
         670         676         675
         401         629         631         636         635         670
         672         677         676
         402         631         633         637         636         672
         674         678         677
         403         633         305         303         637         674
         353         351         678
         404         634         635         639         638         675
         676         680         679
         405         635         636         640         639         676
         677         681         680
         406         636         637         641         640         677
         678         682         681
         407         637         303         301         641         678
         351         349         682
         408         638         639         643         642         679
         680         684         683
         409         639         640         644         643         680
         681         685         684
         410         640         641         645         644         681
         682         686         685
         411         641         301         299         645         682
         349         347         686
         412         642         643         647         646         683
         684         688         687
         413         643         644         648         647         684
         685         689         688
         414         644         645         649         648         685
         686         690         689
         415         645         299         297         649         686
         347         345         690
         416         646         647         651         650         687
         688         692         691
         417         647         648         652         651         688
         689         693         692
         418         648         649         653         652         689
         690         694         693
         419         649         297         295         653         690
         345         343         694
         420         650         651         655         654         691
         692         696         695
         421         651         652         656         655         692
         693         697         696
         422         652         653         657         656         693
         694         698         697
         423         653         295         293         657         694
         343         341         698
         424         654         655         659         658         695
         696         700         699
         425         655         656         660         659         696
         697         701         700
         426         656         657         661         660         697
         698         702         701
         427         657         293         291         661         698
         341         339         702
         428         659         660         663         662         700
         701         705         704
         429         660         661         664         663         701
         702         706         705
         430         661         291         289         664         702
         339         337         706
         431         663         664         666         665         705
         706         708         707
         432         664         289         288         666         706
         337         336         708
         433         667         669         670         668         709
         711         712         710
         434         669         671         672         670         711
         713         714         712
         435         671         673         674         672         713
         715         716         714
         436         673         355         353         674         715
         393         391         716
         437         668         670         676         675         710
         712         718         717
         438         670         672         677         676         712
         714         719         718
         439         672         674         678         677         714
         716         720         719
         440         674         353         351         678         716
         391         389         720
         441         675         676         680         679         717
         718         722         721
         442         676         677         681         680         718
         719         723         722
         443         677         678         682         681         719
         720         724         723
         444         678         351         349         682         720
         389         387         724
         445         679         680         684         683         721
         722         726         725
         446         680         681         685         684         722
         723         727         726
         447         681         682         686         685         723
         724         728         727
         448         682         349         347         686         724
         387         385         728
         449         683         684         688         687         725
         726         730         729
         450         684         685         689         688         726
         727         731         730
         451         685         686         690         689         727
         728         732         731
         452         686         347         345         690         728
         385         383         732
         453         687         688         692         691         729
         730         734         733
         454         688         689         693         692         730
         731         735         734
         455         689         690         694         693         731
         732         736         735
         456         690         345         343         694         732
         383         381         736
         457         691         692         696         695         733
         734         738         737
         458         692         693         697         696         734
         735         739         738
         459         693         694         698         697         735
         736         740         739
         460         694         343         341         698         736
         381         379         740
         461         695         696         700         699         737
         738         742         741
         462         696         697         701         700         738
         739         743         742
         463         697         698         702         701         739
         740         744         743
         464         698         341         339         702         740
         379         377         744
         465         699         700         704         703         741
         742         746         745
         466         700         701         705         704         742
         743         747         746
         467         701         702         706         705         743
         744         748         747
         468         702         339         337         706         744
         377         375         748
         469         709         711         712         710         410
         412         413         411
         470         711         713         714         712         412
         414         415         413
         471         713         715         716         714         414
         416         417         415
         472         715         393         391         716         416
           4           6         417
         473         710         712         718         717         411
         413         422         421
         474         712         714         719         718         413
         415         423         422
         475         714         716         720         719         415
         417         424         423
         476         716         391         389         720         417
           6           9         424
         477         717         718         722         721         421
         422         429         428
         478         718         719         723         722         422
         423         430         429
         479         719         720         724         723         423
         424         431         430
         480         720         389         387         724         424
           9          12         431
         481         721         722         726         725         428
         429         436         435
         482         722         723         727         726         429
         430         437         436
         483         723         724         728         727         430
         431         438         437
         484         724         387         385         728         431
          12          15         438
         485         725         726         730         729         435
         436         443         442
         486         726         727         731         730         436
         437         444         443
         487         727         728         732         731         437
         438         445         444
         488         728         385         383         732         438
          15          18         445
         489         729         730         734         733         442
         443         450         449
         490         730         731         735         734         443
         444         451         450
         491         731         732         736         735         444
         445         452         451
         492         732         383         381         736         445
          18          21         452
         493         733         734         738         737         449
         450         457         456
         494         734         735         739         738         450
         451         458         457
         495         735         736         740         739         451
         452         459         458
         496         736         381         379         740         452
          21          24         459
         497         737         738         742         741         456
         457         461         460
         498         738         739         743         742         457
         458         462         461
         499         739         740         744         743         458
         459         463         462
         500         740         379         377         744         459
          24          26         463
