         769
         1    -1176.470588235290052
         2    -1176.470588235290052
         3    -1176.470588235290052
         4    -1176.470588235290052
         5     -588.235294117646959
         6     -588.235294117646959
         7     -588.235294117646959
         8     -588.235294117646959
         9     -588.235294117646959
        10     -588.235294117646959
        11        0.000000000000000
        12        0.000000000000000
        13        0.000000000000000
        14        0.000000000000000
        15        0.000000000000000
        16        0.000000000000000
        17        0.000000000000000
        18        0.000000000000000
        19    -1176.470588235290052
        20    -1176.470588235290052
        21     -588.235294117645935
        22     -588.235294117646959
        23     -588.235294117646959
        24        0.000000000000000
        25        0.000000000000000
        26        0.000000000000000
        27        0.000000000000000
        28    -1176.470588235290052
        29    -1176.470588235290052
        30     -588.235294117646959
        31     -588.235294117646959
        32     -588.235294117646959
        33        0.000000000000000
        34        0.000000000000000
        35        0.000000000000000
        36        0.000000000000000
        37    -1176.470588235290052
        38    -1176.470588235290052
        39     -588.235294117646959
        40     -588.235294117646959
        41     -588.235294117646959
        42        0.000000000000000
        43        0.000000000000000
        44        0.000000000000000
        45        0.000000000000000
        46    -1176.470588235290052
        47    -1176.470588235290052
        48     -588.235294117645935
        49     -588.235294117646959
        50     -588.235294117646959
        51        0.000000000000000
        52        0.000000000000000
        53        0.000000000000000
        54        0.000000000000000
        55    -1176.470588235290052
        56    -1176.470588235290052
        57     -588.235294117646959
        58     -588.235294117646959
        59     -588.235294117646959
        60        0.000000000000000
        61        0.000000000000000
        62        0.000000000000000
        63        0.000000000000000
        64    -1176.470588235290052
        65    -1176.470588235290052
        66     -588.235294117646959
        67     -588.235294117646959
        68     -588.235294117646959
        69        0.000000000000000
        70        0.000000000000000
        71        0.000000000000000
        72        0.000000000000000
        73     -588.235294117646959
        74     -588.235294117646959
        75     -588.235294117646959
        76        0.000000000000000
        77        0.000000000000000
        78        0.000000000000000
        79        0.000000000000000
        80        0.000000000000000
        81        0.000000000000000
        82        0.000000000000000
        83        0.000000000000000
        84     4705.882352941180216
        85     4705.882352941180216
        86     4705.882352941180216
        87     4705.882352941180216
        88     4705.882352941180216
        89     4705.882352941180216
        90     4705.882352941180216
        91     4705.882352941180216
        92     4705.882352941180216
        93     4705.882352941180216
        94     4705.882352941180216
        95     4705.882352941180216
        96     4705.882352941180216
        97     4705.882352941180216
        98     4705.882352941180216
        99     4705.882352941180216
       100     4705.882352941180216
       101     4117.647058823529733
       102     4117.647058823529733
       103     4117.647058823529733
       104     4117.647058823529733
       105     4117.647058823529733
       106     4117.647058823529733
       107     4117.647058823529733
       108     4117.647058823529733
       109     4117.647058823529733
       110     4117.647058823529733
       111     4117.647058823529733
       112     4117.647058823529733
       113     4117.647058823529733
       114     4117.647058823529733
       115     4117.647058823529733
       116     4117.647058823529733
       117     4117.647058823529733
       118     4117.647058823529733
       119     4117.647058823529733
       120     4117.647058823529733
       121     4117.647058823529733
       122     4117.647058823529733
       123     4117.647058823529733
       124     4117.647058823529733
       125     4117.647058823529733
       126     4117.647058823529733
       127     3529.411764705880159
       128     3529.411764705880159
       129     3529.411764705880159
       130     3529.411764705880159
       131     3529.411764705880159
       132     3529.411764705880159
       133     3529.411764705880159
       134     3529.411764705880159
       135     3529.411764705880159
       136     3529.411764705880159
       137     3529.411764705880159
       138     3529.411764705880159
       139     3529.411764705880159
       140     3529.411764705880159
       141     3529.411764705880159
       142     3529.411764705880159
       143     3529.411764705880159
       144     3529.411764705880159
       145     3529.411764705880159
       146     3529.411764705880159
       147     3529.411764705880159
       148     3529.411764705880159
       149     3529.411764705880159
       150     3529.411764705880159
       151     3529.411764705880159
       152     3529.411764705880159
       153     3529.411764705880159
       154     3529.411764705880159
       155     3529.411764705880159
       156     3529.411764705880159
       157     3529.411764705880159
       158     3529.411764705880159
       159     3529.411764705880159
       160     3529.411764705880159
       161     3529.411764705880159
       162     2941.176470588240136
       163     2941.176470588240136
       164     2941.176470588240136
       165     2941.176470588240136
       166     2941.176470588240136
       167     2941.176470588240136
       168     2941.176470588240136
       169     2941.176470588240136
       170     2941.176470588240136
       171     2941.176470588240136
       172     2941.176470588230131
       173     2941.176470588240136
       174     2941.176470588240136
       175     2941.176470588240136
       176     2941.176470588240136
       177     2941.176470588240136
       178     2941.176470588240136
       179     2941.176470588240136
       180     2941.176470588240136
       181     2941.176470588240136
       182     2941.176470588240136
       183     2941.176470588240136
       184     2941.176470588240136
       185     2941.176470588240136
       186     2941.176470588240136
       187     2941.176470588240136
       188     2941.176470588240136
       189     2941.176470588240136
       190     2941.176470588240136
       191     2941.176470588240136
       192     2941.176470588240136
       193     2941.176470588240136
       194     2941.176470588240136
       195     2941.176470588240136
       196     2941.176470588240136
       197     2941.176470588240136
       198     2352.941176470590108
       199     2352.941176470590108
       200     2352.941176470590108
       201     2352.941176470590108
       202     2352.941176470590108
       203     2352.941176470590108
       204     2352.941176470590108
       205     2352.941176470590108
       206     2352.941176470590108
       207     2352.941176470590108
       208     2352.941176470590108
       209     2352.941176470590108
       210     2352.941176470590108
       211     2352.941176470590108
       212     2352.941176470590108
       213     2352.941176470590108
       214     2352.941176470590108
       215     2352.941176470590108
       216     2352.941176470590108
       217     2352.941176470590108
       218     2352.941176470590108
       219     2352.941176470590108
       220     2352.941176470590108
       221     2352.941176470590108
       222     2352.941176470590108
       223     2352.941176470590108
       224     2352.941176470590108
       225     2352.941176470590108
       226     2352.941176470590108
       227     2352.941176470590108
       228     2352.941176470590108
       229     2352.941176470590108
       230     2352.941176470590108
       231     2352.941176470590108
       232     2352.941176470590108
       233     2352.941176470590108
       234     2352.941176470590108
       235     1764.705882352940080
       236     1764.705882352940080
       237     1764.705882352940080
       238     1764.705882352940080
       239     1764.705882352940080
       240     1764.705882352940080
       241     1764.705882352940080
       242     1764.705882352940080
       243     1764.705882352940080
       244     1764.705882352940080
       245     1764.705882352940080
       246     1764.705882352940080
       247     1764.705882352940080
       248     1764.705882352940080
       249     1764.705882352940080
       250     1764.705882352940080
       251     1764.705882352940080
       252     1764.705882352940080
       253     1764.705882352940080
       254     1764.705882352940080
       255     1764.705882352940080
       256     1764.705882352940080
       257     1764.705882352940080
       258     1764.705882352940080
       259     1764.705882352940080
       260     1764.705882352940080
       261     1764.705882352940080
       262     1764.705882352940080
       263     1764.705882352940080
       264     1764.705882352940080
       265     1764.705882352940080
       266     1764.705882352940080
       267     1764.705882352940080
       268     1764.705882352940080
       269     1764.705882352940080
       270     1764.705882352940080
       271     1764.705882352940080
       272     1764.705882352940080
       273     1764.705882352940080
       274     1176.470588235290052
       275     1176.470588235290052
       276     1176.470588235299829
       277     1176.470588235299829
       278     1176.470588235290052
       279     1176.470588235299829
       280     1176.470588235290052
       281     1176.470588235290052
       282     1176.470588235290052
       283     1176.470588235290052
       284     1176.470588235290052
       285     1176.470588235290052
       286     1176.470588235290052
       287     1176.470588235290052
       288     1176.470588235290052
       289     1176.470588235290052
       290     1176.470588235290052
       291     1176.470588235290052
       292     1176.470588235290052
       293     1176.470588235299829
       294     1176.470588235290052
       295     1176.470588235290052
       296     1176.470588235290052
       297     1176.470588235290052
       298     1176.470588235290052
       299     1176.470588235290052
       300     1176.470588235290052
       301     1176.470588235290052
       302     1176.470588235290052
       303     1176.470588235290052
       304     1176.470588235290052
       305     1176.470588235290052
       306     1176.470588235290052
       307     1176.470588235290052
       308     1176.470588235290052
       309     1176.470588235290052
       310     1176.470588235290052
       311     1176.470588235290052
       312     1176.470588235290052
       313     1176.470588235290052
       314      588.235294117646959
       315      588.235294117646959
       316      588.235294117646959
       317      588.235294117646959
       318      588.235294117646959
       319      588.235294117646959
       320      588.235294117646959
       321      588.235294117646959
       322      588.235294117646959
       323      588.235294117646959
       324      588.235294117646959
       325      588.235294117646959
       326      588.235294117646959
       327      588.235294117646959
       328      588.235294117646959
       329      588.235294117646959
       330      588.235294117646959
       331      588.235294117646959
       332      588.235294117646959
       333      588.235294117646959
       334      588.235294117646959
       335      588.235294117646959
       336      588.235294117646959
       337      588.235294117646959
       338      588.235294117646959
       339      588.235294117646959
       340      588.235294117646959
       341      588.235294117646959
       342      588.235294117646959
       343      588.235294117646959
       344      588.235294117646959
       345      588.235294117646959
       346      588.235294117646959
       347      588.235294117646959
       348      588.235294117646959
       349      588.235294117646959
       350      588.235294117646959
       351      588.235294117646959
       352      588.235294117646959
       353      588.235294117646959
       354      588.235294117646959
       355     -588.235294117646959
       356     -588.235294117646959
       357     -588.235294117646959
       358     -588.235294117646959
       359     -588.235294117646959
       360        0.000000000000000
       361        0.000000000000000
       362        0.000000000000000
       363        0.000000000000000
       364        0.000000000000000
       365        0.000000000000000
       366     -588.235294117646959
       367     -588.235294117646959
       368     -588.235294117646959
       369     -588.235294117646959
       370     -588.235294117646959
       371     -588.235294117646959
       372     -588.235294117646959
       373        0.000000000000000
       374        0.000000000000000
       375        0.000000000000000
       376        0.000000000000000
       377        0.000000000000000
       378        0.000000000000000
       379        0.000000000000000
       380        0.000000000000000
       381     -588.235294117646959
       382     -588.235294117646959
       383     -588.235294117646959
       384     -588.235294117646959
       385     -588.235294117646959
       386     -588.235294117646959
       387     -588.235294117646959
       388     -588.235294117646959
       389     -588.235294117646959
       390        0.000000000000000
       391        0.000000000000000
       392        0.000000000000000
       393        0.000000000000000
       394        0.000000000000000
       395        0.000000000000000
       396        0.000000000000000
       397        0.000000000000000
       398        0.000000000000000
       399        0.000000000000000
       400    -1176.470588235290052
       401    -1176.470588235290052
       402    -1176.470588235290052
       403    -1176.470588235290052
       404    -1176.470588235290052
       405    -1176.470588235290052
       406    -1176.470588235290052
       407    -1176.470588235290052
       408     -588.235294117646959
       409     -588.235294117646959
       410     -588.235294117646959
       411     -588.235294117646959
       412     -588.235294117646959
       413     -588.235294117646959
       414     -588.235294117646959
       415     -588.235294117646959
       416     -588.235294117646959
       417        0.000000000000000
       418        0.000000000000000
       419        0.000000000000000
       420        0.000000000000000
       421        0.000000000000000
       422        0.000000000000000
       423        0.000000000000000
       424        0.000000000000000
       425        0.000000000000000
       426        0.000000000000000
       427     1176.470588235290052
       428     1176.470588235299829
       429     1764.705882352940080
       430     1764.705882352940080
       431     2352.941176470590108
       432     2352.941176470590108
       433     2941.176470588240136
       434     2941.176470588240136
       435     1176.470588235290052
       436     1764.705882352940080
       437     2352.941176470590108
       438     1176.470588235290052
       439     1764.705882352940080
       440     2352.941176470590108
       441     1176.470588235290052
       442     1764.705882352940080
       443     2352.941176470590108
       444     1764.705882352940080
       445     2352.941176470590108
       446      588.235294117646959
       447      588.235294117646959
       448     1176.470588235290052
       449     1176.470588235299829
       450     1764.705882352940080
       451     1764.705882352940080
       452     2352.941176470590108
       453     2352.941176470590108
       454     2941.176470588240136
       455     2941.176470588240136
       456     3529.411764705880159
       457     3529.411764705880159
       458     4117.647058823529733
       459     4117.647058823529733
       460      588.235294117646959
       461     1176.470588235290052
       462     1764.705882352940080
       463     2352.941176470590108
       464     2941.176470588240136
       465     3529.411764705880159
       466     4117.647058823529733
       467      588.235294117646959
       468     1176.470588235290052
       469     1764.705882352940080
       470     2352.941176470590108
       471     2941.176470588240136
       472     3529.411764705880159
       473     4117.647058823529733
       474      588.235294117646959
       475     1176.470588235290052
       476     1764.705882352940080
       477     2352.941176470590108
       478     2941.176470588230131
       479     3529.411764705880159
       480     4117.647058823529733
       481     1176.470588235290052
       482     1764.705882352940080
       483     2352.941176470590108
       484     2941.176470588240136
       485     3529.411764705880159
       486     4117.647058823529733
       487     1764.705882352940080
       488     2352.941176470590108
       489     2941.176470588240136
       490     3529.411764705880159
       491     4117.647058823529733
       492     2352.941176470590108
       493     2941.176470588240136
       494     3529.411764705880159
       495      588.235294117646959
       496      588.235294117646959
       497     1176.470588235290052
       498     1176.470588235299829
       499     1764.705882352940080
       500     1764.705882352940080
       501     2352.941176470590108
       502     2352.941176470590108
       503     2941.176470588240136
       504     2941.176470588230131
       505     3529.411764705880159
       506     3529.411764705880159
       507     4117.647058823529733
       508     4117.647058823529733
       509      588.235294117646959
       510     1176.470588235290052
       511     1764.705882352940080
       512     2352.941176470590108
       513     2941.176470588240136
       514     3529.411764705880159
       515     4117.647058823529733
       516      588.235294117646959
       517     1176.470588235290052
       518     1764.705882352940080
       519     2352.941176470590108
       520     2941.176470588240136
       521     3529.411764705880159
       522     4117.647058823529733
       523      588.235294117646959
       524     1176.470588235290052
       525     1764.705882352940080
       526     2352.941176470590108
       527     2941.176470588240136
       528     3529.411764705880159
       529     4117.647058823529733
       530      588.235294117646959
       531     1176.470588235290052
       532     1764.705882352940080
       533     2352.941176470590108
       534     2941.176470588230131
       535     3529.411764705880159
       536     4117.647058823529733
       537      588.235294117646959
       538     1176.470588235290052
       539     1764.705882352940080
       540     2352.941176470590108
       541     2941.176470588240136
       542     3529.411764705880159
       543     4117.647058823529733
       544     1176.470588235290052
       545     1764.705882352940080
       546     2352.941176470590108
       547     2941.176470588240136
       548     3529.411764705880159
       549     4117.647058823529733
       550     1764.705882352940080
       551     2352.941176470590108
       552     2941.176470588240136
       553      588.235294117646959
       554      588.235294117646959
       555     1176.470588235290052
       556     1176.470588235299829
       557     1764.705882352940080
       558     1764.705882352940080
       559     2352.941176470590108
       560     2352.941176470590108
       561     2941.176470588240136
       562     2941.176470588240136
       563     3529.411764705880159
       564     3529.411764705880159
       565     4117.647058823529733
       566     4117.647058823529733
       567      588.235294117646959
       568     1176.470588235290052
       569     1764.705882352940080
       570     2352.941176470590108
       571     2941.176470588240136
       572     3529.411764705880159
       573     4117.647058823529733
       574      588.235294117646959
       575     1176.470588235290052
       576     1764.705882352940080
       577     2352.941176470590108
       578     2941.176470588240136
       579     3529.411764705880159
       580     4117.647058823529733
       581      588.235294117646959
       582     1176.470588235290052
       583     1764.705882352940080
       584     2352.941176470590108
       585     2941.176470588240136
       586     3529.411764705880159
       587     4117.647058823529733
       588      588.235294117646959
       589     1176.470588235290052
       590     1764.705882352940080
       591     2352.941176470590108
       592     2941.176470588240136
       593     3529.411764705880159
       594     4117.647058823529733
       595      588.235294117646959
       596     1176.470588235290052
       597     1764.705882352940080
       598     2352.941176470590108
       599     2941.176470588240136
       600     3529.411764705880159
       601     4117.647058823529733
       602      588.235294117646959
       603     1176.470588235290052
       604     1764.705882352940080
       605     2352.941176470590108
       606     2941.176470588240136
       607     3529.411764705880159
       608     4117.647058823529733
       609      588.235294117646959
       610     1176.470588235290052
       611     1764.705882352940080
       612     2352.941176470590108
       613     2941.176470588240136
       614     3529.411764705880159
       615     1176.470588235290052
       616     1764.705882352940080
       617     2352.941176470590108
       618      588.235294117646959
       619      588.235294117646959
       620     1176.470588235290052
       621     1176.470588235290052
       622     1764.705882352940080
       623     1764.705882352940080
       624     2352.941176470590108
       625     2352.941176470590108
       626     2941.176470588240136
       627     2941.176470588240136
       628     3529.411764705880159
       629     3529.411764705880159
       630     4117.647058823529733
       631     4117.647058823529733
       632      588.235294117646959
       633     1176.470588235290052
       634     1764.705882352940080
       635     2352.941176470590108
       636     2941.176470588240136
       637     3529.411764705880159
       638     4117.647058823529733
       639      588.235294117646959
       640     1176.470588235290052
       641     1764.705882352940080
       642     2352.941176470590108
       643     2941.176470588240136
       644     3529.411764705880159
       645     4117.647058823529733
       646      588.235294117646959
       647     1176.470588235290052
       648     1764.705882352940080
       649     2352.941176470590108
       650     2941.176470588240136
       651     3529.411764705880159
       652     4117.647058823529733
       653      588.235294117646959
       654     1176.470588235290052
       655     1764.705882352940080
       656     2352.941176470590108
       657     2941.176470588240136
       658     3529.411764705880159
       659     4117.647058823529733
       660      588.235294117646959
       661     1176.470588235290052
       662     1764.705882352940080
       663     2352.941176470590108
       664     2941.176470588240136
       665     3529.411764705880159
       666     4117.647058823529733
       667      588.235294117646959
       668     1176.470588235290052
       669     1764.705882352940080
       670     2352.941176470590108
       671     2941.176470588240136
       672     3529.411764705880159
       673     4117.647058823529733
       674      588.235294117646959
       675     1176.470588235290052
       676     1764.705882352940080
       677     2352.941176470590108
       678     2941.176470588240136
       679     3529.411764705880159
       680     4117.647058823529733
       681      588.235294117646959
       682     1176.470588235290052
       683     1764.705882352940080
       684     2352.941176470590108
       685     2941.176470588240136
       686      588.235294117646959
       687     1176.470588235290052
       688     1764.705882352940080
       689      588.235294117646959
       690      588.235294117646959
       691     1176.470588235290052
       692     1176.470588235299829
       693     1764.705882352940080
       694     1764.705882352940080
       695     2352.941176470590108
       696     2352.941176470590108
       697     2941.176470588240136
       698     2941.176470588240136
       699     3529.411764705880159
       700     3529.411764705880159
       701     4117.647058823529733
       702     4117.647058823529733
       703     4705.882352941180216
       704     4705.882352941180216
       705      588.235294117646959
       706     1176.470588235290052
       707     1764.705882352940080
       708     2352.941176470590108
       709     2941.176470588240136
       710     3529.411764705880159
       711     4117.647058823529733
       712     4705.882352941180216
       713      588.235294117646959
       714     1176.470588235290052
       715     1764.705882352940080
       716     2352.941176470590108
       717     2941.176470588240136
       718     3529.411764705880159
       719     4117.647058823529733
       720     4705.882352941180216
       721      588.235294117646959
       722     1176.470588235290052
       723     1764.705882352940080
       724     2352.941176470590108
       725     2941.176470588240136
       726     3529.411764705880159
       727     4117.647058823529733
       728     4705.882352941180216
       729      588.235294117646959
       730     1176.470588235290052
       731     1764.705882352940080
       732     2352.941176470590108
       733     2941.176470588230131
       734     3529.411764705880159
       735     4117.647058823529733
       736     4705.882352941180216
       737      588.235294117646959
       738     1176.470588235290052
       739     1764.705882352940080
       740     2352.941176470590108
       741     2941.176470588240136
       742     3529.411764705880159
       743     4117.647058823529733
       744     4705.882352941180216
       745      588.235294117646959
       746     1176.470588235290052
       747     1764.705882352940080
       748     2352.941176470590108
       749     2941.176470588240136
       750     3529.411764705880159
       751     4117.647058823529733
       752     4705.882352941180216
       753      588.235294117646959
       754     1176.470588235290052
       755     1764.705882352940080
       756     2352.941176470590108
       757     2941.176470588240136
       758     3529.411764705880159
       759     4117.647058823529733
       760     4705.882352941180216
       761      588.235294117646959
       762     1176.470588235290052
       763     1764.705882352940080
       764     2352.941176470590108
       765     2941.176470588240136
       766     3529.411764705880159
       767      588.235294117646959
       768     1176.470588235290052
       769     1764.705882352940080
