         500
           1           1           2           3           4           5
           6           7           8
           2           2           9          10           3           6
          11          12           7
           3           9          13          14          10          11
          15          16          12
           4          13          17          18          14          15
          19          20          16
           5          17          21          22          18          19
          23          24          20
           6          21          25          26          22          23
          27          28          24
           7          25          29          30          26          27
          31          32          28
           8           4           3          33          34           8
           7          35          36
           9           3          10          37          33           7
          12          38          35
          10          10          14          39          37          12
          16          40          38
          11          14          18          41          39          16
          20          42          40
          12          18          22          43          41          20
          24          44          42
          13          22          26          45          43          24
          28          46          44
          14          26          30          47          45          28
          32          48          46
          15          34          33          49          50          36
          35          51          52
          16          33          37          53          49          35
          38          54          51
          17          37          39          55          53          38
          40          56          54
          18          39          41          57          55          40
          42          58          56
          19          41          43          59          57          42
          44          60          58
          20          43          45          61          59          44
          46          62          60
          21          45          47          63          61          46
          48          64          62
          22          50          49          65          66          52
          51          67          68
          23          49          53          69          65          51
          54          70          67
          24          53          55          71          69          54
          56          72          70
          25          55          57          73          71          56
          58          74          72
          26          57          59          75          73          58
          60          76          74
          27          59          61          77          75          60
          62          78          76
          28          61          63          79          77          62
          64          80          78
          29          66          65          81          82          68
          67          83          84
          30          65          69          85          81          67
          70          86          83
          31          69          71          87          85          70
          72          88          86
          32          71          73          89          87          72
          74          90          88
          33          73          75          91          89          74
          76          92          90
          34          75          77          93          91          76
          78          94          92
          35          77          79          95          93          78
          80          96          94
          36          82          81          97          98          84
          83          99         100
          37          81          85         101          97          83
          86         102          99
          38          85          87         103         101          86
          88         104         102
          39          87          89         105         103          88
          90         106         104
          40          89          91         107         105          90
          92         108         106
          41          91          93         109         107          92
          94         110         108
          42          98          97         111         112         100
          99         113         114
          43          97         101         115         111          99
         102         116         113
          44         101         103         117         115         102
         104         118         116
          45         103         105         119         117         104
         106         120         118
          46         105         107         121         119         106
         108         122         120
          47         107         109         123         121         108
         110         124         122
          48           5           6           7           8         125
         126         127         128
          49           6          11          12           7         126
         129         130         127
          50          11          15          16          12         129
         131         132         130
          51          15          19          20          16         131
         133         134         132
          52          19          23          24          20         133
         135         136         134
          53          23          27          28          24         135
         137         138         136
          54          27          31          32          28         137
         139         140         138
          55           8           7          35          36         128
         127         141         142
          56           7          12          38          35         127
         130         143         141
          57          12          16          40          38         130
         132         144         143
          58          16          20          42          40         132
         134         145         144
          59          20          24          44          42         134
         136         146         145
          60          24          28          46          44         136
         138         147         146
          61          28          32          48          46         138
         140         148         147
          62          36          35          51          52         142
         141         149         150
          63          35          38          54          51         141
         143         151         149
          64          38          40          56          54         143
         144         152         151
          65          40          42          58          56         144
         145         153         152
          66          42          44          60          58         145
         146         154         153
          67          44          46          62          60         146
         147         155         154
          68          46          48          64          62         147
         148         156         155
          69          52          51          67          68         150
         149         157         158
          70          51          54          70          67         149
         151         159         157
          71          54          56          72          70         151
         152         160         159
          72          56          58          74          72         152
         153         161         160
          73          58          60          76          74         153
         154         162         161
          74          60          62          78          76         154
         155         163         162
          75          62          64          80          78         155
         156         164         163
          76          68          67          83          84         158
         157         165         166
          77          67          70          86          83         157
         159         167         165
          78          70          72          88          86         159
         160         168         167
          79          72          74          90          88         160
         161         169         168
          80          74          76          92          90         161
         162         170         169
          81          76          78          94          92         162
         163         171         170
          82          78          80          96          94         163
         164         172         171
          83          84          83          99         100         166
         165         173         174
          84          83          86         102          99         165
         167         175         173
          85          86          88         104         102         167
         168         176         175
          86          88          90         106         104         168
         169         177         176
          87          90          92         108         106         169
         170         178         177
          88          92          94         110         108         170
         171         179         178
          89         100          99         113         114         174
         173         180         181
          90          99         102         116         113         173
         175         182         180
          91         102         104         118         116         175
         176         183         182
          92         104         106         120         118         176
         177         184         183
          93         106         108         122         120         177
         178         185         184
          94         108         110         124         122         178
         179         186         185
          95         125         126         127         128         187
         188         189         190
          96         126         129         130         127         188
         191         192         189
          97         129         131         132         130         191
         193         194         192
          98         131         133         134         132         193
         195         196         194
          99         133         135         136         134         195
         197         198         196
         100         135         137         138         136         197
         199         200         198
         101         137         139         140         138         199
         201         202         200
         102         128         127         141         142         190
         189         203         204
         103         127         130         143         141         189
         192         205         203
         104         130         132         144         143         192
         194         206         205
         105         132         134         145         144         194
         196         207         206
         106         134         136         146         145         196
         198         208         207
         107         136         138         147         146         198
         200         209         208
         108         138         140         148         147         200
         202         210         209
         109         142         141         149         150         204
         203         211         212
         110         141         143         151         149         203
         205         213         211
         111         143         144         152         151         205
         206         214         213
         112         144         145         153         152         206
         207         215         214
         113         145         146         154         153         207
         208         216         215
         114         146         147         155         154         208
         209         217         216
         115         147         148         156         155         209
         210         218         217
         116         150         149         157         158         212
         211         219         220
         117         149         151         159         157         211
         213         221         219
         118         151         152         160         159         213
         214         222         221
         119         152         153         161         160         214
         215         223         222
         120         153         154         162         161         215
         216         224         223
         121         154         155         163         162         216
         217         225         224
         122         155         156         164         163         217
         218         226         225
         123         158         157         165         166         220
         219         227         228
         124         157         159         167         165         219
         221         229         227
         125         159         160         168         167         221
         222         230         229
         126         160         161         169         168         222
         223         231         230
         127         161         162         170         169         223
         224         232         231
         128         162         163         171         170         224
         225         233         232
         129         163         164         172         171         225
         226         234         233
         130         166         165         173         174         228
         227         235         236
         131         165         167         175         173         227
         229         237         235
         132         167         168         176         175         229
         230         238         237
         133         168         169         177         176         230
         231         239         238
         134         169         170         178         177         231
         232         240         239
         135         170         171         179         178         232
         233         241         240
         136         174         173         180         181         236
         235         242         243
         137         173         175         182         180         235
         237         244         242
         138         175         176         183         182         237
         238         245         244
         139         176         177         184         183         238
         239         246         245
         140         177         178         185         184         239
         240         247         246
         141         178         179         186         185         240
         241         248         247
         142         187         188         189         190         249
         250         251         252
         143         188         191         192         189         250
         253         254         251
         144         191         193         194         192         253
         255         256         254
         145         193         195         196         194         255
         257         258         256
         146         195         197         198         196         257
         259         260         258
         147         197         199         200         198         259
         261         262         260
         148         199         201         202         200         261
         263         264         262
         149         190         189         203         204         252
         251         265         266
         150         189         192         205         203         251
         254         267         265
         151         192         194         206         205         254
         256         268         267
         152         194         196         207         206         256
         258         269         268
         153         196         198         208         207         258
         260         270         269
         154         198         200         209         208         260
         262         271         270
         155         200         202         210         209         262
         264         272         271
         156         204         203         211         212         266
         265         273         274
         157         203         205         213         211         265
         267         275         273
         158         205         206         214         213         267
         268         276         275
         159         206         207         215         214         268
         269         277         276
         160         207         208         216         215         269
         270         278         277
         161         208         209         217         216         270
         271         279         278
         162         209         210         218         217         271
         272         280         279
         163         212         211         219         220         274
         273         281         282
         164         211         213         221         219         273
         275         283         281
         165         213         214         222         221         275
         276         284         283
         166         214         215         223         222         276
         277         285         284
         167         215         216         224         223         277
         278         286         285
         168         216         217         225         224         278
         279         287         286
         169         217         218         226         225         279
         280         288         287
         170         220         219         227         228         282
         281         289         290
         171         219         221         229         227         281
         283         291         289
         172         221         222         230         229         283
         284         292         291
         173         222         223         231         230         284
         285         293         292
         174         223         224         232         231         285
         286         294         293
         175         224         225         233         232         286
         287         295         294
         176         228         227         235         236         290
         289         296         297
         177         227         229         237         235         289
         291         298         296
         178         229         230         238         237         291
         292         299         298
         179         230         231         239         238         292
         293         300         299
         180         231         232         240         239         293
         294         301         300
         181         232         233         241         240         294
         295         302         301
         182         236         235         242         243         297
         296         303         304
         183         235         237         244         242         296
         298         305         303
         184         237         238         245         244         298
         299         306         305
         185         238         239         246         245         299
         300         307         306
         186         239         240         247         246         300
         301         308         307
         187         240         241         248         247         301
         302         309         308
         188         249         250         251         252         310
         311         312         313
         189         250         253         254         251         311
         314         315         312
         190         253         255         256         254         314
         316         317         315
         191         255         257         258         256         316
         318         319         317
         192         257         259         260         258         318
         320         321         319
         193         259         261         262         260         320
         322         323         321
         194         252         251         265         266         313
         312         324         325
         195         251         254         267         265         312
         315         326         324
         196         254         256         268         267         315
         317         327         326
         197         256         258         269         268         317
         319         328         327
         198         258         260         270         269         319
         321         329         328
         199         260         262         271         270         321
         323         330         329
         200         266         265         273         274         325
         324         331         332
         201         265         267         275         273         324
         326         333         331
         202         267         268         276         275         326
         327         334         333
         203         268         269         277         276         327
         328         335         334
         204         269         270         278         277         328
         329         336         335
         205         270         271         279         278         329
         330         337         336
         206         274         273         281         282         332
         331         338         339
         207         273         275         283         281         331
         333         340         338
         208         275         276         284         283         333
         334         341         340
         209         276         277         285         284         334
         335         342         341
         210         277         278         286         285         335
         336         343         342
         211         278         279         287         286         336
         337         344         343
         212         282         281         289         290         339
         338         345         346
         213         281         283         291         289         338
         340         347         345
         214         283         284         292         291         340
         341         348         347
         215         284         285         293         292         341
         342         349         348
         216         285         286         294         293         342
         343         350         349
         217         286         287         295         294         343
         344         351         350
         218         290         289         296         297         346
         345         352         353
         219         289         291         298         296         345
         347         354         352
         220         291         292         299         298         347
         348         355         354
         221         292         293         300         299         348
         349         356         355
         222         293         294         301         300         349
         350         357         356
         223         294         295         302         301         350
         351         358         357
         224         297         296         303         304         353
         352         359         360
         225         296         298         305         303         352
         354         361         359
         226         298         299         306         305         354
         355         362         361
         227         299         300         307         306         355
         356         363         362
         228         300         301         308         307         356
         357         364         363
         229         301         302         309         308         357
         358         365         364
         230         310         311         312         313         366
         367         368         369
         231         311         314         315         312         367
         370         371         368
         232         314         316         317         315         370
         372         373         371
         233         316         318         319         317         372
         374         375         373
         234         318         320         321         319         374
         376         377         375
         235         320         322         323         321         376
         378         379         377
         236         313         312         324         325         369
         368         380         381
         237         312         315         326         324         368
         371         382         380
         238         315         317         327         326         371
         373         383         382
         239         317         319         328         327         373
         375         384         383
         240         319         321         329         328         375
         377         385         384
         241         321         323         330         329         377
         379         386         385
         242         325         324         331         332         381
         380         387         388
         243         324         326         333         331         380
         382         389         387
         244         326         327         334         333         382
         383         390         389
         245         327         328         335         334         383
         384         391         390
         246         328         329         336         335         384
         385         392         391
         247         329         330         337         336         385
         386         393         392
         248         332         331         338         339         388
         387         394         395
         249         331         333         340         338         387
         389         396         394
         250         333         334         341         340         389
         390         397         396
         251         334         335         342         341         390
         391         398         397
         252         335         336         343         342         391
         392         399         398
         253         336         337         344         343         392
         393         400         399
         254         339         338         345         346         395
         394         401         402
         255         338         340         347         345         394
         396         403         401
         256         340         341         348         347         396
         397         404         403
         257         341         342         349         348         397
         398         405         404
         258         342         343         350         349         398
         399         406         405
         259         343         344         351         350         399
         400         407         406
         260         346         345         352         353         402
         401         408         409
         261         345         347         354         352         401
         403         410         408
         262         347         348         355         354         403
         404         411         410
         263         348         349         356         355         404
         405         412         411
         264         349         350         357         356         405
         406         413         412
         265         350         351         358         357         406
         407         414         413
         266         352         354         361         359         408
         410         416         415
         267         354         355         362         361         410
         411         417         416
         268         355         356         363         362         411
         412         418         417
         269         356         357         364         363         412
         413         419         418
         270         357         358         365         364         413
         414         420         419
         271         366         367         368         369         421
         422         423         424
         272         367         370         371         368         422
         425         426         423
         273         370         372         373         371         425
         427         428         426
         274         372         374         375         373         427
         429         430         428
         275         374         376         377         375         429
         431         432         430
         276         376         378         379         377         431
         433         434         432
         277         369         368         380         381         424
         423         435         436
         278         368         371         382         380         423
         426         437         435
         279         371         373         383         382         426
         428         438         437
         280         373         375         384         383         428
         430         439         438
         281         375         377         385         384         430
         432         440         439
         282         377         379         386         385         432
         434         441         440
         283         381         380         387         388         436
         435         442         443
         284         380         382         389         387         435
         437         444         442
         285         382         383         390         389         437
         438         445         444
         286         383         384         391         390         438
         439         446         445
         287         384         385         392         391         439
         440         447         446
         288         385         386         393         392         440
         441         448         447
         289         388         387         394         395         443
         442         449         450
         290         387         389         396         394         442
         444         451         449
         291         389         390         397         396         444
         445         452         451
         292         390         391         398         397         445
         446         453         452
         293         391         392         399         398         446
         447         454         453
         294         392         393         400         399         447
         448         455         454
         295         395         394         401         402         450
         449         456         457
         296         394         396         403         401         449
         451         458         456
         297         396         397         404         403         451
         452         459         458
         298         397         398         405         404         452
         453         460         459
         299         398         399         406         405         453
         454         461         460
         300         399         400         407         406         454
         455         462         461
         301         402         401         408         409         457
         456         463         464
         302         401         403         410         408         456
         458         465         463
         303         403         404         411         410         458
         459         466         465
         304         404         405         412         411         459
         460         467         466
         305         405         406         413         412         460
         461         468         467
         306         406         407         414         413         461
         462         469         468
         307         410         411         417         416         465
         466         471         470
         308         411         412         418         417         466
         467         472         471
         309         412         413         419         418         467
         468         473         472
         310         413         414         420         419         468
         469         474         473
         311         421         422         423         424         475
         476         477         478
         312         422         425         426         423         476
         479         480         477
         313         425         427         428         426         479
         481         482         480
         314         427         429         430         428         481
         483         484         482
         315         429         431         432         430         483
         485         486         484
         316         431         433         434         432         485
         487         488         486
         317         424         423         435         436         478
         477         489         490
         318         423         426         437         435         477
         480         491         489
         319         426         428         438         437         480
         482         492         491
         320         428         430         439         438         482
         484         493         492
         321         430         432         440         439         484
         486         494         493
         322         432         434         441         440         486
         488         495         494
         323         436         435         442         443         490
         489         496         497
         324         435         437         444         442         489
         491         498         496
         325         437         438         445         444         491
         492         499         498
         326         438         439         446         445         492
         493         500         499
         327         439         440         447         446         493
         494         501         500
         328         440         441         448         447         494
         495         502         501
         329         443         442         449         450         497
         496         503         504
         330         442         444         451         449         496
         498         505         503
         331         444         445         452         451         498
         499         506         505
         332         445         446         453         452         499
         500         507         506
         333         446         447         454         453         500
         501         508         507
         334         447         448         455         454         501
         502         509         508
         335         450         449         456         457         504
         503         510         511
         336         449         451         458         456         503
         505         512         510
         337         451         452         459         458         505
         506         513         512
         338         452         453         460         459         506
         507         514         513
         339         453         454         461         460         507
         508         515         514
         340         454         455         462         461         508
         509         516         515
         341         456         458         465         463         510
         512         518         517
         342         458         459         466         465         512
         513         519         518
         343         459         460         467         466         513
         514         520         519
         344         460         461         468         467         514
         515         521         520
         345         461         462         469         468         515
         516         522         521
         346         465         466         471         470         518
         519         524         523
         347         466         467         472         471         519
         520         525         524
         348         467         468         473         472         520
         521         526         525
         349         468         469         474         473         521
         522         527         526
         350         475         476         477         478         528
         529         530         531
         351         476         479         480         477         529
         532         533         530
         352         479         481         482         480         532
         534         535         533
         353         481         483         484         482         534
         536         537         535
         354         483         485         486         484         536
         538         539         537
         355         478         477         489         490         531
         530         540         541
         356         477         480         491         489         530
         533         542         540
         357         480         482         492         491         533
         535         543         542
         358         482         484         493         492         535
         537         544         543
         359         484         486         494         493         537
         539         545         544
         360         490         489         496         497         541
         540         546         547
         361         489         491         498         496         540
         542         548         546
         362         491         492         499         498         542
         543         549         548
         363         492         493         500         499         543
         544         550         549
         364         493         494         501         500         544
         545         551         550
         365         497         496         503         504         547
         546         553         554
         366         496         498         505         503         546
         548         555         553
         367         498         499         506         505         548
         549         556         555
         368         499         500         507         506         549
         550         557         556
         369         500         501         508         507         550
         551         558         557
         370         501         502         509         508         551
         552         559         558
         371         504         503         510         511         554
         553         560         561
         372         503         505         512         510         553
         555         562         560
         373         505         506         513         512         555
         556         563         562
         374         506         507         514         513         556
         557         564         563
         375         507         508         515         514         557
         558         565         564
         376         508         509         516         515         558
         559         566         565
         377         510         512         518         517         560
         562         568         567
         378         512         513         519         518         562
         563         569         568
         379         513         514         520         519         563
         564         570         569
         380         514         515         521         520         564
         565         571         570
         381         515         516         522         521         565
         566         572         571
         382         573         577         578         574         575
         579         580         576
         383         577         581         582         578         579
         583         584         580
         384         581           1           4         582         583
           5           8         584
         385         574         578         587         585         576
         580         588         586
         386         578         582         589         587         580
         584         590         588
         387         582           4          34         589         584
           8          36         590
         388         585         587         595         593         586
         588         596         594
         389         587         589         597         595         588
         590         598         596
         390         589          34          50         597         590
          36          52         598
         391         591         593         601         599         592
         594         602         600
         392         593         595         603         601         594
         596         604         602
         393         595         597         605         603         596
         598         606         604
         394         597          50          66         605         598
          52          68         606
         395         601         603         609         607         602
         604         610         608
         396         603         605         611         609         604
         606         612         610
         397         605          66          82         611         606
          68          84         612
         398         609         611         615         613         610
         612         616         614
         399         611          82          98         615         612
          84         100         616
         400         615          98         112         617         616
         100         114         618
         401         575         579         580         576         619
         621         622         620
         402         579         583         584         580         621
         623         624         622
         403         583           5           8         584         623
         125         128         624
         404         576         580         588         586         620
         622         626         625
         405         580         584         590         588         622
         624         627         626
         406         584           8          36         590         624
         128         142         627
         407         586         588         596         594         625
         626         630         629
         408         588         590         598         596         626
         627         631         630
         409         590          36          52         598         627
         142         150         631
         410         592         594         602         600         628
         629         633         632
         411         594         596         604         602         629
         630         634         633
         412         596         598         606         604         630
         631         635         634
         413         598          52          68         606         631
         150         158         635
         414         602         604         610         608         633
         634         637         636
         415         604         606         612         610         634
         635         638         637
         416         606          68          84         612         635
         158         166         638
         417         610         612         616         614         637
         638         640         639
         418         612          84         100         616         638
         166         174         640
         419         616         100         114         618         640
         174         181         641
         420         619         621         622         620         642
         644         645         643
         421         621         623         624         622         644
         646         647         645
         422         623         125         128         624         646
         187         190         647
         423         620         622         626         625         643
         645         649         648
         424         622         624         627         626         645
         647         650         649
         425         624         128         142         627         647
         190         204         650
         426         625         626         630         629         648
         649         653         652
         427         626         627         631         630         649
         650         654         653
         428         627         142         150         631         650
         204         212         654
         429         628         629         633         632         651
         652         656         655
         430         629         630         634         633         652
         653         657         656
         431         630         631         635         634         653
         654         658         657
         432         631         150         158         635         654
         212         220         658
         433         633         634         637         636         656
         657         660         659
         434         634         635         638         637         657
         658         661         660
         435         635         158         166         638         658
         220         228         661
         436         637         638         640         639         660
         661         663         662
         437         638         166         174         640         661
         228         236         663
         438         640         174         181         641         663
         236         243         664
         439         642         644         645         643         665
         667         668         666
         440         644         646         647         645         667
         669         670         668
         441         646         187         190         647         669
         249         252         670
         442         643         645         649         648         666
         668         672         671
         443         645         647         650         649         668
         670         673         672
         444         647         190         204         650         670
         252         266         673
         445         648         649         653         652         671
         672         675         674
         446         649         650         654         653         672
         673         676         675
         447         650         204         212         654         673
         266         274         676
         448         652         653         657         656         674
         675         678         677
         449         653         654         658         657         675
         676         679         678
         450         654         212         220         658         676
         274         282         679
         451         656         657         660         659         677
         678         681         680
         452         657         658         661         660         678
         679         682         681
         453         658         220         228         661         679
         282         290         682
         454         660         661         663         662         681
         682         684         683
         455         661         228         236         663         682
         290         297         684
         456         663         236         243         664         684
         297         304         685
         457         665         667         668         666         686
         688         689         687
         458         667         669         670         668         688
         690         691         689
         459         669         249         252         670         690
         310         313         691
         460         666         668         672         671         687
         689         693         692
         461         668         670         673         672         689
         691         694         693
         462         670         252         266         673         691
         313         325         694
         463         671         672         675         674         692
         693         696         695
         464         672         673         676         675         693
         694         697         696
         465         673         266         274         676         694
         325         332         697
         466         674         675         678         677         695
         696         699         698
         467         675         676         679         678         696
         697         700         699
         468         676         274         282         679         697
         332         339         700
         469         677         678         681         680         698
         699         702         701
         470         678         679         682         681         699
         700         703         702
         471         679         282         290         682         700
         339         346         703
         472         681         682         684         683         702
         703         705         704
         473         682         290         297         684         703
         346         353         705
         474         684         297         304         685         705
         353         360         706
         475         688         690         691         689         707
         709         710         708
         476         690         310         313         691         709
         366         369         710
         477         689         691         694         693         708
         710         712         711
         478         691         313         325         694         710
         369         381         712
         479         693         694         697         696         711
         712         714         713
         480         694         325         332         697         712
         381         388         714
         481         696         697         700         699         713
         714         716         715
         482         697         332         339         700         714
         388         395         716
         483         699         700         703         702         715
         716         718         717
         484         700         339         346         703         716
         395         402         718
         485         702         703         705         704         717
         718         720         719
         486         703         346         353         705         718
         402         409         720
         487         709         366         369         710         721
         421         424         722
         488         710         369         381         712         722
         424         436         723
         489         712         381         388         714         723
         436         443         724
         490         714         388         395         716         724
         443         450         725
         491         716         395         402         718         725
         450         457         726
         492         721         421         424         722         727
         475         478         728
         493         722         424         436         723         728
         478         490         729
         494         723         436         443         724         729
         490         497         730
         495         724         443         450         725         730
         497         504         731
         496         725         450         457         726         731
         504         511         732
         497         727         475         478         728         733
         528         531         734
         498         728         478         490         729         734
         531         541         735
         499         729         490         497         730         735
         541         547         736
         500         730         497         504         731         736
         547         554         737
