         748
         1     2000.000000000000000
         2     2000.000000000000000
         3     2615.384615384619792
         4     2000.000000000000000
         5     2615.384615384610242
         6     2000.000000000000000
         7     2000.000000000000000
         8     2615.384615384610242
         9     2000.000000000000000
        10     2000.000000000000000
        11     2615.384615384610242
        12     2000.000000000000000
        13     2000.000000000000000
        14     2615.384615384610242
        15     2000.000000000000000
        16     2000.000000000000000
        17     2615.384615384619792
        18     2000.000000000000000
        19     2000.000000000000000
        20     2615.384615384610242
        21     2000.000000000000000
        22     2000.000000000000000
        23     2615.384615384610242
        24     2000.000000000000000
        25     2615.384615384610242
        26     2000.000000000000000
        27     2000.000000000000000
        28     2615.384615384610242
        29     2000.000000000000000
        30     2615.384615384610242
        31     2000.000000000000000
        32     2615.384615384619792
        33     2000.000000000000000
        34     2615.384615384610242
        35     2000.000000000000000
        36     2615.384615384610242
        37     2000.000000000000000
        38     2615.384615384610242
        39     2000.000000000000000
        40     2615.384615384610242
        41     2000.000000000000000
        42     2615.384615384619792
        43     3230.769230769230035
        44     3230.769230769230035
        45     3230.769230769230035
        46     3230.769230769230035
        47     3230.769230769230035
        48     3230.769230769230035
        49     3230.769230769230035
        50     3230.769230769230035
        51     3846.153846153849827
        52     3846.153846153849827
        53     3846.153846153849827
        54     3846.153846153839822
        55     3846.153846153849827
        56     3846.153846153849827
        57     3846.153846153849827
        58     3846.153846153839822
        59     3846.153846153849827
        60     4461.538461538460069
        61     4461.538461538460069
        62     4461.538461538460069
        63     4461.538461538460069
        64     4461.538461538460069
        65     4461.538461538460069
        66     4461.538461538460069
        67     4461.538461538460069
        68     4461.538461538460069
        69     2000.000000000000000
        70     2615.384615384610242
        71     2000.000000000000000
        72     2615.384615384610242
        73     2000.000000000000000
        74     2615.384615384610242
        75     2000.000000000000000
        76     2615.384615384619792
        77     2000.000000000000000
        78     2615.384615384610242
        79     2000.000000000000000
        80     2615.384615384610242
        81     2000.000000000000000
        82     2615.384615384610242
        83     2000.000000000000000
        84     2615.384615384610242
        85     2000.000000000000000
        86     2615.384615384610242
        87     3230.769230769230035
        88     3230.769230769230035
        89     3230.769230769230035
        90     3230.769230769230035
        91     3230.769230769230035
        92     3230.769230769230035
        93     3230.769230769230035
        94     3230.769230769230035
        95     3230.769230769230035
        96     3846.153846153849827
        97     3846.153846153849827
        98     3846.153846153839822
        99     3846.153846153849827
       100     3846.153846153839822
       101     3846.153846153849827
       102     3846.153846153849827
       103     3846.153846153849827
       104     3846.153846153849827
       105     4461.538461538460069
       106     4461.538461538460069
       107     4461.538461538460069
       108     4461.538461538460069
       109     4461.538461538460069
       110     4461.538461538460069
       111     4461.538461538460069
       112     4461.538461538460069
       113     4461.538461538460069
       114     5076.923076923079861
       115     5076.923076923079861
       116     5076.923076923079861
       117     5076.923076923079861
       118     5076.923076923079861
       119     5076.923076923079861
       120     5076.923076923079861
       121     5076.923076923079861
       122     5076.923076923079861
       123     2000.000000000000000
       124     2615.384615384610242
       125     2000.000000000000000
       126     2615.384615384610242
       127     2000.000000000000000
       128     2615.384615384610242
       129     2000.000000000000000
       130     2615.384615384619792
       131     2000.000000000000000
       132     2615.384615384610242
       133     2000.000000000000000
       134     2615.384615384610242
       135     2000.000000000000000
       136     2615.384615384619792
       137     2000.000000000000000
       138     2615.384615384610242
       139     2000.000000000000000
       140     2615.384615384619792
       141     3230.769230769230035
       142     3230.769230769230035
       143     3230.769230769230035
       144     3230.769230769230035
       145     3230.769230769230035
       146     3230.769230769230035
       147     3230.769230769230035
       148     3230.769230769230035
       149     3230.769230769230035
       150     3846.153846153849827
       151     3846.153846153849827
       152     3846.153846153849827
       153     3846.153846153849827
       154     3846.153846153839822
       155     3846.153846153849827
       156     3846.153846153849827
       157     3846.153846153849827
       158     3846.153846153849827
       159     4461.538461538460069
       160     4461.538461538460069
       161     4461.538461538460069
       162     4461.538461538460069
       163     4461.538461538460069
       164     4461.538461538460069
       165     4461.538461538460069
       166     4461.538461538460069
       167     4461.538461538460069
       168     5076.923076923070766
       169     5076.923076923070766
       170     5076.923076923070766
       171     5076.923076923070766
       172     5076.923076923079861
       173     5076.923076923070766
       174     5076.923076923070766
       175     5076.923076923070766
       176     5076.923076923070766
       177     2000.000000000000000
       178     2000.000000000000000
       179     2615.384615384610242
       180     2000.000000000000000
       181     2615.384615384610242
       182     2000.000000000000000
       183     2615.384615384619792
       184     2000.000000000000000
       185     2615.384615384619792
       186     2000.000000000000000
       187     2615.384615384619792
       188     2000.000000000000000
       189     2615.384615384610242
       190     2000.000000000000000
       191     2615.384615384610242
       192     2000.000000000000000
       193     2615.384615384610242
       194     2000.000000000000000
       195     2615.384615384619792
       196     3230.769230769230035
       197     3230.769230769230035
       198     3230.769230769230035
       199     3230.769230769230035
       200     3230.769230769230035
       201     3230.769230769230035
       202     3230.769230769230035
       203     3230.769230769230035
       204     3230.769230769230035
       205     3846.153846153849827
       206     3846.153846153849827
       207     3846.153846153849827
       208     3846.153846153849827
       209     3846.153846153849827
       210     3846.153846153849827
       211     3846.153846153849827
       212     3846.153846153839822
       213     3846.153846153849827
       214     4461.538461538460069
       215     4461.538461538460069
       216     4461.538461538460069
       217     4461.538461538460069
       218     4461.538461538460069
       219     4461.538461538460069
       220     4461.538461538460069
       221     4461.538461538460069
       222     4461.538461538460069
       223     5076.923076923079861
       224     5076.923076923079861
       225     5076.923076923079861
       226     5076.923076923079861
       227     5076.923076923079861
       228     5076.923076923079861
       229     5076.923076923079861
       230     5076.923076923079861
       231     5076.923076923079861
       232     2000.000000000000000
       233     2615.384615384610242
       234     2000.000000000000000
       235     2615.384615384610242
       236     2000.000000000000000
       237     2615.384615384610242
       238     2000.000000000000000
       239     2615.384615384610242
       240     2000.000000000000000
       241     2615.384615384610242
       242     2000.000000000000000
       243     2615.384615384610242
       244     2000.000000000000000
       245     2615.384615384610242
       246     2000.000000000000000
       247     2615.384615384610242
       248     2000.000000000000000
       249     2615.384615384610242
       250     2000.000000000000000
       251     2615.384615384610242
       252     3230.769230769230035
       253     3230.769230769230035
       254     3230.769230769230035
       255     3230.769230769230035
       256     3230.769230769230035
       257     3230.769230769230035
       258     3230.769230769230035
       259     3230.769230769230035
       260     3230.769230769230035
       261     3846.153846153839822
       262     3846.153846153849827
       263     3846.153846153849827
       264     3846.153846153849827
       265     3846.153846153839822
       266     3846.153846153849827
       267     3846.153846153849827
       268     3846.153846153849827
       269     3846.153846153849827
       270     4461.538461538460069
       271     4461.538461538460069
       272     4461.538461538460069
       273     4461.538461538460069
       274     4461.538461538460069
       275     4461.538461538460069
       276     4461.538461538460069
       277     4461.538461538460069
       278     4461.538461538460069
       279     5076.923076923079861
       280     5076.923076923079861
       281     5076.923076923079861
       282     5076.923076923079861
       283     5076.923076923079861
       284     5076.923076923079861
       285     5076.923076923079861
       286     5076.923076923079861
       287     5076.923076923079861
       288     2000.000000000000000
       289     2000.000000000000000
       290     2615.384615384610242
       291     2000.000000000000000
       292     2615.384615384610242
       293     2000.000000000000000
       294     2615.384615384619792
       295     2000.000000000000000
       296     2615.384615384610242
       297     2000.000000000000000
       298     2615.384615384619792
       299     2000.000000000000000
       300     2615.384615384610242
       301     2000.000000000000000
       302     2615.384615384610242
       303     2000.000000000000000
       304     2615.384615384610242
       305     2000.000000000000000
       306     2615.384615384610242
       307     2000.000000000000000
       308     2615.384615384619792
       309     3230.769230769230035
       310     3230.769230769230035
       311     3230.769230769230035
       312     3230.769230769230035
       313     3230.769230769230035
       314     3230.769230769230035
       315     3230.769230769230035
       316     3230.769230769230035
       317     3230.769230769230035
       318     3846.153846153849827
       319     3846.153846153849827
       320     3846.153846153849827
       321     3846.153846153849827
       322     3846.153846153849827
       323     3846.153846153849827
       324     3846.153846153849827
       325     3846.153846153849827
       326     3846.153846153849827
       327     4461.538461538460069
       328     4461.538461538460069
       329     4461.538461538460069
       330     4461.538461538460069
       331     4461.538461538460069
       332     4461.538461538460069
       333     4461.538461538460069
       334     4461.538461538460069
       335     4461.538461538460069
       336     2000.000000000000000
       337     2000.000000000000000
       338     2615.384615384610242
       339     2000.000000000000000
       340     2615.384615384619792
       341     2000.000000000000000
       342     2615.384615384610242
       343     2000.000000000000000
       344     2615.384615384610242
       345     2000.000000000000000
       346     2615.384615384619792
       347     2000.000000000000000
       348     2615.384615384619792
       349     2000.000000000000000
       350     2615.384615384610242
       351     2000.000000000000000
       352     2615.384615384610242
       353     2000.000000000000000
       354     2615.384615384610242
       355     2000.000000000000000
       356     2615.384615384619792
       357     3230.769230769230035
       358     3230.769230769230035
       359     3230.769230769230035
       360     3230.769230769230035
       361     3230.769230769230035
       362     3230.769230769230035
       363     3230.769230769230035
       364     3230.769230769230035
       365     3230.769230769230035
       366     3846.153846153849827
       367     3846.153846153849827
       368     3846.153846153849827
       369     3846.153846153849827
       370     3846.153846153849827
       371     3846.153846153849827
       372     3846.153846153849827
       373     3846.153846153849827
       374     3846.153846153849827
       375     2000.000000000000000
       376     2615.384615384610242
       377     2000.000000000000000
       378     2615.384615384619792
       379     2000.000000000000000
       380     2615.384615384619792
       381     2000.000000000000000
       382     2615.384615384610242
       383     2000.000000000000000
       384     2615.384615384619792
       385     2000.000000000000000
       386     2615.384615384610242
       387     2000.000000000000000
       388     2615.384615384610242
       389     2000.000000000000000
       390     2615.384615384619792
       391     2000.000000000000000
       392     2615.384615384610242
       393     2000.000000000000000
       394     2615.384615384619792
       395     3230.769230769230035
       396     3230.769230769230035
       397     3230.769230769230035
       398     3230.769230769230035
       399     3230.769230769230035
       400     3230.769230769230035
       401     3230.769230769230035
       402     3230.769230769230035
       403     3230.769230769230035
       404      285.714285714285950
       405      285.714285714284983
       406      857.142857142856997
       407      857.142857142856997
       408     1428.571428571430033
       409     1428.571428571430033
       410     -285.714285714285950
       411     -285.714285714284983
       412      285.714285714285950
       413      285.714285714284983
       414      857.142857142856997
       415      857.142857142856997
       416     1428.571428571430033
       417     1428.571428571430033
       418      285.714285714285950
       419      857.142857142856997
       420     1428.571428571430033
       421     -285.714285714285950
       422      285.714285714285950
       423      857.142857142856997
       424     1428.571428571430033
       425      285.714285714284983
       426      857.142857142858020
       427     1428.571428571430033
       428     -285.714285714285950
       429      285.714285714284983
       430      857.142857142858020
       431     1428.571428571430033
       432      285.714285714284983
       433      857.142857142856997
       434     1428.571428571430033
       435     -285.714285714285950
       436      285.714285714284983
       437      857.142857142856997
       438     1428.571428571430033
       439      285.714285714284983
       440      857.142857142856997
       441     1428.571428571430033
       442     -285.714285714285950
       443      285.714285714284983
       444      857.142857142856997
       445     1428.571428571430033
       446      285.714285714285950
       447      857.142857142856997
       448     1428.571428571430033
       449     -285.714285714285950
       450      285.714285714285950
       451      857.142857142856997
       452     1428.571428571430033
       453      285.714285714284983
       454      857.142857142856997
       455     1428.571428571430033
       456     -285.714285714285950
       457      285.714285714284983
       458      857.142857142856997
       459     1428.571428571430033
       460     -285.714285714285950
       461      285.714285714285950
       462      857.142857142856997
       463     1428.571428571430033
       464      857.142857142856997
       465      857.142857142856997
       466     1428.571428571430033
       467     1428.571428571430033
       468      857.142857142855974
       469     1428.571428571430033
       470      857.142857142856997
       471     1428.571428571430033
       472      857.142857142856997
       473     1428.571428571430033
       474      857.142857142856997
       475     1428.571428571430033
       476      857.142857142856997
       477     1428.571428571430033
       478      857.142857142856997
       479     1428.571428571430033
       480      285.714285714285950
       481      285.714285714285950
       482      857.142857142856997
       483      857.142857142856997
       484     1428.571428571430033
       485     1428.571428571430033
       486      285.714285714285950
       487      857.142857142855974
       488     1428.571428571430033
       489      285.714285714284983
       490      857.142857142856997
       491     1428.571428571430033
       492      285.714285714285950
       493      857.142857142856997
       494     1428.571428571430033
       495      285.714285714285950
       496      857.142857142856997
       497     1428.571428571430033
       498     -285.714285714284983
       499      285.714285714285950
       500      857.142857142855974
       501     1428.571428571430033
       502     -285.714285714284983
       503      285.714285714284983
       504      857.142857142856997
       505     1428.571428571430033
       506      285.714285714285950
       507      857.142857142856997
       508     1428.571428571430033
       509     -285.714285714285950
       510     -285.714285714285950
       511      285.714285714285950
       512      285.714285714284983
       513      857.142857142856997
       514      857.142857142856997
       515     1428.571428571430033
       516     1428.571428571430033
       517     -285.714285714285950
       518      285.714285714285950
       519      857.142857142856997
       520     1428.571428571430033
       521     -285.714285714285950
       522      285.714285714284983
       523      857.142857142856997
       524     1428.571428571430033
       525     -285.714285714285950
       526      285.714285714284983
       527      857.142857142856997
       528     1428.571428571430033
       529     -285.714285714285950
       530      285.714285714284983
       531      857.142857142856997
       532     1428.571428571430033
       533     -285.714285714284983
       534      285.714285714284983
       535      857.142857142856997
       536     1428.571428571430033
       537     -285.714285714285950
       538      285.714285714284983
       539      857.142857142856997
       540     1428.571428571430033
       541      285.714285714285950
       542      857.142857142856997
       543     1428.571428571430033
       544      857.142857142858020
       545     1428.571428571430033
       546     -285.714285714285950
       547     -285.714285714284983
       548      285.714285714285950
       549      285.714285714284983
       550      857.142857142856997
       551      857.142857142856997
       552     1428.571428571430033
       553     1428.571428571430033
       554     -285.714285714285950
       555      285.714285714285950
       556      857.142857142856997
       557     1428.571428571430033
       558     -285.714285714285950
       559      285.714285714284983
       560      857.142857142856997
       561     1428.571428571430033
       562     -285.714285714285950
       563      285.714285714284983
       564      857.142857142856997
       565     1428.571428571430033
       566     -285.714285714284983
       567      285.714285714284983
       568      857.142857142856997
       569     1428.571428571430033
       570     -285.714285714284983
       571      285.714285714284983
       572      857.142857142856997
       573     1428.571428571430033
       574     -285.714285714284983
       575      285.714285714284983
       576      857.142857142856997
       577     1428.571428571430033
       578     -285.714285714285950
       579      285.714285714284983
       580      857.142857142856997
       581     1428.571428571430033
       582      285.714285714284983
       583      857.142857142858020
       584     1428.571428571430033
       585     -285.714285714285950
       586     -285.714285714285950
       587      285.714285714285950
       588      285.714285714284983
       589      857.142857142856997
       590      857.142857142856997
       591     1428.571428571430033
       592     1428.571428571430033
       593     -285.714285714285950
       594      285.714285714285950
       595      857.142857142856997
       596     1428.571428571430033
       597     -285.714285714284983
       598      285.714285714284983
       599      857.142857142856997
       600     1428.571428571430033
       601     -285.714285714285950
       602      285.714285714285950
       603      857.142857142856997
       604     1428.571428571430033
       605     -285.714285714285950
       606      285.714285714285950
       607      857.142857142856997
       608     1428.571428571430033
       609     -285.714285714285950
       610      285.714285714285950
       611      857.142857142856997
       612     1428.571428571430033
       613     -285.714285714285950
       614      285.714285714284983
       615      857.142857142856997
       616     1428.571428571430033
       617     -285.714285714285950
       618      285.714285714285950
       619      857.142857142856997
       620     1428.571428571430033
       621      285.714285714285950
       622      857.142857142858020
       623     1428.571428571430033
       624      857.142857142858020
       625     1428.571428571430033
       626     -285.714285714285950
       627     -285.714285714284983
       628      285.714285714284983
       629      285.714285714284983
       630      857.142857142856997
       631      857.142857142856997
       632     1428.571428571430033
       633     1428.571428571430033
       634     -285.714285714285950
       635      285.714285714285950
       636      857.142857142856997
       637     1428.571428571430033
       638     -285.714285714285950
       639      285.714285714284983
       640      857.142857142858020
       641     1428.571428571430033
       642     -285.714285714285950
       643      285.714285714284983
       644      857.142857142856997
       645     1428.571428571430033
       646     -285.714285714285950
       647      285.714285714284983
       648      857.142857142856997
       649     1428.571428571430033
       650     -285.714285714285950
       651      285.714285714285950
       652      857.142857142856997
       653     1428.571428571430033
       654     -285.714285714285950
       655      285.714285714284983
       656      857.142857142856997
       657     1428.571428571430033
       658     -285.714285714285950
       659      285.714285714285950
       660      857.142857142856997
       661     1428.571428571430033
       662      285.714285714284983
       663      857.142857142858020
       664     1428.571428571430033
       665      857.142857142858020
       666     1428.571428571430033
       667     -285.714285714285950
       668     -285.714285714284983
       669      285.714285714285950
       670      285.714285714285950
       671      857.142857142855974
       672      857.142857142855974
       673     1428.571428571430033
       674     1428.571428571430033
       675     -285.714285714284983
       676      285.714285714285950
       677      857.142857142855974
       678     1428.571428571430033
       679     -285.714285714285950
       680      285.714285714284983
       681      857.142857142856997
       682     1428.571428571430033
       683     -285.714285714285950
       684      285.714285714285950
       685      857.142857142856997
       686     1428.571428571430033
       687     -285.714285714285950
       688      285.714285714284983
       689      857.142857142856997
       690     1428.571428571430033
       691     -285.714285714285950
       692      285.714285714285950
       693      857.142857142855974
       694     1428.571428571430033
       695     -285.714285714285950
       696      285.714285714284983
       697      857.142857142856997
       698     1428.571428571430033
       699     -285.714285714285950
       700      285.714285714285950
       701      857.142857142855974
       702     1428.571428571430033
       703     -285.714285714285950
       704      285.714285714285950
       705      857.142857142856997
       706     1428.571428571430033
       707      857.142857142856997
       708     1428.571428571430033
       709     -285.714285714285950
       710     -285.714285714284983
       711      285.714285714284983
       712      285.714285714284983
       713      857.142857142856997
       714      857.142857142856997
       715     1428.571428571430033
       716     1428.571428571430033
       717     -285.714285714284983
       718      285.714285714285950
       719      857.142857142856997
       720     1428.571428571430033
       721     -285.714285714284983
       722      285.714285714284983
       723      857.142857142856997
       724     1428.571428571430033
       725     -285.714285714285950
       726      285.714285714284983
       727      857.142857142856997
       728     1428.571428571430033
       729     -285.714285714284983
       730      285.714285714284983
       731      857.142857142856997
       732     1428.571428571430033
       733     -285.714285714284983
       734      285.714285714284983
       735      857.142857142855974
       736     1428.571428571430033
       737     -285.714285714285950
       738      285.714285714284983
       739      857.142857142856997
       740     1428.571428571430033
       741     -285.714285714284983
       742      285.714285714285950
       743      857.142857142855974
       744     1428.571428571430033
       745     -285.714285714284983
       746      285.714285714284983
       747      857.142857142856997
       748     1428.571428571430033
