         739
         1     3846.153846153849827
         2     3846.153846153849827
         3     3846.153846153849827
         4     3846.153846153849827
         5     4461.538461538460069
         6     4461.538461538460069
         7     4461.538461538460069
         8     4461.538461538460069
         9     5076.923076923079861
        10     5076.923076923079861
        11     5076.923076923079861
        12     5076.923076923079861
        13     5692.307692307689649
        14     5692.307692307689649
        15     5692.307692307689649
        16     5692.307692307689649
        17     6307.692307692310351
        18     6307.692307692310351
        19     6307.692307692310351
        20     6307.692307692310351
        21     6923.076923076920139
        22     6923.076923076920139
        23     6923.076923076929234
        24     6923.076923076920139
        25     7538.461538461539931
        26     7538.461538461539931
        27     7538.461538461539931
        28     7538.461538461539931
        29     8153.846153846149718
        30     8153.846153846149718
        31     8153.846153846149718
        32     8153.846153846149718
        33     8769.230769230769511
        34     8769.230769230769511
        35     8769.230769230769511
        36     8769.230769230769511
        37     9384.615384615390212
        38     9384.615384615379298
        39     9384.615384615390212
        40     9384.615384615390212
        41    10000.000000000000000
        42    10000.000000000000000
        43    10000.000000000000000
        44    10000.000000000000000
        45     3846.153846153849827
        46     3846.153846153849827
        47     4461.538461538460069
        48     4461.538461538460069
        49     5076.923076923079861
        50     5076.923076923079861
        51     5692.307692307689649
        52     5692.307692307689649
        53     6307.692307692310351
        54     6307.692307692310351
        55     6923.076923076920139
        56     6923.076923076920139
        57     7538.461538461539931
        58     7538.461538461539931
        59     8153.846153846149718
        60     8153.846153846149718
        61     8769.230769230769511
        62     8769.230769230769511
        63     9384.615384615390212
        64     9384.615384615379298
        65    10000.000000000000000
        66    10000.000000000000000
        67     3846.153846153849827
        68     3846.153846153849827
        69     4461.538461538460069
        70     4461.538461538460069
        71     5076.923076923079861
        72     5076.923076923079861
        73     5692.307692307689649
        74     5692.307692307689649
        75     6307.692307692300346
        76     6307.692307692310351
        77     6923.076923076920139
        78     6923.076923076920139
        79     7538.461538461539931
        80     7538.461538461539931
        81     8153.846153846149718
        82     8153.846153846160632
        83     8769.230769230769511
        84     8769.230769230769511
        85     9384.615384615390212
        86     9384.615384615390212
        87    10000.000000000000000
        88    10000.000000000000000
        89     3846.153846153839822
        90     4461.538461538460069
        91     5076.923076923079861
        92     5692.307692307689649
        93     6307.692307692310351
        94     6923.076923076920139
        95     7538.461538461539931
        96     8153.846153846149718
        97     8769.230769230769511
        98     9384.615384615390212
        99    10000.000000000000000
       100     3846.153846153839822
       101     3846.153846153839822
       102     4461.538461538460069
       103     4461.538461538460069
       104     5076.923076923079861
       105     5076.923076923079861
       106     5692.307692307689649
       107     5692.307692307689649
       108     6307.692307692310351
       109     6307.692307692300346
       110     6923.076923076920139
       111     6923.076923076929234
       112     7538.461538461539931
       113     7538.461538461539931
       114     8153.846153846149718
       115     8153.846153846149718
       116     8769.230769230769511
       117     8769.230769230769511
       118     9384.615384615390212
       119     9384.615384615390212
       120    10000.000000000000000
       121    10000.000000000000000
       122     3846.153846153849827
       123     4461.538461538460069
       124     5076.923076923079861
       125     5692.307692307689649
       126     6307.692307692300346
       127     6923.076923076929234
       128     7538.461538461539931
       129     8153.846153846149718
       130     8769.230769230769511
       131     9384.615384615390212
       132    10000.000000000000000
       133     3846.153846153839822
       134     3846.153846153849827
       135     4461.538461538460069
       136     4461.538461538460069
       137     5076.923076923070766
       138     5076.923076923079861
       139     5692.307692307689649
       140     5692.307692307689649
       141     6307.692307692310351
       142     6307.692307692310351
       143     6923.076923076920139
       144     6923.076923076920139
       145     7538.461538461539931
       146     7538.461538461539931
       147     8153.846153846149718
       148     8153.846153846149718
       149     8769.230769230769511
       150     8769.230769230769511
       151     9384.615384615390212
       152     9384.615384615379298
       153    10000.000000000000000
       154    10000.000000000000000
       155     3846.153846153839822
       156     4461.538461538460069
       157     5076.923076923079861
       158     5692.307692307689649
       159     6307.692307692310351
       160     6923.076923076920139
       161     7538.461538461539931
       162     8153.846153846149718
       163     8769.230769230769511
       164     9384.615384615390212
       165    10000.000000000000000
       166     3846.153846153849827
       167     3846.153846153849827
       168     4461.538461538460069
       169     4461.538461538460069
       170     5076.923076923079861
       171     5076.923076923079861
       172     5692.307692307689649
       173     5692.307692307689649
       174     6307.692307692310351
       175     6307.692307692310351
       176     6923.076923076920139
       177     6923.076923076920139
       178     7538.461538461539931
       179     7538.461538461539931
       180     8153.846153846149718
       181     8153.846153846149718
       182     8769.230769230769511
       183     8769.230769230769511
       184     9384.615384615390212
       185     9384.615384615390212
       186    10000.000000000000000
       187    10000.000000000000000
       188     3846.153846153849827
       189     4461.538461538460069
       190     5076.923076923079861
       191     5692.307692307689649
       192     6307.692307692310351
       193     6923.076923076920139
       194     7538.461538461539931
       195     8153.846153846149718
       196     8769.230769230769511
       197     9384.615384615390212
       198    10000.000000000000000
       199     3846.153846153849827
       200     3846.153846153849827
       201     4461.538461538460069
       202     4461.538461538460069
       203     5076.923076923079861
       204     5076.923076923079861
       205     5692.307692307689649
       206     5692.307692307689649
       207     6307.692307692310351
       208     6307.692307692310351
       209     6923.076923076920139
       210     6923.076923076920139
       211     7538.461538461539931
       212     7538.461538461539931
       213     8153.846153846149718
       214     8153.846153846149718
       215     8769.230769230769511
       216     8769.230769230769511
       217     9384.615384615390212
       218     9384.615384615379298
       219    10000.000000000000000
       220    10000.000000000000000
       221     3846.153846153849827
       222     4461.538461538460069
       223     5076.923076923070766
       224     5692.307692307689649
       225     6307.692307692310351
       226     6923.076923076920139
       227     7538.461538461539931
       228     8153.846153846160632
       229     8769.230769230769511
       230     9384.615384615390212
       231    10000.000000000000000
       232     3230.769230769230035
       233     3230.769230769230035
       234     3846.153846153839822
       235     3846.153846153839822
       236     4461.538461538460069
       237     4461.538461538460069
       238     5076.923076923079861
       239     5076.923076923079861
       240     5692.307692307689649
       241     5692.307692307689649
       242     6307.692307692310351
       243     6307.692307692310351
       244     6923.076923076920139
       245     6923.076923076929234
       246     7538.461538461539931
       247     7538.461538461539931
       248     8153.846153846149718
       249     8153.846153846160632
       250     8769.230769230769511
       251     8769.230769230769511
       252     9384.615384615390212
       253     9384.615384615390212
       254    10000.000000000000000
       255    10000.000000000000000
       256     3230.769230769230035
       257     3846.153846153839822
       258     4461.538461538460069
       259     5076.923076923079861
       260     5692.307692307689649
       261     6307.692307692310351
       262     6923.076923076920139
       263     7538.461538461539931
       264     8153.846153846160632
       265     8769.230769230769511
       266     9384.615384615390212
       267    10000.000000000000000
       268     3230.769230769230035
       269     3230.769230769230035
       270     3846.153846153849827
       271     3846.153846153839822
       272     4461.538461538460069
       273     4461.538461538460069
       274     5076.923076923079861
       275     5076.923076923079861
       276     5692.307692307689649
       277     5692.307692307689649
       278     6307.692307692310351
       279     6307.692307692300346
       280     6923.076923076920139
       281     6923.076923076920139
       282     7538.461538461539931
       283     7538.461538461539931
       284     8153.846153846149718
       285     8153.846153846149718
       286     8769.230769230769511
       287     8769.230769230769511
       288     9384.615384615390212
       289     9384.615384615379298
       290    10000.000000000000000
       291    10000.000000000000000
       292     3230.769230769230035
       293     3846.153846153849827
       294     4461.538461538460069
       295     5076.923076923079861
       296     5692.307692307689649
       297     6307.692307692310351
       298     6923.076923076920139
       299     7538.461538461539931
       300     8153.846153846160632
       301     8769.230769230769511
       302     9384.615384615390212
       303    10000.000000000000000
       304     3846.153846153839822
       305     3846.153846153839822
       306     4461.538461538460069
       307     4461.538461538460069
       308     5076.923076923079861
       309     5076.923076923079861
       310     5692.307692307689649
       311     5692.307692307689649
       312     6307.692307692310351
       313     6307.692307692310351
       314     6923.076923076920139
       315     6923.076923076920139
       316     7538.461538461539931
       317     7538.461538461539931
       318     8153.846153846160632
       319     8153.846153846149718
       320     8769.230769230769511
       321     8769.230769230769511
       322     9384.615384615390212
       323     9384.615384615390212
       324    10000.000000000000000
       325    10000.000000000000000
       326     3846.153846153849827
       327     4461.538461538460069
       328     5076.923076923079861
       329     5692.307692307689649
       330     6307.692307692310351
       331     6923.076923076920139
       332     7538.461538461539931
       333     8153.846153846149718
       334     8769.230769230769511
       335     9384.615384615390212
       336    10000.000000000000000
       337     4461.538461538460069
       338     4461.538461538460069
       339     5076.923076923079861
       340     5076.923076923079861
       341     5692.307692307689649
       342     5692.307692307689649
       343     6307.692307692310351
       344     6307.692307692310351
       345     6923.076923076920139
       346     6923.076923076920139
       347     7538.461538461539931
       348     7538.461538461539931
       349     8153.846153846149718
       350     8153.846153846149718
       351     8769.230769230769511
       352     8769.230769230769511
       353     9384.615384615390212
       354     9384.615384615390212
       355    10000.000000000000000
       356    10000.000000000000000
       357     4461.538461538460069
       358     5076.923076923079861
       359     5692.307692307689649
       360     6307.692307692310351
       361     6923.076923076920139
       362     7538.461538461539931
       363     8153.846153846149718
       364     8769.230769230769511
       365     9384.615384615390212
       366    10000.000000000000000
       367     5076.923076923079861
       368     5076.923076923079861
       369     5692.307692307689649
       370     5692.307692307689649
       371     6307.692307692310351
       372     6307.692307692310351
       373     6923.076923076920139
       374     6923.076923076920139
       375     7538.461538461539931
       376     7538.461538461539931
       377     8153.846153846160632
       378     8153.846153846149718
       379     8769.230769230769511
       380     8769.230769230769511
       381     9384.615384615390212
       382     9384.615384615379298
       383    10000.000000000000000
       384    10000.000000000000000
       385     5076.923076923079861
       386     5692.307692307689649
       387     6307.692307692310351
       388     6923.076923076929234
       389     7538.461538461539931
       390     8153.846153846149718
       391     8769.230769230769511
       392     9384.615384615390212
       393    10000.000000000000000
       394     3846.153846153849827
       395     3846.153846153849827
       396     4461.538461538460069
       397     4461.538461538460069
       398     4461.538461538460069
       399     4461.538461538460069
       400     5076.923076923079861
       401     5076.923076923079861
       402     5076.923076923079861
       403     5076.923076923070766
       404     5692.307692307689649
       405     5692.307692307689649
       406     5692.307692307689649
       407     5692.307692307689649
       408     6307.692307692310351
       409     6307.692307692310351
       410     6307.692307692310351
       411     6307.692307692300346
       412     6923.076923076920139
       413     6923.076923076920139
       414     6923.076923076929234
       415     6923.076923076920139
       416     7538.461538461539931
       417     7538.461538461539931
       418     7538.461538461539931
       419     7538.461538461539931
       420     8153.846153846149718
       421     8153.846153846149718
       422     8153.846153846149718
       423     8153.846153846149718
       424     8769.230769230769511
       425     8769.230769230769511
       426     8769.230769230769511
       427     8769.230769230769511
       428     9384.615384615390212
       429     9384.615384615390212
       430     9384.615384615390212
       431     9384.615384615379298
       432    10000.000000000000000
       433    10000.000000000000000
       434    10000.000000000000000
       435    10000.000000000000000
       436     3846.153846153849827
       437     3846.153846153849827
       438     4461.538461538460069
       439     4461.538461538460069
       440     5076.923076923079861
       441     5076.923076923079861
       442     5692.307692307689649
       443     5692.307692307689649
       444     6307.692307692310351
       445     6307.692307692310351
       446     6923.076923076920139
       447     6923.076923076929234
       448     7538.461538461539931
       449     7538.461538461539931
       450     8153.846153846149718
       451     8153.846153846149718
       452     8769.230769230769511
       453     8769.230769230769511
       454     9384.615384615390212
       455     9384.615384615379298
       456    10000.000000000000000
       457    10000.000000000000000
       458     3846.153846153849827
       459     4461.538461538460069
       460     4461.538461538460069
       461     5076.923076923079861
       462     5076.923076923079861
       463     5692.307692307689649
       464     5692.307692307689649
       465     6307.692307692300346
       466     6307.692307692300346
       467     6923.076923076920139
       468     6923.076923076920139
       469     7538.461538461539931
       470     7538.461538461539931
       471     8153.846153846149718
       472     8153.846153846149718
       473     8769.230769230769511
       474     8769.230769230769511
       475     9384.615384615390212
       476     9384.615384615390212
       477    10000.000000000000000
       478    10000.000000000000000
       479     3846.153846153849827
       480     4461.538461538460069
       481     5076.923076923079861
       482     5692.307692307689649
       483     6307.692307692300346
       484     6923.076923076920139
       485     7538.461538461539931
       486     8153.846153846149718
       487     8769.230769230769511
       488     9384.615384615390212
       489    10000.000000000000000
       490     3846.153846153849827
       491     4461.538461538460069
       492     4461.538461538460069
       493     5076.923076923079861
       494     5076.923076923079861
       495     5692.307692307689649
       496     5692.307692307689649
       497     6307.692307692310351
       498     6307.692307692310351
       499     6923.076923076920139
       500     6923.076923076920139
       501     7538.461538461539931
       502     7538.461538461539931
       503     8153.846153846149718
       504     8153.846153846149718
       505     8769.230769230769511
       506     8769.230769230769511
       507     9384.615384615390212
       508     9384.615384615390212
       509    10000.000000000000000
       510    10000.000000000000000
       511     3846.153846153839822
       512     4461.538461538460069
       513     5076.923076923079861
       514     5692.307692307689649
       515     6307.692307692310351
       516     6923.076923076929234
       517     7538.461538461539931
       518     8153.846153846149718
       519     8769.230769230780425
       520     9384.615384615379298
       521    10000.000000000000000
       522     3846.153846153839822
       523     4461.538461538460069
       524     4461.538461538460069
       525     5076.923076923070766
       526     5076.923076923070766
       527     5692.307692307689649
       528     5692.307692307689649
       529     6307.692307692310351
       530     6307.692307692310351
       531     6923.076923076920139
       532     6923.076923076920139
       533     7538.461538461539931
       534     7538.461538461539931
       535     8153.846153846149718
       536     8153.846153846149718
       537     8769.230769230769511
       538     8769.230769230769511
       539     9384.615384615390212
       540     9384.615384615390212
       541    10000.000000000000000
       542    10000.000000000000000
       543     3846.153846153839822
       544     4461.538461538460069
       545     5076.923076923070766
       546     5692.307692307689649
       547     6307.692307692310351
       548     6923.076923076929234
       549     7538.461538461539931
       550     8153.846153846160632
       551     8769.230769230769511
       552     9384.615384615390212
       553    10000.000000000000000
       554     3846.153846153849827
       555     4461.538461538460069
       556     4461.538461538460069
       557     5076.923076923079861
       558     5076.923076923079861
       559     5692.307692307689649
       560     5692.307692307689649
       561     6307.692307692310351
       562     6307.692307692310351
       563     6923.076923076920139
       564     6923.076923076920139
       565     7538.461538461539931
       566     7538.461538461539931
       567     8153.846153846149718
       568     8153.846153846149718
       569     8769.230769230769511
       570     8769.230769230780425
       571     9384.615384615390212
       572     9384.615384615390212
       573    10000.000000000000000
       574    10000.000000000000000
       575     3846.153846153849827
       576     4461.538461538460069
       577     5076.923076923079861
       578     5692.307692307689649
       579     6307.692307692310351
       580     6923.076923076920139
       581     7538.461538461539931
       582     8153.846153846149718
       583     8769.230769230780425
       584     9384.615384615390212
       585    10000.000000000000000
       586     3846.153846153849827
       587     4461.538461538460069
       588     4461.538461538460069
       589     5076.923076923079861
       590     5076.923076923079861
       591     5692.307692307689649
       592     5692.307692307689649
       593     6307.692307692310351
       594     6307.692307692310351
       595     6923.076923076920139
       596     6923.076923076920139
       597     7538.461538461539931
       598     7538.461538461539931
       599     8153.846153846149718
       600     8153.846153846149718
       601     8769.230769230769511
       602     8769.230769230769511
       603     9384.615384615390212
       604     9384.615384615390212
       605    10000.000000000000000
       606    10000.000000000000000
       607     3846.153846153849827
       608     4461.538461538460069
       609     5076.923076923079861
       610     5692.307692307689649
       611     6307.692307692310351
       612     6923.076923076920139
       613     7538.461538461539931
       614     8153.846153846149718
       615     8769.230769230769511
       616     9384.615384615390212
       617    10000.000000000000000
       618     3846.153846153839822
       619     4461.538461538460069
       620     4461.538461538460069
       621     5076.923076923079861
       622     5076.923076923079861
       623     5692.307692307689649
       624     5692.307692307689649
       625     6307.692307692310351
       626     6307.692307692300346
       627     6923.076923076920139
       628     6923.076923076920139
       629     7538.461538461539931
       630     7538.461538461539931
       631     8153.846153846149718
       632     8153.846153846149718
       633     8769.230769230769511
       634     8769.230769230769511
       635     9384.615384615390212
       636     9384.615384615390212
       637    10000.000000000000000
       638    10000.000000000000000
       639     3846.153846153849827
       640     4461.538461538460069
       641     5076.923076923079861
       642     5692.307692307689649
       643     6307.692307692310351
       644     6923.076923076920139
       645     7538.461538461539931
       646     8153.846153846149718
       647     8769.230769230769511
       648     9384.615384615390212
       649    10000.000000000000000
       650     3846.153846153849827
       651     4461.538461538460069
       652     4461.538461538460069
       653     5076.923076923079861
       654     5076.923076923070766
       655     5692.307692307689649
       656     5692.307692307689649
       657     6307.692307692310351
       658     6307.692307692310351
       659     6923.076923076920139
       660     6923.076923076929234
       661     7538.461538461539931
       662     7538.461538461539931
       663     8153.846153846149718
       664     8153.846153846149718
       665     8769.230769230769511
       666     8769.230769230780425
       667     9384.615384615390212
       668     9384.615384615390212
       669    10000.000000000000000
       670    10000.000000000000000
       671     3846.153846153849827
       672     4461.538461538460069
       673     5076.923076923079861
       674     5692.307692307689649
       675     6307.692307692300346
       676     6923.076923076920139
       677     7538.461538461539931
       678     8153.846153846160632
       679     8769.230769230780425
       680     9384.615384615390212
       681    10000.000000000000000
       682     4461.538461538460069
       683     5076.923076923079861
       684     5076.923076923079861
       685     5692.307692307689649
       686     5692.307692307689649
       687     6307.692307692310351
       688     6307.692307692310351
       689     6923.076923076920139
       690     6923.076923076920139
       691     7538.461538461539931
       692     7538.461538461539931
       693     8153.846153846160632
       694     8153.846153846149718
       695     8769.230769230769511
       696     8769.230769230769511
       697     9384.615384615390212
       698     9384.615384615390212
       699    10000.000000000000000
       700    10000.000000000000000
       701     3846.153846153839822
       702     4461.538461538460069
       703     5076.923076923079861
       704     5692.307692307689649
       705     6307.692307692300346
       706     6923.076923076920139
       707     7538.461538461539931
       708     8153.846153846149718
       709     8769.230769230769511
       710     9384.615384615390212
       711    10000.000000000000000
       712     5076.923076923079861
       713     5692.307692307689649
       714     6307.692307692310351
       715     6923.076923076920139
       716     7538.461538461539931
       717     8153.846153846149718
       718     8769.230769230769511
       719     9384.615384615390212
       720    10000.000000000000000
       721     4461.538461538460069
       722     5076.923076923079861
       723     5692.307692307689649
       724     6307.692307692310351
       725     6923.076923076920139
       726     7538.461538461539931
       727     8153.846153846149718
       728     8769.230769230780425
       729     9384.615384615390212
       730    10000.000000000000000
       731     5076.923076923079861
       732     5692.307692307699654
       733     6307.692307692310351
       734     6923.076923076920139
       735     7538.461538461539931
       736     8153.846153846160632
       737     8769.230769230769511
       738     9384.615384615390212
       739    10000.000000000000000
