         737
         1   -10000.000000000000000
         2   -10000.000000000000000
         3    -9411.764705882349517
         4    -9411.764705882349517
         5   -10000.000000000000000
         6   -10000.000000000000000
         7    -9411.764705882349517
         8    -9411.764705882360431
         9   -10000.000000000000000
        10    -9411.764705882360431
        11   -10000.000000000000000
        12    -9411.764705882360431
        13   -10000.000000000000000
        14    -9411.764705882360431
        15   -10000.000000000000000
        16    -9411.764705882360431
        17   -10000.000000000000000
        18    -9411.764705882349517
        19   -10000.000000000000000
        20    -9411.764705882360431
        21   -10000.000000000000000
        22    -9411.764705882349517
        23   -10000.000000000000000
        24    -9411.764705882360431
        25   -10000.000000000000000
        26    -9411.764705882360431
        27   -10000.000000000000000
        28    -9411.764705882360431
        29   -10000.000000000000000
        30    -9411.764705882349517
        31   -10000.000000000000000
        32    -9411.764705882360431
        33    -8823.529411764709948
        34    -8823.529411764709948
        35    -8823.529411764709948
        36    -8823.529411764699034
        37    -8823.529411764709948
        38    -8823.529411764709948
        39    -8823.529411764709948
        40    -8823.529411764709948
        41    -8823.529411764709948
        42    -8823.529411764699034
        43    -8823.529411764709948
        44    -8823.529411764709948
        45    -8823.529411764709948
        46    -8823.529411764699034
        47    -8823.529411764709948
        48    -8823.529411764709948
        49    -8235.294117647059466
        50    -8235.294117647059466
        51    -8235.294117647059466
        52    -8235.294117647059466
        53    -8235.294117647059466
        54    -8235.294117647059466
        55    -8235.294117647059466
        56    -8235.294117647059466
        57    -8235.294117647059466
        58    -8235.294117647059466
        59    -8235.294117647059466
        60    -8235.294117647059466
        61    -8235.294117647059466
        62    -8235.294117647059466
        63    -8235.294117647059466
        64    -8235.294117647050371
        65    -7647.058823529410802
        66    -7647.058823529410802
        67    -7647.058823529410802
        68    -7647.058823529410802
        69    -7647.058823529410802
        70    -7647.058823529410802
        71    -7647.058823529410802
        72    -7647.058823529410802
        73    -7647.058823529410802
        74    -7647.058823529410802
        75    -7647.058823529410802
        76    -7647.058823529410802
        77    -7647.058823529410802
        78    -7647.058823529410802
        79    -7647.058823529410802
        80    -7647.058823529410802
        81    -7058.823529411760319
        82    -7058.823529411760319
        83    -7058.823529411760319
        84    -7058.823529411760319
        85    -7058.823529411760319
        86    -7058.823529411760319
        87    -7058.823529411769414
        88    -7058.823529411769414
        89    -7058.823529411760319
        90    -7058.823529411760319
        91    -7058.823529411760319
        92    -7058.823529411760319
        93    -7058.823529411760319
        94    -7058.823529411769414
        95    -7058.823529411769414
        96    -7058.823529411760319
        97    -6470.588235294120750
        98    -6470.588235294120750
        99    -6470.588235294120750
       100    -6470.588235294120750
       101    -6470.588235294120750
       102    -6470.588235294120750
       103    -6470.588235294120750
       104    -6470.588235294120750
       105    -6470.588235294120750
       106    -6470.588235294120750
       107    -6470.588235294120750
       108    -6470.588235294120750
       109    -6470.588235294120750
       110    -6470.588235294120750
       111    -5882.352941176470267
       112    -5882.352941176470267
       113    -5882.352941176470267
       114    -5882.352941176470267
       115    -5882.352941176470267
       116    -5882.352941176470267
       117    -5882.352941176470267
       118    -5882.352941176470267
       119    -5882.352941176470267
       120    -5882.352941176470267
       121    -5882.352941176470267
       122    -5882.352941176470267
       123    -5882.352941176470267
       124    -5882.352941176470267
       125   -10000.000000000000000
       126   -10000.000000000000000
       127    -9411.764705882349517
       128    -9411.764705882360431
       129   -10000.000000000000000
       130    -9411.764705882360431
       131   -10000.000000000000000
       132    -9411.764705882360431
       133   -10000.000000000000000
       134    -9411.764705882360431
       135   -10000.000000000000000
       136    -9411.764705882360431
       137   -10000.000000000000000
       138    -9411.764705882360431
       139   -10000.000000000000000
       140    -9411.764705882349517
       141    -8823.529411764709948
       142    -8823.529411764709948
       143    -8823.529411764709948
       144    -8823.529411764709948
       145    -8823.529411764699034
       146    -8823.529411764709948
       147    -8823.529411764699034
       148    -8823.529411764699034
       149    -8235.294117647059466
       150    -8235.294117647059466
       151    -8235.294117647059466
       152    -8235.294117647059466
       153    -8235.294117647059466
       154    -8235.294117647059466
       155    -8235.294117647059466
       156    -8235.294117647059466
       157    -7647.058823529410802
       158    -7647.058823529410802
       159    -7647.058823529410802
       160    -7647.058823529410802
       161    -7647.058823529410802
       162    -7647.058823529410802
       163    -7647.058823529410802
       164    -7647.058823529410802
       165    -7058.823529411760319
       166    -7058.823529411760319
       167    -7058.823529411760319
       168    -7058.823529411769414
       169    -7058.823529411760319
       170    -7058.823529411760319
       171    -7058.823529411760319
       172    -7058.823529411769414
       173    -6470.588235294120750
       174    -6470.588235294120750
       175    -6470.588235294120750
       176    -6470.588235294120750
       177    -6470.588235294120750
       178    -6470.588235294120750
       179    -6470.588235294120750
       180    -5882.352941176470267
       181    -5882.352941176470267
       182    -5882.352941176470267
       183    -5882.352941176470267
       184    -5882.352941176470267
       185    -5882.352941176470267
       186    -5882.352941176470267
       187   -10000.000000000000000
       188   -10000.000000000000000
       189    -9411.764705882349517
       190    -9411.764705882349517
       191   -10000.000000000000000
       192    -9411.764705882360431
       193   -10000.000000000000000
       194    -9411.764705882360431
       195   -10000.000000000000000
       196    -9411.764705882349517
       197   -10000.000000000000000
       198    -9411.764705882349517
       199   -10000.000000000000000
       200    -9411.764705882360431
       201   -10000.000000000000000
       202    -9411.764705882360431
       203    -8823.529411764709948
       204    -8823.529411764699034
       205    -8823.529411764709948
       206    -8823.529411764699034
       207    -8823.529411764709948
       208    -8823.529411764709948
       209    -8823.529411764709948
       210    -8823.529411764699034
       211    -8235.294117647059466
       212    -8235.294117647059466
       213    -8235.294117647059466
       214    -8235.294117647059466
       215    -8235.294117647059466
       216    -8235.294117647059466
       217    -8235.294117647059466
       218    -8235.294117647059466
       219    -7647.058823529410802
       220    -7647.058823529410802
       221    -7647.058823529410802
       222    -7647.058823529410802
       223    -7647.058823529410802
       224    -7647.058823529410802
       225    -7647.058823529410802
       226    -7647.058823529410802
       227    -7058.823529411760319
       228    -7058.823529411760319
       229    -7058.823529411769414
       230    -7058.823529411760319
       231    -7058.823529411760319
       232    -7058.823529411760319
       233    -7058.823529411769414
       234    -7058.823529411769414
       235    -6470.588235294120750
       236    -6470.588235294120750
       237    -6470.588235294120750
       238    -6470.588235294120750
       239    -6470.588235294120750
       240    -6470.588235294120750
       241    -6470.588235294120750
       242    -5882.352941176470267
       243    -5882.352941176470267
       244    -5882.352941176470267
       245    -5882.352941176470267
       246    -5882.352941176470267
       247    -5882.352941176470267
       248    -5882.352941176470267
       249   -10000.000000000000000
       250   -10000.000000000000000
       251    -9411.764705882349517
       252    -9411.764705882349517
       253   -10000.000000000000000
       254    -9411.764705882349517
       255   -10000.000000000000000
       256    -9411.764705882349517
       257   -10000.000000000000000
       258    -9411.764705882349517
       259   -10000.000000000000000
       260    -9411.764705882349517
       261   -10000.000000000000000
       262    -9411.764705882349517
       263   -10000.000000000000000
       264    -9411.764705882349517
       265    -8823.529411764709948
       266    -8823.529411764709948
       267    -8823.529411764709948
       268    -8823.529411764709948
       269    -8823.529411764709948
       270    -8823.529411764709948
       271    -8823.529411764709948
       272    -8823.529411764709948
       273    -8235.294117647059466
       274    -8235.294117647059466
       275    -8235.294117647059466
       276    -8235.294117647059466
       277    -8235.294117647059466
       278    -8235.294117647059466
       279    -8235.294117647059466
       280    -8235.294117647059466
       281    -7647.058823529410802
       282    -7647.058823529410802
       283    -7647.058823529410802
       284    -7647.058823529410802
       285    -7647.058823529410802
       286    -7647.058823529410802
       287    -7647.058823529410802
       288    -7647.058823529410802
       289    -7058.823529411760319
       290    -7058.823529411760319
       291    -7058.823529411760319
       292    -7058.823529411769414
       293    -7058.823529411760319
       294    -7058.823529411760319
       295    -7058.823529411760319
       296    -6470.588235294120750
       297    -6470.588235294120750
       298    -6470.588235294120750
       299    -6470.588235294120750
       300    -6470.588235294120750
       301    -6470.588235294120750
       302    -6470.588235294120750
       303    -5882.352941176470267
       304    -5882.352941176470267
       305    -5882.352941176470267
       306    -5882.352941176470267
       307    -5882.352941176470267
       308    -5882.352941176470267
       309    -5882.352941176470267
       310   -10000.000000000000000
       311   -10000.000000000000000
       312    -9411.764705882360431
       313    -9411.764705882349517
       314   -10000.000000000000000
       315    -9411.764705882349517
       316   -10000.000000000000000
       317    -9411.764705882360431
       318   -10000.000000000000000
       319    -9411.764705882360431
       320   -10000.000000000000000
       321    -9411.764705882360431
       322   -10000.000000000000000
       323    -9411.764705882360431
       324    -8823.529411764699034
       325    -8823.529411764709948
       326    -8823.529411764709948
       327    -8823.529411764699034
       328    -8823.529411764699034
       329    -8823.529411764709948
       330    -8823.529411764699034
       331    -8235.294117647059466
       332    -8235.294117647059466
       333    -8235.294117647059466
       334    -8235.294117647059466
       335    -8235.294117647059466
       336    -8235.294117647059466
       337    -8235.294117647059466
       338    -7647.058823529410802
       339    -7647.058823529410802
       340    -7647.058823529410802
       341    -7647.058823529410802
       342    -7647.058823529410802
       343    -7647.058823529410802
       344    -7647.058823529410802
       345    -7058.823529411760319
       346    -7058.823529411760319
       347    -7058.823529411769414
       348    -7058.823529411769414
       349    -7058.823529411760319
       350    -7058.823529411760319
       351    -7058.823529411760319
       352    -6470.588235294120750
       353    -6470.588235294120750
       354    -6470.588235294120750
       355    -6470.588235294120750
       356    -6470.588235294120750
       357    -6470.588235294120750
       358    -6470.588235294120750
       359    -5882.352941176470267
       360    -5882.352941176470267
       361    -5882.352941176470267
       362    -5882.352941176470267
       363    -5882.352941176470267
       364    -5882.352941176470267
       365    -5882.352941176470267
       366   -10000.000000000000000
       367   -10000.000000000000000
       368    -9411.764705882349517
       369    -9411.764705882360431
       370   -10000.000000000000000
       371    -9411.764705882360431
       372   -10000.000000000000000
       373    -9411.764705882360431
       374   -10000.000000000000000
       375    -9411.764705882349517
       376   -10000.000000000000000
       377    -9411.764705882349517
       378   -10000.000000000000000
       379    -9411.764705882360431
       380    -8823.529411764709948
       381    -8823.529411764709948
       382    -8823.529411764709948
       383    -8823.529411764709948
       384    -8823.529411764709948
       385    -8823.529411764709948
       386    -8823.529411764709948
       387    -8235.294117647059466
       388    -8235.294117647059466
       389    -8235.294117647059466
       390    -8235.294117647059466
       391    -8235.294117647059466
       392    -8235.294117647059466
       393    -8235.294117647059466
       394    -7647.058823529410802
       395    -7647.058823529410802
       396    -7647.058823529410802
       397    -7647.058823529410802
       398    -7647.058823529410802
       399    -7647.058823529410802
       400    -7647.058823529410802
       401    -7058.823529411760319
       402    -7058.823529411760319
       403    -7058.823529411760319
       404    -7058.823529411769414
       405    -7058.823529411760319
       406    -7058.823529411760319
       407    -7058.823529411760319
       408    -6470.588235294120750
       409    -6470.588235294120750
       410    -6470.588235294120750
       411    -6470.588235294120750
       412    -6470.588235294120750
       413    -6470.588235294120750
       414    -6470.588235294120750
       415    -5882.352941176470267
       416    -5882.352941176470267
       417    -5882.352941176470267
       418    -5882.352941176470267
       419    -5882.352941176470267
       420    -5882.352941176470267
       421   -10000.000000000000000
       422   -10000.000000000000000
       423    -9411.764705882349517
       424    -9411.764705882360431
       425   -10000.000000000000000
       426    -9411.764705882349517
       427   -10000.000000000000000
       428    -9411.764705882360431
       429   -10000.000000000000000
       430    -9411.764705882360431
       431   -10000.000000000000000
       432    -9411.764705882360431
       433   -10000.000000000000000
       434    -9411.764705882349517
       435    -8823.529411764709948
       436    -8823.529411764709948
       437    -8823.529411764699034
       438    -8823.529411764709948
       439    -8823.529411764709948
       440    -8823.529411764709948
       441    -8823.529411764709948
       442    -8235.294117647059466
       443    -8235.294117647059466
       444    -8235.294117647059466
       445    -8235.294117647059466
       446    -8235.294117647059466
       447    -8235.294117647059466
       448    -8235.294117647059466
       449    -7647.058823529410802
       450    -7647.058823529410802
       451    -7647.058823529410802
       452    -7647.058823529410802
       453    -7647.058823529410802
       454    -7647.058823529410802
       455    -7647.058823529410802
       456    -7058.823529411760319
       457    -7058.823529411760319
       458    -7058.823529411760319
       459    -7058.823529411769414
       460    -7058.823529411760319
       461    -7058.823529411760319
       462    -7058.823529411760319
       463    -6470.588235294120750
       464    -6470.588235294120750
       465    -6470.588235294120750
       466    -6470.588235294120750
       467    -6470.588235294120750
       468    -6470.588235294120750
       469    -6470.588235294109836
       470    -5882.352941176470267
       471    -5882.352941176470267
       472    -5882.352941176470267
       473    -5882.352941176470267
       474    -5882.352941176470267
       475   -10000.000000000000000
       476   -10000.000000000000000
       477    -9411.764705882360431
       478    -9411.764705882360431
       479   -10000.000000000000000
       480    -9411.764705882360431
       481   -10000.000000000000000
       482    -9411.764705882360431
       483   -10000.000000000000000
       484    -9411.764705882360431
       485   -10000.000000000000000
       486    -9411.764705882349517
       487   -10000.000000000000000
       488    -9411.764705882360431
       489    -8823.529411764709948
       490    -8823.529411764709948
       491    -8823.529411764709948
       492    -8823.529411764699034
       493    -8823.529411764709948
       494    -8823.529411764709948
       495    -8823.529411764709948
       496    -8235.294117647059466
       497    -8235.294117647059466
       498    -8235.294117647059466
       499    -8235.294117647059466
       500    -8235.294117647059466
       501    -8235.294117647059466
       502    -8235.294117647059466
       503    -7647.058823529410802
       504    -7647.058823529410802
       505    -7647.058823529410802
       506    -7647.058823529410802
       507    -7647.058823529410802
       508    -7647.058823529410802
       509    -7647.058823529410802
       510    -7058.823529411760319
       511    -7058.823529411760319
       512    -7058.823529411760319
       513    -7058.823529411769414
       514    -7058.823529411760319
       515    -7058.823529411760319
       516    -7058.823529411760319
       517    -6470.588235294120750
       518    -6470.588235294120750
       519    -6470.588235294120750
       520    -6470.588235294120750
       521    -6470.588235294120750
       522    -6470.588235294120750
       523    -5882.352941176470267
       524    -5882.352941176470267
       525    -5882.352941176470267
       526    -5882.352941176470267
       527    -5882.352941176470267
       528   -10000.000000000000000
       529   -10000.000000000000000
       530    -9411.764705882349517
       531    -9411.764705882349517
       532   -10000.000000000000000
       533    -9411.764705882349517
       534   -10000.000000000000000
       535    -9411.764705882349517
       536   -10000.000000000000000
       537    -9411.764705882349517
       538   -10000.000000000000000
       539    -9411.764705882360431
       540    -8823.529411764709948
       541    -8823.529411764709948
       542    -8823.529411764709948
       543    -8823.529411764709948
       544    -8823.529411764709948
       545    -8823.529411764709948
       546    -8235.294117647059466
       547    -8235.294117647059466
       548    -8235.294117647050371
       549    -8235.294117647059466
       550    -8235.294117647059466
       551    -8235.294117647059466
       552    -8235.294117647059466
       553    -7647.058823529410802
       554    -7647.058823529410802
       555    -7647.058823529410802
       556    -7647.058823529410802
       557    -7647.058823529410802
       558    -7647.058823529410802
       559    -7647.058823529410802
       560    -7058.823529411760319
       561    -7058.823529411760319
       562    -7058.823529411760319
       563    -7058.823529411769414
       564    -7058.823529411760319
       565    -7058.823529411760319
       566    -7058.823529411760319
       567    -6470.588235294120750
       568    -6470.588235294120750
       569    -6470.588235294120750
       570    -6470.588235294120750
       571    -6470.588235294120750
       572    -6470.588235294120750
       573   -10000.000000000000000
       574    -9411.764705882360431
       575   -10000.000000000000000
       576    -9411.764705882360431
       577   -10000.000000000000000
       578    -9411.764705882349517
       579   -10000.000000000000000
       580    -9411.764705882349517
       581   -10000.000000000000000
       582    -9411.764705882349517
       583   -10000.000000000000000
       584    -9411.764705882349517
       585    -8823.529411764709948
       586    -8823.529411764709948
       587    -8823.529411764709948
       588    -8823.529411764709948
       589    -8823.529411764699034
       590    -8823.529411764699034
       591    -8235.294117647059466
       592    -8235.294117647059466
       593    -8235.294117647059466
       594    -8235.294117647059466
       595    -8235.294117647059466
       596    -8235.294117647059466
       597    -8235.294117647059466
       598    -8235.294117647059466
       599    -7647.058823529410802
       600    -7647.058823529410802
       601    -7647.058823529410802
       602    -7647.058823529410802
       603    -7647.058823529410802
       604    -7647.058823529410802
       605    -7647.058823529410802
       606    -7647.058823529410802
       607    -7058.823529411760319
       608    -7058.823529411760319
       609    -7058.823529411769414
       610    -7058.823529411769414
       611    -7058.823529411760319
       612    -7058.823529411760319
       613    -6470.588235294120750
       614    -6470.588235294120750
       615    -6470.588235294120750
       616    -6470.588235294120750
       617    -5882.352941176470267
       618    -5882.352941176470267
       619   -10000.000000000000000
       620    -9411.764705882360431
       621   -10000.000000000000000
       622    -9411.764705882349517
       623   -10000.000000000000000
       624    -9411.764705882349517
       625    -8823.529411764709948
       626    -8823.529411764709948
       627    -8823.529411764709948
       628    -8235.294117647059466
       629    -8235.294117647059466
       630    -8235.294117647059466
       631    -8235.294117647059466
       632    -7647.058823529410802
       633    -7647.058823529410802
       634    -7647.058823529410802
       635    -7647.058823529410802
       636    -7058.823529411760319
       637    -7058.823529411760319
       638    -7058.823529411769414
       639    -6470.588235294120750
       640    -6470.588235294120750
       641    -5882.352941176470267
       642   -10000.000000000000000
       643    -9411.764705882360431
       644   -10000.000000000000000
       645    -9411.764705882360431
       646   -10000.000000000000000
       647    -9411.764705882349517
       648    -8823.529411764699034
       649    -8823.529411764709948
       650    -8823.529411764709948
       651    -8235.294117647059466
       652    -8235.294117647059466
       653    -8235.294117647059466
       654    -8235.294117647050371
       655    -7647.058823529410802
       656    -7647.058823529410802
       657    -7647.058823529410802
       658    -7647.058823529410802
       659    -7058.823529411760319
       660    -7058.823529411760319
       661    -7058.823529411769414
       662    -6470.588235294120750
       663    -6470.588235294120750
       664    -5882.352941176470267
       665   -10000.000000000000000
       666    -9411.764705882349517
       667   -10000.000000000000000
       668    -9411.764705882349517
       669   -10000.000000000000000
       670    -9411.764705882349517
       671    -8823.529411764709948
       672    -8823.529411764709948
       673    -8823.529411764709948
       674    -8235.294117647059466
       675    -8235.294117647059466
       676    -8235.294117647059466
       677    -7647.058823529410802
       678    -7647.058823529410802
       679    -7647.058823529410802
       680    -7058.823529411769414
       681    -7058.823529411769414
       682    -7058.823529411760319
       683    -6470.588235294120750
       684    -6470.588235294120750
       685    -5882.352941176470267
       686   -10000.000000000000000
       687    -9411.764705882349517
       688   -10000.000000000000000
       689    -9411.764705882349517
       690   -10000.000000000000000
       691    -9411.764705882349517
       692    -8823.529411764709948
       693    -8823.529411764709948
       694    -8823.529411764699034
       695    -8235.294117647059466
       696    -8235.294117647059466
       697    -8235.294117647059466
       698    -7647.058823529410802
       699    -7647.058823529410802
       700    -7647.058823529410802
       701    -7058.823529411769414
       702    -7058.823529411760319
       703    -7058.823529411769414
       704    -6470.588235294120750
       705    -6470.588235294120750
       706    -5882.352941176470267
       707   -10000.000000000000000
       708    -9411.764705882349517
       709   -10000.000000000000000
       710    -9411.764705882349517
       711    -8823.529411764709948
       712    -8823.529411764709948
       713    -8235.294117647059466
       714    -8235.294117647059466
       715    -7647.058823529410802
       716    -7647.058823529410802
       717    -7058.823529411769414
       718    -7058.823529411769414
       719    -6470.588235294120750
       720    -6470.588235294120750
       721   -10000.000000000000000
       722    -9411.764705882349517
       723    -8823.529411764709948
       724    -8235.294117647059466
       725    -7647.058823529410802
       726    -7058.823529411760319
       727   -10000.000000000000000
       728    -9411.764705882349517
       729    -8823.529411764709948
       730    -8235.294117647059466
       731    -7647.058823529410802
       732    -7058.823529411760319
       733   -10000.000000000000000
       734    -9411.764705882349517
       735    -8823.529411764709948
       736    -8235.294117647059466
       737    -7647.058823529410802
