         738
         1     6307.692307692310351
         2     6307.692307692310351
         3     6307.692307692310351
         4     6307.692307692310351
         5     6923.076923076920139
         6     6923.076923076920139
         7     6923.076923076920139
         8     6923.076923076920139
         9     7538.461538461539931
        10     7538.461538461539931
        11     7538.461538461539931
        12     7538.461538461539931
        13     8153.846153846149718
        14     8153.846153846149718
        15     8153.846153846149718
        16     8153.846153846149718
        17     8769.230769230769511
        18     8769.230769230769511
        19     8769.230769230769511
        20     8769.230769230769511
        21     9384.615384615390212
        22     9384.615384615379298
        23     9384.615384615390212
        24     9384.615384615379298
        25    10000.000000000000000
        26    10000.000000000000000
        27    10000.000000000000000
        28    10000.000000000000000
        29     6307.692307692310351
        30     6307.692307692310351
        31     6923.076923076920139
        32     6923.076923076920139
        33     7538.461538461539931
        34     7538.461538461539931
        35     8153.846153846149718
        36     8153.846153846149718
        37     8769.230769230769511
        38     8769.230769230769511
        39     9384.615384615390212
        40     9384.615384615379298
        41    10000.000000000000000
        42    10000.000000000000000
        43     6307.692307692300346
        44     6307.692307692300346
        45     6923.076923076929234
        46     6923.076923076929234
        47     7538.461538461539931
        48     7538.461538461539931
        49     8153.846153846149718
        50     8153.846153846149718
        51     8769.230769230769511
        52     8769.230769230769511
        53     9384.615384615390212
        54     9384.615384615390212
        55    10000.000000000000000
        56    10000.000000000000000
        57     6307.692307692310351
        58     6307.692307692310351
        59     6923.076923076920139
        60     6923.076923076920139
        61     7538.461538461539931
        62     7538.461538461539931
        63     8153.846153846149718
        64     8153.846153846149718
        65     8769.230769230769511
        66     8769.230769230769511
        67     9384.615384615390212
        68     9384.615384615390212
        69    10000.000000000000000
        70    10000.000000000000000
        71     5692.307692307689649
        72     5692.307692307689649
        73     6307.692307692310351
        74     6307.692307692310351
        75     6923.076923076920139
        76     6923.076923076920139
        77     7538.461538461539931
        78     7538.461538461539931
        79     8153.846153846149718
        80     8153.846153846149718
        81     8769.230769230769511
        82     8769.230769230769511
        83     9384.615384615390212
        84     9384.615384615390212
        85    10000.000000000000000
        86    10000.000000000000000
        87     5692.307692307689649
        88     5692.307692307689649
        89     6307.692307692310351
        90     6307.692307692310351
        91     6923.076923076920139
        92     6923.076923076920139
        93     7538.461538461539931
        94     7538.461538461539931
        95     8153.846153846160632
        96     8153.846153846149718
        97     8769.230769230769511
        98     8769.230769230769511
        99     9384.615384615390212
       100     9384.615384615390212
       101    10000.000000000000000
       102    10000.000000000000000
       103     5692.307692307689649
       104     5692.307692307689649
       105     6307.692307692310351
       106     6307.692307692310351
       107     6923.076923076920139
       108     6923.076923076920139
       109     7538.461538461539931
       110     7538.461538461539931
       111     8153.846153846160632
       112     8153.846153846149718
       113     8769.230769230769511
       114     8769.230769230769511
       115     9384.615384615390212
       116     9384.615384615390212
       117    10000.000000000000000
       118    10000.000000000000000
       119     5692.307692307689649
       120     5692.307692307689649
       121     6307.692307692310351
       122     6307.692307692310351
       123     6923.076923076920139
       124     6923.076923076920139
       125     7538.461538461539931
       126     7538.461538461529926
       127     8153.846153846160632
       128     8153.846153846149718
       129     8769.230769230769511
       130     8769.230769230758597
       131     9384.615384615390212
       132     9384.615384615390212
       133    10000.000000000000000
       134    10000.000000000000000
       135     6307.692307692310351
       136     6307.692307692310351
       137     6923.076923076920139
       138     6923.076923076929234
       139     7538.461538461539931
       140     7538.461538461529926
       141     8153.846153846149718
       142     8153.846153846149718
       143     8769.230769230769511
       144     8769.230769230769511
       145     9384.615384615390212
       146     9384.615384615390212
       147    10000.000000000000000
       148    10000.000000000000000
       149     6307.692307692310351
       150     6307.692307692310351
       151     6923.076923076920139
       152     6923.076923076920139
       153     7538.461538461539931
       154     7538.461538461539931
       155     8153.846153846149718
       156     8153.846153846149718
       157     8769.230769230769511
       158     8769.230769230769511
       159     9384.615384615390212
       160     9384.615384615379298
       161    10000.000000000000000
       162    10000.000000000000000
       163     6307.692307692310351
       164     6923.076923076929234
       165     7538.461538461529926
       166     8153.846153846149718
       167     8769.230769230769511
       168     9384.615384615379298
       169    10000.000000000000000
       170     6307.692307692300346
       171     6923.076923076929234
       172     7538.461538461539931
       173     8153.846153846149718
       174     8769.230769230769511
       175     9384.615384615390212
       176    10000.000000000000000
       177     6307.692307692310351
       178     6923.076923076920139
       179     7538.461538461539931
       180     8153.846153846149718
       181     8769.230769230769511
       182     9384.615384615390212
       183    10000.000000000000000
       184     5692.307692307689649
       185     6307.692307692310351
       186     6923.076923076920139
       187     7538.461538461529926
       188     8153.846153846149718
       189     8769.230769230769511
       190     9384.615384615390212
       191    10000.000000000000000
       192     5692.307692307689649
       193     6307.692307692310351
       194     6923.076923076920139
       195     7538.461538461539931
       196     8153.846153846160632
       197     8769.230769230769511
       198     9384.615384615390212
       199    10000.000000000000000
       200     5692.307692307689649
       201     6307.692307692310351
       202     6923.076923076920139
       203     7538.461538461539931
       204     8153.846153846160632
       205     8769.230769230769511
       206     9384.615384615379298
       207    10000.000000000000000
       208     5692.307692307689649
       209     6307.692307692310351
       210     6923.076923076920139
       211     7538.461538461539931
       212     8153.846153846160632
       213     8769.230769230769511
       214     9384.615384615379298
       215    10000.000000000000000
       216     6307.692307692310351
       217     6923.076923076920139
       218     7538.461538461539931
       219     8153.846153846149718
       220     8769.230769230769511
       221     9384.615384615379298
       222    10000.000000000000000
       223     6307.692307692310351
       224     6307.692307692310351
       225     6923.076923076920139
       226     6923.076923076920139
       227     7538.461538461539931
       228     7538.461538461539931
       229     8153.846153846149718
       230     8153.846153846149718
       231     8769.230769230769511
       232     8769.230769230769511
       233     9384.615384615379298
       234     9384.615384615390212
       235    10000.000000000000000
       236    10000.000000000000000
       237     6307.692307692310351
       238     6923.076923076920139
       239     7538.461538461539931
       240     8153.846153846149718
       241     8769.230769230769511
       242     9384.615384615379298
       243    10000.000000000000000
       244     6307.692307692310351
       245     6923.076923076929234
       246     7538.461538461539931
       247     8153.846153846149718
       248     8769.230769230769511
       249     9384.615384615390212
       250    10000.000000000000000
       251     5692.307692307689649
       252     6307.692307692310351
       253     6923.076923076920139
       254     7538.461538461539931
       255     8153.846153846149718
       256     8769.230769230758597
       257     9384.615384615379298
       258    10000.000000000000000
       259     5692.307692307689649
       260     6307.692307692310351
       261     6923.076923076920139
       262     7538.461538461539931
       263     8153.846153846149718
       264     8769.230769230780425
       265     9384.615384615390212
       266    10000.000000000000000
       267     5692.307692307689649
       268     6307.692307692300346
       269     6923.076923076920139
       270     7538.461538461539931
       271     8153.846153846149718
       272     8769.230769230769511
       273     9384.615384615390212
       274    10000.000000000000000
       275     5692.307692307689649
       276     6307.692307692310351
       277     6923.076923076920139
       278     7538.461538461539931
       279     8153.846153846149718
       280     8769.230769230769511
       281     9384.615384615390212
       282    10000.000000000000000
       283     5692.307692307689649
       284     6307.692307692310351
       285     6923.076923076920139
       286     7538.461538461539931
       287     8153.846153846149718
       288     8769.230769230769511
       289     9384.615384615390212
       290    10000.000000000000000
       291     6307.692307692310351
       292     6923.076923076920139
       293     7538.461538461539931
       294     8153.846153846160632
       295     8769.230769230769511
       296     9384.615384615379298
       297    10000.000000000000000
       298     5692.307692307689649
       299     5692.307692307699654
       300     6307.692307692310351
       301     6307.692307692310351
       302     6923.076923076920139
       303     6923.076923076920139
       304     7538.461538461539931
       305     7538.461538461539931
       306     8153.846153846149718
       307     8153.846153846149718
       308     8769.230769230769511
       309     8769.230769230769511
       310     9384.615384615390212
       311     9384.615384615390212
       312    10000.000000000000000
       313    10000.000000000000000
       314     5692.307692307689649
       315     6307.692307692310351
       316     6923.076923076920139
       317     7538.461538461539931
       318     8153.846153846149718
       319     8769.230769230769511
       320     9384.615384615390212
       321    10000.000000000000000
       322     5692.307692307689649
       323     6307.692307692310351
       324     6923.076923076920139
       325     7538.461538461539931
       326     8153.846153846149718
       327     8769.230769230769511
       328     9384.615384615390212
       329    10000.000000000000000
       330     5692.307692307689649
       331     6307.692307692310351
       332     6923.076923076920139
       333     7538.461538461539931
       334     8153.846153846160632
       335     8769.230769230769511
       336     9384.615384615390212
       337    10000.000000000000000
       338     5692.307692307689649
       339     6307.692307692310351
       340     6923.076923076929234
       341     7538.461538461539931
       342     8153.846153846149718
       343     8769.230769230769511
       344     9384.615384615390212
       345    10000.000000000000000
       346     5692.307692307689649
       347     6307.692307692310351
       348     6923.076923076920139
       349     7538.461538461539931
       350     8153.846153846149718
       351     8769.230769230769511
       352     9384.615384615390212
       353    10000.000000000000000
       354     5692.307692307689649
       355     6307.692307692310351
       356     6923.076923076920139
       357     7538.461538461539931
       358     8153.846153846160632
       359     8769.230769230769511
       360     9384.615384615390212
       361    10000.000000000000000
       362     5692.307692307689649
       363     6307.692307692310351
       364     6923.076923076929234
       365     7538.461538461539931
       366     8153.846153846160632
       367     8769.230769230769511
       368     9384.615384615390212
       369    10000.000000000000000
       370     6307.692307692310351
       371     6923.076923076920139
       372     7538.461538461539931
       373     8153.846153846149718
       374     8769.230769230769511
       375     9384.615384615379298
       376    10000.000000000000000
       377     5692.307692307689649
       378     5692.307692307689649
       379     6307.692307692310351
       380     6307.692307692310351
       381     6923.076923076920139
       382     6923.076923076920139
       383     7538.461538461539931
       384     7538.461538461539931
       385     8153.846153846149718
       386     8153.846153846149718
       387     8769.230769230769511
       388     8769.230769230769511
       389     9384.615384615390212
       390     9384.615384615390212
       391    10000.000000000000000
       392    10000.000000000000000
       393     5692.307692307689649
       394     6307.692307692310351
       395     6923.076923076920139
       396     7538.461538461539931
       397     8153.846153846149718
       398     8769.230769230769511
       399     9384.615384615390212
       400    10000.000000000000000
       401     5692.307692307689649
       402     6307.692307692310351
       403     6923.076923076920139
       404     7538.461538461539931
       405     8153.846153846149718
       406     8769.230769230758597
       407     9384.615384615390212
       408    10000.000000000000000
       409     5692.307692307689649
       410     6307.692307692310351
       411     6923.076923076920139
       412     7538.461538461539931
       413     8153.846153846160632
       414     8769.230769230769511
       415     9384.615384615390212
       416    10000.000000000000000
       417     5692.307692307689649
       418     6307.692307692310351
       419     6923.076923076920139
       420     7538.461538461539931
       421     8153.846153846149718
       422     8769.230769230758597
       423     9384.615384615390212
       424    10000.000000000000000
       425     5692.307692307689649
       426     6307.692307692310351
       427     6923.076923076920139
       428     7538.461538461539931
       429     8153.846153846149718
       430     8769.230769230769511
       431     9384.615384615390212
       432    10000.000000000000000
       433     5692.307692307689649
       434     6307.692307692310351
       435     6923.076923076920139
       436     7538.461538461539931
       437     8153.846153846149718
       438     8769.230769230769511
       439     9384.615384615390212
       440    10000.000000000000000
       441     5692.307692307689649
       442     6307.692307692310351
       443     6923.076923076929234
       444     7538.461538461539931
       445     8153.846153846149718
       446     8769.230769230769511
       447     9384.615384615390212
       448    10000.000000000000000
       449     6307.692307692310351
       450     6923.076923076920139
       451     7538.461538461539931
       452     8153.846153846149718
       453     8769.230769230769511
       454     9384.615384615390212
       455    10000.000000000000000
       456     5692.307692307689649
       457     5692.307692307689649
       458     6307.692307692310351
       459     6307.692307692310351
       460     6923.076923076929234
       461     6923.076923076929234
       462     7538.461538461539931
       463     7538.461538461539931
       464     8153.846153846160632
       465     8153.846153846160632
       466     8769.230769230769511
       467     8769.230769230769511
       468     9384.615384615390212
       469     9384.615384615379298
       470    10000.000000000000000
       471    10000.000000000000000
       472     5692.307692307689649
       473     6307.692307692310351
       474     6923.076923076929234
       475     7538.461538461539931
       476     8153.846153846160632
       477     8769.230769230780425
       478     9384.615384615390212
       479    10000.000000000000000
       480     5692.307692307689649
       481     6307.692307692300346
       482     6923.076923076929234
       483     7538.461538461539931
       484     8153.846153846160632
       485     8769.230769230769511
       486     9384.615384615390212
       487    10000.000000000000000
       488     5692.307692307689649
       489     6307.692307692310351
       490     6923.076923076920139
       491     7538.461538461539931
       492     8153.846153846160632
       493     8769.230769230780425
       494     9384.615384615390212
       495    10000.000000000000000
       496     5692.307692307689649
       497     6307.692307692310351
       498     6923.076923076920139
       499     7538.461538461539931
       500     8153.846153846160632
       501     8769.230769230780425
       502     9384.615384615390212
       503    10000.000000000000000
       504     5692.307692307689649
       505     6307.692307692310351
       506     6923.076923076929234
       507     7538.461538461529926
       508     8153.846153846149718
       509     8769.230769230780425
       510     9384.615384615390212
       511    10000.000000000000000
       512     5692.307692307689649
       513     6307.692307692310351
       514     6923.076923076929234
       515     7538.461538461539931
       516     8153.846153846160632
       517     8769.230769230780425
       518     9384.615384615390212
       519    10000.000000000000000
       520     5692.307692307689649
       521     6307.692307692300346
       522     6923.076923076920139
       523     7538.461538461539931
       524     8153.846153846160632
       525     8769.230769230769511
       526     9384.615384615390212
       527    10000.000000000000000
       528     6307.692307692310351
       529     6923.076923076920139
       530     5692.307692307689649
       531     5692.307692307699654
       532     6307.692307692310351
       533     6307.692307692310351
       534     6923.076923076929234
       535     6923.076923076929234
       536     7538.461538461539931
       537     7538.461538461539931
       538     8153.846153846149718
       539     8153.846153846149718
       540     8769.230769230769511
       541     8769.230769230769511
       542     9384.615384615390212
       543     9384.615384615390212
       544    10000.000000000000000
       545    10000.000000000000000
       546     5692.307692307689649
       547     6307.692307692310351
       548     6923.076923076929234
       549     7538.461538461539931
       550     8153.846153846149718
       551     8769.230769230769511
       552     9384.615384615390212
       553    10000.000000000000000
       554     5692.307692307699654
       555     6307.692307692310351
       556     6923.076923076929234
       557     7538.461538461539931
       558     8153.846153846149718
       559     8769.230769230769511
       560     9384.615384615390212
       561    10000.000000000000000
       562     5692.307692307689649
       563     6307.692307692310351
       564     6923.076923076920139
       565     7538.461538461539931
       566     8153.846153846149718
       567     8769.230769230769511
       568     9384.615384615379298
       569    10000.000000000000000
       570     5692.307692307689649
       571     6307.692307692310351
       572     6923.076923076920139
       573     7538.461538461539931
       574     8153.846153846149718
       575     8769.230769230769511
       576     9384.615384615390212
       577    10000.000000000000000
       578     5692.307692307689649
       579     6307.692307692310351
       580     6923.076923076929234
       581     7538.461538461539931
       582     8153.846153846149718
       583     8769.230769230769511
       584     9384.615384615390212
       585    10000.000000000000000
       586     5692.307692307689649
       587     6307.692307692310351
       588     6923.076923076929234
       589     7538.461538461539931
       590     8153.846153846149718
       591     8769.230769230769511
       592     9384.615384615390212
       593    10000.000000000000000
       594     5692.307692307689649
       595     6307.692307692310351
       596     6923.076923076929234
       597     7538.461538461539931
       598     8153.846153846149718
       599     8769.230769230769511
       600     9384.615384615390212
       601    10000.000000000000000
       602     5692.307692307689649
       603     5692.307692307689649
       604     6307.692307692310351
       605     6307.692307692310351
       606     6923.076923076920139
       607     6923.076923076920139
       608     7538.461538461539931
       609     7538.461538461539931
       610     8153.846153846149718
       611     8153.846153846149718
       612     8769.230769230769511
       613     8769.230769230769511
       614     9384.615384615379298
       615     9384.615384615390212
       616    10000.000000000000000
       617    10000.000000000000000
       618     5692.307692307689649
       619     6307.692307692310351
       620     6923.076923076920139
       621     7538.461538461529926
       622     8153.846153846149718
       623     8769.230769230769511
       624     9384.615384615390212
       625    10000.000000000000000
       626     5692.307692307689649
       627     6307.692307692310351
       628     6923.076923076929234
       629     7538.461538461539931
       630     8153.846153846149718
       631     8769.230769230769511
       632     9384.615384615390212
       633    10000.000000000000000
       634     5692.307692307689649
       635     6307.692307692310351
       636     6923.076923076920139
       637     7538.461538461539931
       638     8153.846153846149718
       639     8769.230769230769511
       640     9384.615384615379298
       641    10000.000000000000000
       642     5692.307692307689649
       643     6307.692307692310351
       644     6923.076923076920139
       645     7538.461538461539931
       646     8153.846153846149718
       647     8769.230769230769511
       648     9384.615384615390212
       649    10000.000000000000000
       650     5692.307692307689649
       651     6307.692307692310351
       652     6923.076923076920139
       653     7538.461538461539931
       654     8153.846153846149718
       655     8769.230769230769511
       656     9384.615384615379298
       657    10000.000000000000000
       658     5692.307692307689649
       659     6307.692307692310351
       660     6923.076923076929234
       661     7538.461538461539931
       662     8153.846153846149718
       663     8769.230769230769511
       664     9384.615384615390212
       665    10000.000000000000000
       666     6307.692307692310351
       667     6923.076923076929234
       668     7538.461538461539931
       669     8153.846153846149718
       670     8769.230769230769511
       671     9384.615384615390212
       672    10000.000000000000000
       673     6307.692307692310351
       674     6307.692307692310351
       675     6923.076923076920139
       676     6923.076923076920139
       677     7538.461538461539931
       678     7538.461538461539931
       679     8153.846153846149718
       680     8153.846153846149718
       681     8769.230769230769511
       682     8769.230769230769511
       683     9384.615384615379298
       684     9384.615384615379298
       685    10000.000000000000000
       686    10000.000000000000000
       687     6307.692307692310351
       688     6923.076923076920139
       689     7538.461538461539931
       690     8153.846153846149718
       691     8769.230769230769511
       692     9384.615384615379298
       693    10000.000000000000000
       694     5692.307692307689649
       695     6307.692307692310351
       696     6923.076923076920139
       697     7538.461538461539931
       698     8153.846153846149718
       699     8769.230769230769511
       700     9384.615384615390212
       701    10000.000000000000000
       702     5692.307692307689649
       703     6307.692307692310351
       704     6923.076923076920139
       705     7538.461538461539931
       706     8153.846153846160632
       707     8769.230769230769511
       708     9384.615384615390212
       709    10000.000000000000000
       710     5692.307692307689649
       711     6307.692307692310351
       712     6923.076923076920139
       713     7538.461538461539931
       714     8153.846153846149718
       715     8769.230769230769511
       716     9384.615384615390212
       717    10000.000000000000000
       718     5692.307692307689649
       719     6307.692307692310351
       720     6923.076923076920139
       721     7538.461538461539931
       722     8153.846153846149718
       723     8769.230769230769511
       724     9384.615384615390212
       725    10000.000000000000000
       726     6307.692307692310351
       727     6923.076923076920139
       728     7538.461538461529926
       729     8153.846153846149718
       730     8769.230769230769511
       731     9384.615384615390212
       732    10000.000000000000000
       733     6923.076923076920139
       734     7538.461538461539931
       735     8153.846153846149718
       736     8769.230769230769511
       737     9384.615384615390212
       738    10000.000000000000000
