         770
         1     1428.571428571430033
         2     1428.571428571430033
         3     1428.571428571430033
         4     1428.571428571430033
         5     1428.571428571430033
         6     1428.571428571430033
         7     1428.571428571430033
         8     1428.571428571430033
         9     1428.571428571430033
        10     1428.571428571430033
        11     1428.571428571430033
        12     1428.571428571430033
        13     1428.571428571430033
        14     1428.571428571430033
        15     1428.571428571430033
        16      857.142857142856997
        17      857.142857142856997
        18      857.142857142856997
        19      857.142857142856997
        20      857.142857142856997
        21      857.142857142856997
        22      857.142857142856997
        23      857.142857142856997
        24      857.142857142856997
        25      857.142857142856997
        26      857.142857142856997
        27      857.142857142856997
        28      857.142857142856997
        29      857.142857142855974
        30      857.142857142856997
        31      857.142857142856997
        32      857.142857142856997
        33      857.142857142856997
        34      857.142857142856997
        35      857.142857142856997
        36      857.142857142856997
        37      285.714285714285950
        38      285.714285714285950
        39      285.714285714284983
        40      285.714285714284983
        41      285.714285714285950
        42      285.714285714285950
        43      285.714285714285950
        44      285.714285714285950
        45      285.714285714284983
        46      285.714285714285950
        47      285.714285714285950
        48      285.714285714285950
        49      285.714285714285950
        50      285.714285714285950
        51      285.714285714284983
        52      285.714285714284983
        53      285.714285714285950
        54      285.714285714285950
        55      285.714285714285950
        56      285.714285714285950
        57      285.714285714285950
        58      285.714285714285950
        59      285.714285714285950
        60      285.714285714285950
        61      285.714285714285950
        62      285.714285714285950
        63      285.714285714285950
        64      285.714285714285950
        65      285.714285714285950
        66      285.714285714284983
        67      285.714285714285950
        68      285.714285714284983
        69      285.714285714285950
        70      285.714285714285950
        71      285.714285714285950
        72      285.714285714285950
        73     -285.714285714285950
        74     -285.714285714285950
        75     -285.714285714285950
        76     -285.714285714285950
        77     -285.714285714285950
        78     -285.714285714285950
        79     -285.714285714285950
        80     -285.714285714285950
        81     -285.714285714285950
        82     -285.714285714285950
        83     -285.714285714285950
        84     -285.714285714285950
        85     -285.714285714285950
        86     -285.714285714285950
        87     -285.714285714285950
        88     -285.714285714285950
        89     -285.714285714285950
        90     -285.714285714285950
        91     -285.714285714285950
        92     -285.714285714285950
        93     -285.714285714285950
        94     -285.714285714285950
        95     -285.714285714284983
        96     -285.714285714284983
        97     -285.714285714285950
        98     -285.714285714285950
        99     -285.714285714285950
       100     -285.714285714285950
       101     -285.714285714285950
       102     -285.714285714285950
       103     -285.714285714285950
       104     -285.714285714285950
       105     -285.714285714285950
       106     -285.714285714285950
       107     -285.714285714285950
       108     -285.714285714285950
       109     -285.714285714285950
       110     -285.714285714285950
       111     -285.714285714285950
       112     -857.142857142856997
       113     -857.142857142856997
       114     -857.142857142856997
       115     -857.142857142856997
       116     -857.142857142856997
       117     -857.142857142856997
       118     -857.142857142856997
       119     -857.142857142856997
       120     -857.142857142856997
       121     -857.142857142856997
       122     -857.142857142856997
       123     -857.142857142856997
       124     -857.142857142856997
       125     -857.142857142856997
       126     -857.142857142856997
       127     -857.142857142856997
       128     -857.142857142856997
       129     -857.142857142856997
       130     -857.142857142856997
       131     -857.142857142856997
       132     -857.142857142856997
       133     -857.142857142856997
       134     -857.142857142856997
       135     -857.142857142856997
       136     -857.142857142856997
       137     -857.142857142856997
       138     -857.142857142856997
       139     -857.142857142856997
       140     -857.142857142856997
       141     -857.142857142856997
       142     -857.142857142856997
       143     -857.142857142856997
       144     -857.142857142856997
       145     -857.142857142856997
       146     -857.142857142856997
       147     -857.142857142856997
       148     -857.142857142856997
       149     -857.142857142856997
       150     -857.142857142856997
       151    -1428.571428571430033
       152    -1428.571428571430033
       153    -1428.571428571430033
       154    -1428.571428571430033
       155    -1428.571428571430033
       156    -1428.571428571430033
       157    -1428.571428571430033
       158    -1428.571428571430033
       159    -1428.571428571430033
       160    -1428.571428571430033
       161    -1428.571428571430033
       162    -1428.571428571430033
       163    -1428.571428571430033
       164    -1428.571428571430033
       165    -1428.571428571430033
       166    -1428.571428571430033
       167    -1428.571428571430033
       168    -1428.571428571430033
       169    -1428.571428571430033
       170    -1428.571428571430033
       171    -1428.571428571430033
       172    -1428.571428571430033
       173    -1428.571428571430033
       174    -1428.571428571430033
       175    -1428.571428571430033
       176    -1428.571428571430033
       177    -1428.571428571430033
       178    -1428.571428571430033
       179    -1428.571428571430033
       180    -1428.571428571430033
       181    -1428.571428571430033
       182    -1428.571428571430033
       183    -1428.571428571430033
       184    -1428.571428571430033
       185    -1428.571428571430033
       186    -1428.571428571430033
       187    -1428.571428571430033
       188    -1428.571428571430033
       189    -1428.571428571430033
       190    -2000.000000000000000
       191    -2000.000000000000000
       192    -2000.000000000000000
       193    -2000.000000000000000
       194    -2000.000000000000000
       195    -2000.000000000000000
       196    -2000.000000000000000
       197    -2000.000000000000000
       198    -2000.000000000000000
       199    -2000.000000000000000
       200    -2000.000000000000000
       201    -2000.000000000000000
       202    -2000.000000000000000
       203    -2000.000000000000000
       204    -2000.000000000000000
       205    -2000.000000000000000
       206    -2000.000000000000000
       207    -2000.000000000000000
       208    -2000.000000000000000
       209    -2000.000000000000000
       210    -2000.000000000000000
       211    -2000.000000000000000
       212    -2000.000000000000000
       213    -2000.000000000000000
       214    -2000.000000000000000
       215    -2000.000000000000000
       216    -2000.000000000000000
       217    -2000.000000000000000
       218    -2000.000000000000000
       219    -2000.000000000000000
       220    -2000.000000000000000
       221    -2000.000000000000000
       222    -2000.000000000000000
       223    -2000.000000000000000
       224    -2000.000000000000000
       225    -2000.000000000000000
       226     1428.571428571430033
       227     1428.571428571430033
       228     1428.571428571430033
       229     1428.571428571430033
       230     1428.571428571430033
       231     1428.571428571430033
       232     1428.571428571430033
       233     1428.571428571430033
       234     1428.571428571430033
       235     1428.571428571430033
       236     1428.571428571430033
       237     1428.571428571430033
       238     1428.571428571430033
       239     1428.571428571430033
       240     1428.571428571430033
       241      857.142857142856997
       242      857.142857142858020
       243      857.142857142856997
       244      857.142857142858020
       245      857.142857142856997
       246      857.142857142856997
       247      857.142857142856997
       248      857.142857142856997
       249      857.142857142856997
       250      857.142857142856997
       251      857.142857142856997
       252      857.142857142856997
       253      857.142857142856997
       254      857.142857142856997
       255      857.142857142856997
       256      857.142857142856997
       257      857.142857142856997
       258      857.142857142856997
       259      857.142857142856997
       260      857.142857142856997
       261      857.142857142856997
       262      285.714285714285950
       263      285.714285714284983
       264      285.714285714284983
       265      285.714285714284983
       266      285.714285714285950
       267      285.714285714285950
       268      285.714285714285950
       269      285.714285714284983
       270      285.714285714284983
       271      285.714285714284983
       272      285.714285714285950
       273      285.714285714285950
       274      285.714285714285950
       275      285.714285714284983
       276      285.714285714284983
       277      285.714285714284983
       278      285.714285714285950
       279      285.714285714284983
       280      285.714285714285950
       281      285.714285714284983
       282      285.714285714285950
       283      285.714285714285950
       284      285.714285714285950
       285      285.714285714285950
       286      285.714285714285950
       287      285.714285714284983
       288      285.714285714285950
       289      285.714285714284983
       290      285.714285714284983
       291      285.714285714285950
       292      285.714285714285950
       293      285.714285714285950
       294      285.714285714285950
       295      285.714285714285950
       296      285.714285714285950
       297      285.714285714285950
       298     -285.714285714285950
       299     -285.714285714285950
       300     -285.714285714285950
       301     -285.714285714285950
       302     -285.714285714285950
       303     -285.714285714285950
       304     -285.714285714285950
       305     -285.714285714285950
       306     -285.714285714285950
       307     -285.714285714285950
       308     -285.714285714285950
       309     -285.714285714284983
       310     -285.714285714285950
       311     -285.714285714285950
       312     -285.714285714285950
       313     -285.714285714284983
       314     -285.714285714285950
       315     -285.714285714285950
       316     -285.714285714285950
       317     -285.714285714285950
       318     -285.714285714285950
       319     -285.714285714285950
       320     -285.714285714284983
       321     -285.714285714284983
       322     -285.714285714285950
       323     -285.714285714285950
       324     -285.714285714285950
       325     -285.714285714284983
       326     -285.714285714285950
       327     -285.714285714284983
       328     -285.714285714285950
       329     -285.714285714285950
       330     -285.714285714285950
       331     -285.714285714285950
       332     -285.714285714284983
       333     -285.714285714285950
       334     -285.714285714285950
       335     -285.714285714284983
       336     -285.714285714285950
       337     -857.142857142856997
       338     -857.142857142856997
       339     -857.142857142856997
       340     -857.142857142856997
       341     -857.142857142856997
       342     -857.142857142856997
       343     -857.142857142856997
       344     -857.142857142856997
       345     -857.142857142856997
       346     -857.142857142856997
       347     -857.142857142856997
       348     -857.142857142856997
       349     -857.142857142856997
       350     -857.142857142856997
       351     -857.142857142856997
       352     -857.142857142856997
       353     -857.142857142856997
       354     -857.142857142856997
       355     -857.142857142856997
       356     -857.142857142856997
       357     -857.142857142856997
       358     -857.142857142856997
       359     -857.142857142856997
       360     -857.142857142856997
       361     -857.142857142856997
       362     -857.142857142856997
       363     -857.142857142856997
       364     -857.142857142856997
       365     -857.142857142856997
       366     -857.142857142856997
       367     -857.142857142856997
       368     -857.142857142856997
       369     -857.142857142856997
       370     -857.142857142856997
       371     -857.142857142856997
       372     -857.142857142856997
       373     -857.142857142856997
       374     -857.142857142856997
       375     -857.142857142856997
       376    -1428.571428571430033
       377    -1428.571428571430033
       378    -1428.571428571430033
       379    -1428.571428571430033
       380    -1428.571428571430033
       381    -1428.571428571430033
       382    -1428.571428571430033
       383    -1428.571428571430033
       384    -1428.571428571430033
       385    -1428.571428571430033
       386    -1428.571428571430033
       387    -1428.571428571430033
       388    -1428.571428571430033
       389    -1428.571428571430033
       390    -1428.571428571430033
       391    -1428.571428571430033
       392    -1428.571428571430033
       393    -1428.571428571430033
       394    -1428.571428571430033
       395    -1428.571428571430033
       396    -1428.571428571430033
       397    -1428.571428571430033
       398    -1428.571428571430033
       399    -1428.571428571430033
       400    -1428.571428571430033
       401    -1428.571428571430033
       402    -1428.571428571430033
       403    -1428.571428571430033
       404    -1428.571428571430033
       405    -1428.571428571430033
       406    -1428.571428571430033
       407    -1428.571428571430033
       408    -1428.571428571430033
       409    -1428.571428571430033
       410    -1428.571428571430033
       411    -1428.571428571430033
       412    -1428.571428571430033
       413    -1428.571428571430033
       414    -1428.571428571430033
       415    -2000.000000000000000
       416    -2000.000000000000000
       417    -2000.000000000000000
       418    -2000.000000000000000
       419    -2000.000000000000000
       420    -2000.000000000000000
       421    -2000.000000000000000
       422    -2000.000000000000000
       423    -2000.000000000000000
       424    -2000.000000000000000
       425    -2000.000000000000000
       426    -2000.000000000000000
       427    -2000.000000000000000
       428    -2000.000000000000000
       429    -2000.000000000000000
       430    -2000.000000000000000
       431    -2000.000000000000000
       432    -2000.000000000000000
       433    -2000.000000000000000
       434    -2000.000000000000000
       435    -2000.000000000000000
       436    -2000.000000000000000
       437    -2000.000000000000000
       438    -2000.000000000000000
       439    -2000.000000000000000
       440    -2000.000000000000000
       441    -2000.000000000000000
       442    -2000.000000000000000
       443    -2000.000000000000000
       444    -2000.000000000000000
       445    -2000.000000000000000
       446    -2000.000000000000000
       447    -2000.000000000000000
       448    -2000.000000000000000
       449    -2000.000000000000000
       450    -2000.000000000000000
       451    -1428.571428571430033
       452    -2000.000000000000000
       453     -857.142857142856997
       454     -285.714285714284983
       455    -1428.571428571430033
       456    -2000.000000000000000
       457     -857.142857142856997
       458     -285.714285714284983
       459    -1428.571428571430033
       460    -2000.000000000000000
       461     -857.142857142856997
       462     -285.714285714284983
       463    -1428.571428571430033
       464    -2000.000000000000000
       465    -1428.571428571430033
       466    -2000.000000000000000
       467     -857.142857142856997
       468     -285.714285714284983
       469      285.714285714285950
       470    -1428.571428571430033
       471    -2000.000000000000000
       472     -857.142857142856997
       473     -285.714285714284983
       474      285.714285714284983
       475    -1428.571428571430033
       476    -2000.000000000000000
       477     -857.142857142856997
       478     -285.714285714284983
       479      285.714285714284983
       480    -1428.571428571430033
       481    -2000.000000000000000
       482     -857.142857142856997
       483     -285.714285714284983
       484      285.714285714285950
       485    -1428.571428571430033
       486    -2000.000000000000000
       487     -857.142857142856997
       488     -285.714285714285950
       489      285.714285714284983
       490    -1428.571428571430033
       491    -2000.000000000000000
       492     -857.142857142856997
       493     -285.714285714284983
       494      285.714285714284983
       495    -2000.000000000000000
       496    -1428.571428571430033
       497    -1428.571428571430033
       498    -2000.000000000000000
       499     -857.142857142856997
       500     -857.142857142856997
       501     -285.714285714285950
       502     -285.714285714284983
       503      285.714285714285950
       504      285.714285714285950
       505    -1428.571428571430033
       506    -2000.000000000000000
       507     -857.142857142856997
       508     -285.714285714285950
       509      285.714285714285950
       510    -1428.571428571430033
       511    -2000.000000000000000
       512     -857.142857142856997
       513     -285.714285714285950
       514      285.714285714285950
       515    -1428.571428571430033
       516    -2000.000000000000000
       517     -857.142857142856997
       518     -285.714285714284983
       519      285.714285714284983
       520    -1428.571428571430033
       521    -2000.000000000000000
       522     -857.142857142856997
       523     -285.714285714285950
       524      285.714285714285950
       525      857.142857142856997
       526    -1428.571428571430033
       527    -2000.000000000000000
       528     -857.142857142856997
       529     -285.714285714284983
       530      285.714285714285950
       531      857.142857142856997
       532    -1428.571428571430033
       533    -2000.000000000000000
       534     -857.142857142856997
       535     -285.714285714285950
       536      285.714285714284983
       537      857.142857142856997
       538    -1428.571428571430033
       539    -2000.000000000000000
       540     -857.142857142856997
       541     -285.714285714284983
       542      285.714285714285950
       543      857.142857142856997
       544    -1428.571428571430033
       545    -2000.000000000000000
       546     -857.142857142856997
       547     -285.714285714285950
       548      285.714285714285950
       549      857.142857142856997
       550    -1428.571428571430033
       551    -2000.000000000000000
       552     -857.142857142856997
       553     -285.714285714284983
       554      285.714285714285950
       555      857.142857142856997
       556    -1428.571428571430033
       557    -2000.000000000000000
       558     -857.142857142856997
       559     -285.714285714284983
       560      285.714285714285950
       561      857.142857142858020
       562    -1428.571428571430033
       563     -857.142857142856997
       564     -285.714285714285950
       565    -2000.000000000000000
       566    -1428.571428571430033
       567    -1428.571428571430033
       568    -2000.000000000000000
       569     -857.142857142856997
       570     -857.142857142856997
       571     -285.714285714285950
       572     -285.714285714284983
       573      285.714285714285950
       574      285.714285714285950
       575    -1428.571428571430033
       576    -2000.000000000000000
       577     -857.142857142856997
       578     -285.714285714285950
       579      285.714285714285950
       580    -1428.571428571430033
       581    -2000.000000000000000
       582     -857.142857142856997
       583     -285.714285714285950
       584      285.714285714285950
       585    -1428.571428571430033
       586    -2000.000000000000000
       587     -857.142857142856997
       588     -285.714285714285950
       589      285.714285714285950
       590    -1428.571428571430033
       591    -2000.000000000000000
       592     -857.142857142856997
       593     -285.714285714285950
       594      285.714285714285950
       595      857.142857142856997
       596    -1428.571428571430033
       597    -2000.000000000000000
       598     -857.142857142856997
       599     -285.714285714285950
       600      285.714285714285950
       601      857.142857142856997
       602     1428.571428571430033
       603    -1428.571428571430033
       604    -2000.000000000000000
       605     -857.142857142856997
       606     -285.714285714285950
       607      285.714285714284983
       608      857.142857142856997
       609     1428.571428571430033
       610    -1428.571428571430033
       611    -2000.000000000000000
       612     -857.142857142856997
       613     -285.714285714285950
       614      285.714285714285950
       615      857.142857142856997
       616     1428.571428571430033
       617    -1428.571428571430033
       618    -2000.000000000000000
       619     -857.142857142856997
       620     -285.714285714285950
       621      285.714285714285950
       622      857.142857142858020
       623     1428.571428571430033
       624    -1428.571428571430033
       625    -2000.000000000000000
       626     -857.142857142856997
       627     -285.714285714284983
       628      285.714285714284983
       629      857.142857142858020
       630     1428.571428571430033
       631    -1428.571428571430033
       632    -2000.000000000000000
       633     -857.142857142856997
       634     -285.714285714285950
       635      285.714285714285950
       636      857.142857142856997
       637    -1428.571428571430033
       638     -857.142857142856997
       639     -285.714285714285950
       640    -2000.000000000000000
       641    -1428.571428571430033
       642    -1428.571428571430033
       643    -2000.000000000000000
       644     -857.142857142856997
       645     -857.142857142856997
       646     -285.714285714285950
       647     -285.714285714284983
       648      285.714285714284983
       649      285.714285714285950
       650    -1428.571428571430033
       651    -2000.000000000000000
       652     -857.142857142856997
       653     -285.714285714285950
       654      285.714285714285950
       655    -1428.571428571430033
       656    -2000.000000000000000
       657     -857.142857142856997
       658     -285.714285714285950
       659      285.714285714284983
       660    -1428.571428571430033
       661    -2000.000000000000000
       662     -857.142857142856997
       663     -285.714285714285950
       664      285.714285714284983
       665    -1428.571428571430033
       666    -2000.000000000000000
       667     -857.142857142856997
       668     -285.714285714285950
       669      285.714285714284983
       670      857.142857142856997
       671    -1428.571428571430033
       672    -2000.000000000000000
       673     -857.142857142856997
       674     -285.714285714285950
       675      285.714285714285950
       676      857.142857142856997
       677     1428.571428571430033
       678    -1428.571428571430033
       679    -2000.000000000000000
       680     -857.142857142856997
       681     -285.714285714284983
       682      285.714285714284983
       683      857.142857142856997
       684     1428.571428571430033
       685    -1428.571428571430033
       686    -2000.000000000000000
       687     -857.142857142856997
       688     -285.714285714285950
       689      285.714285714285950
       690      857.142857142856997
       691     1428.571428571430033
       692    -1428.571428571430033
       693    -2000.000000000000000
       694     -857.142857142856997
       695     -285.714285714285950
       696      285.714285714285950
       697      857.142857142856997
       698     1428.571428571430033
       699    -1428.571428571430033
       700    -2000.000000000000000
       701     -857.142857142856997
       702     -285.714285714284983
       703      285.714285714284983
       704      857.142857142856997
       705     1428.571428571430033
       706    -1428.571428571430033
       707    -2000.000000000000000
       708     -857.142857142856997
       709     -285.714285714285950
       710      285.714285714285950
       711      857.142857142856997
       712    -1428.571428571430033
       713     -857.142857142856997
       714     -285.714285714284983
       715    -2615.384615384610242
       716    -2615.384615384610242
       717    -2615.384615384610242
       718    -2615.384615384619792
       719    -2615.384615384610242
       720    -2615.384615384619792
       721    -2615.384615384610242
       722    -2615.384615384619792
       723    -2615.384615384610242
       724    -2615.384615384619792
       725    -2615.384615384619792
       726    -2615.384615384619792
       727    -2615.384615384619792
       728    -2615.384615384610242
       729    -2615.384615384610242
       730    -2615.384615384610242
       731    -2615.384615384619792
       732    -2615.384615384610242
       733    -2615.384615384619792
       734    -2615.384615384610242
       735    -2615.384615384619792
       736    -2615.384615384610242
       737    -2615.384615384619792
       738    -2615.384615384610242
       739    -2615.384615384619792
       740    -2615.384615384610242
       741    -2615.384615384610242
       742    -2615.384615384619792
       743    -2615.384615384619792
       744    -2615.384615384619792
       745    -3230.769230769230035
       746    -3230.769230769230035
       747    -3230.769230769230035
       748    -3230.769230769230035
       749    -2615.384615384610242
       750    -2615.384615384619792
       751    -2615.384615384610242
       752    -2615.384615384610242
       753    -2615.384615384619792
       754    -2615.384615384619792
       755    -2615.384615384610242
       756    -2615.384615384619792
       757    -2615.384615384610242
       758    -2615.384615384610242
       759    -2615.384615384619792
       760    -2615.384615384610242
       761    -2615.384615384610242
       762    -2615.384615384610242
       763    -2615.384615384610242
       764    -2615.384615384619792
       765    -2615.384615384610242
       766    -2615.384615384610242
       767    -2615.384615384619792
       768    -2615.384615384619792
       769    -2615.384615384610242
       770    -2615.384615384619792
