         500
           1           1           3           4           2          15
          17          18          16
           2           3           5           6           4          17
          19          20          18
           3           5           7           8           6          19
          21          22          20
           4           2           4          10           9          16
          18          27          26
           5           4           6          11          10          18
          20          28          27
           6           6           8          12          11          20
          22          29          28
           7          13          15          16          14          31
          33          34          32
           8          15          17          18          16          33
          35          36          34
           9          17          19          20          18          35
          37          38          36
          10          19          21          22          20          37
          39          40          38
          11          21          23          24          22          39
          41          42          40
          12          14          16          26          25          32
          34          44          43
          13          16          18          27          26          34
          36          45          44
          14          18          20          28          27          36
          38          46          45
          15          20          22          29          28          38
          40          47          46
          16          22          24          30          29          40
          42          48          47
          17          31          33          34          32          49
          51          52          50
          18          33          35          36          34          51
          53          54          52
          19          35          37          38          36          53
          55          56          54
          20          37          39          40          38          55
          57          58          56
          21          39          41          42          40          57
          59          60          58
          22          32          34          44          43          50
          52          64          63
          23          34          36          45          44          52
          54          65          64
          24          36          38          46          45          54
          56          66          65
          25          38          40          47          46          56
          58          67          66
          26          40          42          48          47          58
          60          68          67
          27          49          51          52          50          70
          72          73          71
          28          51          53          54          52          72
          74          75          73
          29          53          55          56          54          74
          76          77          75
          30          55          57          58          56          76
          78          79          77
          31          57          59          60          58          78
          80          81          79
          32          59          61          62          60          80
          82          83          81
          33          50          52          64          63          71
          73          85          84
          34          52          54          65          64          73
          75          86          85
          35          54          56          66          65          75
          77          87          86
          36          56          58          67          66          77
          79          88          87
          37          58          60          68          67          79
          81          89          88
          38          60          62          69          68          81
          83          90          89
          39          70          72          73          71          91
          93          94          92
          40          72          74          75          73          93
          95          96          94
          41          74          76          77          75          95
          97          98          96
          42          76          78          79          77          97
          99         100          98
          43          78          80          81          79          99
         101         102         100
          44          80          82          83          81         101
         103         104         102
          45          71          73          85          84          92
          94         106         105
          46          73          75          86          85          94
          96         107         106
          47          75          77          87          86          96
          98         108         107
          48          77          79          88          87          98
         100         109         108
          49          79          81          89          88         100
         102         110         109
          50          81          83          90          89         102
         104         111         110
          51          91          93          94          92         112
         114         115         113
          52          93          95          96          94         114
         116         117         115
          53          95          97          98          96         116
         118         119         117
          54          97          99         100          98         118
         120         121         119
          55          99         101         102         100         120
         122         123         121
          56         101         103         104         102         122
         124         125         123
          57          92          94         106         105         113
         115         127         126
          58          94          96         107         106         115
         117         128         127
          59          96          98         108         107         117
         119         129         128
          60          98         100         109         108         119
         121         130         129
          61         100         102         110         109         121
         123         131         130
          62         102         104         111         110         123
         125         132         131
          63         112         114         115         113         133
         135         136         134
          64         114         116         117         115         135
         137         138         136
          65         116         118         119         117         137
         139         140         138
          66         118         120         121         119         139
         141         142         140
          67         120         122         123         121         141
         143         144         142
          68         122         124         125         123         143
         145         146         144
          69         113         115         127         126         134
         136         148         147
          70         115         117         128         127         136
         138         149         148
          71         117         119         129         128         138
         140         150         149
          72         119         121         130         129         140
         142         151         150
          73         121         123         131         130         142
         144         152         151
          74         123         125         132         131         144
         146         153         152
          75         133         135         136         134         154
         156         157         155
          76         135         137         138         136         156
         158         159         157
          77         137         139         140         138         158
         160         161         159
          78         139         141         142         140         160
         162         163         161
          79         141         143         144         142         162
         164         165         163
          80         143         145         146         144         164
         166         167         165
          81         134         136         148         147         155
         157         169         168
          82         136         138         149         148         157
         159         170         169
          83         138         140         150         149         159
         161         171         170
          84         140         142         151         150         161
         163         172         171
          85         142         144         152         151         163
         165         173         172
          86         144         146         153         152         165
         167         174         173
          87         156         158         159         157         175
         177         178         176
          88         158         160         161         159         177
         179         180         178
          89         160         162         163         161         179
         181         182         180
          90         162         164         165         163         181
         183         184         182
          91         157         159         170         169         176
         178         186         185
          92         159         161         171         170         178
         180         187         186
          93         161         163         172         171         180
         182         188         187
          94         163         165         173         172         182
         184         189         188
          95         177         179         180         178         190
         192         193         191
          96         179         181         182         180         192
         194         195         193
          97         178         180         187         186         191
         193         197         196
          98         180         182         188         187         193
         195         198         197
          99         199         201         202         200         214
         216         217         215
         100         201         203         204         202         216
         218         219         217
         101         203         205         206         204         218
         220         221         219
         102         200         202         209         208         215
         217         226         225
         103         202         204         210         209         217
         219         227         226
         104         204         206         211         210         219
         221         228         227
         105         208         209           3           1         225
         226          17          15
         106         209         210           5           3         226
         227          19          17
         107         210         211           7           5         227
         228          21          19
         108         212         214         215         213         230
         232         233         231
         109         214         216         217         215         232
         234         235         233
         110         216         218         219         217         234
         236         237         235
         111         218         220         221         219         236
         238         239         237
         112         220         222         223         221         238
         240         241         239
         113         213         215         225         224         231
         233         244         243
         114         215         217         226         225         233
         235         245         244
         115         217         219         227         226         235
         237         246         245
         116         219         221         228         227         237
         239         247         246
         117         221         223         229         228         239
         241         248         247
         118         224         225          15          13         243
         244          33          31
         119         225         226          17          15         244
         245          35          33
         120         226         227          19          17         245
         246          37          35
         121         227         228          21          19         246
         247          39          37
         122         228         229          23          21         247
         248          41          39
         123         230         232         233         231         249
         251         252         250
         124         232         234         235         233         251
         253         254         252
         125         234         236         237         235         253
         255         256         254
         126         236         238         239         237         255
         257         258         256
         127         238         240         241         239         257
         259         260         258
         128         231         233         244         243         250
         252         264         263
         129         233         235         245         244         252
         254         265         264
         130         235         237         246         245         254
         256         266         265
         131         237         239         247         246         256
         258         267         266
         132         239         241         248         247         258
         260         268         267
         133         243         244          33          31         263
         264          51          49
         134         244         245          35          33         264
         265          53          51
         135         245         246          37          35         265
         266          55          53
         136         246         247          39          37         266
         267          57          55
         137         247         248          41          39         267
         268          59          57
         138         249         251         252         250         270
         272         273         271
         139         251         253         254         252         272
         274         275         273
         140         253         255         256         254         274
         276         277         275
         141         255         257         258         256         276
         278         279         277
         142         257         259         260         258         278
         280         281         279
         143         259         261         262         260         280
         282         283         281
         144         250         252         264         263         271
         273         285         284
         145         252         254         265         264         273
         275         286         285
         146         254         256         266         265         275
         277         287         286
         147         256         258         267         266         277
         279         288         287
         148         258         260         268         267         279
         281         289         288
         149         260         262         269         268         281
         283         290         289
         150         263         264          51          49         284
         285          72          70
         151         264         265          53          51         285
         286          74          72
         152         265         266          55          53         286
         287          76          74
         153         266         267          57          55         287
         288          78          76
         154         267         268          59          57         288
         289          80          78
         155         268         269          61          59         289
         290          82          80
         156         270         272         273         271         291
         293         294         292
         157         272         274         275         273         293
         295         296         294
         158         274         276         277         275         295
         297         298         296
         159         276         278         279         277         297
         299         300         298
         160         278         280         281         279         299
         301         302         300
         161         280         282         283         281         301
         303         304         302
         162         271         273         285         284         292
         294         306         305
         163         273         275         286         285         294
         296         307         306
         164         275         277         287         286         296
         298         308         307
         165         277         279         288         287         298
         300         309         308
         166         279         281         289         288         300
         302         310         309
         167         281         283         290         289         302
         304         311         310
         168         284         285          72          70         305
         306          93          91
         169         285         286          74          72         306
         307          95          93
         170         286         287          76          74         307
         308          97          95
         171         287         288          78          76         308
         309          99          97
         172         288         289          80          78         309
         310         101          99
         173         289         290          82          80         310
         311         103         101
         174         291         293         294         292         312
         314         315         313
         175         293         295         296         294         314
         316         317         315
         176         295         297         298         296         316
         318         319         317
         177         297         299         300         298         318
         320         321         319
         178         299         301         302         300         320
         322         323         321
         179         301         303         304         302         322
         324         325         323
         180         292         294         306         305         313
         315         327         326
         181         294         296         307         306         315
         317         328         327
         182         296         298         308         307         317
         319         329         328
         183         298         300         309         308         319
         321         330         329
         184         300         302         310         309         321
         323         331         330
         185         302         304         311         310         323
         325         332         331
         186         305         306          93          91         326
         327         114         112
         187         306         307          95          93         327
         328         116         114
         188         307         308          97          95         328
         329         118         116
         189         308         309          99          97         329
         330         120         118
         190         309         310         101          99         330
         331         122         120
         191         310         311         103         101         331
         332         124         122
         192         312         314         315         313         333
         335         336         334
         193         314         316         317         315         335
         337         338         336
         194         316         318         319         317         337
         339         340         338
         195         318         320         321         319         339
         341         342         340
         196         320         322         323         321         341
         343         344         342
         197         322         324         325         323         343
         345         346         344
         198         313         315         327         326         334
         336         348         347
         199         315         317         328         327         336
         338         349         348
         200         317         319         329         328         338
         340         350         349
         201         319         321         330         329         340
         342         351         350
         202         321         323         331         330         342
         344         352         351
         203         323         325         332         331         344
         346         353         352
         204         326         327         114         112         347
         348         135         133
         205         327         328         116         114         348
         349         137         135
         206         328         329         118         116         349
         350         139         137
         207         329         330         120         118         350
         351         141         139
         208         330         331         122         120         351
         352         143         141
         209         331         332         124         122         352
         353         145         143
         210         333         335         336         334         354
         356         357         355
         211         335         337         338         336         356
         358         359         357
         212         337         339         340         338         358
         360         361         359
         213         339         341         342         340         360
         362         363         361
         214         341         343         344         342         362
         364         365         363
         215         343         345         346         344         364
         366         367         365
         216         334         336         348         347         355
         357         369         368
         217         336         338         349         348         357
         359         370         369
         218         338         340         350         349         359
         361         371         370
         219         340         342         351         350         361
         363         372         371
         220         342         344         352         351         363
         365         373         372
         221         344         346         353         352         365
         367         374         373
         222         347         348         135         133         368
         369         156         154
         223         348         349         137         135         369
         370         158         156
         224         349         350         139         137         370
         371         160         158
         225         350         351         141         139         371
         372         162         160
         226         351         352         143         141         372
         373         164         162
         227         352         353         145         143         373
         374         166         164
         228         356         358         359         357         375
         377         378         376
         229         358         360         361         359         377
         379         380         378
         230         360         362         363         361         379
         381         382         380
         231         362         364         365         363         381
         383         384         382
         232         357         359         370         369         376
         378         387         386
         233         359         361         371         370         378
         380         388         387
         234         361         363         372         371         380
         382         389         388
         235         363         365         373         372         382
         384         390         389
         236         369         370         158         156         386
         387         177         175
         237         370         371         160         158         387
         388         179         177
         238         371         372         162         160         388
         389         181         179
         239         372         373         164         162         389
         390         183         181
         240         377         379         380         378         391
         393         394         392
         241         379         381         382         380         393
         395         396         394
         242         378         380         388         387         392
         394         399         398
         243         380         382         389         388         394
         396         400         399
         244         387         388         179         177         398
         399         192         190
         245         388         389         181         179         399
         400         194         192
         246         401         402         407         406         425
         426         434         433
         247         402         403         408         407         426
         427         435         434
         248         403         404         409         408         427
         428         436         435
         249         405         406         411         410         432
         433         442         441
         250         406         407         412         411         433
         434         443         442
         251         407         408         413         412         434
         435         444         443
         252         408         409         414         413         435
         436         445         444
         253         412         413         416         415         443
         444         453         452
         254         413         414         417         416         444
         445         454         453
         255         418         419         426         425         462
         463         470         469
         256         419         420         427         426         463
         464         471         470
         257         420         421         428         427         464
         465         472         471
         258         422         423         431         430         466
         467         476         475
         259         423         424         432         431         467
         468         477         476
         260         424         425         433         432         468
         469         478         477
         261         425         426         434         433         469
         470         479         478
         262         426         427         435         434         470
         471         480         479
         263         427         428         436         435         471
         472         481         480
         264         428         429         437         436         472
         473         482         481
         265         430         431         440         439         475
         476         486         485
         266         431         432         441         440         476
         477         487         486
         267         432         433         442         441         477
         478         488         487
         268         433         434         443         442         478
         479         489         488
         269         434         435         444         443         479
         480         490         489
         270         435         436         445         444         480
         481         491         490
         271         436         437         446         445         481
         482         492         491
         272         438         439         448         447         484
         485         496         495
         273         439         440         449         448         485
         486         497         496
         274         440         441         450         449         486
         487         498         497
         275         441         442         451         450         487
         488         499         498
         276         442         443         452         451         488
         489         500         499
         277         443         444         453         452         489
         490         501         500
         278         444         445         454         453         490
         491         502         501
         279         445         446         455         454         491
         492         503         502
         280         447         448         261         242         495
         496         259         240
         281         448         449         282         261         496
         497         280         259
         282         449         450         303         282         497
         498         301         280
         283         450         451         324         303         498
         499         322         301
         284         451         452         345         324         499
         500         343         322
         285         452         453         366         345         500
         501         364         343
         286         453         454         385         366         501
         502         383         364
         287         456         457         463         462         507
         508         514         513
         288         457         458         464         463         508
         509         515         514
         289         459         460         467         466         510
         511         519         518
         290         460         461         468         467         511
         512         520         519
         291         461         462         469         468         512
         513         521         520
         292         462         463         470         469         513
         514         522         521
         293         463         464         471         470         514
         515         523         522
         294         464         465         472         471         515
         516         524         523
         295         466         467         476         475         518
         519         529         528
         296         467         468         477         476         519
         520         530         529
         297         468         469         478         477         520
         521         531         530
         298         469         470         479         478         521
         522         532         531
         299         470         471         480         479         522
         523         533         532
         300         471         472         481         480         523
         524         534         533
         301         472         473         482         481         524
         525         535         534
         302         474         475         485         484         527
         528         539         538
         303         475         476         486         485         528
         529         540         539
         304         476         477         487         486         529
         530         541         540
         305         477         478         488         487         530
         531         542         541
         306         478         479         489         488         531
         532         543         542
         307         479         480         490         489         532
         533         544         543
         308         480         481         491         490         533
         534         545         544
         309         481         482         492         491         534
         535         546         545
         310         483         484         495         494         537
         538         549         548
         311         484         485         496         495         538
         539         550         549
         312         485         486         497         496         539
         540         551         550
         313         486         487         498         497         540
         541         552         551
         314         487         488         499         498         541
         542         553         552
         315         488         489         500         499         542
         543         554         553
         316         489         490         501         500         543
         544         555         554
         317         490         491         502         501         544
         545         556         555
         318         491         492         503         502         545
         546         557         556
         319         493         494         222         207         547
         548         220         205
         320         494         495         240         222         548
         549         238         220
         321         495         496         259         240         549
         550         257         238
         322         496         497         280         259         550
         551         278         257
         323         497         498         301         280         551
         552         299         278
         324         498         499         322         301         552
         553         320         299
         325         499         500         343         322         553
         554         341         320
         326         500         501         364         343         554
         555         362         341
         327         501         502         383         364         555
         556         381         362
         328         502         503         397         383         556
         557         395         381
         329         504         505         511         510         558
         559         566         565
         330         505         506         512         511         559
         560         567         566
         331         506         507         513         512         560
         561         568         567
         332         507         508         514         513         561
         562         569         568
         333         508         509         515         514         562
         563         570         569
         334         510         511         519         518         565
         566         575         574
         335         511         512         520         519         566
         567         576         575
         336         512         513         521         520         567
         568         577         576
         337         513         514         522         521         568
         569         578         577
         338         514         515         523         522         569
         570         579         578
         339         515         516         524         523         570
         571         580         579
         340         517         518         528         527         573
         574         585         584
         341         518         519         529         528         574
         575         586         585
         342         519         520         530         529         575
         576         587         586
         343         520         521         531         530         576
         577         588         587
         344         521         522         532         531         577
         578         589         588
         345         522         523         533         532         578
         579         590         589
         346         523         524         534         533         579
         580         591         590
         347         524         525         535         534         580
         581         592         591
         348         526         527         538         537         583
         584         595         594
         349         527         528         539         538         584
         585         596         595
         350         528         529         540         539         585
         586         597         596
         351         529         530         541         540         586
         587         598         597
         352         530         531         542         541         587
         588         599         598
         353         531         532         543         542         588
         589         600         599
         354         532         533         544         543         589
         590         601         600
         355         533         534         545         544         590
         591         602         601
         356         534         535         546         545         591
         592         603         602
         357         536         537         548         547         593
         594         605         604
         358         537         538         549         548         594
         595         606         605
         359         538         539         550         549         595
         596         607         606
         360         539         540         551         550         596
         597         608         607
         361         540         541         552         551         597
         598         609         608
         362         541         542         553         552         598
         599         610         609
         363         542         543         554         553         599
         600         611         610
         364         543         544         555         554         600
         601         612         611
         365         544         545         556         555         601
         602         613         612
         366         545         546         557         556         602
         603         614         613
         367         547         548         220         205         604
         605         218         203
         368         548         549         238         220         605
         606         236         218
         369         549         550         257         238         606
         607         255         236
         370         550         551         278         257         607
         608         276         255
         371         551         552         299         278         608
         609         297         276
         372         552         553         320         299         609
         610         318         297
         373         553         554         341         320         610
         611         339         318
         374         554         555         362         341         611
         612         360         339
         375         555         556         381         362         612
         613         379         360
         376         556         557         395         381         613
         614         393         379
         377         559         560         567         566         615
         616         622         621
         378         560         561         568         567         616
         617         623         622
         379         561         562         569         568         617
         618         624         623
         380         564         565         574         573         619
         620         630         629
         381         565         566         575         574         620
         621         631         630
         382         566         567         576         575         621
         622         632         631
         383         567         568         577         576         622
         623         633         632
         384         568         569         578         577         623
         624         634         633
         385         569         570         579         578         624
         625         635         634
         386         570         571         580         579         625
         626         636         635
         387         572         573         584         583         628
         629         640         639
         388         573         574         585         584         629
         630         641         640
         389         574         575         586         585         630
         631         642         641
         390         575         576         587         586         631
         632         643         642
         391         576         577         588         587         632
         633         644         643
         392         577         578         589         588         633
         634         645         644
         393         578         579         590         589         634
         635         646         645
         394         579         580         591         590         635
         636         647         646
         395         580         581         592         591         636
         637         648         647
         396         582         583         594         593         638
         639         650         649
         397         583         584         595         594         639
         640         651         650
         398         584         585         596         595         640
         641         652         651
         399         585         586         597         596         641
         642         653         652
         400         586         587         598         597         642
         643         654         653
         401         587         588         599         598         643
         644         655         654
         402         588         589         600         599         644
         645         656         655
         403         589         590         601         600         645
         646         657         656
         404         590         591         602         601         646
         647         658         657
         405         591         592         603         602         647
         648         659         658
         406         593         594         605         604         649
         650         661         660
         407         594         595         606         605         650
         651         662         661
         408         595         596         607         606         651
         652         663         662
         409         596         597         608         607         652
         653         664         663
         410         597         598         609         608         653
         654         665         664
         411         598         599         610         609         654
         655         666         665
         412         599         600         611         610         655
         656         667         666
         413         600         601         612         611         656
         657         668         667
         414         601         602         613         612         657
         658         669         668
         415         602         603         614         613         658
         659         670         669
         416         604         605         218         203         660
         661         216         201
         417         605         606         236         218         661
         662         234         216
         418         606         607         255         236         662
         663         253         234
         419         607         608         276         255         663
         664         274         253
         420         608         609         297         276         664
         665         295         274
         421         609         610         318         297         665
         666         316         295
         422         610         611         339         318         666
         667         337         316
         423         611         612         360         339         667
         668         358         337
         424         612         613         379         360         668
         669         377         358
         425         613         614         393         379         669
         670         391         377
         426         616         617         623         622         671
         672         677         676
         427         617         618         624         623         672
         673         678         677
         428         620         621         631         630         674
         675         684         683
         429         621         622         632         631         675
         676         685         684
         430         622         623         633         632         676
         677         686         685
         431         623         624         634         633         677
         678         687         686
         432         624         625         635         634         678
         679         688         687
         433         627         628         639         638         680
         681         691         690
         434         628         629         640         639         681
         682         692         691
         435         629         630         641         640         682
         683         693         692
         436         630         631         642         641         683
         684         694         693
         437         631         632         643         642         684
         685         695         694
         438         632         633         644         643         685
         686         696         695
         439         633         634         645         644         686
         687         697         696
         440         634         635         646         645         687
         688         698         697
         441         635         636         647         646         688
         689         699         698
         442         638         639         650         649         690
         691         701         700
         443         639         640         651         650         691
         692         702         701
         444         640         641         652         651         692
         693         703         702
         445         641         642         653         652         693
         694         704         703
         446         642         643         654         653         694
         695         705         704
         447         643         644         655         654         695
         696         706         705
         448         644         645         656         655         696
         697         707         706
         449         645         646         657         656         697
         698         708         707
         450         646         647         658         657         698
         699         709         708
         451         649         650         661         660         700
         701         711         710
         452         650         651         662         661         701
         702         712         711
         453         651         652         663         662         702
         703         713         712
         454         652         653         664         663         703
         704         714         713
         455         653         654         665         664         704
         705         715         714
         456         654         655         666         665         705
         706         716         715
         457         655         656         667         666         706
         707         717         716
         458         656         657         668         667         707
         708         718         717
         459         657         658         669         668         708
         709         719         718
         460         660         661         216         201         710
         711         214         199
         461         661         662         234         216         711
         712         232         214
         462         662         663         253         234         712
         713         251         232
         463         663         664         274         253         713
         714         272         251
         464         664         665         295         274         714
         715         293         272
         465         665         666         316         295         715
         716         314         293
         466         666         667         337         316         716
         717         335         314
         467         667         668         358         337         717
         718         356         335
         468         668         669         377         358         718
         719         375         356
         469         672         673         678         677         720
         721         725         724
         470         675         676         685         684         722
         723         730         729
         471         676         677         686         685         723
         724         731         730
         472         677         678         687         686         724
         725         732         731
         473         678         679         688         687         725
         726         733         732
         474         682         683         693         692         727
         728         736         735
         475         683         684         694         693         728
         729         737         736
         476         684         685         695         694         729
         730         738         737
         477         685         686         696         695         730
         731         739         738
         478         686         687         697         696         731
         732         740         739
         479         687         688         698         697         732
         733         741         740
         480         691         692         702         701         734
         735         743         742
         481         692         693         703         702         735
         736         744         743
         482         693         694         704         703         736
         737         745         744
         483         694         695         705         704         737
         738         746         745
         484         695         696         706         705         738
         739         747         746
         485         696         697         707         706         739
         740         748         747
         486         697         698         708         707         740
         741         749         748
         487         701         702         712         711         742
         743         751         750
         488         702         703         713         712         743
         744         752         751
         489         703         704         714         713         744
         745         753         752
         490         704         705         715         714         745
         746         754         753
         491         705         706         716         715         746
         747         755         754
         492         706         707         717         716         747
         748         756         755
         493         707         708         718         717         748
         749         757         756
         494         711         712         232         214         750
         751         230         212
         495         712         713         251         232         751
         752         249         230
         496         713         714         272         251         752
         753         270         249
         497         714         715         293         272         753
         754         291         270
         498         715         716         314         293         754
         755         312         291
         499         716         717         335         314         755
         756         333         312
         500         717         718         356         335         756
         757         354         333
