         765
         1        0.000000000000000
         2     -588.235294117646959
         3     -588.235294117646959
         4        0.000000000000000
         5    -1176.470588235290052
         6    -1176.470588235290052
         7    -1764.705882352940080
         8    -1764.705882352940080
         9    -2352.941176470590108
        10    -2352.941176470590108
        11    -2941.176470588230131
        12    -2941.176470588230131
        13     -588.235294117646959
        14        0.000000000000000
        15    -1176.470588235290052
        16    -1764.705882352940080
        17    -2352.941176470590108
        18    -2941.176470588240136
        19        0.000000000000000
        20     -588.235294117646959
        21     -588.235294117646959
        22        0.000000000000000
        23    -1176.470588235290052
        24    -1176.470588235290052
        25    -1764.705882352940080
        26    -1764.705882352940080
        27    -2352.941176470590108
        28    -2352.941176470590108
        29    -2941.176470588240136
        30    -2941.176470588230131
        31    -3529.411764705880159
        32    -3529.411764705880159
        33     -588.235294117646959
        34        0.000000000000000
        35    -1176.470588235290052
        36    -1764.705882352940080
        37    -2352.941176470590108
        38    -2941.176470588240136
        39    -3529.411764705880159
        40        0.000000000000000
        41     -588.235294117646959
        42     -588.235294117646959
        43        0.000000000000000
        44    -1176.470588235290052
        45    -1176.470588235290052
        46    -1764.705882352940080
        47    -1764.705882352940080
        48    -2352.941176470590108
        49    -2352.941176470590108
        50    -2941.176470588240136
        51    -2941.176470588240136
        52    -3529.411764705880159
        53    -3529.411764705880159
        54    -4117.647058823529733
        55    -4117.647058823529733
        56     -588.235294117646959
        57        0.000000000000000
        58    -1176.470588235290052
        59    -1764.705882352940080
        60    -2352.941176470590108
        61    -2941.176470588240136
        62    -3529.411764705880159
        63    -4117.647058823529733
        64      588.235294117646959
        65      588.235294117646959
        66      588.235294117646959
        67     1176.470588235290052
        68     1176.470588235290052
        69      588.235294117646959
        70      588.235294117646959
        71     1176.470588235290052
        72      588.235294117646959
        73        0.000000000000000
        74     -588.235294117646959
        75     -588.235294117646959
        76        0.000000000000000
        77    -1176.470588235290052
        78    -1176.470588235290052
        79    -1764.705882352940080
        80    -1764.705882352940080
        81    -2352.941176470590108
        82    -2352.941176470590108
        83    -2941.176470588230131
        84    -2941.176470588230131
        85     -588.235294117646959
        86        0.000000000000000
        87    -1176.470588235290052
        88    -1764.705882352940080
        89    -2352.941176470590108
        90    -2941.176470588230131
        91        0.000000000000000
        92     -588.235294117646959
        93     -588.235294117646959
        94        0.000000000000000
        95    -1176.470588235290052
        96    -1176.470588235290052
        97    -1764.705882352940080
        98    -1764.705882352940080
        99    -2352.941176470590108
       100    -2352.941176470590108
       101    -2941.176470588240136
       102    -2941.176470588240136
       103    -3529.411764705880159
       104    -3529.411764705880159
       105     -588.235294117646959
       106        0.000000000000000
       107    -1176.470588235290052
       108    -1764.705882352940080
       109    -2352.941176470590108
       110    -2941.176470588230131
       111    -3529.411764705880159
       112        0.000000000000000
       113     -588.235294117646959
       114     -588.235294117646959
       115        0.000000000000000
       116    -1176.470588235290052
       117    -1176.470588235290052
       118    -1764.705882352940080
       119    -1764.705882352940080
       120    -2352.941176470590108
       121    -2352.941176470590108
       122    -2941.176470588240136
       123    -2941.176470588240136
       124    -3529.411764705880159
       125    -3529.411764705880159
       126    -4117.647058823529733
       127    -4117.647058823529733
       128     -588.235294117646959
       129        0.000000000000000
       130    -1176.470588235290052
       131    -1764.705882352940080
       132    -2352.941176470590108
       133    -2941.176470588240136
       134    -3529.411764705880159
       135    -4117.647058823529733
       136      588.235294117646959
       137      588.235294117646959
       138      588.235294117646959
       139     1176.470588235290052
       140     1176.470588235290052
       141      588.235294117646959
       142      588.235294117646959
       143     1176.470588235290052
       144      588.235294117646959
       145    -1764.705882352940080
       146    -1176.470588235290052
       147    -1176.470588235290052
       148     -588.235294117646959
       149     -588.235294117646959
       150    -2941.176470588240136
       151    -2352.941176470590108
       152    -2352.941176470590108
       153    -1764.705882352940080
       154    -1764.705882352940080
       155    -1176.470588235290052
       156    -1176.470588235290052
       157    -1176.470588235290052
       158     -588.235294117646959
       159     -588.235294117646959
       160     -588.235294117646959
       161        0.000000000000000
       162        0.000000000000000
       163        0.000000000000000
       164    -3529.411764705880159
       165    -3529.411764705880159
       166    -2941.176470588240136
       167    -2941.176470588240136
       168    -2352.941176470590108
       169    -2352.941176470590108
       170    -2352.941176470590108
       171    -1764.705882352940080
       172    -1764.705882352940080
       173    -1764.705882352940080
       174    -1176.470588235290052
       175    -1176.470588235290052
       176    -1176.470588235290052
       177     -588.235294117646959
       178     -588.235294117646959
       179     -588.235294117646959
       180        0.000000000000000
       181        0.000000000000000
       182        0.000000000000000
       183    -4117.647058823529733
       184    -3529.411764705880159
       185    -3529.411764705880159
       186    -2941.176470588230131
       187    -2941.176470588240136
       188    -2941.176470588230131
       189    -2352.941176470590108
       190    -2352.941176470590108
       191    -2352.941176470590108
       192    -1764.705882352940080
       193    -1764.705882352940080
       194    -1764.705882352940080
       195    -1176.470588235290052
       196    -1176.470588235290052
       197    -1176.470588235290052
       198     -588.235294117646959
       199     -588.235294117646959
       200     -588.235294117646959
       201        0.000000000000000
       202        0.000000000000000
       203        0.000000000000000
       204    -4117.647058823529733
       205    -3529.411764705880159
       206    -3529.411764705880159
       207    -2941.176470588230131
       208    -2941.176470588240136
       209    -2941.176470588230131
       210    -2352.941176470590108
       211    -2352.941176470590108
       212    -2352.941176470590108
       213    -1764.705882352940080
       214    -1764.705882352940080
       215    -1764.705882352940080
       216    -1176.470588235290052
       217    -1176.470588235290052
       218    -1176.470588235290052
       219     -588.235294117646959
       220     -588.235294117646959
       221     -588.235294117646959
       222        0.000000000000000
       223        0.000000000000000
       224        0.000000000000000
       225    -4117.647058823529733
       226    -3529.411764705880159
       227    -3529.411764705880159
       228    -2941.176470588230131
       229    -2941.176470588240136
       230    -2941.176470588230131
       231    -2352.941176470590108
       232    -2352.941176470590108
       233    -2352.941176470590108
       234    -1764.705882352940080
       235    -1764.705882352940080
       236    -1764.705882352940080
       237    -1176.470588235290052
       238    -1176.470588235290052
       239    -1176.470588235290052
       240     -588.235294117646959
       241     -588.235294117646959
       242     -588.235294117646959
       243        0.000000000000000
       244        0.000000000000000
       245        0.000000000000000
       246     1176.470588235290052
       247     1176.470588235290052
       248     1176.470588235290052
       249      588.235294117646959
       250      588.235294117646959
       251      588.235294117646959
       252      588.235294117646959
       253      588.235294117646959
       254      588.235294117646959
       255      588.235294117646959
       256      588.235294117646959
       257    -4705.882352941180216
       258    -4705.882352941180216
       259    -4705.882352941180216
       260    -4705.882352941180216
       261    -4705.882352941180216
       262    -4705.882352941180216
       263    -4705.882352941180216
       264    -4705.882352941180216
       265    -4705.882352941180216
       266    -4117.647058823529733
       267    -4117.647058823529733
       268    -4117.647058823529733
       269    -4117.647058823529733
       270    -4117.647058823529733
       271    -4117.647058823529733
       272    -4117.647058823529733
       273    -4117.647058823529733
       274    -4117.647058823529733
       275    -4117.647058823529733
       276    -4117.647058823529733
       277    -4117.647058823529733
       278    -3529.411764705880159
       279    -3529.411764705880159
       280    -3529.411764705880159
       281    -3529.411764705880159
       282    -3529.411764705880159
       283    -3529.411764705880159
       284    -3529.411764705880159
       285    -3529.411764705880159
       286    -3529.411764705880159
       287    -3529.411764705880159
       288    -3529.411764705880159
       289    -3529.411764705880159
       290    -2941.176470588240136
       291    -2941.176470588240136
       292    -2941.176470588240136
       293    -2941.176470588230131
       294    -2941.176470588240136
       295    -2941.176470588230131
       296    -2941.176470588240136
       297    -2941.176470588240136
       298    -2941.176470588230131
       299    -2941.176470588230131
       300    -2941.176470588240136
       301    -2941.176470588240136
       302    -2941.176470588240136
       303    -2941.176470588240136
       304    -2941.176470588240136
       305    -2352.941176470590108
       306    -2352.941176470590108
       307    -2352.941176470590108
       308    -2352.941176470590108
       309    -2352.941176470590108
       310    -2352.941176470590108
       311    -2352.941176470590108
       312    -2352.941176470590108
       313    -2352.941176470590108
       314    -2352.941176470590108
       315    -2352.941176470590108
       316    -2352.941176470590108
       317    -2352.941176470590108
       318    -2352.941176470590108
       319    -2352.941176470590108
       320    -1764.705882352940080
       321    -1764.705882352940080
       322    -1764.705882352940080
       323    -1764.705882352940080
       324    -1764.705882352940080
       325    -1764.705882352940080
       326    -1764.705882352940080
       327    -1764.705882352940080
       328    -1764.705882352940080
       329    -1764.705882352940080
       330    -1764.705882352940080
       331    -1764.705882352940080
       332    -1764.705882352940080
       333    -1764.705882352940080
       334    -1764.705882352940080
       335    -1764.705882352940080
       336    -1764.705882352940080
       337    -1764.705882352940080
       338    -1176.470588235290052
       339    -1176.470588235290052
       340    -1176.470588235290052
       341    -1176.470588235290052
       342    -1176.470588235290052
       343    -1176.470588235290052
       344    -1176.470588235290052
       345    -1176.470588235290052
       346    -1176.470588235290052
       347    -1176.470588235290052
       348    -1176.470588235290052
       349    -1176.470588235290052
       350    -1176.470588235290052
       351    -1176.470588235290052
       352    -1176.470588235290052
       353    -1176.470588235290052
       354    -1176.470588235290052
       355    -1176.470588235290052
       356     -588.235294117646959
       357     -588.235294117646959
       358     -588.235294117646959
       359     -588.235294117646959
       360     -588.235294117646959
       361     -588.235294117646959
       362     -588.235294117646959
       363     -588.235294117646959
       364     -588.235294117646959
       365     -588.235294117646959
       366     -588.235294117646959
       367     -588.235294117646959
       368     -588.235294117646959
       369     -588.235294117646959
       370     -588.235294117646959
       371     -588.235294117646959
       372     -588.235294117646959
       373     -588.235294117646959
       374        0.000000000000000
       375        0.000000000000000
       376        0.000000000000000
       377        0.000000000000000
       378        0.000000000000000
       379        0.000000000000000
       380        0.000000000000000
       381        0.000000000000000
       382        0.000000000000000
       383        0.000000000000000
       384        0.000000000000000
       385        0.000000000000000
       386        0.000000000000000
       387        0.000000000000000
       388        0.000000000000000
       389      588.235294117646959
       390      588.235294117646959
       391      588.235294117646959
       392      588.235294117646959
       393      588.235294117646959
       394      588.235294117646959
       395      588.235294117646959
       396      588.235294117646959
       397      588.235294117646959
       398      588.235294117646959
       399      588.235294117646959
       400      588.235294117646959
       401     1176.470588235290052
       402     1176.470588235290052
       403     1176.470588235290052
       404     1176.470588235290052
       405     1176.470588235290052
       406     1176.470588235290052
       407    -4705.882352941180216
       408    -4705.882352941180216
       409    -4705.882352941180216
       410    -4705.882352941180216
       411    -4705.882352941180216
       412    -4705.882352941180216
       413    -4705.882352941180216
       414    -4705.882352941180216
       415    -4705.882352941180216
       416    -4117.647058823529733
       417    -4117.647058823529733
       418    -4117.647058823529733
       419    -4117.647058823529733
       420    -4117.647058823529733
       421    -4117.647058823529733
       422    -4117.647058823529733
       423    -4117.647058823529733
       424    -4117.647058823529733
       425    -4117.647058823529733
       426    -4117.647058823529733
       427    -4117.647058823529733
       428    -3529.411764705880159
       429    -3529.411764705880159
       430    -3529.411764705880159
       431    -3529.411764705880159
       432    -3529.411764705880159
       433    -3529.411764705880159
       434    -3529.411764705880159
       435    -3529.411764705880159
       436    -3529.411764705880159
       437    -3529.411764705880159
       438    -3529.411764705880159
       439    -3529.411764705880159
       440    -2941.176470588240136
       441    -2941.176470588240136
       442    -2941.176470588240136
       443    -2941.176470588240136
       444    -2941.176470588240136
       445    -2941.176470588240136
       446    -2941.176470588240136
       447    -2941.176470588230131
       448    -2941.176470588230131
       449    -2941.176470588230131
       450    -2941.176470588230131
       451    -2941.176470588230131
       452    -2941.176470588230131
       453    -2941.176470588240136
       454    -2941.176470588240136
       455    -2352.941176470590108
       456    -2352.941176470590108
       457    -2352.941176470590108
       458    -2352.941176470590108
       459    -2352.941176470590108
       460    -2352.941176470590108
       461    -2352.941176470590108
       462    -2352.941176470590108
       463    -2352.941176470590108
       464    -2352.941176470590108
       465    -2352.941176470590108
       466    -2352.941176470590108
       467    -2352.941176470590108
       468    -2352.941176470590108
       469    -2352.941176470590108
       470    -1764.705882352940080
       471    -1764.705882352940080
       472    -1764.705882352940080
       473    -1764.705882352940080
       474    -1764.705882352940080
       475    -1764.705882352940080
       476    -1764.705882352940080
       477    -1764.705882352940080
       478    -1764.705882352940080
       479    -1764.705882352940080
       480    -1764.705882352940080
       481    -1764.705882352940080
       482    -1764.705882352940080
       483    -1764.705882352940080
       484    -1764.705882352940080
       485    -1764.705882352940080
       486    -1764.705882352940080
       487    -1764.705882352940080
       488    -1176.470588235290052
       489    -1176.470588235290052
       490    -1176.470588235290052
       491    -1176.470588235290052
       492    -1176.470588235290052
       493    -1176.470588235290052
       494    -1176.470588235290052
       495    -1176.470588235290052
       496    -1176.470588235290052
       497    -1176.470588235290052
       498    -1176.470588235290052
       499    -1176.470588235290052
       500    -1176.470588235290052
       501    -1176.470588235290052
       502    -1176.470588235290052
       503    -1176.470588235290052
       504    -1176.470588235290052
       505    -1176.470588235290052
       506     -588.235294117646959
       507     -588.235294117646959
       508     -588.235294117646959
       509     -588.235294117646959
       510     -588.235294117646959
       511     -588.235294117646959
       512     -588.235294117646959
       513     -588.235294117646959
       514     -588.235294117646959
       515     -588.235294117646959
       516     -588.235294117646959
       517     -588.235294117646959
       518     -588.235294117646959
       519     -588.235294117646959
       520     -588.235294117646959
       521     -588.235294117646959
       522     -588.235294117646959
       523     -588.235294117646959
       524        0.000000000000000
       525        0.000000000000000
       526        0.000000000000000
       527        0.000000000000000
       528        0.000000000000000
       529        0.000000000000000
       530        0.000000000000000
       531        0.000000000000000
       532        0.000000000000000
       533        0.000000000000000
       534        0.000000000000000
       535        0.000000000000000
       536        0.000000000000000
       537        0.000000000000000
       538        0.000000000000000
       539        0.000000000000000
       540        0.000000000000000
       541      588.235294117646959
       542      588.235294117646959
       543      588.235294117646959
       544      588.235294117646959
       545      588.235294117646959
       546      588.235294117646959
       547      588.235294117646959
       548      588.235294117646959
       549      588.235294117646959
       550      588.235294117646959
       551      588.235294117646959
       552      588.235294117646959
       553      588.235294117646959
       554      588.235294117646959
       555      588.235294117646959
       556     1176.470588235290052
       557     1176.470588235290052
       558     1176.470588235290052
       559     1176.470588235290052
       560     1176.470588235290052
       561     1176.470588235290052
       562    -1764.705882352940080
       563    -1764.705882352940080
       564    -1764.705882352940080
       565    -1176.470588235290052
       566    -1176.470588235290052
       567    -1176.470588235290052
       568     -588.235294117646959
       569     -588.235294117646959
       570     -588.235294117646959
       571        0.000000000000000
       572        0.000000000000000
       573    -2352.941176470590108
       574    -2352.941176470590108
       575    -2352.941176470590108
       576    -2352.941176470590108
       577    -1764.705882352940080
       578    -1764.705882352940080
       579    -1764.705882352940080
       580    -1764.705882352940080
       581    -1176.470588235290052
       582    -1176.470588235290052
       583    -1176.470588235290052
       584    -1176.470588235290052
       585     -588.235294117646959
       586     -588.235294117646959
       587     -588.235294117646959
       588     -588.235294117646959
       589        0.000000000000000
       590        0.000000000000000
       591        0.000000000000000
       592    -4117.647058823529733
       593    -4117.647058823529733
       594    -3529.411764705880159
       595    -3529.411764705880159
       596    -3529.411764705880159
       597    -2941.176470588240136
       598    -2941.176470588230131
       599    -2941.176470588230131
       600    -2352.941176470590108
       601    -2352.941176470590108
       602    -2352.941176470590108
       603    -2352.941176470590108
       604    -1764.705882352940080
       605    -1764.705882352940080
       606    -1764.705882352940080
       607    -1764.705882352940080
       608    -1764.705882352940080
       609    -1176.470588235290052
       610    -1176.470588235290052
       611    -1176.470588235290052
       612    -1176.470588235290052
       613    -1176.470588235290052
       614     -588.235294117646959
       615     -588.235294117646959
       616     -588.235294117646959
       617     -588.235294117646959
       618     -588.235294117646959
       619        0.000000000000000
       620        0.000000000000000
       621        0.000000000000000
       622        0.000000000000000
       623    -4705.882352941180216
       624    -4705.882352941180216
       625    -4117.647058823529733
       626    -4117.647058823529733
       627    -4117.647058823529733
       628    -3529.411764705880159
       629    -3529.411764705880159
       630    -3529.411764705880159
       631    -2941.176470588240136
       632    -2941.176470588240136
       633    -2941.176470588230131
       634    -2941.176470588240136
       635    -2352.941176470590108
       636    -2352.941176470590108
       637    -2352.941176470590108
       638    -2352.941176470590108
       639    -1764.705882352940080
       640    -1764.705882352940080
       641    -1764.705882352940080
       642    -1764.705882352940080
       643    -1764.705882352940080
       644    -1176.470588235290052
       645    -1176.470588235290052
       646    -1176.470588235290052
       647    -1176.470588235290052
       648    -1176.470588235290052
       649    -1176.470588235290052
       650     -588.235294117646959
       651     -588.235294117646959
       652     -588.235294117646959
       653     -588.235294117646959
       654     -588.235294117646959
       655     -588.235294117646959
       656        0.000000000000000
       657        0.000000000000000
       658        0.000000000000000
       659        0.000000000000000
       660        0.000000000000000
       661    -4705.882352941180216
       662    -4705.882352941180216
       663    -4117.647058823529733
       664    -4117.647058823529733
       665    -4117.647058823529733
       666    -3529.411764705880159
       667    -3529.411764705880159
       668    -3529.411764705880159
       669    -3529.411764705880159
       670    -2941.176470588240136
       671    -2941.176470588240136
       672    -2941.176470588230131
       673    -2941.176470588240136
       674    -2352.941176470590108
       675    -2352.941176470590108
       676    -2352.941176470590108
       677    -2352.941176470590108
       678    -2352.941176470590108
       679    -1764.705882352940080
       680    -1764.705882352940080
       681    -1764.705882352940080
       682    -1764.705882352940080
       683    -1764.705882352940080
       684    -1176.470588235290052
       685    -1176.470588235290052
       686    -1176.470588235290052
       687    -1176.470588235290052
       688    -1176.470588235290052
       689    -1176.470588235290052
       690     -588.235294117646959
       691     -588.235294117646959
       692     -588.235294117646959
       693     -588.235294117646959
       694     -588.235294117646959
       695     -588.235294117646959
       696        0.000000000000000
       697        0.000000000000000
       698        0.000000000000000
       699        0.000000000000000
       700        0.000000000000000
       701    -4705.882352941180216
       702    -4705.882352941180216
       703    -4117.647058823529733
       704    -4117.647058823529733
       705    -4117.647058823529733
       706    -3529.411764705880159
       707    -3529.411764705880159
       708    -3529.411764705880159
       709    -3529.411764705880159
       710    -2941.176470588240136
       711    -2941.176470588230131
       712    -2941.176470588230131
       713    -2941.176470588230131
       714    -2941.176470588230131
       715    -2352.941176470590108
       716    -2352.941176470590108
       717    -2352.941176470590108
       718    -2352.941176470590108
       719    -2352.941176470590108
       720    -1764.705882352940080
       721    -1764.705882352940080
       722    -1764.705882352940080
       723    -1764.705882352940080
       724    -1764.705882352940080
       725    -1764.705882352940080
       726    -1176.470588235290052
       727    -1176.470588235290052
       728    -1176.470588235290052
       729    -1176.470588235290052
       730    -1176.470588235290052
       731    -1176.470588235290052
       732     -588.235294117646959
       733     -588.235294117646959
       734     -588.235294117646959
       735     -588.235294117646959
       736     -588.235294117646959
       737     -588.235294117646959
       738        0.000000000000000
       739        0.000000000000000
       740        0.000000000000000
       741        0.000000000000000
       742        0.000000000000000
       743      588.235294117646959
       744      588.235294117646959
       745      588.235294117646959
       746      588.235294117646959
       747      588.235294117646959
       748      588.235294117646959
       749      588.235294117646959
       750      588.235294117646959
       751      588.235294117646959
       752      588.235294117646959
       753      588.235294117646959
       754     1176.470588235290052
       755      588.235294117646959
       756     1176.470588235290052
       757      588.235294117646959
       758     1176.470588235290052
       759      588.235294117646959
       760      588.235294117646959
       761     1176.470588235290052
       762      588.235294117646959
       763     1176.470588235290052
       764      588.235294117646959
       765     1176.470588235290052
