         738
         1   -10000.000000000000000
         2    -9411.764705882349517
         3   -10000.000000000000000
         4    -9411.764705882360431
         5   -10000.000000000000000
         6    -9411.764705882349517
         7   -10000.000000000000000
         8    -9411.764705882349517
         9   -10000.000000000000000
        10    -9411.764705882349517
        11   -10000.000000000000000
        12    -9411.764705882360431
        13   -10000.000000000000000
        14    -9411.764705882360431
        15   -10000.000000000000000
        16    -9411.764705882360431
        17   -10000.000000000000000
        18    -9411.764705882360431
        19   -10000.000000000000000
        20    -9411.764705882360431
        21   -10000.000000000000000
        22    -9411.764705882349517
        23   -10000.000000000000000
        24    -9411.764705882360431
        25   -10000.000000000000000
        26    -9411.764705882349517
        27   -10000.000000000000000
        28    -9411.764705882360431
        29    -8823.529411764709948
        30    -8823.529411764709948
        31    -8823.529411764709948
        32    -8823.529411764709948
        33    -8823.529411764709948
        34    -8823.529411764709948
        35    -8823.529411764709948
        36    -8823.529411764699034
        37    -8823.529411764709948
        38    -8823.529411764699034
        39    -8823.529411764699034
        40    -8823.529411764699034
        41    -8823.529411764709948
        42    -8823.529411764699034
        43    -8235.294117647059466
        44    -8235.294117647050371
        45    -8235.294117647059466
        46    -8235.294117647059466
        47    -8235.294117647059466
        48    -8235.294117647059466
        49    -8235.294117647059466
        50    -8235.294117647059466
        51    -8235.294117647059466
        52    -8235.294117647059466
        53    -8235.294117647059466
        54    -8235.294117647059466
        55    -8235.294117647059466
        56    -8235.294117647059466
        57    -7647.058823529410802
        58    -7647.058823529410802
        59    -7647.058823529410802
        60    -7647.058823529410802
        61    -7647.058823529410802
        62    -7647.058823529410802
        63    -7647.058823529410802
        64    -7647.058823529410802
        65    -7647.058823529410802
        66    -7647.058823529410802
        67    -7647.058823529410802
        68    -7647.058823529410802
        69    -7647.058823529410802
        70    -7647.058823529410802
        71    -7058.823529411760319
        72    -7058.823529411769414
        73    -7058.823529411769414
        74    -7058.823529411760319
        75    -7058.823529411760319
        76    -7058.823529411760319
        77    -7058.823529411769414
        78    -7058.823529411769414
        79    -7058.823529411760319
        80    -7058.823529411769414
        81    -7058.823529411760319
        82    -7058.823529411769414
        83    -7058.823529411760319
        84    -7058.823529411760319
        85    -7058.823529411760319
        86    -7058.823529411760319
        87    -6470.588235294120750
        88    -6470.588235294120750
        89    -6470.588235294120750
        90    -6470.588235294120750
        91    -6470.588235294120750
        92    -6470.588235294120750
        93    -6470.588235294120750
        94    -6470.588235294120750
        95    -6470.588235294120750
        96    -6470.588235294120750
        97    -6470.588235294120750
        98    -6470.588235294120750
        99    -6470.588235294120750
       100    -6470.588235294120750
       101    -6470.588235294120750
       102    -6470.588235294120750
       103    -5882.352941176470267
       104    -5882.352941176470267
       105    -5882.352941176470267
       106    -5882.352941176470267
       107    -5882.352941176470267
       108    -5882.352941176470267
       109    -5882.352941176470267
       110    -5882.352941176470267
       111    -5882.352941176470267
       112    -5882.352941176470267
       113    -5882.352941176470267
       114    -5882.352941176470267
       115    -5882.352941176470267
       116    -5882.352941176470267
       117    -5882.352941176470267
       118    -5882.352941176470267
       119    -5294.117647058819784
       120    -5294.117647058819784
       121    -5294.117647058819784
       122    -5294.117647058819784
       123    -5294.117647058819784
       124    -5294.117647058819784
       125    -5294.117647058819784
       126    -5294.117647058829789
       127    -5294.117647058819784
       128    -5294.117647058819784
       129    -5294.117647058819784
       130    -5294.117647058819784
       131    -5294.117647058819784
       132    -5294.117647058819784
       133    -5294.117647058819784
       134    -5294.117647058819784
       135    -4705.882352941180216
       136    -4705.882352941180216
       137    -4705.882352941180216
       138    -4705.882352941180216
       139    -4705.882352941180216
       140    -4705.882352941180216
       141    -4705.882352941180216
       142    -4705.882352941180216
       143    -4705.882352941180216
       144    -4705.882352941180216
       145    -4705.882352941180216
       146    -4705.882352941180216
       147    -4705.882352941180216
       148    -4705.882352941180216
       149   -10000.000000000000000
       150    -9411.764705882349517
       151   -10000.000000000000000
       152    -9411.764705882349517
       153   -10000.000000000000000
       154    -9411.764705882349517
       155   -10000.000000000000000
       156    -9411.764705882360431
       157   -10000.000000000000000
       158    -9411.764705882349517
       159   -10000.000000000000000
       160    -9411.764705882360431
       161   -10000.000000000000000
       162    -9411.764705882349517
       163    -8823.529411764699034
       164    -8823.529411764699034
       165    -8823.529411764709948
       166    -8823.529411764699034
       167    -8823.529411764699034
       168    -8823.529411764699034
       169    -8823.529411764699034
       170    -8235.294117647059466
       171    -8235.294117647059466
       172    -8235.294117647059466
       173    -8235.294117647070379
       174    -8235.294117647059466
       175    -8235.294117647059466
       176    -8235.294117647059466
       177    -7647.058823529410802
       178    -7647.058823529410802
       179    -7647.058823529410802
       180    -7647.058823529410802
       181    -7647.058823529410802
       182    -7647.058823529410802
       183    -7647.058823529410802
       184    -7058.823529411760319
       185    -7058.823529411769414
       186    -7058.823529411760319
       187    -7058.823529411760319
       188    -7058.823529411769414
       189    -7058.823529411769414
       190    -7058.823529411769414
       191    -7058.823529411769414
       192    -6470.588235294120750
       193    -6470.588235294120750
       194    -6470.588235294120750
       195    -6470.588235294120750
       196    -6470.588235294120750
       197    -6470.588235294120750
       198    -6470.588235294120750
       199    -6470.588235294120750
       200    -5882.352941176470267
       201    -5882.352941176470267
       202    -5882.352941176470267
       203    -5882.352941176470267
       204    -5882.352941176470267
       205    -5882.352941176470267
       206    -5882.352941176470267
       207    -5882.352941176470267
       208    -5294.117647058819784
       209    -5294.117647058819784
       210    -5294.117647058819784
       211    -5294.117647058819784
       212    -5294.117647058819784
       213    -5294.117647058819784
       214    -5294.117647058819784
       215    -5294.117647058819784
       216    -4705.882352941180216
       217    -4705.882352941180216
       218    -4705.882352941180216
       219    -4705.882352941180216
       220    -4705.882352941180216
       221    -4705.882352941180216
       222    -4705.882352941180216
       223   -10000.000000000000000
       224    -9411.764705882360431
       225   -10000.000000000000000
       226    -9411.764705882349517
       227   -10000.000000000000000
       228    -9411.764705882349517
       229   -10000.000000000000000
       230    -9411.764705882360431
       231   -10000.000000000000000
       232    -9411.764705882360431
       233   -10000.000000000000000
       234    -9411.764705882360431
       235   -10000.000000000000000
       236    -9411.764705882360431
       237    -8823.529411764699034
       238    -8823.529411764699034
       239    -8823.529411764709948
       240    -8823.529411764709948
       241    -8823.529411764709948
       242    -8823.529411764699034
       243    -8823.529411764699034
       244    -8235.294117647059466
       245    -8235.294117647059466
       246    -8235.294117647059466
       247    -8235.294117647059466
       248    -8235.294117647059466
       249    -8235.294117647059466
       250    -8235.294117647059466
       251    -7647.058823529410802
       252    -7647.058823529410802
       253    -7647.058823529410802
       254    -7647.058823529410802
       255    -7647.058823529410802
       256    -7647.058823529410802
       257    -7647.058823529410802
       258    -7647.058823529410802
       259    -7058.823529411769414
       260    -7058.823529411769414
       261    -7058.823529411760319
       262    -7058.823529411769414
       263    -7058.823529411760319
       264    -7058.823529411760319
       265    -7058.823529411769414
       266    -7058.823529411769414
       267    -6470.588235294120750
       268    -6470.588235294120750
       269    -6470.588235294120750
       270    -6470.588235294120750
       271    -6470.588235294120750
       272    -6470.588235294120750
       273    -6470.588235294120750
       274    -6470.588235294120750
       275    -5882.352941176470267
       276    -5882.352941176470267
       277    -5882.352941176470267
       278    -5882.352941176470267
       279    -5882.352941176470267
       280    -5882.352941176470267
       281    -5882.352941176470267
       282    -5882.352941176470267
       283    -5294.117647058819784
       284    -5294.117647058819784
       285    -5294.117647058819784
       286    -5294.117647058829789
       287    -5294.117647058819784
       288    -5294.117647058819784
       289    -5294.117647058819784
       290    -5294.117647058819784
       291    -4705.882352941180216
       292    -4705.882352941180216
       293    -4705.882352941180216
       294    -4705.882352941180216
       295    -4705.882352941180216
       296    -4705.882352941180216
       297    -4705.882352941180216
       298   -10000.000000000000000
       299    -9411.764705882349517
       300   -10000.000000000000000
       301    -9411.764705882349517
       302   -10000.000000000000000
       303    -9411.764705882349517
       304   -10000.000000000000000
       305    -9411.764705882349517
       306   -10000.000000000000000
       307    -9411.764705882360431
       308   -10000.000000000000000
       309    -9411.764705882360431
       310   -10000.000000000000000
       311    -9411.764705882349517
       312   -10000.000000000000000
       313    -9411.764705882360431
       314    -8823.529411764709948
       315    -8823.529411764709948
       316    -8823.529411764709948
       317    -8823.529411764699034
       318    -8823.529411764709948
       319    -8823.529411764699034
       320    -8823.529411764709948
       321    -8823.529411764709948
       322    -8235.294117647059466
       323    -8235.294117647059466
       324    -8235.294117647059466
       325    -8235.294117647059466
       326    -8235.294117647059466
       327    -8235.294117647059466
       328    -8235.294117647059466
       329    -8235.294117647059466
       330    -7647.058823529410802
       331    -7647.058823529410802
       332    -7647.058823529410802
       333    -7647.058823529410802
       334    -7647.058823529410802
       335    -7647.058823529410802
       336    -7647.058823529410802
       337    -7647.058823529410802
       338    -7058.823529411760319
       339    -7058.823529411769414
       340    -7058.823529411760319
       341    -7058.823529411760319
       342    -7058.823529411769414
       343    -7058.823529411760319
       344    -7058.823529411760319
       345    -7058.823529411760319
       346    -6470.588235294120750
       347    -6470.588235294120750
       348    -6470.588235294120750
       349    -6470.588235294120750
       350    -6470.588235294120750
       351    -6470.588235294120750
       352    -6470.588235294120750
       353    -6470.588235294120750
       354    -5882.352941176470267
       355    -5882.352941176470267
       356    -5882.352941176470267
       357    -5882.352941176470267
       358    -5882.352941176470267
       359    -5882.352941176470267
       360    -5882.352941176470267
       361    -5882.352941176470267
       362    -5294.117647058819784
       363    -5294.117647058819784
       364    -5294.117647058819784
       365    -5294.117647058829789
       366    -5294.117647058819784
       367    -5294.117647058819784
       368    -5294.117647058819784
       369    -5294.117647058819784
       370    -4705.882352941180216
       371    -4705.882352941180216
       372    -4705.882352941180216
       373    -4705.882352941180216
       374    -4705.882352941180216
       375    -4705.882352941180216
       376    -4705.882352941180216
       377   -10000.000000000000000
       378    -9411.764705882360431
       379   -10000.000000000000000
       380    -9411.764705882349517
       381   -10000.000000000000000
       382    -9411.764705882360431
       383   -10000.000000000000000
       384    -9411.764705882360431
       385   -10000.000000000000000
       386    -9411.764705882349517
       387   -10000.000000000000000
       388    -9411.764705882360431
       389   -10000.000000000000000
       390    -9411.764705882349517
       391   -10000.000000000000000
       392    -9411.764705882349517
       393    -8823.529411764699034
       394    -8823.529411764699034
       395    -8823.529411764709948
       396    -8823.529411764709948
       397    -8823.529411764699034
       398    -8823.529411764709948
       399    -8823.529411764699034
       400    -8823.529411764699034
       401    -8235.294117647059466
       402    -8235.294117647059466
       403    -8235.294117647059466
       404    -8235.294117647059466
       405    -8235.294117647059466
       406    -8235.294117647059466
       407    -8235.294117647059466
       408    -8235.294117647059466
       409    -7647.058823529410802
       410    -7647.058823529410802
       411    -7647.058823529410802
       412    -7647.058823529410802
       413    -7647.058823529410802
       414    -7647.058823529410802
       415    -7647.058823529410802
       416    -7647.058823529410802
       417    -7058.823529411760319
       418    -7058.823529411760319
       419    -7058.823529411769414
       420    -7058.823529411760319
       421    -7058.823529411760319
       422    -7058.823529411760319
       423    -7058.823529411760319
       424    -7058.823529411760319
       425    -6470.588235294120750
       426    -6470.588235294120750
       427    -6470.588235294120750
       428    -6470.588235294120750
       429    -6470.588235294120750
       430    -6470.588235294120750
       431    -6470.588235294120750
       432    -6470.588235294120750
       433    -5882.352941176470267
       434    -5882.352941176470267
       435    -5882.352941176470267
       436    -5882.352941176470267
       437    -5882.352941176470267
       438    -5882.352941176470267
       439    -5882.352941176470267
       440    -5882.352941176470267
       441    -5294.117647058829789
       442    -5294.117647058819784
       443    -5294.117647058819784
       444    -5294.117647058819784
       445    -5294.117647058819784
       446    -5294.117647058829789
       447    -5294.117647058819784
       448    -5294.117647058829789
       449    -4705.882352941180216
       450    -4705.882352941180216
       451    -4705.882352941180216
       452    -4705.882352941180216
       453    -4705.882352941180216
       454    -4705.882352941180216
       455    -4705.882352941180216
       456   -10000.000000000000000
       457    -9411.764705882360431
       458   -10000.000000000000000
       459    -9411.764705882349517
       460   -10000.000000000000000
       461    -9411.764705882349517
       462   -10000.000000000000000
       463    -9411.764705882349517
       464   -10000.000000000000000
       465    -9411.764705882360431
       466   -10000.000000000000000
       467    -9411.764705882360431
       468   -10000.000000000000000
       469    -9411.764705882349517
       470   -10000.000000000000000
       471    -9411.764705882349517
       472    -8823.529411764709948
       473    -8823.529411764709948
       474    -8823.529411764699034
       475    -8823.529411764709948
       476    -8823.529411764699034
       477    -8823.529411764709948
       478    -8823.529411764699034
       479    -8823.529411764699034
       480    -8235.294117647059466
       481    -8235.294117647059466
       482    -8235.294117647059466
       483    -8235.294117647059466
       484    -8235.294117647059466
       485    -8235.294117647059466
       486    -8235.294117647059466
       487    -8235.294117647059466
       488    -7647.058823529410802
       489    -7647.058823529410802
       490    -7647.058823529410802
       491    -7647.058823529410802
       492    -7647.058823529410802
       493    -7647.058823529410802
       494    -7647.058823529410802
       495    -7647.058823529410802
       496    -7058.823529411760319
       497    -7058.823529411760319
       498    -7058.823529411760319
       499    -7058.823529411760319
       500    -7058.823529411760319
       501    -7058.823529411760319
       502    -7058.823529411760319
       503    -7058.823529411760319
       504    -6470.588235294120750
       505    -6470.588235294120750
       506    -6470.588235294120750
       507    -6470.588235294120750
       508    -6470.588235294120750
       509    -6470.588235294120750
       510    -6470.588235294120750
       511    -6470.588235294120750
       512    -5882.352941176470267
       513    -5882.352941176470267
       514    -5882.352941176470267
       515    -5882.352941176470267
       516    -5882.352941176470267
       517    -5882.352941176470267
       518    -5882.352941176470267
       519    -5882.352941176470267
       520    -5294.117647058819784
       521    -5294.117647058819784
       522    -5294.117647058819784
       523    -5294.117647058829789
       524    -5294.117647058819784
       525    -5294.117647058819784
       526    -5294.117647058819784
       527    -5294.117647058819784
       528    -4705.882352941180216
       529    -4705.882352941180216
       530   -10000.000000000000000
       531    -9411.764705882349517
       532   -10000.000000000000000
       533    -9411.764705882360431
       534   -10000.000000000000000
       535    -9411.764705882360431
       536   -10000.000000000000000
       537    -9411.764705882360431
       538   -10000.000000000000000
       539    -9411.764705882349517
       540   -10000.000000000000000
       541    -9411.764705882360431
       542   -10000.000000000000000
       543    -9411.764705882349517
       544   -10000.000000000000000
       545    -9411.764705882349517
       546    -8823.529411764709948
       547    -8823.529411764709948
       548    -8823.529411764709948
       549    -8823.529411764709948
       550    -8823.529411764709948
       551    -8823.529411764709948
       552    -8823.529411764709948
       553    -8823.529411764709948
       554    -8235.294117647059466
       555    -8235.294117647059466
       556    -8235.294117647059466
       557    -8235.294117647059466
       558    -8235.294117647059466
       559    -8235.294117647059466
       560    -8235.294117647059466
       561    -8235.294117647059466
       562    -7647.058823529410802
       563    -7647.058823529410802
       564    -7647.058823529410802
       565    -7647.058823529410802
       566    -7647.058823529410802
       567    -7647.058823529410802
       568    -7647.058823529410802
       569    -7647.058823529410802
       570    -7058.823529411760319
       571    -7058.823529411760319
       572    -7058.823529411760319
       573    -7058.823529411769414
       574    -7058.823529411760319
       575    -7058.823529411760319
       576    -7058.823529411760319
       577    -7058.823529411760319
       578    -6470.588235294109836
       579    -6470.588235294120750
       580    -6470.588235294120750
       581    -6470.588235294120750
       582    -6470.588235294120750
       583    -6470.588235294120750
       584    -6470.588235294120750
       585    -6470.588235294120750
       586    -5882.352941176470267
       587    -5882.352941176470267
       588    -5882.352941176470267
       589    -5882.352941176470267
       590    -5882.352941176470267
       591    -5882.352941176470267
       592    -5882.352941176470267
       593    -5882.352941176470267
       594    -5294.117647058819784
       595    -5294.117647058819784
       596    -5294.117647058819784
       597    -5294.117647058819784
       598    -5294.117647058819784
       599    -5294.117647058819784
       600    -5294.117647058819784
       601    -5294.117647058819784
       602   -10000.000000000000000
       603    -9411.764705882360431
       604   -10000.000000000000000
       605    -9411.764705882360431
       606   -10000.000000000000000
       607    -9411.764705882349517
       608   -10000.000000000000000
       609    -9411.764705882349517
       610   -10000.000000000000000
       611    -9411.764705882360431
       612   -10000.000000000000000
       613    -9411.764705882349517
       614   -10000.000000000000000
       615    -9411.764705882349517
       616   -10000.000000000000000
       617    -9411.764705882349517
       618    -8823.529411764709948
       619    -8823.529411764709948
       620    -8823.529411764699034
       621    -8823.529411764709948
       622    -8823.529411764709948
       623    -8823.529411764709948
       624    -8823.529411764699034
       625    -8823.529411764709948
       626    -8235.294117647059466
       627    -8235.294117647059466
       628    -8235.294117647059466
       629    -8235.294117647059466
       630    -8235.294117647059466
       631    -8235.294117647059466
       632    -8235.294117647059466
       633    -8235.294117647059466
       634    -7647.058823529410802
       635    -7647.058823529410802
       636    -7647.058823529410802
       637    -7647.058823529410802
       638    -7647.058823529410802
       639    -7647.058823529410802
       640    -7647.058823529410802
       641    -7647.058823529410802
       642    -7058.823529411760319
       643    -7058.823529411769414
       644    -7058.823529411760319
       645    -7058.823529411769414
       646    -7058.823529411769414
       647    -7058.823529411769414
       648    -7058.823529411760319
       649    -7058.823529411760319
       650    -6470.588235294120750
       651    -6470.588235294120750
       652    -6470.588235294120750
       653    -6470.588235294120750
       654    -6470.588235294120750
       655    -6470.588235294120750
       656    -6470.588235294120750
       657    -6470.588235294120750
       658    -5882.352941176470267
       659    -5882.352941176470267
       660    -5882.352941176470267
       661    -5882.352941176470267
       662    -5882.352941176470267
       663    -5882.352941176470267
       664    -5882.352941176470267
       665    -5882.352941176470267
       666    -5294.117647058819784
       667    -5294.117647058819784
       668    -5294.117647058819784
       669    -5294.117647058819784
       670    -5294.117647058819784
       671    -5294.117647058819784
       672    -5294.117647058819784
       673   -10000.000000000000000
       674    -9411.764705882360431
       675   -10000.000000000000000
       676    -9411.764705882349517
       677   -10000.000000000000000
       678    -9411.764705882349517
       679   -10000.000000000000000
       680    -9411.764705882360431
       681   -10000.000000000000000
       682    -9411.764705882360431
       683   -10000.000000000000000
       684    -9411.764705882349517
       685   -10000.000000000000000
       686    -9411.764705882360431
       687    -8823.529411764709948
       688    -8823.529411764709948
       689    -8823.529411764709948
       690    -8823.529411764709948
       691    -8823.529411764709948
       692    -8823.529411764709948
       693    -8823.529411764709948
       694    -8235.294117647059466
       695    -8235.294117647059466
       696    -8235.294117647059466
       697    -8235.294117647059466
       698    -8235.294117647050371
       699    -8235.294117647050371
       700    -8235.294117647059466
       701    -8235.294117647059466
       702    -7647.058823529410802
       703    -7647.058823529410802
       704    -7647.058823529410802
       705    -7647.058823529410802
       706    -7647.058823529410802
       707    -7647.058823529410802
       708    -7647.058823529410802
       709    -7647.058823529410802
       710    -7058.823529411760319
       711    -7058.823529411760319
       712    -7058.823529411760319
       713    -7058.823529411760319
       714    -7058.823529411760319
       715    -7058.823529411769414
       716    -7058.823529411760319
       717    -7058.823529411760319
       718    -6470.588235294120750
       719    -6470.588235294120750
       720    -6470.588235294120750
       721    -6470.588235294120750
       722    -6470.588235294120750
       723    -6470.588235294120750
       724    -6470.588235294120750
       725    -6470.588235294120750
       726    -5882.352941176470267
       727    -5882.352941176470267
       728    -5882.352941176470267
       729    -5882.352941176470267
       730    -5882.352941176470267
       731    -5882.352941176470267
       732    -5882.352941176470267
       733    -5294.117647058829789
       734    -5294.117647058819784
       735    -5294.117647058819784
       736    -5294.117647058819784
       737    -5294.117647058819784
       738    -5294.117647058819784
