         781
         1     2615.384615384619792
         2     2000.000000000000000
         3     2615.384615384619792
         4     2000.000000000000000
         5     3230.769230769230035
         6     3230.769230769230035
         7     3846.153846153849827
         8     3846.153846153849827
         9     4461.538461538460069
        10     4461.538461538460069
        11     5076.923076923079861
        12     5076.923076923079861
        13     5692.307692307689649
        14     5692.307692307689649
        15     2615.384615384610242
        16     2000.000000000000000
        17     2615.384615384610242
        18     2000.000000000000000
        19     3230.769230769230035
        20     3230.769230769230035
        21     3846.153846153849827
        22     3846.153846153849827
        23     4461.538461538460069
        24     4461.538461538470074
        25     5076.923076923079861
        26     5076.923076923079861
        27     5692.307692307689649
        28     5692.307692307689649
        29     6307.692307692310351
        30     6307.692307692310351
        31     2615.384615384610242
        32     2000.000000000000000
        33     2615.384615384610242
        34     2000.000000000000000
        35     3230.769230769230035
        36     3230.769230769230035
        37     3846.153846153839822
        38     3846.153846153849827
        39     4461.538461538460069
        40     4461.538461538460069
        41     5076.923076923079861
        42     5076.923076923079861
        43     5692.307692307689649
        44     5692.307692307689649
        45     6307.692307692310351
        46     6307.692307692310351
        47     2615.384615384610242
        48     2000.000000000000000
        49     2615.384615384610242
        50     2000.000000000000000
        51     3230.769230769230035
        52     3230.769230769230035
        53     3846.153846153849827
        54     3846.153846153849827
        55     4461.538461538460069
        56     4461.538461538460069
        57     5076.923076923079861
        58     5076.923076923079861
        59     5692.307692307689649
        60     5692.307692307689649
        61     6307.692307692310351
        62     6307.692307692310351
        63     2615.384615384610242
        64     2000.000000000000000
        65     2615.384615384610242
        66     2000.000000000000000
        67     3230.769230769230035
        68     3230.769230769230035
        69     3846.153846153849827
        70     3846.153846153849827
        71     4461.538461538460069
        72     4461.538461538460069
        73     5076.923076923079861
        74     5076.923076923070766
        75     5692.307692307689649
        76     5692.307692307689649
        77     6307.692307692310351
        78     6307.692307692310351
        79     2615.384615384619792
        80     2000.000000000000000
        81     2615.384615384610242
        82     2000.000000000000000
        83     3230.769230769230035
        84     3230.769230769230035
        85     3846.153846153849827
        86     3846.153846153849827
        87     4461.538461538460069
        88     4461.538461538460069
        89     5076.923076923079861
        90     5076.923076923079861
        91     5692.307692307689649
        92     5692.307692307689649
        93     6307.692307692310351
        94     6307.692307692310351
        95     2615.384615384610242
        96     2000.000000000000000
        97     2615.384615384610242
        98     2000.000000000000000
        99     3230.769230769230035
       100     3230.769230769230035
       101     3846.153846153849827
       102     3846.153846153849827
       103     4461.538461538460069
       104     4461.538461538460069
       105     5076.923076923070766
       106     5076.923076923070766
       107     5692.307692307689649
       108     5692.307692307689649
       109     6307.692307692310351
       110     6307.692307692310351
       111     2615.384615384619792
       112     2000.000000000000000
       113     2615.384615384610242
       114     2000.000000000000000
       115     3230.769230769230035
       116     3230.769230769230035
       117     3846.153846153849827
       118     3846.153846153849827
       119     2615.384615384610242
       120     2000.000000000000000
       121     3230.769230769230035
       122     3846.153846153849827
       123     4461.538461538460069
       124     5076.923076923079861
       125     5692.307692307689649
       126     2615.384615384610242
       127     2000.000000000000000
       128     3230.769230769230035
       129     3846.153846153849827
       130     4461.538461538460069
       131     5076.923076923079861
       132     5692.307692307689649
       133     6307.692307692310351
       134     2615.384615384610242
       135     2000.000000000000000
       136     3230.769230769230035
       137     3846.153846153839822
       138     4461.538461538460069
       139     5076.923076923079861
       140     5692.307692307689649
       141     6307.692307692310351
       142     2615.384615384610242
       143     2000.000000000000000
       144     3230.769230769230035
       145     3846.153846153849827
       146     4461.538461538460069
       147     5076.923076923079861
       148     5692.307692307699654
       149     6307.692307692310351
       150     2615.384615384610242
       151     2000.000000000000000
       152     3230.769230769230035
       153     3846.153846153849827
       154     4461.538461538460069
       155     5076.923076923079861
       156     5692.307692307689649
       157     6307.692307692310351
       158     2615.384615384610242
       159     2000.000000000000000
       160     3230.769230769230035
       161     3846.153846153849827
       162     4461.538461538460069
       163     5076.923076923079861
       164     5692.307692307689649
       165     6307.692307692310351
       166     2615.384615384610242
       167     2000.000000000000000
       168     3230.769230769230035
       169     3846.153846153849827
       170     4461.538461538460069
       171     5076.923076923079861
       172     5692.307692307689649
       173     6307.692307692310351
       174     2615.384615384619792
       175     2000.000000000000000
       176     3230.769230769230035
       177     3846.153846153849827
       178     2615.384615384610242
       179     2000.000000000000000
       180     3230.769230769230035
       181     3846.153846153849827
       182     4461.538461538460069
       183     5076.923076923079861
       184     5692.307692307689649
       185     2615.384615384610242
       186     2000.000000000000000
       187     3230.769230769230035
       188     3846.153846153849827
       189     4461.538461538460069
       190     5076.923076923079861
       191     5692.307692307689649
       192     6307.692307692310351
       193     2615.384615384610242
       194     2000.000000000000000
       195     3230.769230769230035
       196     3846.153846153839822
       197     4461.538461538460069
       198     5076.923076923079861
       199     5692.307692307689649
       200     6307.692307692310351
       201     2615.384615384610242
       202     2000.000000000000000
       203     3230.769230769230035
       204     3846.153846153849827
       205     4461.538461538460069
       206     5076.923076923070766
       207     5692.307692307689649
       208     6307.692307692310351
       209     2615.384615384610242
       210     2000.000000000000000
       211     3230.769230769230035
       212     3846.153846153849827
       213     4461.538461538460069
       214     5076.923076923070766
       215     5692.307692307689649
       216     6307.692307692310351
       217     2615.384615384610242
       218     2000.000000000000000
       219     3230.769230769230035
       220     3846.153846153849827
       221     4461.538461538460069
       222     5076.923076923079861
       223     5692.307692307689649
       224     6307.692307692310351
       225     2615.384615384610242
       226     2000.000000000000000
       227     3230.769230769230035
       228     3846.153846153849827
       229     4461.538461538460069
       230     5076.923076923079861
       231     5692.307692307689649
       232     2615.384615384610242
       233     2000.000000000000000
       234     3230.769230769230035
       235     3846.153846153849827
       236     2615.384615384610242
       237     2000.000000000000000
       238     3230.769230769230035
       239     3846.153846153849827
       240     4461.538461538460069
       241     5076.923076923079861
       242     5692.307692307689649
       243     2615.384615384610242
       244     2000.000000000000000
       245     3230.769230769230035
       246     3846.153846153849827
       247     4461.538461538460069
       248     5076.923076923079861
       249     5692.307692307689649
       250     6307.692307692310351
       251     2615.384615384610242
       252     2000.000000000000000
       253     3230.769230769230035
       254     3846.153846153839822
       255     4461.538461538460069
       256     5076.923076923079861
       257     5692.307692307689649
       258     6307.692307692310351
       259     2615.384615384610242
       260     2000.000000000000000
       261     3230.769230769230035
       262     3846.153846153849827
       263     4461.538461538460069
       264     5076.923076923079861
       265     5692.307692307689649
       266     6307.692307692310351
       267     2615.384615384610242
       268     2000.000000000000000
       269     3230.769230769230035
       270     3846.153846153849827
       271     4461.538461538460069
       272     5076.923076923079861
       273     5692.307692307689649
       274     6307.692307692300346
       275     2615.384615384610242
       276     2000.000000000000000
       277     3230.769230769230035
       278     3846.153846153849827
       279     4461.538461538460069
       280     5076.923076923070766
       281     5692.307692307689649
       282     2615.384615384610242
       283     2000.000000000000000
       284     3230.769230769230035
       285     3846.153846153849827
       286     4461.538461538460069
       287     5076.923076923079861
       288     5692.307692307689649
       289     2615.384615384610242
       290     2000.000000000000000
       291     3230.769230769230035
       292     3846.153846153849827
       293     2615.384615384610242
       294     2000.000000000000000
       295     2615.384615384610242
       296     2000.000000000000000
       297     3230.769230769230035
       298     3846.153846153849827
       299     4461.538461538460069
       300     5076.923076923079861
       301     5692.307692307689649
       302     2615.384615384610242
       303     2000.000000000000000
       304     3230.769230769230035
       305     3846.153846153849827
       306     4461.538461538460069
       307     5076.923076923079861
       308     5692.307692307689649
       309     6307.692307692310351
       310     2615.384615384610242
       311     2000.000000000000000
       312     3230.769230769230035
       313     3846.153846153849827
       314     4461.538461538460069
       315     5076.923076923079861
       316     5692.307692307689649
       317     6307.692307692310351
       318     2615.384615384619792
       319     2000.000000000000000
       320     3230.769230769230035
       321     3846.153846153849827
       322     4461.538461538460069
       323     5076.923076923079861
       324     5692.307692307689649
       325     6307.692307692310351
       326     2615.384615384619792
       327     2000.000000000000000
       328     3230.769230769230035
       329     3846.153846153849827
       330     4461.538461538460069
       331     5076.923076923070766
       332     5692.307692307699654
       333     6307.692307692310351
       334     2615.384615384619792
       335     2000.000000000000000
       336     3230.769230769230035
       337     3846.153846153849827
       338     4461.538461538460069
       339     5076.923076923079861
       340     5692.307692307689649
       341     2615.384615384610242
       342     2000.000000000000000
       343     3230.769230769230035
       344     3846.153846153849827
       345     4461.538461538460069
       346     5076.923076923070766
       347     2615.384615384619792
       348     2000.000000000000000
       349     3230.769230769230035
       350     3846.153846153849827
       351     2000.000000000000000
       352     2615.384615384610242
       353     2000.000000000000000
       354     3230.769230769230035
       355     2615.384615384619792
       356     2000.000000000000000
       357     3230.769230769230035
       358     3846.153846153849827
       359     4461.538461538460069
       360     5076.923076923079861
       361     5692.307692307689649
       362     2615.384615384610242
       363     2000.000000000000000
       364     3230.769230769230035
       365     3846.153846153849827
       366     4461.538461538460069
       367     5076.923076923079861
       368     5692.307692307689649
       369     6307.692307692300346
       370     2615.384615384610242
       371     2000.000000000000000
       372     3230.769230769230035
       373     3846.153846153849827
       374     4461.538461538460069
       375     5076.923076923079861
       376     5692.307692307689649
       377     6307.692307692310351
       378     2615.384615384610242
       379     2000.000000000000000
       380     3230.769230769230035
       381     3846.153846153849827
       382     4461.538461538460069
       383     5076.923076923070766
       384     5692.307692307699654
       385     6307.692307692310351
       386     2615.384615384610242
       387     2000.000000000000000
       388     3230.769230769230035
       389     3846.153846153849827
       390     4461.538461538460069
       391     5076.923076923079861
       392     5692.307692307689649
       393     2615.384615384610242
       394     2000.000000000000000
       395     3230.769230769230035
       396     3846.153846153849827
       397     4461.538461538460069
       398     5076.923076923079861
       399     5692.307692307689649
       400     2615.384615384610242
       401     2000.000000000000000
       402     3230.769230769230035
       403     3846.153846153849827
       404     4461.538461538460069
       405     2615.384615384610242
       406     2000.000000000000000
       407     3230.769230769230035
       408     2615.384615384610242
       409     2000.000000000000000
       410     2615.384615384610242
       411     2000.000000000000000
       412     3230.769230769230035
       413     2615.384615384610242
       414     2000.000000000000000
       415     3230.769230769230035
       416     3846.153846153849827
       417     4461.538461538460069
       418     5076.923076923079861
       419     5692.307692307689649
       420     2615.384615384610242
       421     2000.000000000000000
       422     3230.769230769230035
       423     3846.153846153849827
       424     4461.538461538460069
       425     5076.923076923079861
       426     5692.307692307689649
       427     6307.692307692310351
       428     2615.384615384610242
       429     2000.000000000000000
       430     3230.769230769230035
       431     3846.153846153849827
       432     4461.538461538460069
       433     5076.923076923079861
       434     5692.307692307689649
       435     6307.692307692310351
       436     2615.384615384610242
       437     2000.000000000000000
       438     3230.769230769230035
       439     3846.153846153849827
       440     4461.538461538460069
       441     5076.923076923079861
       442     5692.307692307689649
       443     2615.384615384610242
       444     2000.000000000000000
       445     3230.769230769230035
       446     3846.153846153849827
       447     4461.538461538460069
       448     5076.923076923079861
       449     5692.307692307689649
       450     2615.384615384619792
       451     2000.000000000000000
       452     3230.769230769230035
       453     3846.153846153849827
       454     4461.538461538460069
       455     5076.923076923070766
       456     5692.307692307689649
       457     2615.384615384610242
       458     2000.000000000000000
       459     3230.769230769230035
       460     3846.153846153849827
       461     2615.384615384610242
       462     2000.000000000000000
       463     2000.000000000000000
       464     2615.384615384610242
       465     2000.000000000000000
       466     2615.384615384610242
       467     2000.000000000000000
       468     3230.769230769230035
       469     3846.153846153849827
       470     2615.384615384610242
       471     2000.000000000000000
       472     3230.769230769230035
       473     3846.153846153849827
       474     4461.538461538460069
       475     2615.384615384610242
       476     2000.000000000000000
       477     3230.769230769230035
       478     3846.153846153849827
       479     4461.538461538460069
       480     5076.923076923079861
       481     2615.384615384610242
       482     2000.000000000000000
       483     3230.769230769230035
       484     3846.153846153849827
       485     4461.538461538460069
       486     5076.923076923070766
       487     5692.307692307689649
       488     2615.384615384610242
       489     2000.000000000000000
       490     3230.769230769230035
       491     3846.153846153849827
       492     4461.538461538460069
       493     5076.923076923079861
       494     5692.307692307689649
       495     2615.384615384610242
       496     2000.000000000000000
       497     3230.769230769230035
       498     3846.153846153849827
       499     4461.538461538460069
       500     5076.923076923070766
       501     5692.307692307689649
       502     2615.384615384610242
       503     2000.000000000000000
       504     3230.769230769230035
       505     3846.153846153849827
       506     4461.538461538460069
       507     2615.384615384610242
       508     2000.000000000000000
       509     3230.769230769230035
       510     2615.384615384610242
       511     2000.000000000000000
       512     2000.000000000000000
       513     2615.384615384610242
       514     2000.000000000000000
       515     2615.384615384610242
       516     2000.000000000000000
       517     3230.769230769230035
       518     3846.153846153849827
       519     2615.384615384610242
       520     2000.000000000000000
       521     3230.769230769230035
       522     3846.153846153849827
       523     2615.384615384610242
       524     2000.000000000000000
       525     3230.769230769230035
       526     3846.153846153849827
       527     2615.384615384610242
       528     2000.000000000000000
       529     3230.769230769230035
       530     3846.153846153849827
       531     2615.384615384610242
       532     2000.000000000000000
       533     3230.769230769230035
       534     3846.153846153849827
       535     2615.384615384610242
       536     2000.000000000000000
       537     3230.769230769230035
       538     3846.153846153849827
       539     2615.384615384610242
       540     2000.000000000000000
       541     3230.769230769230035
       542     3846.153846153849827
       543     2615.384615384610242
       544     2000.000000000000000
       545     3230.769230769230035
       546     2615.384615384610242
       547     2000.000000000000000
       548     2615.384615384619792
       549     2000.000000000000000
       550     3230.769230769230035
       551     2615.384615384610242
       552     2000.000000000000000
       553     3230.769230769230035
       554     2615.384615384619792
       555     2000.000000000000000
       556     3230.769230769230035
       557     2615.384615384619792
       558     2000.000000000000000
       559     3230.769230769230035
       560     2615.384615384610242
       561     2000.000000000000000
       562     3230.769230769230035
       563     2615.384615384610242
       564     2000.000000000000000
       565     3230.769230769230035
       566     2615.384615384610242
       567     2000.000000000000000
       568     3230.769230769230035
       569     2615.384615384619792
       570     2000.000000000000000
       571     2615.384615384610242
       572     2000.000000000000000
       573     2615.384615384610242
       574     2000.000000000000000
       575     2615.384615384610242
       576     2000.000000000000000
       577     2615.384615384610242
       578     2000.000000000000000
       579     2615.384615384610242
       580     2000.000000000000000
       581     2000.000000000000000
       582     2000.000000000000000
       583     2000.000000000000000
       584     2000.000000000000000
       585     1428.571428571430033
       586     1428.571428571430033
       587     1428.571428571430033
       588     1428.571428571430033
       589     1428.571428571430033
       590     1428.571428571430033
       591     1428.571428571430033
       592     1428.571428571430033
       593     1428.571428571430033
       594     1428.571428571430033
       595     1428.571428571430033
       596     1428.571428571430033
       597     1428.571428571430033
       598     1428.571428571430033
       599     1428.571428571430033
       600     1428.571428571430033
       601     1428.571428571430033
       602     1428.571428571430033
       603     1428.571428571430033
       604     1428.571428571430033
       605     1428.571428571430033
       606     1428.571428571430033
       607     1428.571428571430033
       608     1428.571428571430033
       609     1428.571428571430033
       610     1428.571428571430033
       611     1428.571428571430033
       612     1428.571428571430033
       613     1428.571428571430033
       614     1428.571428571430033
       615     1428.571428571430033
       616     1428.571428571430033
       617     1428.571428571430033
       618     1428.571428571430033
       619     1428.571428571430033
       620      857.142857142856997
       621     1428.571428571430033
       622      857.142857142856997
       623     1428.571428571430033
       624      857.142857142856997
       625     1428.571428571430033
       626      857.142857142856997
       627     1428.571428571430033
       628      857.142857142856997
       629     1428.571428571430033
       630      857.142857142856997
       631     1428.571428571430033
       632     1428.571428571430033
       633     1428.571428571430033
       634      857.142857142856997
       635     1428.571428571430033
       636      285.714285714285950
       637      857.142857142856997
       638     1428.571428571430033
       639      285.714285714285950
       640      857.142857142856997
       641     1428.571428571430033
       642      285.714285714285950
       643      857.142857142856997
       644     1428.571428571430033
       645      285.714285714285950
       646      857.142857142856997
       647     1428.571428571430033
       648      285.714285714284983
       649      857.142857142856997
       650     1428.571428571430033
       651      857.142857142856997
       652     1428.571428571430033
       653      857.142857142856997
       654     1428.571428571430033
       655     1428.571428571430033
       656      857.142857142856997
       657     1428.571428571430033
       658      285.714285714285950
       659      857.142857142856997
       660     1428.571428571430033
       661     -285.714285714285950
       662      285.714285714284983
       663      857.142857142855974
       664     1428.571428571430033
       665     -285.714285714285950
       666      285.714285714284983
       667      857.142857142856997
       668     1428.571428571430033
       669     -285.714285714285950
       670      285.714285714285950
       671      857.142857142856997
       672     1428.571428571430033
       673      285.714285714284983
       674      857.142857142856997
       675     1428.571428571430033
       676      285.714285714284983
       677      857.142857142856997
       678     1428.571428571430033
       679      857.142857142856997
       680     1428.571428571430033
       681     1428.571428571430033
       682     1428.571428571430033
       683     1428.571428571430033
       684      857.142857142855974
       685     1428.571428571430033
       686      285.714285714285950
       687      857.142857142856997
       688     1428.571428571430033
       689     -285.714285714284983
       690      285.714285714284983
       691      857.142857142856997
       692     1428.571428571430033
       693     -285.714285714284983
       694      285.714285714285950
       695      857.142857142856997
       696     1428.571428571430033
       697     -285.714285714284983
       698      285.714285714285950
       699      857.142857142856997
       700     1428.571428571430033
       701     -285.714285714285950
       702      285.714285714284983
       703      857.142857142856997
       704     1428.571428571430033
       705      285.714285714285950
       706      857.142857142856997
       707     1428.571428571430033
       708      857.142857142856997
       709     1428.571428571430033
       710      857.142857142856997
       711     1428.571428571430033
       712     1428.571428571430033
       713     1428.571428571430033
       714      857.142857142856997
       715     1428.571428571430033
       716      285.714285714285950
       717      857.142857142856997
       718     1428.571428571430033
       719     -285.714285714284983
       720      285.714285714284983
       721      857.142857142856997
       722     1428.571428571430033
       723     -285.714285714284983
       724      285.714285714284983
       725      857.142857142856997
       726     1428.571428571430033
       727     -285.714285714284983
       728      285.714285714285950
       729      857.142857142856997
       730     1428.571428571430033
       731     -285.714285714285950
       732      285.714285714284983
       733      857.142857142858020
       734     1428.571428571430033
       735      285.714285714284983
       736      857.142857142858020
       737     1428.571428571430033
       738      285.714285714284983
       739      857.142857142858020
       740     1428.571428571430033
       741      857.142857142856997
       742     1428.571428571430033
       743      857.142857142856997
       744     1428.571428571430033
       745      285.714285714285950
       746      857.142857142856997
       747     1428.571428571430033
       748      285.714285714284983
       749      857.142857142856997
       750     1428.571428571430033
       751      285.714285714285950
       752      857.142857142856997
       753     1428.571428571430033
       754      285.714285714285950
       755      857.142857142856997
       756     1428.571428571430033
       757      285.714285714285950
       758      857.142857142856997
       759     1428.571428571430033
       760      285.714285714285950
       761      857.142857142858020
       762     1428.571428571430033
       763      285.714285714285950
       764      857.142857142858020
       765     1428.571428571430033
       766      857.142857142856997
       767     1428.571428571430033
       768      857.142857142856997
       769     1428.571428571430033
       770      857.142857142856997
       771     1428.571428571430033
       772      857.142857142858020
       773     1428.571428571430033
       774      857.142857142858020
       775     1428.571428571430033
       776      857.142857142856997
       777     1428.571428571430033
       778     1428.571428571430033
       779     1428.571428571430033
       780     1428.571428571430033
       781     1428.571428571430033
