200 .000
2000
10457 6  3
10458 6  3
10459 6  3
10460 6  3
10461 6  3
10462 6  3
10463 6  3
10464 6  3
10465 6  3
10466 6  3
10467 6  3
10468 6  3
10469 6  3
10470 6  3
10471 6  3
10472 6  3
10473 6  3
10474 6  3
10475 6  3
10476 6  3
10477 6  3
10478 6  3
10479 6  3
10480 6  3
10481 6  3
10482 6  3
10483 6  3
10484 6  3
10485 6  3
10486 6  3
10487 6  3
10488 6  3
10489 6  3
10490 6  3
10491 6  3
10492 6  3
10493 6  3
10494 6  3
10495 6  3
10496 6  3
10497 6  3
10498 6  3
10499 6  3
10500 6  3
10501 6  3
10502 6  3
10503 6  3
10504 6  3
10505 6  3
10506 6  3
10507 6  3
10508 6  3
10509 6  3
10510 6  3
10511 6  3
10512 6  3
10513 6  3
10514 6  3
10515 6  3
10516 6  3
10517 6  3
10518 6  3
10519 6  3
10520 6  3
10521 6  3
10522 6  3
10523 6  3
10524 6  3
10525 6  3
10526 6  3
10527 6  3
10528 6  3
10529 6  3
10530 6  3
10531 6  3
10532 6  3
10533 6  3
10534 6  3
10535 6  3
10536 6  3
10537 6  3
10538 6  3
10539 6  3
10540 6  3
10541 6  3
10542 6  3
10543 6  3
10544 6  3
10545 6  3
10546 6  3
10547 6  3
10548 6  3
10549 6  3
10550 6  3
10551 6  3
10552 6  3
10553 6  3
10554 6  3
10555 6  3
10556 6  3
10557 6  3
10558 6  3
10559 6  3
10560 6  3
10561 6  3
10562 6  3
10563 6  3
10564 6  3
10565 6  3
10566 6  3
10567 6  3
10568 6  3
10569 6  3
10570 6  3
10571 6  3
10572 6  3
10573 6  3
10574 6  3
10575 6  3
10576 6  3
10577 6  3
10578 6  3
10579 6  3
10580 6  3
10581 6  3
10582 6  3
10583 6  3
10584 6  3
10585 6  3
10586 6  3
10587 6  3
10588 6  3
10589 6  3
10590 6  3
10591 6  3
10592 6  3
10593 6  3
10594 6  3
10595 6  3
10596 6  3
10597 6  3
10598 6  3
10599 6  3
10600 6  3
10601 6  3
10602 6  3
10603 6  3
10604 6  3
10605 6  3
10606 6  3
10607 6  3
10608 6  3
10609 6  3
10610 6  3
10611 6  3
10612 6  3
10613 6  3
10614 6  3
10615 6  3
10616 6  3
10617 6  3
10618 6  3
10619 6  3
10620 6  3
10621 6  3
10622 6  3
10623 6  3
10624 6  3
10625 6  3
10626 6  3
10627 6  3
10628 6  3
10629 6  3
10630 6  3
10631 6  3
10632 6  3
10633 6  3
10634 6  3
10635 6  3
10636 6  3
10637 6  3
10638 6  3
10639 6  3
10640 6  3
10641 6  3
10642 6  3
10643 6  3
10644 6  3
10645 6  3
10646 6  3
10647 6  3
10648 6  3
10649 6  3
10650 6  3
10651 6  3
10652 6  3
10653 6  3
10654 6  3
10655 6  3
10656 6  3
10657 6  3
10658 6  3
10659 6  3
10660 6  3
10661 6  3
10662 6  3
10663 6  3
10664 6  3
10665 6  3
10666 6  3
10667 6  3
10668 6  3
10669 6  3
10670 6  3
10671 6  3
10672 6  3
10673 6  3
10674 6  3
10675 6  3
10676 6  3
10677 6  3
10678 6  3
10679 6  3
10680 6  3
10681 6  3
10682 6  3
10683 6  3
10684 6  3
10685 6  3
10686 6  3
10687 6  3
10688 6  3
10689 6  3
10690 6  3
10691 6  3
10692 6  3
10693 6  3
10694 6  3
10695 6  3
10696 6  3
10697 6  3
10698 6  3
10699 6  3
10700 6  3
10701 6  3
10702 6  3
10703 6  3
10704 6  3
10705 6  3
10706 6  3
10707 6  3
10708 6  3
10709 6  3
10710 6  3
10711 6  3
10712 6  3
10713 6  3
10714 6  3
10715 6  3
10716 6  3
10717 6  3
10718 6  3
10719 6  3
10720 6  3
10721 6  3
10722 6  3
10723 6  3
10724 6  3
10725 6  3
10726 6  3
10727 6  3
10728 6  3
10729 6  3
10730 6  3
10731 6  3
10732 6  3
10733 6  3
10734 6  3
10735 6  3
10736 6  3
10737 6  3
10738 6  3
10739 6  3
10740 6  3
10741 6  3
10742 6  3
10743 6  3
10744 6  3
10745 6  3
10746 6  3
10747 6  3
10748 6  3
10749 6  3
10750 6  3
10751 6  3
10752 6  3
10753 6  3
10754 6  3
10755 6  3
10756 6  3
10757 6  3
10758 6  3
10759 6  3
10760 6  3
10761 6  3
10762 6  3
10763 6  3
10764 6  3
10765 6  3
10766 6  3
10767 6  3
10768 6  3
10769 6  3
10770 6  3
10771 6  3
10772 6  3
10773 6  3
10774 6  3
10775 6  3
10776 6  3
10777 6  3
10778 6  3
10779 6  3
10780 6  3
10781 6  3
10782 6  3
10783 6  3
10784 6  3
10785 6  3
10786 6  3
10787 6  3
10788 6  3
10789 6  3
10790 6  3
10791 6  3
10792 6  3
10793 6  3
10794 6  3
10795 6  3
10796 6  3
10797 6  3
10798 6  3
10799 6  3
10800 6  3
10801 6  3
10802 6  3
10803 6  3
10804 6  3
10805 6  3
10806 6  3
10807 6  3
10808 6  3
10809 6  3
10810 6  3
10811 6  3
10812 6  3
10813 6  3
10814 6  3
10815 6  3
10816 6  3
10817 6  3
10818 6  3
10819 6  3
10820 6  3
10821 6  3
10822 6  3
10823 6  3
10824 6  3
10825 6  3
10826 6  3
10827 6  3
10828 6  3
10829 6  3
10830 6  3
10831 6  3
10832 6  3
10833 6  3
10834 6  3
10835 6  3
10836 6  3
10837 6  3
10838 6  3
10839 6  3
10840 6  3
10841 6  3
10842 6  3
10843 6  3
10844 6  3
10845 6  3
10846 6  3
10847 6  3
10848 6  3
10849 6  3
10850 6  3
10851 6  3
10852 6  3
10853 6  3
10854 6  3
10855 6  3
10856 6  3
10857 6  3
10858 6  3
10859 6  3
10860 6  3
10861 6  3
10862 6  3
10863 6  3
10864 6  3
10865 6  3
10866 6  3
10867 6  3
10868 6  3
10869 6  3
10870 6  3
10871 6  3
10872 6  3
10873 6  3
10874 6  3
10875 6  3
10876 6  3
10877 6  3
10878 6  3
10879 6  3
10880 6  3
10881 6  3
10882 6  3
10883 6  3
10884 6  3
10885 6  3
10886 6  3
10887 6  3
10888 6  3
10889 6  3
10890 6  3
10891 6  3
10892 6  3
10893 6  3
10894 6  3
10895 6  3
10896 6  3
10897 6  3
10898 6  3
10899 6  3
10900 6  3
10901 6  3
10902 6  3
10903 6  3
10904 6  3
10905 6  3
10906 6  3
10907 6  3
10908 6  3
10909 6  3
10910 6  3
10911 6  3
10912 6  3
10913 6  3
10914 6  3
10915 6  3
10916 6  3
10917 6  3
10918 6  3
10919 6  3
10920 6  3
10921 6  3
10922 6  3
10923 6  3
10924 6  3
10925 6  3
10926 6  3
10927 6  3
10928 6  3
10929 6  3
10930 6  3
10931 6  3
10932 6  3
10933 6  3
10934 6  3
10935 6  3
10936 6  3
10937 6  3
10938 6  3
10939 6  3
10940 6  3
10941 6  3
10942 6  3
10943 6  3
10944 6  3
10945 6  3
10946 6  3
10947 6  3
10948 6  3
10949 6  3
10950 6  3
10951 6  3
10952 6  3
10953 6  3
10954 6  3
10955 6  3
10956 6  3
10957 6  3
10958 6  3
10959 6  3
10960 6  3
10961 6  3
10962 6  3
10963 6  3
10964 6  3
10965 6  3
10966 6  3
10967 6  3
10968 6  3
10969 6  3
10970 6  3
10971 6  3
10972 6  3
10973 6  3
10974 6  3
10975 6  3
10976 6  3
10977 6  3
10978 6  3
10979 6  3
10980 6  3
10981 6  3
10982 6  3
10983 6  3
10984 6  3
10985 6  3
10986 6  3
10987 6  3
10988 6  3
10989 6  3
10990 6  3
10991 6  3
10992 6  3
10993 6  3
10994 6  3
10995 6  3
10996 6  3
10997 6  3
10998 6  3
10999 6  3
11000 6  3
11001 6  3
11002 6  3
11003 6  3
11004 6  3
11005 6  3
11006 6  3
11007 6  3
11008 6  3
11009 6  3
11010 6  3
11011 6  3
11012 6  3
11013 6  3
11014 6  3
11015 6  3
11016 6  3
11017 6  3
11018 6  3
11019 6  3
11020 6  3
11021 6  3
11022 6  3
11023 6  3
11024 6  3
11025 6  3
11026 6  3
11027 6  3
11028 6  3
11029 6  3
11030 6  3
11031 6  3
11032 6  3
11033 6  3
11034 6  3
11035 6  3
11036 6  3
11037 6  3
11038 6  3
11039 6  3
11040 6  3
11041 6  3
11042 6  3
11043 6  3
11044 6  3
11045 6  3
11046 6  3
11047 6  3
11048 6  3
11049 6  3
11050 6  3
11051 6  3
11052 6  3
11053 6  3
11054 6  3
11055 6  3
11056 6  3
11057 6  3
11058 6  3
11059 6  3
11060 6  3
11061 6  3
11062 6  3
11063 6  3
11064 6  3
11065 6  3
11066 6  3
11067 6  3
11068 6  3
11069 6  3
11070 6  3
11071 6  3
11072 6  3
11073 6  3
11074 6  3
11075 6  3
11076 6  3
11077 6  3
11078 6  3
11079 6  3
11080 6  3
11081 6  3
11082 6  3
11083 6  3
11084 6  3
11085 6  3
11086 6  3
11087 6  3
11088 6  3
11089 6  3
11090 6  3
11091 6  3
11092 6  3
11093 6  3
11094 6  3
11095 6  3
11096 6  3
11097 6  3
11098 6  3
11099 6  3
11100 6  3
11101 6  3
11102 6  3
11103 6  3
11104 6  3
11105 6  3
11106 6  3
11107 6  3
11108 6  3
11109 6  3
11110 6  3
11111 6  3
11112 6  3
11113 6  3
11114 6  3
11115 6  3
11116 6  3
11117 6  3
11118 6  3
11119 6  3
11120 6  3
11121 6  3
11122 6  3
11123 6  3
11124 6  3
11125 6  3
11126 6  3
11127 6  3
11128 6  3
11129 6  3
11130 6  3
11131 6  3
11132 6  3
11133 6  3
11134 6  3
11135 6  3
11136 6  3
11137 6  3
11138 6  3
11139 6  3
11140 6  3
11141 6  3
11142 6  3
11143 6  3
11144 6  3
11145 6  3
11146 6  3
11147 6  3
11148 6  3
11149 6  3
11150 6  3
11151 6  3
11152 6  3
11153 6  3
11154 6  3
11155 6  3
11156 6  3
11157 6  3
11158 6  3
11159 6  3
11160 6  3
11161 6  3
11162 6  3
11163 6  3
11164 6  3
11165 6  3
11166 6  3
11167 6  3
11168 6  3
11169 6  3
11170 6  3
11171 6  3
11172 6  3
11173 6  3
11174 6  3
11175 6  3
11176 6  3
11177 6  3
11178 6  3
11179 6  3
11180 6  3
11181 6  3
11182 6  3
11183 6  3
11184 6  3
11185 6  3
11186 6  3
11187 6  3
11188 6  3
11189 6  3
11190 6  3
11191 6  3
11192 6  3
11193 6  3
11194 6  3
11195 6  3
11196 6  3
11197 6  3
11198 6  3
11199 6  3
11200 6  3
11201 6  3
11202 6  3
11203 6  3
11204 6  3
11205 6  3
11206 6  3
11207 6  3
11208 6  3
11209 6  3
11210 6  3
11211 6  3
11212 6  3
11213 6  3
11214 6  3
11215 6  3
11216 6  3
11217 6  3
11218 6  3
11219 6  3
11220 6  3
11221 6  3
11222 6  3
11223 6  3
11224 6  3
11225 6  3
11226 6  3
11227 6  3
11228 6  3
11229 6  3
11230 6  3
11231 6  3
11232 6  3
11233 6  3
11234 6  3
11235 6  3
11236 6  3
11237 6  3
11238 6  3
11239 6  3
11240 6  3
11241 6  3
11242 6  3
11243 6  3
11244 6  3
11245 6  3
11246 6  3
11247 6  3
11248 6  3
11249 6  3
11250 6  3
11251 6  3
11252 6  3
11253 6  3
11254 6  3
11255 6  3
11256 6  3
11257 6  3
11258 6  3
11259 6  3
11260 6  3
11261 6  3
11262 6  3
11263 6  3
11264 6  3
11265 6  3
11266 6  3
11267 6  3
11268 6  3
11269 6  3
11270 6  3
11271 6  3
11272 6  3
11273 6  3
11274 6  3
11275 6  3
11276 6  3
11277 6  3
11278 6  3
11279 6  3
11280 6  3
11281 6  3
11282 6  3
11283 6  3
11284 6  3
11285 6  3
11286 6  3
11287 6  3
11288 6  3
11289 6  3
11290 6  3
11291 6  3
11292 6  3
11293 6  3
11294 6  3
11295 6  3
11296 6  3
11297 6  3
11298 6  3
11299 6  3
11300 6  3
11301 6  3
11302 6  3
11303 6  3
11304 6  3
11305 6  3
11306 6  3
11307 6  3
11308 6  3
11309 6  3
11310 6  3
11311 6  3
11312 6  3
11313 6  3
11314 6  3
11315 6  3
11316 6  3
11317 6  3
11318 6  3
11319 6  3
11320 6  3
11321 6  3
11322 6  3
11323 6  3
11324 6  3
11325 6  3
11326 6  3
11327 6  3
11328 6  3
11329 6  3
11330 6  3
11331 6  3
11332 6  3
11333 6  3
11334 6  3
11335 6  3
11336 6  3
11337 6  3
11338 6  3
11339 6  3
11340 6  3
11341 6  3
11342 6  3
11343 6  3
11344 6  3
11345 6  3
11346 6  3
11347 6  3
11348 6  3
11349 6  3
11350 6  3
11351 6  3
11352 6  3
11353 6  3
11354 6  3
11355 6  3
11356 6  3
11357 6  3
11358 6  3
11359 6  3
11360 6  3
11361 6  3
11362 6  3
11363 6  3
11364 6  3
11365 6  3
11366 6  3
11367 6  3
11368 6  3
11369 6  3
11370 6  3
11371 6  3
11372 6  3
11373 6  3
11374 6  3
11375 6  3
11376 6  3
11377 6  3
11378 6  3
11379 6  3
11380 6  3
11381 6  3
11382 6  3
11383 6  3
11384 6  3
11385 6  3
11386 6  3
11387 6  3
11388 6  3
11389 6  3
11390 6  3
11391 6  3
11392 6  3
11393 6  3
11394 6  3
11395 6  3
11396 6  3
11397 6  3
11398 6  3
11399 6  3
11400 6  3
11401 6  3
11402 6  3
11403 6  3
11404 6  3
11405 6  3
11406 6  3
11407 6  3
11408 6  3
11409 6  3
11410 6  3
11411 6  3
11412 6  3
11413 6  3
11414 6  3
11415 6  3
11416 6  3
11417 6  3
11418 6  3
11419 6  3
11420 6  3
11421 6  3
11422 6  3
11423 6  3
11424 6  3
11425 6  3
11426 6  3
11427 6  3
11428 6  3
11429 6  3
11430 6  3
11431 6  3
11432 6  3
11433 6  3
11434 6  3
11435 6  3
11436 6  3
11437 6  3
11438 6  3
11439 6  3
11440 6  3
11441 6  3
11442 6  3
11443 6  3
11444 6  3
11445 6  3
11446 6  3
11447 6  3
11448 6  3
11449 6  3
11450 6  3
11451 6  3
11452 6  3
11453 6  3
11454 6  3
11455 6  3
11456 6  3
11457 6  3
11458 6  3
11459 6  3
11460 6  3
11461 6  3
11462 6  3
11463 6  3
11464 6  3
11465 6  3
11466 6  3
11467 6  3
11468 6  3
11469 6  3
11470 6  3
11471 6  3
11472 6  3
11473 6  3
11474 6  3
11475 6  3
11476 6  3
11477 6  3
11478 6  3
11479 6  3
11480 6  3
11481 6  3
11482 6  3
11483 6  3
11484 6  3
11485 6  3
11486 6  3
11487 6  3
11488 6  3
11489 6  3
11490 6  3
11491 6  3
11492 6  3
11493 6  3
11494 6  3
11495 6  3
11496 6  3
11497 6  3
11498 6  3
11499 6  3
11500 6  3
11501 6  3
11502 6  3
11503 6  3
11504 6  3
11505 6  3
11506 6  3
11507 6  3
11508 6  3
11509 6  3
11510 6  3
11511 6  3
11512 6  3
11513 6  3
11514 6  3
11515 6  3
11516 6  3
11517 6  3
11518 6  3
11519 6  3
11520 6  3
11521 6  3
11522 6  3
11523 6  3
11524 6  3
11525 6  3
11526 6  3
11527 6  3
11528 6  3
11529 6  3
11530 6  3
11531 6  3
11532 6  3
11533 6  3
11534 6  3
11535 6  3
11536 6  3
11537 6  3
11538 6  3
11539 6  3
11540 6  3
11541 6  3
11542 6  3
11543 6  3
11544 6  3
11545 6  3
11546 6  3
11547 6  3
11548 6  3
11549 6  3
11550 6  3
11551 6  3
11552 6  3
11553 6  3
11554 6  3
11555 6  3
11556 6  3
11557 6  3
11558 6  3
11559 6  3
11560 6  3
11561 6  3
11562 6  3
11563 6  3
11564 6  3
11565 6  3
11566 6  3
11567 6  3
11568 6  3
11569 6  3
11570 6  3
11571 6  3
11572 6  3
11573 6  3
11574 6  3
11575 6  3
11576 6  3
11577 6  3
11578 6  3
11579 6  3
11580 6  3
11581 6  3
11582 6  3
11583 6  3
11584 6  3
11585 6  3
11586 6  3
11587 6  3
11588 6  3
11589 6  3
11590 6  3
11591 6  3
11592 6  3
11593 6  3
11594 6  3
11595 6  3
11596 6  3
11597 6  3
11598 6  3
11599 6  3
11600 6  3
11601 6  3
11602 6  3
11603 6  3
11604 6  3
11605 6  3
11606 6  3
11607 6  3
11608 6  3
11609 6  3
11610 6  3
11611 6  3
11612 6  3
11613 6  3
11614 6  3
11615 6  3
11616 6  3
11617 6  3
11618 6  3
11619 6  3
11620 6  3
11621 6  3
11622 6  3
11623 6  3
11624 6  3
11625 6  3
11626 6  3
11627 6  3
11628 6  3
11629 6  3
11630 6  3
11631 6  3
11632 6  3
11633 6  3
11634 6  3
11635 6  3
11636 6  3
11637 6  3
11638 6  3
11639 6  3
11640 6  3
11641 6  3
11642 6  3
11643 6  3
11644 6  3
11645 6  3
11646 6  3
11647 6  3
11648 6  3
11649 6  3
11650 6  3
11651 6  3
11652 6  3
11653 6  3
11654 6  3
11655 6  3
11656 6  3
11657 6  3
11658 6  3
11659 6  3
11660 6  3
11661 6  3
11662 6  3
11663 6  3
11664 6  3
11665 6  3
11666 6  3
11667 6  3
11668 6  3
11669 6  3
11670 6  3
11671 6  3
11672 6  3
11673 6  3
11674 6  3
11675 6  3
11676 6  3
11677 6  3
11678 6  3
11679 6  3
11680 6  3
11681 6  3
11682 6  3
11683 6  3
11684 6  3
11685 6  3
11686 6  3
11687 6  3
11688 6  3
11689 6  3
11690 6  3
11691 6  3
11692 6  3
11693 6  3
11694 6  3
11695 6  3
11696 6  3
11697 6  3
11698 6  3
11699 6  3
11700 6  3
11701 6  3
11702 6  3
11703 6  3
11704 6  3
11705 6  3
11706 6  3
11707 6  3
11708 6  3
11709 6  3
11710 6  3
11711 6  3
11712 6  3
11713 6  3
11714 6  3
11715 6  3
11716 6  3
11717 6  3
11718 6  3
11719 6  3
11720 6  3
11721 6  3
11722 6  3
11723 6  3
11724 6  3
11725 6  3
11726 6  3
11727 6  3
11728 6  3
11729 6  3
11730 6  3
11731 6  3
11732 6  3
11733 6  3
11734 6  3
11735 6  3
11736 6  3
11737 6  3
11738 6  3
11739 6  3
11740 6  3
11741 6  3
11742 6  3
11743 6  3
11744 6  3
11745 6  3
11746 6  3
11747 6  3
11748 6  3
11749 6  3
11750 6  3
11751 6  3
11752 6  3
11753 6  3
11754 6  3
11755 6  3
11756 6  3
11757 6  3
11758 6  3
11759 6  3
11760 6  3
11761 6  3
11762 6  3
11763 6  3
11764 6  3
11765 6  3
11766 6  3
11767 6  3
11768 6  3
11769 6  3
11770 6  3
11771 6  3
11772 6  3
11773 6  3
11774 6  3
11775 6  3
11776 6  3
11777 6  3
11778 6  3
11779 6  3
11780 6  3
11781 6  3
11782 6  3
11783 6  3
11784 6  3
11785 6  3
11786 6  3
11787 6  3
11788 6  3
11789 6  3
11790 6  3
11791 6  3
11792 6  3
11793 6  3
11794 6  3
11795 6  3
11796 6  3
11797 6  3
11798 6  3
11799 6  3
11800 6  3
11801 6  3
11802 6  3
11803 6  3
11804 6  3
11805 6  3
11806 6  3
11807 6  3
11808 6  3
11809 6  3
11810 6  3
11811 6  3
11812 6  3
11813 6  3
11814 6  3
11815 6  3
11816 6  3
11817 6  3
11818 6  3
11819 6  3
11820 6  3
11821 6  3
11822 6  3
11823 6  3
11824 6  3
11825 6  3
11826 6  3
11827 6  3
11828 6  3
11829 6  3
11830 6  3
11831 6  3
11832 6  3
11833 6  3
11834 6  3
11835 6  3
11836 6  3
11837 6  3
11838 6  3
11839 6  3
11840 6  3
11841 6  3
11842 6  3
11843 6  3
11844 6  3
11845 6  3
11846 6  3
11847 6  3
11848 6  3
11849 6  3
11850 6  3
11851 6  3
11852 6  3
11853 6  3
11854 6  3
11855 6  3
11856 6  3
11857 6  3
11858 6  3
11859 6  3
11860 6  3
11861 6  3
11862 6  3
11863 6  3
11864 6  3
11865 6  3
11866 6  3
11867 6  3
11868 6  3
11869 6  3
11870 6  3
11871 6  3
11872 6  3
11873 6  3
11874 6  3
11875 6  3
11876 6  3
11877 6  3
11878 6  3
11879 6  3
11880 6  3
11881 6  3
11882 6  3
11883 6  3
11884 6  3
11885 6  3
11886 6  3
11887 6  3
11888 6  3
11889 6  3
11890 6  3
11891 6  3
11892 6  3
11893 6  3
11894 6  3
11895 6  3
11896 6  3
11897 6  3
11898 6  3
11899 6  3
11900 6  3
11901 6  3
11902 6  3
11903 6  3
11904 6  3
11905 6  3
11906 6  3
11907 6  3
11908 6  3
11909 6  3
11910 6  3
11911 6  3
11912 6  3
11913 6  3
11914 6  3
11915 6  3
11916 6  3
11917 6  3
11918 6  3
11919 6  3
11920 6  3
11921 6  3
11922 6  3
11923 6  3
11924 6  3
11925 6  3
11926 6  3
11927 6  3
11928 6  3
11929 6  3
11930 6  3
11931 6  3
11932 6  3
11933 6  3
11934 6  3
11935 6  3
11936 6  3
11937 6  3
11938 6  3
11939 6  3
11940 6  3
11941 6  3
11942 6  3
11943 6  3
11944 6  3
11945 6  3
11946 6  3
11947 6  3
11948 6  3
11949 6  3
11950 6  3
11951 6  3
11952 6  3
11953 6  3
11954 6  3
11955 6  3
11956 6  3
11957 6  3
11958 6  3
11959 6  3
11960 6  3
11961 6  3
11962 6  3
11963 6  3
11964 6  3
11965 6  3
11966 6  3
11967 6  3
11968 6  3
11969 6  3
11970 6  3
11971 6  3
11972 6  3
11973 6  3
11974 6  3
11975 6  3
11976 6  3
11977 6  3
11978 6  3
11979 6  3
11980 6  3
11981 6  3
11982 6  3
11983 6  3
11984 6  3
11985 6  3
11986 6  3
11987 6  3
11988 6  3
11989 6  3
11990 6  3
11991 6  3
11992 6  3
11993 6  3
11994 6  3
11995 6  3
11996 6  3
11997 6  3
11998 6  3
11999 6  3
12000 6  3
12001 6  3
12002 6  3
12003 6  3
12004 6  3
12005 6  3
12006 6  3
12007 6  3
12008 6  3
12009 6  3
12010 6  3
12011 6  3
12012 6  3
12013 6  3
12014 6  3
12015 6  3
12016 6  3
12017 6  3
12018 6  3
12019 6  3
12020 6  3
12021 6  3
12022 6  3
12023 6  3
12024 6  3
12025 6  3
12026 6  3
12027 6  3
12028 6  3
12029 6  3
12030 6  3
12031 6  3
12032 6  3
12033 6  3
12034 6  3
12035 6  3
12036 6  3
12037 6  3
12038 6  3
12039 6  3
12040 6  3
12041 6  3
12042 6  3
12043 6  3
12044 6  3
12045 6  3
12046 6  3
12047 6  3
12048 6  3
12049 6  3
12050 6  3
12051 6  3
12052 6  3
12053 6  3
12054 6  3
12055 6  3
12056 6  3
12057 6  3
12058 6  3
12059 6  3
12060 6  3
12061 6  3
12062 6  3
12063 6  3
12064 6  3
12065 6  3
12066 6  3
12067 6  3
12068 6  3
12069 6  3
12070 6  3
12071 6  3
12072 6  3
12073 6  3
12074 6  3
12075 6  3
12076 6  3
12077 6  3
12078 6  3
12079 6  3
12080 6  3
12081 6  3
12082 6  3
12083 6  3
12084 6  3
12085 6  3
12086 6  3
12087 6  3
12088 6  3
12089 6  3
12090 6  3
12091 6  3
12092 6  3
12093 6  3
12094 6  3
12095 6  3
12096 6  3
12097 6  3
12098 6  3
12099 6  3
12100 6  3
12101 6  3
12102 6  3
12103 6  3
12104 6  3
12105 6  3
12106 6  3
12107 6  3
12108 6  3
12109 6  3
12110 6  3
12111 6  3
12112 6  3
12113 6  3
12114 6  3
12115 6  3
12116 6  3
12117 6  3
12118 6  3
12119 6  3
12120 6  3
12121 6  3
12122 6  3
12123 6  3
12124 6  3
12125 6  3
12126 6  3
12127 6  3
12128 6  3
12129 6  3
12130 6  3
12131 6  3
12132 6  3
12133 6  3
12134 6  3
12135 6  3
12136 6  3
12137 6  3
12138 6  3
12139 6  3
12140 6  3
12141 6  3
12142 6  3
12143 6  3
12144 6  3
12145 6  3
12146 6  3
12147 6  3
12148 6  3
12149 6  3
12150 6  3
12151 6  3
12152 6  3
12153 6  3
12154 6  3
12155 6  3
12156 6  3
12157 6  3
12158 6  3
12159 6  3
12160 6  3
12161 6  3
12162 6  3
12163 6  3
12164 6  3
12165 6  3
12166 6  3
12167 6  3
12168 6  3
12169 6  3
12170 6  3
12171 6  3
12172 6  3
12173 6  3
12174 6  3
12175 6  3
12176 6  3
12177 6  3
12178 6  3
12179 6  3
12180 6  3
12181 6  3
12182 6  3
12183 6  3
12184 6  3
12185 6  3
12186 6  3
12187 6  3
12188 6  3
12189 6  3
12190 6  3
12191 6  3
12192 6  3
12193 6  3
12194 6  3
12195 6  3
12196 6  3
12197 6  3
12198 6  3
12199 6  3
12200 6  3
12201 6  3
12202 6  3
12203 6  3
12204 6  3
12205 6  3
12206 6  3
12207 6  3
12208 6  3
12209 6  3
12210 6  3
12211 6  3
12212 6  3
12213 6  3
12214 6  3
12215 6  3
12216 6  3
12217 6  3
12218 6  3
12219 6  3
12220 6  3
12221 6  3
12222 6  3
12223 6  3
12224 6  3
12225 6  3
12226 6  3
12227 6  3
12228 6  3
12229 6  3
12230 6  3
12231 6  3
12232 6  3
12233 6  3
12234 6  3
12235 6  3
12236 6  3
12237 6  3
12238 6  3
12239 6  3
12240 6  3
12241 6  3
12242 6  3
12243 6  3
12244 6  3
12245 6  3
12246 6  3
12247 6  3
12248 6  3
12249 6  3
12250 6  3
12251 6  3
12252 6  3
12253 6  3
12254 6  3
12255 6  3
12256 6  3
12257 6  3
12258 6  3
12259 6  3
12260 6  3
12261 6  3
12262 6  3
12263 6  3
12264 6  3
12265 6  3
12266 6  3
12267 6  3
12268 6  3
12269 6  3
12270 6  3
12271 6  3
12272 6  3
12273 6  3
12274 6  3
12275 6  3
12276 6  3
12277 6  3
12278 6  3
12279 6  3
12280 6  3
12281 6  3
12282 6  3
12283 6  3
12284 6  3
12285 6  3
12286 6  3
12287 6  3
12288 6  3
12289 6  3
12290 6  3
12291 6  3
12292 6  3
12293 6  3
12294 6  3
12295 6  3
12296 6  3
12297 6  3
12298 6  3
12299 6  3
12300 6  3
12301 6  3
12302 6  3
12303 6  3
12304 6  3
12305 6  3
12306 6  3
12307 6  3
12308 6  3
12309 6  3
12310 6  3
12311 6  3
12312 6  3
12313 6  3
12314 6  3
12315 6  3
12316 6  3
12317 6  3
12318 6  3
12319 6  3
12320 6  3
12321 6  3
12322 6  3
12323 6  3
12324 6  3
12325 6  3
12326 6  3
12327 6  3
12328 6  3
12329 6  3
12330 6  3
12331 6  3
12332 6  3
12333 6  3
12334 6  3
12335 6  3
12336 6  3
12337 6  3
12338 6  3
12339 6  3
12340 6  3
12341 6  3
12342 6  3
12343 6  3
12344 6  3
12345 6  3
12346 6  3
12347 6  3
12348 6  3
12349 6  3
12350 6  3
12351 6  3
12352 6  3
12353 6  3
12354 6  3
12355 6  3
12356 6  3
12357 6  3
12358 6  3
12359 6  3
12360 6  3
12361 6  3
12362 6  3
12363 6  3
12364 6  3
12365 6  3
12366 6  3
12367 6  3
12368 6  3
12369 6  3
12370 6  3
12371 6  3
12372 6  3
12373 6  3
12374 6  3
12375 6  3
12376 6  3
12377 6  3
12378 6  3
12379 6  3
12380 6  3
12381 6  3
12382 6  3
12383 6  3
12384 6  3
12385 6  3
12386 6  3
12387 6  3
12388 6  3
12389 6  3
12390 6  3
12391 6  3
12392 6  3
12393 6  3
12394 6  3
12395 6  3
12396 6  3
12397 6  3
12398 6  3
12399 6  3
12400 6  3
12401 6  3
12402 6  3
12403 6  3
12404 6  3
12405 6  3
12406 6  3
12407 6  3
12408 6  3
12409 6  3
12410 6  3
12411 6  3
12412 6  3
12413 6  3
12414 6  3
12415 6  3
12416 6  3
12417 6  3
12418 6  3
12419 6  3
12420 6  3
12421 6  3
12422 6  3
12423 6  3
12424 6  3
12425 6  3
12426 6  3
12427 6  3
12428 6  3
12429 6  3
12430 6  3
12431 6  3
12432 6  3
12433 6  3
12434 6  3
12435 6  3
12436 6  3
12437 6  3
12438 6  3
12439 6  3
12440 6  3
12441 6  3
12442 6  3
12443 6  3
12444 6  3
12445 6  3
12446 6  3
12447 6  3
12448 6  3
12449 6  3
12450 6  3
12451 6  3
12452 6  3
12453 6  3
12454 6  3
12455 6  3
12456 6  3
