2000
705 4
725 4
745 4
765 4
785 4
805 4
825 4
845 4
865 4
881 4
897 4
913 4
929 4
945 4
961 4
977 4
993 4
1009 4
1025 4
1041 4
1057 4
1073 4
1089 4
1105 4
1121 4
1137 4
1153 4
1169 4
1185 4
1201 4
1217 4
1233 4
1249 4
1269 4
1289 4
1309 4
1329 4
1349 4
1369 4
1389 4
1 4
21 4
41 4
61 4
81 4
101 4
121 4
141 4
161 4
177 4
193 4
209 4
225 4
241 4
257 4
273 4
289 4
305 4
321 4
337 4
353 4
369 4
385 4
401 4
417 4
433 4
449 4
465 4
481 4
497 4
513 4
529 4
545 4
565 4
585 4
605 4
625 4
645 4
665 4
685 4
10449 6
10441 6
10433 6
10425 6
10417 6
10409 6
10401 6
10393 6
10385 6
10377 6
10369 6
10361 6
10353 6
10345 6
10337 6
10329 6
10321 6
10313 6
10305 6
10297 6
10289 6
10281 6
10273 6
10265 6
10257 6
10249 6
10241 6
10233 6
10225 6
10217 6
10209 6
10201 6
10193 6
10185 6
10177 6
10169 6
10161 6
10153 6
10145 6
10137 6
10450 6
10442 6
10434 6
10426 6
10418 6
10410 6
10402 6
10394 6
10386 6
10378 6
10370 6
10362 6
10354 6
10346 6
10338 6
10330 6
10322 6
10314 6
10306 6
10298 6
10290 6
10282 6
10274 6
10266 6
10258 6
10250 6
10242 6
10234 6
10226 6
10218 6
10210 6
10202 6
10194 6
10186 6
10178 6
10170 6
10162 6
10154 6
10146 6
10138 6
10451 6
10443 6
10435 6
10427 6
10419 6
10411 6
10403 6
10395 6
10387 6
10379 6
10371 6
10363 6
10355 6
10347 6
10339 6
10331 6
10323 6
10315 6
10307 6
10299 6
10291 6
10283 6
10275 6
10267 6
10259 6
10251 6
10243 6
10235 6
10227 6
10219 6
10211 6
10203 6
10195 6
10187 6
10179 6
10171 6
10163 6
10155 6
10147 6
10139 6
10452 6
10444 6
10436 6
10428 6
10420 6
10412 6
10404 6
10396 6
10388 6
10380 6
10372 6
10364 6
10356 6
10348 6
10340 6
10332 6
10324 6
10316 6
10308 6
10300 6
10292 6
10284 6
10276 6
10268 6
10260 6
10252 6
10244 6
10236 6
10228 6
10220 6
10212 6
10204 6
10196 6
10188 6
10180 6
10172 6
10164 6
10156 6
10148 6
10140 6
10453 6
10445 6
10437 6
10429 6
10421 6
10413 6
10405 6
10397 6
10389 6
10381 6
10373 6
10365 6
10357 6
10349 6
10341 6
10333 6
10325 6
10317 6
10309 6
10301 6
10293 6
10285 6
10277 6
10269 6
10261 6
10253 6
10245 6
10237 6
10229 6
10221 6
10213 6
10205 6
10197 6
10189 6
10181 6
10173 6
10165 6
10157 6
10149 6
10141 6
10454 6
10446 6
10438 6
10430 6
10422 6
10414 6
10406 6
10398 6
10390 6
10382 6
10374 6
10366 6
10358 6
10350 6
10342 6
10334 6
10326 6
10318 6
10310 6
10302 6
10294 6
10286 6
10278 6
10270 6
10262 6
10254 6
10246 6
10238 6
10230 6
10222 6
10214 6
10206 6
10198 6
10190 6
10182 6
10174 6
10166 6
10158 6
10150 6
10142 6
10455 6
10447 6
10439 6
10431 6
10423 6
10415 6
10407 6
10399 6
10391 6
10383 6
10375 6
10367 6
10359 6
10351 6
10343 6
10335 6
10327 6
10319 6
10311 6
10303 6
10295 6
10287 6
10279 6
10271 6
10263 6
10255 6
10247 6
10239 6
10231 6
10223 6
10215 6
10207 6
10199 6
10191 6
10183 6
10175 6
10167 6
10159 6
10151 6
10143 6
10456 6
10448 6
10440 6
10432 6
10424 6
10416 6
10408 6
10400 6
10392 6
10384 6
10376 6
10368 6
10360 6
10352 6
10344 6
10336 6
10328 6
10320 6
10312 6
10304 6
10296 6
10288 6
10280 6
10272 6
10264 6
10256 6
10248 6
10240 6
10232 6
10224 6
10216 6
10208 6
10200 6
10192 6
10184 6
10176 6
10168 6
10160 6
10152 6
10144 6
1389 3
1390 3
1391 3
1392 3
1393 3
1394 3
1395 3
1396 3
1397 3
1398 3
1399 3
1400 3
1401 3
1402 3
1403 3
1404 3
1405 3
1406 3
1407 3
1408 3
685 3
686 3
687 3
688 3
689 3
690 3
691 3
692 3
693 3
694 3
695 3
696 3
697 3
698 3
699 3
700 3
701 3
702 3
703 3
704 3
4369 3
4689 3
5009 3
5329 3
5649 3
5969 3
6289 3
6609 3
6929 3
7249 3
7569 3
7889 3
8209 3
8529 3
8849 3
9169 3
9489 3
9809 3
10129 3
10449 3
4370 3
4690 3
5010 3
5330 3
5650 3
5970 3
6290 3
6610 3
6930 3
7250 3
7570 3
7890 3
8210 3
8530 3
8850 3
9170 3
9490 3
9810 3
10130 3
10450 3
4371 3
4691 3
5011 3
5331 3
5651 3
5971 3
6291 3
6611 3
6931 3
7251 3
7571 3
7891 3
8211 3
8531 3
8851 3
9171 3
9491 3
9811 3
10131 3
10451 3
4372 3
4692 3
5012 3
5332 3
5652 3
5972 3
6292 3
6612 3
6932 3
7252 3
7572 3
7892 3
8212 3
8532 3
8852 3
9172 3
9492 3
9812 3
10132 3
10452 3
4373 3
4693 3
5013 3
5333 3
5653 3
5973 3
6293 3
6613 3
6933 3
7253 3
7573 3
7893 3
8213 3
8533 3
8853 3
9173 3
9493 3
9813 3
10133 3
10453 3
4374 3
4694 3
5014 3
5334 3
5654 3
5974 3
6294 3
6614 3
6934 3
7254 3
7574 3
7894 3
8214 3
8534 3
8854 3
9174 3
9494 3
9814 3
10134 3
10454 3
4375 3
4695 3
5015 3
5335 3
5655 3
5975 3
6295 3
6615 3
6935 3
7255 3
7575 3
7895 3
8215 3
8535 3
8855 3
9175 3
9495 3
9815 3
10135 3
10455 3
4376 3
4696 3
5016 3
5336 3
5656 3
5976 3
6296 3
6616 3
6936 3
7256 3
7576 3
7896 3
8216 3
8536 3
8856 3
9176 3
9496 3
9816 3
10136 3
10456 3
1408 2
1388 2
1368 2
1348 2
1328 2
1308 2
1288 2
1268 2
1248 2
1232 2
1216 2
1200 2
1184 2
1168 2
1152 2
1136 2
1120 2
1104 2
1088 2
1072 2
1056 2
1040 2
1024 2
1008 2
992 2
976 2
960 2
944 2
928 2
912 2
896 2
880 2
864 2
844 2
824 2
804 2
784 2
764 2
744 2
724 2
704 2
684 2
664 2
644 2
624 2
604 2
584 2
564 2
544 2
528 2
512 2
496 2
480 2
464 2
448 2
432 2
416 2
400 2
384 2
368 2
352 2
336 2
320 2
304 2
288 2
272 2
256 2
240 2
224 2
208 2
192 2
176 2
160 2
140 2
120 2
100 2
80 2
60 2
40 2
20 2
4057 5
4065 5
4073 5
4081 5
4089 5
4097 5
4105 5
4113 5
4121 5
4129 5
4137 5
4145 5
4153 5
4161 5
4169 5
4177 5
4185 5
4193 5
4201 5
4209 5
4217 5
4225 5
4233 5
4241 5
4249 5
4257 5
4265 5
4273 5
4281 5
4289 5
4297 5
4305 5
4313 5
4321 5
4329 5
4337 5
4345 5
4353 5
4361 5
4369 5
4058 5
4066 5
4074 5
4082 5
4090 5
4098 5
4106 5
4114 5
4122 5
4130 5
4138 5
4146 5
4154 5
4162 5
4170 5
4178 5
4186 5
4194 5
4202 5
4210 5
4218 5
4226 5
4234 5
4242 5
4250 5
4258 5
4266 5
4274 5
4282 5
4290 5
4298 5
4306 5
4314 5
4322 5
4330 5
4338 5
4346 5
4354 5
4362 5
4370 5
4059 5
4067 5
4075 5
4083 5
4091 5
4099 5
4107 5
4115 5
4123 5
4131 5
4139 5
4147 5
4155 5
4163 5
4171 5
4179 5
4187 5
4195 5
4203 5
4211 5
4219 5
4227 5
4235 5
4243 5
4251 5
4259 5
4267 5
4275 5
4283 5
4291 5
4299 5
4307 5
4315 5
4323 5
4331 5
4339 5
4347 5
4355 5
4363 5
4371 5
4060 5
4068 5
4076 5
4084 5
4092 5
4100 5
4108 5
4116 5
4124 5
4132 5
4140 5
4148 5
4156 5
4164 5
4172 5
4180 5
4188 5
4196 5
4204 5
4212 5
4220 5
4228 5
4236 5
4244 5
4252 5
4260 5
4268 5
4276 5
4284 5
4292 5
4300 5
4308 5
4316 5
4324 5
4332 5
4340 5
4348 5
4356 5
4364 5
4372 5
4061 5
4069 5
4077 5
4085 5
4093 5
4101 5
4109 5
4117 5
4125 5
4133 5
4141 5
4149 5
4157 5
4165 5
4173 5
4181 5
4189 5
4197 5
4205 5
4213 5
4221 5
4229 5
4237 5
4245 5
4253 5
4261 5
4269 5
4277 5
4285 5
4293 5
4301 5
4309 5
4317 5
4325 5
4333 5
4341 5
4349 5
4357 5
4365 5
4373 5
4062 5
4070 5
4078 5
4086 5
4094 5
4102 5
4110 5
4118 5
4126 5
4134 5
4142 5
4150 5
4158 5
4166 5
4174 5
4182 5
4190 5
4198 5
4206 5
4214 5
4222 5
4230 5
4238 5
4246 5
4254 5
4262 5
4270 5
4278 5
4286 5
4294 5
4302 5
4310 5
4318 5
4326 5
4334 5
4342 5
4350 5
4358 5
4366 5
4374 5
4063 5
4071 5
4079 5
4087 5
4095 5
4103 5
4111 5
4119 5
4127 5
4135 5
4143 5
4151 5
4159 5
4167 5
4175 5
4183 5
4191 5
4199 5
4207 5
4215 5
4223 5
4231 5
4239 5
4247 5
4255 5
4263 5
4271 5
4279 5
4287 5
4295 5
4303 5
4311 5
4319 5
4327 5
4335 5
4343 5
4351 5
4359 5
4367 5
4375 5
4064 5
4072 5
4080 5
4088 5
4096 5
4104 5
4112 5
4120 5
4128 5
4136 5
4144 5
4152 5
4160 5
4168 5
4176 5
4184 5
4192 5
4200 5
4208 5
4216 5
4224 5
4232 5
4240 5
4248 5
4256 5
4264 5
4272 5
4280 5
4288 5
4296 5
4304 5
4312 5
4320 5
4328 5
4336 5
4344 5
4352 5
4360 5
4368 5
4376 5
724 1
723 1
722 1
721 1
720 1
719 1
718 1
717 1
716 1
715 1
714 1
713 1
712 1
711 1
710 1
709 1
708 1
707 1
706 1
705 1
20 1
19 1
18 1
17 1
16 1
15 1
14 1
13 1
12 1
11 1
10 1
9 1
8 1
7 1
6 1
5 1
4 1
3 1
2 1
1 1
10137 1
9817 1
9497 1
9177 1
8857 1
8537 1
8217 1
7897 1
7577 1
7257 1
6937 1
6617 1
6297 1
5977 1
5657 1
5337 1
5017 1
4697 1
4377 1
4057 1
10138 1
9818 1
9498 1
9178 1
8858 1
8538 1
8218 1
7898 1
7578 1
7258 1
6938 1
6618 1
6298 1
5978 1
5658 1
5338 1
5018 1
4698 1
4378 1
4058 1
10139 1
9819 1
9499 1
9179 1
8859 1
8539 1
8219 1
7899 1
7579 1
7259 1
6939 1
6619 1
6299 1
5979 1
5659 1
5339 1
5019 1
4699 1
4379 1
4059 1
10140 1
9820 1
9500 1
9180 1
8860 1
8540 1
8220 1
7900 1
7580 1
7260 1
6940 1
6620 1
6300 1
5980 1
5660 1
5340 1
5020 1
4700 1
4380 1
4060 1
10141 1
9821 1
9501 1
9181 1
8861 1
8541 1
8221 1
7901 1
7581 1
7261 1
6941 1
6621 1
6301 1
5981 1
5661 1
5341 1
5021 1
4701 1
4381 1
4061 1
10142 1
9822 1
9502 1
9182 1
8862 1
8542 1
8222 1
7902 1
7582 1
7262 1
6942 1
6622 1
6302 1
5982 1
5662 1
5342 1
5022 1
4702 1
4382 1
4062 1
10143 1
9823 1
9503 1
9183 1
8863 1
8543 1
8223 1
7903 1
7583 1
7263 1
6943 1
6623 1
6303 1
5983 1
5663 1
5343 1
5023 1
4703 1
4383 1
4063 1
10144 1
9824 1
9504 1
9184 1
8864 1
8544 1
8224 1
7904 1
7584 1
7264 1
6944 1
6624 1
6304 1
5984 1
5664 1
5344 1
5024 1
4704 1
4384 1
4064 1
4376 2
4696 2
5016 2
5336 2
5656 2
5976 2
6296 2
6616 2
6936 2
7256 2
7576 2
7896 2
8216 2
8536 2
8856 2
9176 2
9496 2
9816 2
10136 2
10456 2
4368 2
4688 2
5008 2
5328 2
5648 2
5968 2
6288 2
6608 2
6928 2
7248 2
7568 2
7888 2
8208 2
8528 2
8848 2
9168 2
9488 2
9808 2
10128 2
10448 2
4360 2
4680 2
5000 2
5320 2
5640 2
5960 2
6280 2
6600 2
6920 2
7240 2
7560 2
7880 2
8200 2
8520 2
8840 2
9160 2
9480 2
9800 2
10120 2
10440 2
4352 2
4672 2
4992 2
5312 2
5632 2
5952 2
6272 2
6592 2
6912 2
7232 2
7552 2
7872 2
8192 2
8512 2
8832 2
9152 2
9472 2
9792 2
10112 2
10432 2
4344 2
4664 2
4984 2
5304 2
5624 2
5944 2
6264 2
6584 2
6904 2
7224 2
7544 2
7864 2
8184 2
8504 2
8824 2
9144 2
9464 2
9784 2
10104 2
10424 2
4336 2
4656 2
4976 2
5296 2
5616 2
5936 2
6256 2
6576 2
6896 2
7216 2
7536 2
7856 2
8176 2
8496 2
8816 2
9136 2
9456 2
9776 2
10096 2
10416 2
4328 2
4648 2
4968 2
5288 2
5608 2
5928 2
6248 2
6568 2
6888 2
7208 2
7528 2
7848 2
8168 2
8488 2
8808 2
9128 2
9448 2
9768 2
10088 2
10408 2
4320 2
4640 2
4960 2
5280 2
5600 2
5920 2
6240 2
6560 2
6880 2
7200 2
7520 2
7840 2
8160 2
8480 2
8800 2
9120 2
9440 2
9760 2
10080 2
10400 2
4312 2
4632 2
4952 2
5272 2
5592 2
5912 2
6232 2
6552 2
6872 2
7192 2
7512 2
7832 2
8152 2
8472 2
8792 2
9112 2
9432 2
9752 2
10072 2
10392 2
4304 2
4624 2
4944 2
5264 2
5584 2
5904 2
6224 2
6544 2
6864 2
7184 2
7504 2
7824 2
8144 2
8464 2
8784 2
9104 2
9424 2
9744 2
10064 2
10384 2
4296 2
4616 2
4936 2
5256 2
5576 2
5896 2
6216 2
6536 2
6856 2
7176 2
7496 2
7816 2
8136 2
8456 2
8776 2
9096 2
9416 2
9736 2
10056 2
10376 2
4288 2
4608 2
4928 2
5248 2
5568 2
5888 2
6208 2
6528 2
6848 2
7168 2
7488 2
7808 2
8128 2
8448 2
8768 2
9088 2
9408 2
9728 2
10048 2
10368 2
4280 2
4600 2
4920 2
5240 2
5560 2
5880 2
6200 2
6520 2
6840 2
7160 2
7480 2
7800 2
8120 2
8440 2
8760 2
9080 2
9400 2
9720 2
10040 2
10360 2
4272 2
4592 2
4912 2
5232 2
5552 2
5872 2
6192 2
6512 2
6832 2
7152 2
7472 2
7792 2
8112 2
8432 2
8752 2
9072 2
9392 2
9712 2
10032 2
10352 2
4264 2
4584 2
4904 2
5224 2
5544 2
5864 2
6184 2
6504 2
6824 2
7144 2
7464 2
7784 2
8104 2
8424 2
8744 2
9064 2
9384 2
9704 2
10024 2
10344 2
4256 2
4576 2
4896 2
5216 2
5536 2
5856 2
6176 2
6496 2
6816 2
7136 2
7456 2
7776 2
8096 2
8416 2
8736 2
9056 2
9376 2
9696 2
10016 2
10336 2
4248 2
4568 2
4888 2
5208 2
5528 2
5848 2
6168 2
6488 2
6808 2
7128 2
7448 2
7768 2
8088 2
8408 2
8728 2
9048 2
9368 2
9688 2
10008 2
10328 2
4240 2
4560 2
4880 2
5200 2
5520 2
5840 2
6160 2
6480 2
6800 2
7120 2
7440 2
7760 2
8080 2
8400 2
8720 2
9040 2
9360 2
9680 2
10000 2
10320 2
4232 2
4552 2
4872 2
5192 2
5512 2
5832 2
6152 2
6472 2
6792 2
7112 2
7432 2
7752 2
8072 2
8392 2
8712 2
9032 2
9352 2
9672 2
9992 2
10312 2
4224 2
4544 2
4864 2
5184 2
5504 2
5824 2
6144 2
6464 2
6784 2
7104 2
7424 2
7744 2
8064 2
8384 2
8704 2
9024 2
9344 2
9664 2
9984 2
10304 2
4216 2
4536 2
4856 2
5176 2
5496 2
5816 2
6136 2
6456 2
6776 2
7096 2
7416 2
7736 2
8056 2
8376 2
8696 2
9016 2
9336 2
9656 2
9976 2
10296 2
4208 2
4528 2
4848 2
5168 2
5488 2
5808 2
6128 2
6448 2
6768 2
7088 2
7408 2
7728 2
8048 2
8368 2
8688 2
9008 2
9328 2
9648 2
9968 2
10288 2
4200 2
4520 2
4840 2
5160 2
5480 2
5800 2
6120 2
6440 2
6760 2
7080 2
7400 2
7720 2
8040 2
8360 2
8680 2
9000 2
9320 2
9640 2
9960 2
10280 2
4192 2
4512 2
4832 2
5152 2
5472 2
5792 2
6112 2
6432 2
6752 2
7072 2
7392 2
7712 2
8032 2
8352 2
8672 2
8992 2
9312 2
9632 2
9952 2
10272 2
4184 2
4504 2
4824 2
5144 2
5464 2
5784 2
6104 2
6424 2
6744 2
7064 2
7384 2
7704 2
8024 2
8344 2
8664 2
8984 2
9304 2
9624 2
9944 2
10264 2
4176 2
4496 2
4816 2
5136 2
5456 2
5776 2
6096 2
6416 2
6736 2
7056 2
7376 2
7696 2
8016 2
8336 2
8656 2
8976 2
9296 2
9616 2
9936 2
10256 2
4168 2
4488 2
4808 2
5128 2
5448 2
5768 2
6088 2
6408 2
6728 2
7048 2
7368 2
7688 2
8008 2
8328 2
8648 2
8968 2
9288 2
9608 2
9928 2
10248 2
4160 2
4480 2
4800 2
5120 2
5440 2
5760 2
6080 2
6400 2
6720 2
7040 2
7360 2
7680 2
8000 2
8320 2
8640 2
8960 2
9280 2
9600 2
9920 2
10240 2
4152 2
4472 2
4792 2
5112 2
5432 2
5752 2
6072 2
6392 2
6712 2
7032 2
7352 2
7672 2
7992 2
8312 2
8632 2
8952 2
9272 2
9592 2
9912 2
10232 2
4144 2
4464 2
4784 2
5104 2
5424 2
5744 2
6064 2
6384 2
6704 2
7024 2
7344 2
7664 2
7984 2
8304 2
8624 2
8944 2
9264 2
9584 2
9904 2
10224 2
4136 2
4456 2
4776 2
5096 2
5416 2
5736 2
6056 2
6376 2
6696 2
7016 2
7336 2
7656 2
7976 2
8296 2
8616 2
8936 2
9256 2
9576 2
9896 2
10216 2
4128 2
4448 2
4768 2
5088 2
5408 2
5728 2
6048 2
6368 2
6688 2
7008 2
7328 2
7648 2
7968 2
8288 2
8608 2
8928 2
9248 2
9568 2
9888 2
10208 2
4120 2
4440 2
4760 2
5080 2
5400 2
5720 2
6040 2
6360 2
6680 2
7000 2
7320 2
7640 2
7960 2
8280 2
8600 2
8920 2
9240 2
9560 2
9880 2
10200 2
4112 2
4432 2
4752 2
5072 2
5392 2
5712 2
6032 2
6352 2
6672 2
6992 2
7312 2
7632 2
7952 2
8272 2
8592 2
8912 2
9232 2
9552 2
9872 2
10192 2
4104 2
4424 2
4744 2
5064 2
5384 2
5704 2
6024 2
6344 2
6664 2
6984 2
7304 2
7624 2
7944 2
8264 2
8584 2
8904 2
9224 2
9544 2
9864 2
10184 2
4096 2
4416 2
4736 2
5056 2
5376 2
5696 2
6016 2
6336 2
6656 2
6976 2
7296 2
7616 2
7936 2
8256 2
8576 2
8896 2
9216 2
9536 2
9856 2
10176 2
4088 2
4408 2
4728 2
5048 2
5368 2
5688 2
6008 2
6328 2
6648 2
6968 2
7288 2
7608 2
7928 2
8248 2
8568 2
8888 2
9208 2
9528 2
9848 2
10168 2
4080 2
4400 2
4720 2
5040 2
5360 2
5680 2
6000 2
6320 2
6640 2
6960 2
7280 2
7600 2
7920 2
8240 2
8560 2
8880 2
9200 2
9520 2
9840 2
10160 2
4072 2
4392 2
4712 2
5032 2
5352 2
5672 2
5992 2
6312 2
6632 2
6952 2
7272 2
7592 2
7912 2
8232 2
8552 2
8872 2
9192 2
9512 2
9832 2
10152 2
4064 2
4384 2
4704 2
5024 2
5344 2
5664 2
5984 2
6304 2
6624 2
6944 2
7264 2
7584 2
7904 2
8224 2
8544 2
8864 2
9184 2
9504 2
9824 2
10144 2
