2 0.0
400
1050 1
1049 1
1048 1
1047 1
1046 1
1045 1
1044 1
1043 1
1042 1
1041 1
970 1
969 1
968 1
967 1
966 1
965 1
964 1
963 1
962 1
961 1
890 1
889 1
888 1
887 1
886 1
885 1
884 1
883 1
882 1
881 1
810 1
809 1
808 1
807 1
806 1
805 1
804 1
803 1
802 1
801 1
730 1
729 1
728 1
727 1
726 1
725 1
724 1
723 1
722 1
721 1
650 1
649 1
648 1
647 1
646 1
645 1
644 1
643 1
642 1
641 1
570 1
569 1
568 1
567 1
566 1
565 1
564 1
563 1
562 1
561 1
490 1
489 1
488 1
487 1
486 1
485 1
484 1
483 1
482 1
481 1
1690 1
1689 1
1688 1
1687 1
1686 1
1685 1
1684 1
1683 1
1682 1
1681 1
1610 1
1609 1
1608 1
1607 1
1606 1
1605 1
1604 1
1603 1
1602 1
1601 1
1530 1
1529 1
1528 1
1527 1
1526 1
1525 1
1524 1
1523 1
1522 1
1521 1
1450 1
1449 1
1448 1
1447 1
1446 1
1445 1
1444 1
1443 1
1442 1
1441 1
1370 1
1369 1
1368 1
1367 1
1366 1
1365 1
1364 1
1363 1
1362 1
1361 1
1290 1
1289 1
1288 1
1287 1
1286 1
1285 1
1284 1
1283 1
1282 1
1281 1
1210 1
1209 1
1208 1
1207 1
1206 1
1205 1
1204 1
1203 1
1202 1
1201 1
1130 1
1129 1
1128 1
1127 1
1126 1
1125 1
1124 1
1123 1
1122 1
1121 1
2616 2
2584 2
2552 2
2520 2
2488 2
2456 2
2424 2
2392 2
2360 2
2328 2
2624 2
2592 2
2560 2
2528 2
2496 2
2464 2
2432 2
2400 2
2368 2
2336 2
2632 2
2600 2
2568 2
2536 2
2504 2
2472 2
2440 2
2408 2
2376 2
2344 2
2640 2
2608 2
2576 2
2544 2
2512 2
2480 2
2448 2
2416 2
2384 2
2352 2
4400 2
4392 2
4384 2
4376 2
4368 2
4360 2
4352 2
4344 2
4336 2
4328 2
4320 2
4312 2
4304 2
4296 2
4288 2
4280 2
4272 2
4264 2
4256 2
4248 2
4240 2
4232 2
4224 2
4216 2
4208 2
4200 2
4192 2
4184 2
4176 2
4168 2
4160 2
4152 2
4144 2
4136 2
4128 2
4120 2
4112 2
4104 2
4096 2
4088 2
4080 2
4072 2
4064 2
4056 2
4048 2
4040 2
4032 2
4024 2
4016 2
4008 2
4000 2
3992 2
3984 2
3976 2
3968 2
3960 2
3952 2
3944 2
3936 2
3928 2
3920 2
3912 2
3904 2
3896 2
3888 2
3880 2
3872 2
3864 2
3856 2
3848 2
3840 2
3832 2
3824 2
3816 2
3808 2
3800 2
3792 2
3784 2
3776 2
3768 2
3760 2
3752 2
3744 2
3736 2
3728 2
3720 2
3712 2
3704 2
3696 2
3688 2
3680 2
3672 2
3664 2
3656 2
3648 2
3640 2
3632 2
3624 2
3616 2
3608 2
3600 2
3592 2
3584 2
3576 2
3568 2
3560 2
3552 2
3544 2
3536 2
3528 2
3520 2
3512 2
3504 2
3496 2
3488 2
3480 2
3472 2
3464 2
3456 2
3448 2
3440 2
3432 2
3424 2
3416 2
3408 2
3400 2
3392 2
3384 2
3376 2
3368 2
3360 2
3352 2
3344 2
3336 2
3328 2
3320 2
3312 2
3304 2
3296 2
3288 2
3280 2
3272 2
3264 2
3256 2
3248 2
3240 2
3232 2
3224 2
3216 2
3208 2
3200 2
3192 2
3184 2
3176 2
3168 2
3160 2
3152 2
3144 2
3136 2
3128 2
2001 5
2005 5
2009 5
2013 5
2017 5
2021 5
2025 5
2029 5
2033 5
2037 5
2002 5
2006 5
2010 5
2014 5
2018 5
2022 5
2026 5
2030 5
2034 5
2038 5
2003 5
2007 5
2011 5
2015 5
2019 5
2023 5
2027 5
2031 5
2035 5
2039 5
2004 5
2008 5
2012 5
2016 5
2020 5
2024 5
2028 5
2032 5
2036 5
2040 5
