400
2791 3
2792 3
2793 3
2794 3
2795 3
2796 3
2797 3
2798 3
2799 3
2800 3
2781 3
2782 3
2783 3
2784 3
2785 3
2786 3
2787 3
2788 3
2789 3
2790 3
2771 3
2772 3
2773 3
2774 3
2775 3
2776 3
2777 3
2778 3
2779 3
2780 3
2761 3
2762 3
2763 3
2764 3
2765 3
2766 3
2767 3
2768 3
2769 3
2770 3
2751 3
2752 3
2753 3
2754 3
2755 3
2756 3
2757 3
2758 3
2759 3
2760 3
2741 3
2742 3
2743 3
2744 3
2745 3
2746 3
2747 3
2748 3
2749 3
2750 3
2731 3
2732 3
2733 3
2734 3
2735 3
2736 3
2737 3
2738 3
2739 3
2740 3
2721 3
2722 3
2723 3
2724 3
2725 3
2726 3
2727 3
2728 3
2729 3
2730 3
1801 3
1805 3
1809 3
1813 3
1817 3
1821 3
1825 3
1829 3
1833 3
1837 3
1802 3
1806 3
1810 3
1814 3
1818 3
1822 3
1826 3
1830 3
1834 3
1838 3
1803 3
1807 3
1811 3
1815 3
1819 3
1823 3
1827 3
1831 3
1835 3
1839 3
1804 3
1808 3
1812 3
1816 3
1820 3
1824 3
1828 3
1832 3
1836 3
1840 3
81 3
89 3
97 3
105 3
113 3
121 3
129 3
137 3
145 3
153 3
82 3
90 3
98 3
106 3
114 3
122 3
130 3
138 3
146 3
154 3
83 3
91 3
99 3
107 3
115 3
123 3
131 3
139 3
147 3
155 3
84 3
92 3
100 3
108 3
116 3
124 3
132 3
140 3
148 3
156 3
85 3
93 3
101 3
109 3
117 3
125 3
133 3
141 3
149 3
157 3
86 3
94 3
102 3
110 3
118 3
126 3
134 3
142 3
150 3
158 3
87 3
95 3
103 3
111 3
119 3
127 3
135 3
143 3
151 3
159 3
88 3
96 3
104 3
112 3
120 3
128 3
136 3
144 3
152 3
160 3
80 1
79 1
78 1
77 1
76 1
75 1
74 1
73 1
72 1
71 1
70 1
69 1
68 1
67 1
66 1
65 1
64 1
63 1
62 1
61 1
60 1
59 1
58 1
57 1
56 1
55 1
54 1
53 1
52 1
51 1
50 1
49 1
48 1
47 1
46 1
45 1
44 1
43 1
42 1
41 1
40 1
39 1
38 1
37 1
36 1
35 1
34 1
33 1
32 1
31 1
30 1
29 1
28 1
27 1
26 1
25 1
24 1
23 1
22 1
21 1
20 1
19 1
18 1
17 1
16 1
15 1
14 1
13 1
12 1
11 1
10 1
9 1
8 1
7 1
6 1
5 1
4 1
3 1
2 1
1 1
1800 2
1799 2
1798 2
1797 2
1796 2
1795 2
1794 2
1793 2
1792 2
1791 2
1790 2
1789 2
1788 2
1787 2
1786 2
1785 2
1784 2
1783 2
1782 2
1781 2
1780 2
1779 2
1778 2
1777 2
1776 2
1775 2
1774 2
1773 2
1772 2
1771 2
1770 2
1769 2
1768 2
1767 2
1766 2
1765 2
1764 2
1763 2
1762 2
1761 2
2641 5
2649 5
2657 5
2665 5
2673 5
2681 5
2689 5
2697 5
2705 5
2713 5
2642 5
2650 5
2658 5
2666 5
2674 5
2682 5
2690 5
2698 5
2706 5
2714 5
2643 5
2651 5
2659 5
2667 5
2675 5
2683 5
2691 5
2699 5
2707 5
2715 5
2644 5
2652 5
2660 5
2668 5
2676 5
2684 5
2692 5
2700 5
2708 5
2716 5
2645 5
2653 5
2661 5
2669 5
2677 5
2685 5
2693 5
2701 5
2709 5
2717 5
2646 5
2654 5
2662 5
2670 5
2678 5
2686 5
2694 5
2702 5
2710 5
2718 5
2647 5
2655 5
2663 5
2671 5
2679 5
2687 5
2695 5
2703 5
2711 5
2719 5
2648 5
2656 5
2664 5
2672 5
2680 5
2688 5
2696 5
2704 5
2712 5
2720 5
