2 0.0
1800
6118 6
6115 6
6112 6
6109 6
6106 6
6103 6
6100 6
6097 6
6094 6
6091 6
6088 6
6085 6
6082 6
6079 6
6076 6
6073 6
6070 6
6067 6
6064 6
6061 6
6058 6
6055 6
6052 6
6049 6
6046 6
6043 6
6040 6
6037 6
6034 6
6031 6
6028 6
6025 6
6022 6
6019 6
6016 6
6013 6
6010 6
6007 6
6004 6
6001 6
5998 6
5995 6
5992 6
5989 6
5986 6
5983 6
5980 6
5977 6
5974 6
5971 6
5968 6
5965 6
5962 6
5959 6
5956 6
5953 6
5950 6
5947 6
5944 6
5941 6
6119 6
6116 6
6113 6
6110 6
6107 6
6104 6
6101 6
6098 6
6095 6
6092 6
6089 6
6086 6
6083 6
6080 6
6077 6
6074 6
6071 6
6068 6
6065 6
6062 6
6059 6
6056 6
6053 6
6050 6
6047 6
6044 6
6041 6
6038 6
6035 6
6032 6
6029 6
6026 6
6023 6
6020 6
6017 6
6014 6
6011 6
6008 6
6005 6
6002 6
5999 6
5996 6
5993 6
5990 6
5987 6
5984 6
5981 6
5978 6
5975 6
5972 6
5969 6
5966 6
5963 6
5960 6
5957 6
5954 6
5951 6
5948 6
5945 6
5942 6
6120 6
6117 6
6114 6
6111 6
6108 6
6105 6
6102 6
6099 6
6096 6
6093 6
6090 6
6087 6
6084 6
6081 6
6078 6
6075 6
6072 6
6069 6
6066 6
6063 6
6060 6
6057 6
6054 6
6051 6
6048 6
6045 6
6042 6
6039 6
6036 6
6033 6
6030 6
6027 6
6024 6
6021 6
6018 6
6015 6
6012 6
6009 6
6006 6
6003 6
6000 6
5997 6
5994 6
5991 6
5988 6
5985 6
5982 6
5979 6
5976 6
5973 6
5970 6
5967 6
5964 6
5961 6
5958 6
5955 6
5952 6
5949 6
5946 6
5943 6
25534 6
25507 6
25480 6
25453 6
25426 6
25399 6
25372 6
25345 6
25318 6
25291 6
25264 6
25237 6
25210 6
25183 6
25156 6
25129 6
25102 6
25075 6
25048 6
25021 6
24994 6
24967 6
24940 6
24913 6
24886 6
24859 6
24832 6
24805 6
24778 6
24751 6
24724 6
24697 6
24670 6
24643 6
24616 6
24589 6
24562 6
24535 6
24508 6
24481 6
24454 6
24427 6
24400 6
24373 6
24346 6
24319 6
24292 6
24265 6
24238 6
24211 6
24184 6
24157 6
24130 6
24103 6
24076 6
24049 6
24022 6
23995 6
23968 6
23941 6
25535 6
25508 6
25481 6
25454 6
25427 6
25400 6
25373 6
25346 6
25319 6
25292 6
25265 6
25238 6
25211 6
25184 6
25157 6
25130 6
25103 6
25076 6
25049 6
25022 6
24995 6
24968 6
24941 6
24914 6
24887 6
24860 6
24833 6
24806 6
24779 6
24752 6
24725 6
24698 6
24671 6
24644 6
24617 6
24590 6
24563 6
24536 6
24509 6
24482 6
24455 6
24428 6
24401 6
24374 6
24347 6
24320 6
24293 6
24266 6
24239 6
24212 6
24185 6
24158 6
24131 6
24104 6
24077 6
24050 6
24023 6
23996 6
23969 6
23942 6
25536 6
25509 6
25482 6
25455 6
25428 6
25401 6
25374 6
25347 6
25320 6
25293 6
25266 6
25239 6
25212 6
25185 6
25158 6
25131 6
25104 6
25077 6
25050 6
25023 6
24996 6
24969 6
24942 6
24915 6
24888 6
24861 6
24834 6
24807 6
24780 6
24753 6
24726 6
24699 6
24672 6
24645 6
24618 6
24591 6
24564 6
24537 6
24510 6
24483 6
24456 6
24429 6
24402 6
24375 6
24348 6
24321 6
24294 6
24267 6
24240 6
24213 6
24186 6
24159 6
24132 6
24105 6
24078 6
24051 6
24024 6
23997 6
23970 6
23943 6
25537 6
25510 6
25483 6
25456 6
25429 6
25402 6
25375 6
25348 6
25321 6
25294 6
25267 6
25240 6
25213 6
25186 6
25159 6
25132 6
25105 6
25078 6
25051 6
25024 6
24997 6
24970 6
24943 6
24916 6
24889 6
24862 6
24835 6
24808 6
24781 6
24754 6
24727 6
24700 6
24673 6
24646 6
24619 6
24592 6
24565 6
24538 6
24511 6
24484 6
24457 6
24430 6
24403 6
24376 6
24349 6
24322 6
24295 6
24268 6
24241 6
24214 6
24187 6
24160 6
24133 6
24106 6
24079 6
24052 6
24025 6
23998 6
23971 6
23944 6
25538 6
25511 6
25484 6
25457 6
25430 6
25403 6
25376 6
25349 6
25322 6
25295 6
25268 6
25241 6
25214 6
25187 6
25160 6
25133 6
25106 6
25079 6
25052 6
25025 6
24998 6
24971 6
24944 6
24917 6
24890 6
24863 6
24836 6
24809 6
24782 6
24755 6
24728 6
24701 6
24674 6
24647 6
24620 6
24593 6
24566 6
24539 6
24512 6
24485 6
24458 6
24431 6
24404 6
24377 6
24350 6
24323 6
24296 6
24269 6
24242 6
24215 6
24188 6
24161 6
24134 6
24107 6
24080 6
24053 6
24026 6
23999 6
23972 6
23945 6
25539 6
25512 6
25485 6
25458 6
25431 6
25404 6
25377 6
25350 6
25323 6
25296 6
25269 6
25242 6
25215 6
25188 6
25161 6
25134 6
25107 6
25080 6
25053 6
25026 6
24999 6
24972 6
24945 6
24918 6
24891 6
24864 6
24837 6
24810 6
24783 6
24756 6
24729 6
24702 6
24675 6
24648 6
24621 6
24594 6
24567 6
24540 6
24513 6
24486 6
24459 6
24432 6
24405 6
24378 6
24351 6
24324 6
24297 6
24270 6
24243 6
24216 6
24189 6
24162 6
24135 6
24108 6
24081 6
24054 6
24027 6
24000 6
23973 6
23946 6
25540 6
25513 6
25486 6
25459 6
25432 6
25405 6
25378 6
25351 6
25324 6
25297 6
25270 6
25243 6
25216 6
25189 6
25162 6
25135 6
25108 6
25081 6
25054 6
25027 6
25000 6
24973 6
24946 6
24919 6
24892 6
24865 6
24838 6
24811 6
24784 6
24757 6
24730 6
24703 6
24676 6
24649 6
24622 6
24595 6
24568 6
24541 6
24514 6
24487 6
24460 6
24433 6
24406 6
24379 6
24352 6
24325 6
24298 6
24271 6
24244 6
24217 6
24190 6
24163 6
24136 6
24109 6
24082 6
24055 6
24028 6
24001 6
23974 6
23947 6
25541 6
25514 6
25487 6
25460 6
25433 6
25406 6
25379 6
25352 6
25325 6
25298 6
25271 6
25244 6
25217 6
25190 6
25163 6
25136 6
25109 6
25082 6
25055 6
25028 6
25001 6
24974 6
24947 6
24920 6
24893 6
24866 6
24839 6
24812 6
24785 6
24758 6
24731 6
24704 6
24677 6
24650 6
24623 6
24596 6
24569 6
24542 6
24515 6
24488 6
24461 6
24434 6
24407 6
24380 6
24353 6
24326 6
24299 6
24272 6
24245 6
24218 6
24191 6
24164 6
24137 6
24110 6
24083 6
24056 6
24029 6
24002 6
23975 6
23948 6
25542 6
25515 6
25488 6
25461 6
25434 6
25407 6
25380 6
25353 6
25326 6
25299 6
25272 6
25245 6
25218 6
25191 6
25164 6
25137 6
25110 6
25083 6
25056 6
25029 6
25002 6
24975 6
24948 6
24921 6
24894 6
24867 6
24840 6
24813 6
24786 6
24759 6
24732 6
24705 6
24678 6
24651 6
24624 6
24597 6
24570 6
24543 6
24516 6
24489 6
24462 6
24435 6
24408 6
24381 6
24354 6
24327 6
24300 6
24273 6
24246 6
24219 6
24192 6
24165 6
24138 6
24111 6
24084 6
24057 6
24030 6
24003 6
23976 6
23949 6
25543 6
25516 6
25489 6
25462 6
25435 6
25408 6
25381 6
25354 6
25327 6
25300 6
25273 6
25246 6
25219 6
25192 6
25165 6
25138 6
25111 6
25084 6
25057 6
25030 6
25003 6
24976 6
24949 6
24922 6
24895 6
24868 6
24841 6
24814 6
24787 6
24760 6
24733 6
24706 6
24679 6
24652 6
24625 6
24598 6
24571 6
24544 6
24517 6
24490 6
24463 6
24436 6
24409 6
24382 6
24355 6
24328 6
24301 6
24274 6
24247 6
24220 6
24193 6
24166 6
24139 6
24112 6
24085 6
24058 6
24031 6
24004 6
23977 6
23950 6
25544 6
25517 6
25490 6
25463 6
25436 6
25409 6
25382 6
25355 6
25328 6
25301 6
25274 6
25247 6
25220 6
25193 6
25166 6
25139 6
25112 6
25085 6
25058 6
25031 6
25004 6
24977 6
24950 6
24923 6
24896 6
24869 6
24842 6
24815 6
24788 6
24761 6
24734 6
24707 6
24680 6
24653 6
24626 6
24599 6
24572 6
24545 6
24518 6
24491 6
24464 6
24437 6
24410 6
24383 6
24356 6
24329 6
24302 6
24275 6
24248 6
24221 6
24194 6
24167 6
24140 6
24113 6
24086 6
24059 6
24032 6
24005 6
23978 6
23951 6
25545 6
25518 6
25491 6
25464 6
25437 6
25410 6
25383 6
25356 6
25329 6
25302 6
25275 6
25248 6
25221 6
25194 6
25167 6
25140 6
25113 6
25086 6
25059 6
25032 6
25005 6
24978 6
24951 6
24924 6
24897 6
24870 6
24843 6
24816 6
24789 6
24762 6
24735 6
24708 6
24681 6
24654 6
24627 6
24600 6
24573 6
24546 6
24519 6
24492 6
24465 6
24438 6
24411 6
24384 6
24357 6
24330 6
24303 6
24276 6
24249 6
24222 6
24195 6
24168 6
24141 6
24114 6
24087 6
24060 6
24033 6
24006 6
23979 6
23952 6
25546 6
25519 6
25492 6
25465 6
25438 6
25411 6
25384 6
25357 6
25330 6
25303 6
25276 6
25249 6
25222 6
25195 6
25168 6
25141 6
25114 6
25087 6
25060 6
25033 6
25006 6
24979 6
24952 6
24925 6
24898 6
24871 6
24844 6
24817 6
24790 6
24763 6
24736 6
24709 6
24682 6
24655 6
24628 6
24601 6
24574 6
24547 6
24520 6
24493 6
24466 6
24439 6
24412 6
24385 6
24358 6
24331 6
24304 6
24277 6
24250 6
24223 6
24196 6
24169 6
24142 6
24115 6
24088 6
24061 6
24034 6
24007 6
23980 6
23953 6
25547 6
25520 6
25493 6
25466 6
25439 6
25412 6
25385 6
25358 6
25331 6
25304 6
25277 6
25250 6
25223 6
25196 6
25169 6
25142 6
25115 6
25088 6
25061 6
25034 6
25007 6
24980 6
24953 6
24926 6
24899 6
24872 6
24845 6
24818 6
24791 6
24764 6
24737 6
24710 6
24683 6
24656 6
24629 6
24602 6
24575 6
24548 6
24521 6
24494 6
24467 6
24440 6
24413 6
24386 6
24359 6
24332 6
24305 6
24278 6
24251 6
24224 6
24197 6
24170 6
24143 6
24116 6
24089 6
24062 6
24035 6
24008 6
23981 6
23954 6
25548 6
25521 6
25494 6
25467 6
25440 6
25413 6
25386 6
25359 6
25332 6
25305 6
25278 6
25251 6
25224 6
25197 6
25170 6
25143 6
25116 6
25089 6
25062 6
25035 6
25008 6
24981 6
24954 6
24927 6
24900 6
24873 6
24846 6
24819 6
24792 6
24765 6
24738 6
24711 6
24684 6
24657 6
24630 6
24603 6
24576 6
24549 6
24522 6
24495 6
24468 6
24441 6
24414 6
24387 6
24360 6
24333 6
24306 6
24279 6
24252 6
24225 6
24198 6
24171 6
24144 6
24117 6
24090 6
24063 6
24036 6
24009 6
23982 6
23955 6
25549 6
25522 6
25495 6
25468 6
25441 6
25414 6
25387 6
25360 6
25333 6
25306 6
25279 6
25252 6
25225 6
25198 6
25171 6
25144 6
25117 6
25090 6
25063 6
25036 6
25009 6
24982 6
24955 6
24928 6
24901 6
24874 6
24847 6
24820 6
24793 6
24766 6
24739 6
24712 6
24685 6
24658 6
24631 6
24604 6
24577 6
24550 6
24523 6
24496 6
24469 6
24442 6
24415 6
24388 6
24361 6
24334 6
24307 6
24280 6
24253 6
24226 6
24199 6
24172 6
24145 6
24118 6
24091 6
24064 6
24037 6
24010 6
23983 6
23956 6
25550 6
25523 6
25496 6
25469 6
25442 6
25415 6
25388 6
25361 6
25334 6
25307 6
25280 6
25253 6
25226 6
25199 6
25172 6
25145 6
25118 6
25091 6
25064 6
25037 6
25010 6
24983 6
24956 6
24929 6
24902 6
24875 6
24848 6
24821 6
24794 6
24767 6
24740 6
24713 6
24686 6
24659 6
24632 6
24605 6
24578 6
24551 6
24524 6
24497 6
24470 6
24443 6
24416 6
24389 6
24362 6
24335 6
24308 6
24281 6
24254 6
24227 6
24200 6
24173 6
24146 6
24119 6
24092 6
24065 6
24038 6
24011 6
23984 6
23957 6
25551 6
25524 6
25497 6
25470 6
25443 6
25416 6
25389 6
25362 6
25335 6
25308 6
25281 6
25254 6
25227 6
25200 6
25173 6
25146 6
25119 6
25092 6
25065 6
25038 6
25011 6
24984 6
24957 6
24930 6
24903 6
24876 6
24849 6
24822 6
24795 6
24768 6
24741 6
24714 6
24687 6
24660 6
24633 6
24606 6
24579 6
24552 6
24525 6
24498 6
24471 6
24444 6
24417 6
24390 6
24363 6
24336 6
24309 6
24282 6
24255 6
24228 6
24201 6
24174 6
24147 6
24120 6
24093 6
24066 6
24039 6
24012 6
23985 6
23958 6
25552 6
25525 6
25498 6
25471 6
25444 6
25417 6
25390 6
25363 6
25336 6
25309 6
25282 6
25255 6
25228 6
25201 6
25174 6
25147 6
25120 6
25093 6
25066 6
25039 6
25012 6
24985 6
24958 6
24931 6
24904 6
24877 6
24850 6
24823 6
24796 6
24769 6
24742 6
24715 6
24688 6
24661 6
24634 6
24607 6
24580 6
24553 6
24526 6
24499 6
24472 6
24445 6
24418 6
24391 6
24364 6
24337 6
24310 6
24283 6
24256 6
24229 6
24202 6
24175 6
24148 6
24121 6
24094 6
24067 6
24040 6
24013 6
23986 6
23959 6
25553 6
25526 6
25499 6
25472 6
25445 6
25418 6
25391 6
25364 6
25337 6
25310 6
25283 6
25256 6
25229 6
25202 6
25175 6
25148 6
25121 6
25094 6
25067 6
25040 6
25013 6
24986 6
24959 6
24932 6
24905 6
24878 6
24851 6
24824 6
24797 6
24770 6
24743 6
24716 6
24689 6
24662 6
24635 6
24608 6
24581 6
24554 6
24527 6
24500 6
24473 6
24446 6
24419 6
24392 6
24365 6
24338 6
24311 6
24284 6
24257 6
24230 6
24203 6
24176 6
24149 6
24122 6
24095 6
24068 6
24041 6
24014 6
23987 6
23960 6
25554 6
25527 6
25500 6
25473 6
25446 6
25419 6
25392 6
25365 6
25338 6
25311 6
25284 6
25257 6
25230 6
25203 6
25176 6
25149 6
25122 6
25095 6
25068 6
25041 6
25014 6
24987 6
24960 6
24933 6
24906 6
24879 6
24852 6
24825 6
24798 6
24771 6
24744 6
24717 6
24690 6
24663 6
24636 6
24609 6
24582 6
24555 6
24528 6
24501 6
24474 6
24447 6
24420 6
24393 6
24366 6
24339 6
24312 6
24285 6
24258 6
24231 6
24204 6
24177 6
24150 6
24123 6
24096 6
24069 6
24042 6
24015 6
23988 6
23961 6
25555 6
25528 6
25501 6
25474 6
25447 6
25420 6
25393 6
25366 6
25339 6
25312 6
25285 6
25258 6
25231 6
25204 6
25177 6
25150 6
25123 6
25096 6
25069 6
25042 6
25015 6
24988 6
24961 6
24934 6
24907 6
24880 6
24853 6
24826 6
24799 6
24772 6
24745 6
24718 6
24691 6
24664 6
24637 6
24610 6
24583 6
24556 6
24529 6
24502 6
24475 6
24448 6
24421 6
24394 6
24367 6
24340 6
24313 6
24286 6
24259 6
24232 6
24205 6
24178 6
24151 6
24124 6
24097 6
24070 6
24043 6
24016 6
23989 6
23962 6
25556 6
25529 6
25502 6
25475 6
25448 6
25421 6
25394 6
25367 6
25340 6
25313 6
25286 6
25259 6
25232 6
25205 6
25178 6
25151 6
25124 6
25097 6
25070 6
25043 6
25016 6
24989 6
24962 6
24935 6
24908 6
24881 6
24854 6
24827 6
24800 6
24773 6
24746 6
24719 6
24692 6
24665 6
24638 6
24611 6
24584 6
24557 6
24530 6
24503 6
24476 6
24449 6
24422 6
24395 6
24368 6
24341 6
24314 6
24287 6
24260 6
24233 6
24206 6
24179 6
24152 6
24125 6
24098 6
24071 6
24044 6
24017 6
23990 6
23963 6
25557 6
25530 6
25503 6
25476 6
25449 6
25422 6
25395 6
25368 6
25341 6
25314 6
25287 6
25260 6
25233 6
25206 6
25179 6
25152 6
25125 6
25098 6
25071 6
25044 6
25017 6
24990 6
24963 6
24936 6
24909 6
24882 6
24855 6
24828 6
24801 6
24774 6
24747 6
24720 6
24693 6
24666 6
24639 6
24612 6
24585 6
24558 6
24531 6
24504 6
24477 6
24450 6
24423 6
24396 6
24369 6
24342 6
24315 6
24288 6
24261 6
24234 6
24207 6
24180 6
24153 6
24126 6
24099 6
24072 6
24045 6
24018 6
23991 6
23964 6
25558 6
25531 6
25504 6
25477 6
25450 6
25423 6
25396 6
25369 6
25342 6
25315 6
25288 6
25261 6
25234 6
25207 6
25180 6
25153 6
25126 6
25099 6
25072 6
25045 6
25018 6
24991 6
24964 6
24937 6
24910 6
24883 6
24856 6
24829 6
24802 6
24775 6
24748 6
24721 6
24694 6
24667 6
24640 6
24613 6
24586 6
24559 6
24532 6
24505 6
24478 6
24451 6
24424 6
24397 6
24370 6
24343 6
24316 6
24289 6
24262 6
24235 6
24208 6
24181 6
24154 6
24127 6
24100 6
24073 6
24046 6
24019 6
23992 6
23965 6
25559 6
25532 6
25505 6
25478 6
25451 6
25424 6
25397 6
25370 6
25343 6
25316 6
25289 6
25262 6
25235 6
25208 6
25181 6
25154 6
25127 6
25100 6
25073 6
25046 6
25019 6
24992 6
24965 6
24938 6
24911 6
24884 6
24857 6
24830 6
24803 6
24776 6
24749 6
24722 6
24695 6
24668 6
24641 6
24614 6
24587 6
24560 6
24533 6
24506 6
24479 6
24452 6
24425 6
24398 6
24371 6
24344 6
24317 6
24290 6
24263 6
24236 6
24209 6
24182 6
24155 6
24128 6
24101 6
24074 6
24047 6
24020 6
23993 6
23966 6
25560 6
25533 6
25506 6
25479 6
25452 6
25425 6
25398 6
25371 6
25344 6
25317 6
25290 6
25263 6
25236 6
25209 6
25182 6
25155 6
25128 6
25101 6
25074 6
25047 6
25020 6
24993 6
24966 6
24939 6
24912 6
24885 6
24858 6
24831 6
24804 6
24777 6
24750 6
24723 6
24696 6
24669 6
24642 6
24615 6
24588 6
24561 6
24534 6
24507 6
24480 6
24453 6
24426 6
24399 6
24372 6
24345 6
24318 6
24291 6
24264 6
24237 6
24210 6
24183 6
24156 6
24129 6
24102 6
24075 6
24048 6
24021 6
23994 6
23967 6
